"1","2","3","4","5","6","7","8","9","10","11","12","13","14","15","16","17","18","19","20","21","22","23","24","25","26","27","28","29","30","31","32","33","34","35","36","37","38","39","40","41","42","43","44","45","46","47","48","49","50","51","52","53","54","55","56","57","58","59","60","61","62","63","64","65","66","67","68","69","70","71","72","73","74","75","76","77","78","79","80","81","82","83","84","85","86","87","88","89","90","91","92","93","94","95","96","97","98","99","100","101","102","103","104","105","106","107","108","109","110","111","112","113","114","115","116","117","118","119","120","121","122","123","124","125","126","127","128","129","130","131","132","133","134","135","136","137","138","139","140","141","142","143","144","145","146","147","148","149","150","151","152","153","154","155","156","157","158","159","160","161","162","163","164","165","166","167","168","169","170","171","172","173","174","175","176","177","178","179","180","181","182","183","184","185","186","187","188","189","190","191","192","193","194","195","196","197","198","199","200","201","202","203","204","205","206","207","208","209","210","211","212","213","214","215","216","217","218","219","220","221","222","223","224","225","226","227","228","229","230","231","232","233","234","235","236","237","238","239","240","241","242","243","244","245","246","247","248","249","250","251","252","253","254","255","256","257","258","259","260","261","262","263","264","265","266","267","268","269","270","271","272","273","274","275","276","277","278","279","280","281","282","283","284","285","286","287","288","289","290","291","292","293","294","295","296","297","298","299","300","301","302","303","304","305","306","307","308","309","310","311","312","313","314","315","316","317","318","319","320","321","322","323","324","325","326","327","328","329","330","331","332","333","334","335","336","337","338","339","340","341","342","343","344","345","346","347","348","349","350","351","352","353","354","355","356","357","358","359","360","361","362","363","364","365","366","367","368","369","370","371","372","373","374","375","376","377","378","379","380","381","382","383","384","385","386","387","388","389","390","391","392","393","394","395","396","397","398","399","400","401","402","403","404","405","406","407","408","409","410","411","412","413","414","415","416","417","418","419","420","421","422","423","424","425","426","427","428","429","430","431","432","433","434","435","436","437","438","439","440","441","442","443","444","445","446","447","448","449","450","451","452","453","454","455","456","457","458","459","460","461","462","463","464","465","466","467","468","469","470","471","472","473","474","475","476","477","478","479","480","481","482","483","484","485","486","487","488","489","490","491","492","493","494","495","496","497","498","499","500","501","502","503","504","505","506","507","508","509","510","511","512","513","514","515","516","517","518","519","520","521","522","523","524","525","526","527","528","529","530","531","532","533","534","535","536","537","538","539","540","541","542","543","544","545","546","547"
0,NA,NA,NA,NA,NA,NA,NA,NA,NA,NA,NA,NA,NA,NA,NA,NA,NA,NA,NA,NA,NA,NA,NA,NA,NA,NA,NA,NA,NA,NA,NA,NA,NA,NA,NA,NA,NA,NA,NA,NA,NA,NA,NA,NA,NA,NA,NA,NA,NA,NA,NA,NA,NA,NA,NA,NA,NA,NA,NA,NA,NA,NA,NA,NA,NA,NA,NA,NA,NA,NA,NA,NA,NA,NA,NA,NA,NA,NA,NA,NA,NA,NA,NA,NA,NA,NA,NA,NA,NA,NA,NA,NA,NA,NA,NA,NA,NA,NA,NA,NA,NA,NA,NA,NA,NA,NA,NA,NA,NA,NA,NA,NA,NA,NA,NA,NA,NA,NA,NA,NA,NA,NA,NA,NA,NA,NA,NA,NA,NA,NA,NA,NA,NA,NA,NA,NA,NA,NA,NA,NA,NA,NA,NA,NA,NA,NA,NA,NA,NA,NA,NA,NA,NA,NA,NA,NA,NA,NA,NA,NA,NA,NA,NA,NA,NA,NA,NA,NA,NA,NA,NA,NA,NA,NA,NA,NA,NA,NA,NA,NA,NA,NA,NA,NA,NA,NA,NA,NA,NA,NA,NA,NA,NA,NA,NA,NA,NA,NA,NA,NA,NA,NA,NA,NA,NA,NA,NA,NA,NA,NA,NA,NA,NA,NA,NA,NA,NA,NA,NA,NA,NA,NA,NA,NA,NA,NA,NA,NA,NA,NA,NA,NA,NA,NA,NA,NA,NA,NA,NA,NA,NA,NA,NA,NA,NA,NA,NA,NA,NA,NA,NA,NA,NA,NA,NA,NA,NA,NA,NA,NA,NA,NA,NA,NA,NA,NA,NA,NA,NA,NA,NA,NA,NA,NA,NA,NA,NA,NA,NA,NA,NA,NA,NA,NA,NA,NA,NA,NA,NA,NA,NA,NA,NA,NA,NA,NA,NA,NA,NA,NA,NA,NA,NA,NA,NA,NA,NA,NA,NA,NA,NA,NA,NA,NA,NA,NA,NA,NA,NA,NA,NA,NA,NA,NA,NA,NA,NA,NA,NA,NA,NA,NA,NA,NA,NA,NA,NA,NA,NA,NA,NA,NA,NA,NA,NA,NA,NA,NA,NA,NA,NA,NA,NA,NA,NA,NA,NA,NA,NA,NA,NA,NA,NA,NA,NA,NA,NA,NA,NA,NA,NA,NA,NA,NA,NA,NA,NA,NA,NA,NA,NA,NA,NA,NA,NA,NA,NA,NA,NA,NA,NA,NA,NA,NA,NA,NA,NA,NA,NA,NA,NA,NA,NA,NA,NA,NA,NA,NA,NA,NA,NA,NA,NA,NA,NA,NA,NA,NA,NA,NA,NA,NA,NA,NA,NA,NA,NA,NA,NA,NA,NA,NA,NA,NA,NA,NA,NA,NA,NA,NA,NA,NA,NA,NA,NA,NA,NA,NA,NA,NA,NA,NA,NA,NA,NA,NA,NA,NA,NA,NA,NA,NA,NA,NA,NA,NA,NA,NA,NA,NA,NA,NA,NA,NA,NA,NA,NA,NA,NA,NA,NA,NA,NA,NA,NA,NA,NA,NA,NA,NA,NA,NA,NA,NA,NA,NA,NA,NA,NA,NA,NA,NA,NA,NA,NA,NA,NA,NA,NA,NA,NA,NA,NA,NA,NA,NA,NA,NA,NA,NA,NA,NA,NA,NA,NA,NA,NA,NA,NA,NA,NA,NA,NA,NA,NA,NA,NA,NA,NA,NA,NA,NA,NA,NA,NA,NA
NA,0,NA,NA,NA,NA,NA,NA,NA,NA,NA,NA,NA,NA,NA,NA,NA,NA,NA,NA,NA,NA,NA,NA,NA,NA,NA,NA,NA,NA,NA,NA,NA,NA,NA,NA,NA,NA,NA,NA,NA,NA,NA,NA,NA,NA,NA,NA,NA,NA,NA,NA,NA,NA,NA,NA,NA,NA,NA,NA,NA,NA,NA,NA,NA,NA,NA,NA,NA,NA,NA,NA,NA,NA,NA,NA,NA,NA,NA,NA,NA,NA,NA,NA,NA,NA,NA,NA,NA,NA,NA,NA,NA,NA,NA,NA,NA,NA,NA,NA,NA,NA,NA,NA,NA,NA,NA,NA,NA,NA,NA,NA,NA,NA,NA,NA,NA,NA,NA,NA,NA,NA,NA,NA,NA,NA,NA,NA,NA,NA,NA,NA,NA,NA,NA,NA,NA,NA,NA,NA,NA,NA,NA,NA,NA,NA,NA,NA,NA,NA,NA,NA,NA,NA,NA,NA,NA,NA,NA,NA,NA,NA,NA,NA,NA,NA,NA,NA,NA,NA,NA,NA,NA,NA,NA,NA,NA,NA,NA,NA,NA,NA,NA,NA,NA,NA,NA,NA,NA,NA,NA,NA,NA,NA,NA,NA,NA,NA,NA,NA,NA,NA,NA,NA,NA,NA,NA,NA,NA,NA,NA,NA,NA,NA,NA,NA,NA,NA,NA,NA,NA,NA,NA,NA,NA,NA,NA,NA,NA,NA,NA,NA,NA,NA,NA,NA,NA,NA,NA,NA,NA,NA,NA,NA,NA,NA,NA,NA,NA,NA,NA,NA,NA,NA,NA,NA,NA,NA,NA,NA,NA,NA,NA,NA,NA,NA,NA,NA,NA,NA,NA,NA,NA,NA,NA,NA,NA,NA,NA,NA,NA,NA,NA,NA,NA,NA,NA,NA,NA,NA,NA,NA,NA,NA,NA,NA,NA,NA,NA,NA,NA,NA,NA,NA,NA,NA,NA,NA,NA,NA,NA,NA,NA,NA,NA,NA,NA,NA,NA,NA,NA,NA,NA,NA,NA,NA,NA,NA,NA,NA,NA,NA,NA,NA,NA,NA,NA,NA,NA,NA,NA,NA,NA,NA,NA,NA,NA,NA,NA,NA,NA,NA,NA,NA,NA,NA,NA,NA,NA,NA,NA,NA,NA,NA,NA,NA,NA,NA,NA,NA,NA,NA,NA,NA,NA,NA,NA,NA,NA,NA,NA,NA,NA,NA,NA,NA,NA,NA,NA,NA,NA,NA,NA,NA,NA,NA,NA,NA,NA,NA,NA,NA,NA,NA,NA,NA,NA,NA,NA,NA,NA,NA,NA,NA,NA,NA,NA,NA,NA,NA,NA,NA,NA,NA,NA,NA,NA,NA,NA,NA,NA,NA,NA,NA,NA,NA,NA,NA,NA,NA,NA,NA,NA,NA,NA,NA,NA,NA,NA,NA,NA,NA,NA,NA,NA,NA,NA,NA,NA,NA,NA,NA,NA,NA,NA,NA,NA,NA,NA,NA,NA,NA,NA,NA,NA,NA,NA,NA,NA,NA,NA,NA,NA,NA,NA,NA,NA,NA,NA,NA,NA,NA,NA,NA,NA,NA,NA,NA,NA,NA,NA,NA,NA,NA,NA,NA,NA,NA,NA,NA,NA,NA,NA,NA,NA,NA,NA,NA,NA,NA,NA,NA,NA,NA,NA,NA,NA,NA,NA,NA,NA,NA,NA,NA,NA,NA,NA,NA,NA,NA,NA,NA,NA,NA,NA,NA,NA
NA,NA,0,NA,2.32063242402736,1.86989527975904,2.10715016502011,2.74151879917195,3.03069309862341,3.09715945959511,3.21435255445089,3.86089139861369,2.76786982718114,3.01783584832444,NA,3.35799275690047,3.8859792982537,2.82826051174884,3.8703134945273,4.19846691511139,3.64991730010978,3.76091094079109,4.30025603678758,3.2886448016165,3.85219746143663,3.76049478006139,NA,3.78426486543408,3.67329868930318,3.89567355052064,2.96311711009401,3.56316835029444,3.69653394999739,3.74998086570954,3.63234594361541,NA,NA,3.45981205355864,3.76795777184407,3.84969383829051,3.63965016979791,3.47068392039073,3.73912904162113,3.7830761745723,4.12780861883932,3.73335600266688,4.92417079897499,4.15533399857559,NA,4.50638132948727,5.42584692995322,4.67685425300318,4.70865097458651,6.48451596703605,8.05296553536284,8.41910562245671,5.79305413973946,6.83823193501405,5.66360453928217,5.74000509465068,6.45354168587673,6.51659991784272,5.77469044795598,5.16256978068381,5.64615360138337,5.1441780506398,5.99129937392732,4.3927202541389,5.05625049402293,3.9446603606253,4.21889317020372,4.09208721593596,2.9383082898652,3.43626609506086,3.02072897412916,3.07112652092012,3.11969521665044,3.48679949285366,3.32320422385573,3.1821135206491,NA,2.66441499586392,2.63574214024686,NA,3.02366037955921,3.32351893952364,3.00528110048709,2.66516831758874,2.57439523158999,2.48775273935417,2.82231489763167,2.75759399849859,NA,2.82738644930655,2.63620325678117,2.73504843097609,3.36052120907074,3.16544103003275,3.0012860653707,3.11990535021098,3.20963065790431,3.09462037898092,3.29299090889974,2.88183549192615,NA,NA,3.5314669119526,3.89335940439953,4.18156671629029,4.15376643721553,3.33364188966465,4.18517149223851,4.04947311698015,4.17845963731895,3.37745119490404,3.86059281619191,3.89580306744648,3.46664800286639,3.83249125643794,4.07025363630638,NA,3.88670357703188,3.75332206816794,3.76369197687754,4.1221485573026,3.42805748298822,4.13983229592123,3.83161773450405,3.99307317939134,NA,4.34386826076973,4.54962879884961,4.93537169572792,4.13094984367058,3.91065433451332,5.78502422522112,4.67470644016948,3.74911239948726,NA,NA,3.93552452599676,3.88273159425774,4.41216306235654,NA,4.60093653894706,4.72293324863529,4.6773249270353,4.28656267923717,4.71995908479867,4.78726344267241,4.86625628140623,3.80762264759668,5.28979875756564,4.82338579273081,6.98474608878127,5.91181460223201,4.78189230084116,5.10593726538496,4.23398341412851,4.11074260392034,4.52367572514482,4.08128955091198,4.28769335534987,3.95816937945845,3.91944998248613,3.79078556536979,3.93625052453615,NA,3.78894353446611,3.47016700869902,3.56621885811439,NA,3.52458263447951,3.78443845551845,3.37425983326608,3.82217461205646,NA,3.32160222640909,3.43580562604469,4.0168119911827,3.92537579942314,4.16968406505411,3.69349216444974,NA,4.24766912220003,3.40091015752711,3.72210214660042,3.40723125347047,3.02588979941617,3.35219069259183,3.29010715947672,3.24717293230882,3.45025789596762,3.62223567272616,3.42375852523604,3.29182671226041,3.60916110051357,4.0053938978324,4.01854329593635,3.84544875125154,4.13629272485356,3.96580739905008,4.03728235447209,4.0598162921501,3.62142319993146,4.17320757908778,3.49005273757174,3.8180927247716,NA,4.17141280025443,3.47455737191191,4.26032367934655,4.58687534798051,5.47747904301985,5.30119771609938,4.24895100554419,4.0239145919834,5.1893080563212,5.84690189415353,5.86692390082319,NA,4.7276385852873,3.92211410597009,5.1745427783774,4.29844813136038,4.37850619406748,4.09032316941277,4.34406070493335,4.32122253067389,4.27850825961172,4.38678115299362,4.68213914041029,4.74070354038432,5.03303010069114,4.00300644765213,4.70502245384572,4.6757421214638,4.92301604791504,3.71628791126624,4.21663145627588,4.15533536529855,4.75793549741813,5.18741157772944,4.92295243151964,3.90107721245867,3.73396714344183,4.17419753960128,4.22509137443716,4.45515053284392,4.20157668426364,4.24622027394347,3.87351937673405,4.38123985993836,4.28577536640676,4.1481255358954,4.17733944258413,4.55174363894951,4.16842366165016,4.47855579772066,4.74809443686083,4.27595803835762,4.32932555149322,3.94028046616667,4.37432178408148,4.24944978344092,3.83644196321533,3.69360106900278,NA,3.23764314124629,3.73188287235989,3.80116464151844,3.49015666603604,3.50289476467024,3.67724965511249,NA,4.64413035294644,4.86924539256606,4.53345864263078,4.33912399728212,4.40558547081444,4.46412594702598,4.38769525422021,3.81762143474005,3.87482923303889,3.6755074708866,3.69875963358876,4.42131993375466,4.32229590999246,3.96750356730988,3.58910108641274,NA,3.51918590333373,NA,4.27545822276614,4.58389631826767,3.8440279213128,3.66168974615132,4.12682079020871,4.2655211969905,4.1857479022768,3.9695288528223,3.7775200847864,3.84038242259688,3.51597333098273,3.89975861747036,3.59113538620574,4.06606817516429,4.40573196464393,4.06303972183221,4.0784190124728,3.89116210484562,4.50460820294819,4.44263295423414,4.06976760856061,4.17509863331166,4.57331734754497,4.15265432874651,3.37514965599705,4.13306662740989,NA,3.88190147826338,NA,6.34500505944829,5.10834129575357,6.45557414080797,6.74215762610514,3.88246985159696,5.61183182558186,NA,3.34912414466735,4.51126016898054,3.78876182048842,3.80289116475608,NA,NA,NA,4.42520859370273,3.67087966128475,3.77391279111087,3.86760829382342,NA,3.58552214514612,4.42101119173902,3.68623253288162,3.92503567349869,3.79223154464877,3.85331290958985,4.12628119980548,3.71467275140048,4.67920980247051,5.25932793302271,3.70598529383949,3.90298440199974,4.40818972274499,NA,3.72286639511772,4.3401193551132,3.56808965306264,NA,3.05107534415743,3.67948098781923,3.36459594363684,3.36226347530468,3.59133145459936,NA,NA,3.13853280951572,3.51274301953196,3.50019245560017,3.61065122263844,3.06624692697028,3.86824466495462,3.53132283675802,3.07347174647457,3.52517629121194,2.82019043082174,2.66103313976032,3.03598103613427,2.63329592027226,2.93792381968268,4.03488888706131,3.68595938949257,3.49567148682418,3.67373224923499,3.53550848290271,3.81968420090987,3.60413379044579,3.80936800638769,3.96910132890929,3.43974947914969,3.57330715792283,3.77573735016693,3.5807764153801,3.78797862178053,3.67088790285729,4.05891086771061,4.36821356371768,3.7829967358205,4.84447554120493,4.6893323940954,4.04284201794635,4.20168047536598,4.05186285285432,NA,4.9688324851947,4.68351268427656,5.12310259359905,3.97977148166371,3.92266098121954,NA,4.46090073919885,3.99633462272067,3.91056563880405,4.88847414188615,4.96771731931707,4.8351596360664,3.68940118104968,NA,4.57500554132061,4.66133696990323,4.50055855575997,6.40706914648596,4.46809680330702,4.20805121779817,5.51245537949579,4.41978382424846,5.88682459641501,5.05771349326256,2.99980702234655,4.20149742613394,3.88030080545741,3.99037012606655,3.83903074872946,4.52326227488172,5.31804331179538,4.73964301478586,4.42725965831464,4.80176135353669,4.95865488139856,4.8015976651162,4.45280816565641,3.43164720761371,3.32920424589347,3.56579775040602,3.2193557765962,3.15021895508213,3.1473173020251,2.93604996146058,3.06675735045852,NA,3.04405830310643,3.03402045095193,5.48125873406577,3.1240800544046,2.89393450858587,2.95400053042597,3.12022140054383,3.10744785627007,NA,3.20662810056921,3.88398341462282,NA,3.60031898744859,3.80138691722434,3.7499562261593,3.27515917563025,3.55917141356209,3.95476654686225,4.05228740980618,3.53858638082413,3.41752521292259,4.35288529744808,3.9164661566546,3.60053139549421,3.77388217581789,3.94958280655739,3.77391414767413,3.90005838784736,4.03146156380499,4.30788898462252,4.04888573506212,3.5959003088555,NA,3.37313170144561,3.94569673125621,3.67162543973295,4.68075409904782,5.34466345373813,3.52054385977151,4.46354655348213,4.59363849416565,NA,3.67576688523922,4.0538845902535,3.89281721939045,3.72709107171132,3.32528643508689,NA,4.51488688439894,4.16354244228016,NA,4.389317326118,4.25786522267862,3.94606360120513,4.26898532370929,4.02655002785498,4.82805883484529,4.00767242031694,3.24093928133479,3.91423576450652,4.2352283010299,3.60359797986948,3.60509689386981,3.81555957204701,3.73546463514086,3.84373242763381,3.40863811495901,3.76424252612187,3.42047718175909,3.6468680867612,4.52923990223178,4.50487392071018,4.90935498888388,5.04256226526249,4.41880181877239,4.43600279627576,3.62845336642753,4.27460610851884,3.83873054871314,3.23473107694674,3.71555690542248,3.30030712625871,3.29636868541131,3.51307125309142,2.92790637432713,2.45321968919662,2.71498176538427,3.10619480828104,3.02473362004748,2.78016129825054,NA,2.85586299264126,3.02117532550928,3.34204523254344,3.31184049961374,2.827235765865,2.6692966835734
NA,NA,NA,0,NA,NA,NA,NA,NA,NA,NA,NA,NA,NA,NA,NA,NA,NA,NA,NA,NA,NA,NA,NA,NA,NA,NA,NA,NA,NA,NA,NA,NA,NA,NA,NA,NA,NA,NA,NA,NA,NA,NA,NA,NA,NA,NA,NA,NA,NA,NA,NA,NA,NA,NA,NA,NA,NA,NA,NA,NA,NA,NA,NA,NA,NA,NA,NA,NA,NA,NA,NA,NA,NA,NA,NA,NA,NA,NA,NA,NA,NA,NA,NA,NA,NA,NA,NA,NA,NA,NA,NA,NA,NA,NA,NA,NA,NA,NA,NA,NA,NA,NA,NA,NA,NA,NA,NA,NA,NA,NA,NA,NA,NA,NA,NA,NA,NA,NA,NA,NA,NA,NA,NA,NA,NA,NA,NA,NA,NA,NA,NA,NA,NA,NA,NA,NA,NA,NA,NA,NA,NA,NA,NA,NA,NA,NA,NA,NA,NA,NA,NA,NA,NA,NA,NA,NA,NA,NA,NA,NA,NA,NA,NA,NA,NA,NA,NA,NA,NA,NA,NA,NA,NA,NA,NA,NA,NA,NA,NA,NA,NA,NA,NA,NA,NA,NA,NA,NA,NA,NA,NA,NA,NA,NA,NA,NA,NA,NA,NA,NA,NA,NA,NA,NA,NA,NA,NA,NA,NA,NA,NA,NA,NA,NA,NA,NA,NA,NA,NA,NA,NA,NA,NA,NA,NA,NA,NA,NA,NA,NA,NA,NA,NA,NA,NA,NA,NA,NA,NA,NA,NA,NA,NA,NA,NA,NA,NA,NA,NA,NA,NA,NA,NA,NA,NA,NA,NA,NA,NA,NA,NA,NA,NA,NA,NA,NA,NA,NA,NA,NA,NA,NA,NA,NA,NA,NA,NA,NA,NA,NA,NA,NA,NA,NA,NA,NA,NA,NA,NA,NA,NA,NA,NA,NA,NA,NA,NA,NA,NA,NA,NA,NA,NA,NA,NA,NA,NA,NA,NA,NA,NA,NA,NA,NA,NA,NA,NA,NA,NA,NA,NA,NA,NA,NA,NA,NA,NA,NA,NA,NA,NA,NA,NA,NA,NA,NA,NA,NA,NA,NA,NA,NA,NA,NA,NA,NA,NA,NA,NA,NA,NA,NA,NA,NA,NA,NA,NA,NA,NA,NA,NA,NA,NA,NA,NA,NA,NA,NA,NA,NA,NA,NA,NA,NA,NA,NA,NA,NA,NA,NA,NA,NA,NA,NA,NA,NA,NA,NA,NA,NA,NA,NA,NA,NA,NA,NA,NA,NA,NA,NA,NA,NA,NA,NA,NA,NA,NA,NA,NA,NA,NA,NA,NA,NA,NA,NA,NA,NA,NA,NA,NA,NA,NA,NA,NA,NA,NA,NA,NA,NA,NA,NA,NA,NA,NA,NA,NA,NA,NA,NA,NA,NA,NA,NA,NA,NA,NA,NA,NA,NA,NA,NA,NA,NA,NA,NA,NA,NA,NA,NA,NA,NA,NA,NA,NA,NA,NA,NA,NA,NA,NA,NA,NA,NA,NA,NA,NA,NA,NA,NA,NA,NA,NA,NA,NA,NA,NA,NA,NA,NA,NA,NA,NA,NA,NA,NA,NA,NA,NA,NA,NA,NA,NA,NA,NA,NA,NA,NA,NA,NA,NA,NA,NA,NA,NA,NA,NA,NA,NA,NA,NA,NA,NA,NA,NA,NA,NA,NA,NA,NA,NA,NA,NA,NA,NA,NA,NA,NA,NA,NA,NA,NA,NA,NA,NA,NA
NA,NA,2.32063242402736,NA,0,2.53870259442188,2.30410567305724,3.43273440364984,3.95907553121861,3.34039001267261,3.75212240137605,4.27494002243322,2.04190610362777,2.91493410335379,NA,3.43911377054665,4.35758574718513,3.68513556212518,3.70532173901985,4.04031586045306,3.48785084277846,3.85578160772787,4.60130423911812,3.30839012714458,4.03430100434282,4.07370542183738,NA,3.91472917644655,3.73335593544407,4.00654682900029,3.10168919646229,3.45321441137215,3.50328414917085,3.58023442859918,3.45667421417675,NA,NA,3.36520061936004,3.59576560520976,3.73119174546366,3.59511290790351,3.34982950257689,3.59632909221814,3.61985040838917,3.94485018699401,3.2978418195731,4.41432054251538,3.93366917020732,NA,4.20614677602087,5.21891726602361,4.24309521219791,4.38731975970797,6.2977451480848,7.90683764542078,8.26593132151859,5.50663765472539,6.4097332223148,5.32898127619879,5.3672748103561,6.21740142012307,6.33961949614521,5.57268587686584,4.83173121783697,5.38267380335359,4.75807445528763,5.6893814286506,3.98981607906763,4.94328238979786,3.71528449758055,3.86076874299606,3.47641276161075,2.55809684470396,2.92647900507941,2.54282616793214,2.64738126508561,2.73483012844948,3.19636597707149,2.93506576668701,2.55352086770231,NA,2.22128152375964,2.14628631334069,NA,2.56221820987573,2.71576402850359,2.66541079250625,2.36129727216922,2.5301681126744,2.38772366379049,2.86787498915098,2.48428374689608,NA,2.99967000136735,2.32299054568031,2.46306875536593,2.62469275086414,2.4712680035985,2.92086882564447,3.08754486843862,3.72617628965726,2.72889417288665,2.90262600106677,3.0133663001542,NA,NA,3.21516451206493,3.89225796135629,3.9723844986562,3.88676209293369,3.10329111027491,3.92372433601354,3.93334814692306,4.49979895097653,3.13073582992144,3.89406608282528,3.83452598934074,3.23821596431799,3.92960066321468,4.16370538972977,NA,3.56780677909739,3.87019494373111,3.71334059019387,3.9406373058576,3.10290228661129,3.96669147993827,3.7573705726675,3.77359447595682,NA,4.23965532309286,4.26371782883286,4.67531244519385,3.88212346797434,3.70649678504967,5.69144425949533,4.47813459506529,3.35161034170571,NA,NA,3.41707834088212,3.3870221128836,3.61433253908345,NA,4.2177989125456,4.19821441271956,4.1315077295867,3.69979903970611,4.3166433082002,4.37537607558695,4.44213058498975,3.46652957966338,5.30957235556626,4.33114096433291,6.7197704227066,5.67035749240393,4.42512443049111,4.75694174500539,3.86578549628087,3.77289152453051,3.74971742093484,3.41608119685919,3.66969120441932,3.2392962187913,3.13055655933954,3.06500773936837,3.32025870556328,NA,3.17316972087001,2.95414828346312,2.94560099500752,NA,2.91285662837795,3.33996030339794,2.97090355403182,3.50243097707148,NA,2.6304992669588,2.92240566309395,3.74140299884007,3.49632369572343,3.5529524483819,3.24073927870274,NA,4.04760494809939,2.8215145366385,2.8717947444031,2.64187198968317,2.45275696377405,2.85356792667025,2.79277437094311,2.41542770874568,2.56758008796476,2.93456955207556,2.97376954312066,2.67843380017414,2.83991938253988,3.35237963794579,3.37485744926485,3.26022493003571,3.43999753685609,3.4038356098397,3.45486070599481,3.41096263794089,3.18424378521034,3.53755824155129,2.90323035836344,3.47833682660753,NA,3.65411308857404,2.88565666792262,3.80224047310028,4.1817177042563,5.07884900043406,4.85184888319256,3.81735045145967,3.49205963771194,4.6564499636876,5.52028767719718,5.53798887593647,NA,4.21544094891313,3.52683782846046,4.70098141013842,3.84472317069503,3.94310820704454,3.66398561278205,4.0569188588151,4.0185724856674,3.83464119802728,3.98206847925384,4.31036323100595,4.31576583721093,4.64227131524003,3.72582716303136,4.15525679561665,4.19607327724827,4.6433668191629,3.27699321444409,3.70612734168428,3.6949443490703,4.22358429863123,4.773333260347,4.53958899461032,3.39130515680522,3.15245280861323,3.37621092387716,3.54420680714954,4.06077608500045,3.78727298985257,3.6248056471612,3.21976702002921,3.74775113919928,3.77670331815257,3.50242697342157,3.69961929188337,3.98574816802013,3.54539753465362,3.8767054616332,4.3001870919115,3.60303607248039,3.63215967345172,3.4077304443302,3.85460419672264,3.74458246622454,3.63953133724606,3.41213772661936,NA,2.85238211399978,3.12303647923647,3.32095375871521,2.91272627798748,3.05364363036688,3.2157550582827,NA,4.09013842980599,4.56057801715663,4.21264245679296,4.08237025352478,4.0623487424502,4.09209096902492,3.89755093807114,3.3361562766242,3.44228738794802,3.44764860754587,3.41845329262157,3.8911920341414,3.73043092679359,3.55294547575119,3.13509764951644,NA,3.04003651367837,NA,3.94548377442727,4.24632721345201,3.5827467543218,3.49716508963385,3.62791017097535,3.84609261161459,3.76134253045003,3.57091385385776,3.30019352122746,3.37541070608961,3.13056229513009,3.3871288733926,3.16846704762044,3.58236262122427,4.03335547498113,3.65481409769853,3.69258109402841,3.48822310177631,4.18809144174934,4.01964345863864,3.78991547066478,4.04037694177934,4.29003361016905,3.86552955834858,3.21824155689404,3.71295180583631,NA,3.87721908623601,NA,6.31250783124916,5.24608520719902,6.40816270610012,6.65425767137057,3.8808374784618,5.52464109552997,NA,3.7800800630111,4.65146481243467,3.74634371347557,3.59278982235077,NA,NA,NA,4.14195634234418,3.47685299773161,3.65231960391974,3.60043932553598,NA,3.35055008980434,4.33728258783408,3.45686932334971,3.59544436646452,3.53269481428938,3.57724882943197,3.84603838008117,3.44976018502207,4.56782632405797,4.84268211855288,3.86943580459925,3.58971211371004,4.07671696349356,NA,3.38226344385286,4.18205081192148,3.2966363541116,NA,2.55047611628777,3.23710101591822,2.81887534246292,3.05242865652554,3.18229595495094,NA,NA,2.89959550159984,3.53037973407351,3.33449646481122,3.31021362900852,3.06906435044117,3.28264083748066,3.03777889790728,2.68260795430786,2.8112079918402,2.4190286970712,2.44307348343974,2.63763975137816,2.42646187442726,2.96811806681495,3.6286663337176,3.58182138623917,3.35007125954471,3.42573187237249,3.40735883797111,3.71307738651776,3.42879929108207,3.65739098630554,4.02627576334985,3.35158404526289,3.51661552325479,3.62722663373391,3.4572524471063,3.7135333108182,3.46773640235184,3.94993894452963,3.99420465252378,3.47720513100549,4.68623038125223,4.40304741510732,3.88200806244306,3.98074353006598,3.86592647262375,NA,4.67581107407078,4.50375648225901,4.97712585113395,3.85526233635667,3.75713431369415,NA,4.45443766523505,3.93774967349025,3.89358795944783,4.78736570565769,4.83142485087075,4.68656267408968,3.45991178275007,NA,4.32185035907258,4.44773722401045,4.33230099335754,6.33380884329218,4.2688043809578,4.12204475551845,5.36864831109261,4.25341468092392,5.83059223578714,5.03571617134516,2.94896069830266,3.96141137043007,3.78694708128286,3.93970946838712,3.58627032460291,4.30894182280996,5.12673393913406,4.56872718280215,4.40964994363773,4.72704577134843,4.68660199981454,4.44125361973056,4.13933708889721,2.9270066955248,2.96263596286829,3.12816835651792,2.95376763073881,2.51202966639321,2.69456873826863,2.55539796016905,2.50463110296476,NA,2.72695104693676,2.83911163912262,5.35478814864714,2.79580442355799,2.67536579570496,2.70670635795982,2.99722874690222,2.89219968019101,NA,2.88526835616684,3.47054065075669,NA,3.2685793389114,3.43515839898704,3.4620168154302,3.3010673846235,3.34715824244331,3.499589392562,3.71289848251341,3.30759061645903,3.23341888123794,4.14722619151579,3.65488133317325,3.37573150485593,3.64505675726376,3.78401124057206,3.5478492161534,3.70211192368382,3.81302287539188,4.18999295888109,4.23905268209537,3.47752386004678,NA,3.13910138761617,3.8509288099023,3.50002338639241,4.86911700626719,5.53673662850776,3.90644491460797,4.75552749354607,4.98995834126083,NA,3.87254813111294,4.45959530875568,4.41417494498122,3.98468148912825,3.5668840192791,NA,5.01204008727326,4.59833697394741,NA,4.40683459191856,4.13216107091859,3.94563930978886,4.33653869732388,3.86898030565601,4.92049484606271,3.92567746402769,3.35545872191737,3.9255241374503,4.27394291456777,3.86715614849858,3.65912906571553,3.9493234195765,3.86016962730195,3.94836705648707,2.91091347589927,4.02203335566949,3.63240942410572,3.4802714076199,4.46068425346884,4.46309999548567,4.89635253142024,4.87968584224446,4.19404340127069,4.42662198248592,3.72649670324318,4.32739908847924,3.91613807377421,3.16539169024525,3.78709299781753,3.25151523351788,3.03277623505825,3.4498569966209,2.92911569468443,2.68645486374482,2.82299278432791,3.35694404103563,2.66463280625219,2.71669443136529,NA,2.79319100959716,2.92516480718615,2.95972533023379,2.88725444263,2.9846982317214,2.67588200830537
NA,NA,1.86989527975904,NA,2.53870259442188,0,1.57166557992094,1.8989889658183,2.38066371451474,2.9708109561297,3.61098223552323,4.0723276591712,2.74625211406457,3.10834226393883,NA,3.16694094604803,3.73055176804256,2.87259220309275,3.68975037682252,4.17538802156937,3.71140893080681,3.77544785414385,4.59560866925629,3.33493858006437,3.91472558033332,4.05560673435377,NA,3.94954542059302,3.68333905510598,3.87771468864741,2.81268219199723,3.59801696583307,3.79945442172205,3.79973488559774,3.72113283456217,NA,NA,3.47736879358697,3.5123890405274,3.57461259068682,3.48029124555809,3.45828712085164,3.76981990144501,3.66743782832586,4.15305785036147,3.84692883915557,4.99751314397572,4.074068565828,NA,4.45236008576755,5.3695315971455,4.68276748097899,4.73403350920578,6.55762019614138,8.07790371903734,8.33930574949031,5.86465030219871,6.88357017133697,5.76797788052382,5.745339884193,6.47065665256074,6.50367071603939,5.71046612750281,5.27115162631197,5.57417992069789,5.06998329976458,5.87206372090805,4.28016768715305,5.04479641266437,3.96080300654986,4.15043534180449,4.06517383251609,2.8763624628638,3.22135092160481,2.81507520172691,2.92551869637226,3.06106212448957,3.20841621159135,3.08327558172887,3.05808656120889,NA,2.54625472267937,2.68406599783463,NA,2.77460947744107,3.31272496480949,2.56323027358661,2.58948066577778,2.5395314633464,2.14613598702959,2.42965493692371,2.46600468983745,NA,2.42732970037662,2.51031072083868,2.74551663710764,3.20069452267149,3.09422576133502,2.55868652927452,2.73988139880622,3.16306880825381,2.91078152720997,3.29358198267438,2.68582585846142,NA,NA,3.07034490372774,3.34236326449663,3.96012339938967,3.93170485632188,3.3192498363585,4.01763981046607,3.98589979651005,4.28784182421285,3.49245290980876,3.79949741638139,3.89838836980707,3.50575708523431,3.96487933832684,4.1552685709624,NA,3.98257962625055,3.88853763331924,3.89141973197641,4.09217360910141,3.39022143985294,4.1342278222477,3.88358802846505,3.95764780217163,NA,4.30027840424993,4.55511547159422,4.99809570050689,4.24216749361085,3.97797279556015,5.77207178182476,4.8238998379655,3.66039230660909,NA,NA,3.90340832525966,3.9261368722364,4.34580664491206,NA,4.56791492973825,4.60016656978404,4.56157439321175,4.13295877424978,4.6021881052414,4.63873298551352,4.7526830635144,3.74959085997128,5.3323502601932,4.79785279990426,6.93153145576503,5.88915134364436,4.80550665969587,5.0534352639007,4.19567325111233,4.17461250369977,4.51755308250926,4.07534410687489,4.1569446307518,3.89108773453724,3.84287506581648,3.74763565141319,3.98749242319536,NA,3.80918960814027,3.55885695467562,3.56519595238061,NA,3.49944672410812,3.77601245791609,3.43787481370805,3.75880743875895,NA,3.24979131382951,3.39071144467671,3.7821339354517,3.62299499358282,3.88179265950578,3.56771821195117,NA,4.04391861514399,3.25813957742183,3.634324999305,3.26326603101478,2.8836664406864,3.21391650612531,3.20753686350402,3.13937995646371,3.2961248648809,3.42252863182382,3.3467531988733,3.29767799584761,3.51379660284592,3.93305686958551,3.86467741911941,3.76438183487269,4.05772959368204,4.01199584118369,4.01766294868989,3.95342861841408,3.54410704864944,4.19310080606612,3.34662870247631,3.81744604192448,NA,4.21479567504991,3.53045694302647,4.16955289668875,4.43229784098667,5.52495510517119,5.39852942437626,4.44510882971021,4.19767503794094,5.27348642846074,5.79614432908688,5.80229637643443,NA,4.91964410941249,4.09118092288454,5.3644064631918,4.38927899876863,4.40676956640891,4.17117947911014,4.38821244523232,4.31958747540501,4.34584688207952,4.46374170016117,4.77447469062871,4.7033484585878,4.92168263879277,4.01452649854707,4.64131003612023,4.61125739636489,4.93629967034285,3.67274927327263,4.17905391265965,4.09514875757531,4.76104251082787,5.24670444959174,4.93925347243938,3.91341051025807,3.69173294293264,4.17020900644995,4.21896303617278,4.42695469375661,4.20238789807518,4.23678473673197,3.84954624765737,4.36769134797363,4.24951960702232,4.07246349333324,4.19408902258478,4.54736013290059,4.16645002668905,4.35329024466026,4.59974136915476,4.06416496188051,4.23112233227053,3.85815235206817,4.19786107792597,4.15069000160498,3.85158099304562,3.68888548123287,NA,3.06118078163144,3.61168470388005,3.76848647820454,3.30052428424561,3.43118655736231,3.60928017895282,NA,4.61748209415472,4.74476936380418,4.3549439276548,4.18581486198742,4.21335962012312,4.3777284334877,4.36607814539865,3.54434093466014,3.66146825461207,3.39167153685154,3.52396514682363,4.33311816969551,4.32940946609645,3.91015529863774,3.49950164715888,NA,3.5598640214574,NA,4.37128794133017,4.60968642802874,3.88948638720014,3.67708637157102,4.20786013747135,4.21418578415075,4.12107371485601,3.91788864617188,3.79516251974693,3.8852852615308,3.55446969985501,3.89035394978645,3.58639249652457,4.1177343639374,4.48796707058316,4.03869674670534,4.16309345935944,3.94240222634561,4.49191942736754,4.46734098244006,4.03451662063026,4.05503317724794,4.51660038887811,4.14984129864424,3.39963528174792,4.20512311343477,NA,3.97338349414064,NA,6.3659165401049,5.0531823211051,6.48500337172256,6.80793274903603,4.02423802245001,5.72091787058061,NA,3.41998708731601,4.57670910954857,3.96305918168557,4.01453917471096,NA,NA,NA,4.4841776502452,3.79503410482318,3.98501278914996,3.97675257274927,NA,3.58142780733983,4.53550915644864,3.74848213277803,4.00203580631481,3.79815186508684,3.9543418828872,4.24588475044119,3.89419052071586,4.75634892326195,5.33290999755026,3.52941490969041,3.74384509367621,4.21685047940074,NA,3.69141760367116,4.09471344475141,3.54060682731668,NA,3.08787959381929,3.59196797492171,3.37962972448955,3.39189915107983,3.58894006945337,NA,NA,3.09202334785877,3.52206456952597,3.40296327488058,3.43279902805271,3.10250213584013,3.87130510870568,3.45138264255999,2.93712383355665,3.39171731501889,2.84899112049623,2.7364772694991,2.94790574517649,2.92079689552737,3.29052337658557,4.11237274563641,3.72630425656549,3.51448108578161,3.72434630434597,3.80197345844775,3.92630995823145,3.76406912690523,3.87400990599446,4.24785178517652,3.69170362099035,3.86127982222781,3.94903450921056,3.70483063496678,3.9939490219855,3.91287748815458,4.24729650983444,4.48636062332818,4.05530588176004,5.07939503983468,4.73376990138765,4.12333855996683,4.18020306834434,4.15641764137816,NA,5.10541860888531,4.71123880687659,5.23912956290242,4.10011165992354,3.9863536917806,NA,4.50827052072773,4.11981921413199,4.0478893296967,4.99051753614135,5.00692357225688,4.91446170554849,3.7874597891386,NA,4.67805749491134,4.79390052669761,4.62202581153233,6.28130235773539,4.40203143309539,4.38865754741264,5.59415267294735,4.5609630749185,5.96346777740619,5.08797473099687,3.18704610312908,4.33525228185496,3.90137090851563,4.0449872209482,3.93101568302567,4.38656400363213,5.18401191420819,4.71566843067832,4.46280908463561,4.72265816945319,4.76289624532955,4.72670149739068,4.41146979984445,3.39935000698012,3.29250571218924,3.49423326901395,2.92602006450181,2.93406129341662,2.9762779927012,2.87853410282493,2.99957687837657,NA,2.95443991069051,2.96821837428083,5.37831641899704,3.00991179666932,2.90045423794594,2.90082339126751,3.08942361708719,3.04074068024926,NA,3.14848662468587,3.73060975189192,NA,3.57979582953869,3.6804391213941,3.66212757547011,3.2883762208444,3.50307541864119,3.88895739111206,3.91852578365045,3.41687722036901,3.30773126458194,4.33167846632553,3.88314690579683,3.60033178684028,3.70833858670387,3.90205662598099,3.85105130663743,4.05670750121368,4.10475133330471,4.35920931886458,3.7117097860288,3.65997876918499,NA,3.16273471632053,3.94567224613056,3.91006505869514,4.85210515984723,5.63885621143023,3.95615363359727,4.67960530232354,4.87887927372392,NA,3.88673330400786,4.36521167723072,4.41274139196842,4.17551275961476,3.65754070706137,NA,4.53838004762679,4.17953322627976,NA,4.4527054390951,4.30348727554204,4.04038364720164,4.49311518001393,4.16707484725774,5.00188529484219,4.07228596889764,3.37738861167058,4.0471277826752,4.43725122230235,3.91260193568921,3.89567308729779,3.86595332925299,3.75831596868931,3.8288843149629,3.38643894353323,3.87139059322948,3.40705192723024,3.80392523149557,4.70999866453252,4.83630109309795,5.02351592338592,5.10893527603555,4.50103215449937,4.55582228170492,3.71547119376314,4.26837908416601,3.91060378652171,3.26223683776551,3.74247662115991,3.29180517588084,3.1616034889102,3.36991784935731,2.81150360509852,2.46804526804965,2.73445069879091,3.30622843698602,2.98950175262088,2.87941132717469,NA,2.91484803227214,2.95015761564989,3.24672997230106,3.13833894012249,2.81361270261633,2.78058401397745
NA,NA,2.10715016502011,NA,2.30410567305724,1.57166557992094,0,2.67967537298206,3.18190112428852,3.16974275210917,3.94217950127093,4.2948802404541,2.39576280730768,3.23759050288288,NA,3.18377203816123,3.97460881654568,3.28117279766407,3.69411902436268,4.07216403676178,3.43291435469399,3.85472747902342,4.5594288292406,3.10314701000279,3.78179882717586,3.82593194736449,NA,3.72131588915142,3.44229463289233,3.76833929025093,2.70295885413428,3.2765658226325,3.36880907995309,3.44892034988769,3.37377646837942,NA,NA,3.08293903701045,3.24826099109345,3.33260886515774,3.24864085678738,3.12204565717815,3.42456565424813,3.3377940142092,3.92416035146088,3.57965323758808,4.73155408824187,3.77179035327002,NA,4.07757262358243,5.18280796912784,4.37178703822986,4.40122039898324,6.28358678610896,7.86331203468319,8.2506706699097,5.59883159756111,6.70183172009524,5.53500040097022,5.5412247933923,6.25607186774405,6.32619633342191,5.53322435743804,4.93649785058821,5.35540114075093,4.69423166197,5.66093355997411,3.95532302625357,4.7597014902442,3.61099378144354,3.86530015880837,3.6642539689574,2.41321261315988,2.92855657668272,2.44644864218823,2.51097772478757,2.61372310606284,3.00720088009695,2.62345730576636,2.59366881151363,NA,2.06633164912525,2.38669540531972,NA,2.36527784188961,2.82736968736106,2.22665060508451,2.13714333778608,2.13190156840735,1.86525449897988,2.14247234289822,2.11512769030458,NA,2.23195611245089,1.93479388303888,2.26426047362212,2.8468428598168,2.66590904767845,2.29101727207434,2.29921925573167,3.04252867688029,2.40711485833088,2.91322984572453,2.42893257299561,NA,NA,2.74849974258296,3.48940942717405,3.82770790549609,3.63125576505418,2.96117832532378,3.73187374577463,3.53373032308646,3.85340456145872,3.00791201548315,3.62424737696885,3.58808955823458,3.04837467434264,3.68599607378544,3.99592607223537,NA,3.63998783943397,3.66307791003371,3.49191223967129,3.69354776394285,2.82902362817218,3.8459352980878,3.6051189917764,3.60372778255974,NA,4.17765778247901,4.38386052709423,4.80155633098191,4.01107152259701,3.63847482317916,5.66289907848888,4.55091578066514,3.32983507339696,NA,NA,3.42976739614685,3.53055897885015,3.88350061551869,NA,4.23374152969033,4.21893649625791,4.17104294070796,3.76013248570655,4.30172983018728,4.35329106370598,4.46366888133382,3.42950793426188,5.25540067252961,4.46898529669574,6.67493527296907,5.62057439994928,4.38396439516341,4.68216553477136,3.77056167707522,3.64675619572015,3.91098504630532,3.48466629565327,3.76446536762962,3.39546823528662,3.38035470671671,3.28734536487558,3.47692154015651,NA,3.26895562001105,3.00463152627613,2.92491558314696,NA,3.01263445511013,3.15397157485183,2.74906849754482,3.38825609938939,NA,2.73238881238794,2.6543837948224,3.33965293377883,3.25578232635123,3.39989841657575,3.04600803356192,NA,3.6905955010121,2.91515175691365,3.1686944247319,2.82138613438206,2.3936800012807,2.67226395365102,2.45663229555087,2.59500435076272,2.74473979850904,2.93844680535514,2.69480416850553,2.54927391826119,3.10835251439984,3.34044540423559,3.38487323700079,3.18382620600804,3.66890488790637,3.25927416513461,3.67425538802895,3.69398674790864,3.13660530538831,3.78954928110884,2.92678812987137,3.31589957511407,NA,3.77496819907172,3.16596339705862,3.80662266599165,4.11617338423716,5.26157114414449,5.0997131070914,4.07517008397573,3.83108093821371,4.98140658621781,5.53653151865543,5.36464802742507,NA,4.51483848312548,3.60784925527229,4.95546455803911,3.94643304774263,3.95977527232973,3.686712883085,3.89689577435866,3.91704211055367,3.84499075025831,4.036834519224,4.29787742183119,4.28215692228924,4.58077805591158,3.58253979803942,4.27176756485408,4.27027040425388,4.52369329759872,3.23025549917909,3.7340825314685,3.73139788446282,4.3106420026747,4.86481703803931,4.45753618887818,3.4089645572788,3.17119911744387,3.62432933594084,3.7033616174658,3.93134423269525,3.71740047486718,3.73643734361929,3.3488232245463,3.85757225065897,3.81244551780038,3.68548721872996,3.7485236237829,4.10887264867547,3.78319735730827,3.94841797987478,4.28444970937108,3.77523305599203,3.90981325762295,3.1323409806195,3.81243581434823,3.66045830344025,3.38856370255304,2.94328780772524,NA,2.51225559561914,2.69968616664562,3.05596872819144,2.78183616539853,2.77522013497289,2.99622520412464,NA,4.17702128895197,4.1212116678615,3.97561281133635,3.73918864341586,3.84788583178063,3.8932730920216,3.74748273441719,3.06579527792353,3.1103660712339,3.03075968828167,3.05016551421993,3.81360764985249,3.85491757593084,3.5065021719234,3.0324473216287,NA,3.10138504179218,NA,3.9302865805997,4.18483843604209,3.42599596775563,3.29957615524491,3.85064690127815,3.9697630198627,3.79384760760239,3.61769631001473,3.42064674109313,3.48708799289843,3.24598035920498,3.44748510873415,3.19942359700132,3.7077504944192,4.07585015922694,3.67482704436748,3.83186353564984,3.46132620244132,4.14932681103985,4.187351474804,3.74803155211169,3.93096435354685,4.18945293451847,3.81778207091214,3.04671841003201,3.77710029196746,NA,3.71761445177266,NA,6.22250886424786,4.98907762939439,6.33562855647959,6.65472206261823,3.73147212832373,5.41404906125209,NA,3.54150620715712,4.55459783366193,3.70693315844936,3.73609726448446,NA,NA,NA,4.19079265199015,3.5700528987298,3.61157547919863,3.54242433716753,NA,3.30009513655684,4.25412939487306,3.42182731349858,3.77087024424877,3.47107200942733,3.65451092612564,3.85576917677825,3.61890834506581,4.60500250550596,5.075115097555,3.4269407303594,3.49634998722808,3.93536050832442,NA,3.34402344262972,3.98730327043028,3.23655609368743,NA,2.55684117481656,2.86149642125787,2.82359099545368,2.83927150405131,3.0450308817273,NA,NA,2.60439134231469,3.09172448287934,2.83908572867402,2.82308184227264,2.52618883803828,3.36817079550539,2.91985361332408,2.45296857416524,2.92460609487708,2.2606299513222,2.10454896599079,2.48807629628374,2.48178019923738,2.95570032803582,3.68021020875289,3.50324902224001,3.23188799569684,3.48494204456922,3.50854402830645,3.64710115250255,3.4627388241812,3.6286514473393,4.03937107898542,3.27292852596669,3.52606738029551,3.39010175832956,3.41570050370258,3.73875931328315,3.63263226384938,4.02834345553507,4.13853520894215,3.69293240411488,4.85197709963102,4.48250841175614,3.8240358194408,3.95003559289695,3.82082409855158,NA,4.7761190401935,4.51137221838427,5.00899263660088,3.90669938151095,3.79720818895633,NA,4.36187922990191,3.88652886644077,3.82448998954581,4.81513767047934,4.80155158327126,4.70724162780795,3.44944563448512,NA,4.44754218033239,4.58293630047004,4.32341518839415,6.25237406467338,4.27844790047962,4.10763943990106,5.38034878796402,4.32312076096555,5.8079769749932,4.9618710699205,2.91593219413675,4.07001254551474,3.71712959196977,3.80010704094979,3.69246972108063,4.21597962093409,5.03542914568224,4.48086877313478,4.30381213900623,4.66396504347573,4.57780787168362,4.37001217323811,4.01971499513341,2.90855853644558,2.82888886994289,3.09756608307073,2.65105392267743,2.47871562958593,2.56073205687673,2.25586205681366,2.4065609280198,NA,2.43541583140002,2.3851734132402,5.27343564790847,2.47869639686138,2.25656892325163,2.2850379618634,2.67233759825642,2.48850381938971,NA,2.58950822669631,3.20490882947817,NA,3.01411098805848,3.14452466975214,3.16620238987672,2.85113198212652,2.98799057111222,3.45612523796056,3.54474824789198,2.99999581659191,2.87200802236556,3.90819625338974,3.35528514509171,3.08328541337152,3.36503033937081,3.59093371408751,3.49788536683698,3.66834613506094,3.72580456483158,4.12105155225357,3.77780129042672,3.24714133865705,NA,2.67032109370316,3.73418129018809,3.67527083039103,4.90819627860469,5.64662801273946,3.96231432954069,4.76058557566247,4.95079049906519,NA,3.74872544017321,4.31720424508306,4.33895376320964,4.05141050793268,3.47702048081606,NA,4.78875641024482,4.36734113641362,NA,4.28103810207966,4.08753378716738,3.83803282112523,4.48373724500875,3.97093984812333,4.88942666267209,3.82481562000948,3.17258251500622,3.8761633232176,4.28389894755402,3.87458416045969,3.84037639904267,3.90897750404594,3.77120440742185,3.87282765371257,3.09577358260289,3.96980609428284,3.48466502749429,3.57673683142931,4.55676071642446,4.68285441681372,4.87753076967297,4.8598687598049,4.19517591609607,4.39358147969279,3.60852353004546,4.21126741927278,3.71607153334758,2.98674764956448,3.60916485107246,3.09158439772597,2.90460203017231,3.26213530181992,2.6631111684406,2.19648256237609,2.42181049667682,2.95916201563555,2.62371554896278,2.51736773867582,NA,2.55922562574303,2.58138912475438,2.69960374045923,2.63684723842369,2.67405694310247,2.41928886139505
NA,NA,2.74151879917195,NA,3.43273440364984,1.8989889658183,2.67967537298206,0,1.46554198758862,3.18135566094247,3.48981293743782,4.06269832525847,3.57945513223876,3.72672277491278,NA,3.76667935544412,3.98299129620559,3.27608067001728,4.00098240410524,4.4873972874181,4.17956031556721,4.34798907834145,4.80292205996957,3.8317292639037,4.32799809085756,4.52035653684276,NA,4.40087984027564,4.16983682591727,4.17791217764573,3.23096062457619,4.10315460591572,4.30418081754808,4.24803230053665,4.24421340674626,NA,NA,3.99804894776782,3.91656139774458,3.88909479423374,3.86147357900682,3.98586998550976,4.20793144029618,4.26697600646412,4.54899404729942,4.39760571554042,5.53085055718068,4.62250039733414,NA,5.13110533890822,5.86168407089757,5.22489924788406,5.2922470133822,6.94691770330235,8.4044265237734,8.65946470492605,6.33495739559653,7.27506065028357,6.18870360399487,6.20371823035309,6.87845221120412,6.82748192304684,6.13227365424767,5.78551174958585,6.06820362926012,5.68993067642412,6.49574499326212,5.00261383016717,5.58568558134212,4.65121173940342,4.88945670881601,4.97340407002406,3.70396006253168,4.05904858760888,3.6702269216574,3.85050242540595,3.98841898423742,4.15789535105381,3.94162726307969,3.96021367811365,NA,3.47071800713214,3.63281499776118,NA,3.84384585374518,4.21701183649834,3.59800984603932,3.38495718703071,3.52618832679604,3.08913983920933,3.45714249085186,3.52471662733246,NA,3.0142986215646,3.54957308280271,3.47640047875227,4.50202038285762,4.23703677153912,3.5112809296801,3.66850195250613,3.7646694216915,3.84181909038041,3.90363615155905,3.33858359273195,NA,NA,3.78136039902019,3.51561065712972,4.09649348221093,4.22364455551477,3.70937194115054,4.21552741207459,4.31174634941297,4.2568111596566,3.81703634824371,4.13097957631222,4.23254958854715,4.02763342615512,4.25925567205313,4.5290941589435,NA,4.59945970446415,4.44545351261884,4.59484940733435,4.87148270978982,4.14462354097356,4.73309830829356,4.33109190876164,4.39256674309444,NA,4.54862090516212,4.83884862777346,5.3590636065933,4.67818028474151,4.45441079141404,5.92685016214643,5.08546799991973,4.31451035530203,NA,NA,4.61079208751191,4.55788150420459,5.16581747691936,NA,5.16865460065193,5.29872281540283,5.23982369648225,4.87719989227228,5.13021534564207,5.19957870512559,5.30256309075275,4.42314334393671,5.53488740551743,5.42440145523787,7.31188707451835,6.32730028219487,5.35530313911043,5.67873163055489,4.88835291313033,4.85603585823529,5.29049722489289,4.78682423274416,4.89642289724164,4.64613870612716,4.65981997108075,4.54468768526707,4.62082921387237,NA,4.6393690584619,4.33080970464788,4.24269816187304,NA,4.37944246406713,4.55108623218612,4.21263975515208,4.61595759012356,NA,4.10849680102102,4.23206328791881,4.54662172366284,4.29546215049733,4.64291075807335,4.34577825567434,NA,4.84476592646668,4.09056939248625,4.55245966088104,4.03791041470117,3.69998224110094,4.08584704891994,4.09645054532117,3.94815041846554,4.13973992690843,4.1919122571857,4.1620997532588,4.11505467692427,4.40711112607262,4.78066173490135,4.64961524123409,4.55660071842742,4.86628988205471,4.6855171547974,4.71984957078854,4.57333280980979,4.18464669778265,4.96016601308001,3.93851068973134,4.44225084897716,NA,4.73470507435297,4.03474146981265,4.599552441912,4.76392301893772,5.82425008786424,5.72967087645353,4.91054100394346,4.65118118799622,5.70555679397594,6.14470396596111,6.11595207100143,NA,5.40553981575777,4.59815193864531,5.80859065335104,4.86796354107398,4.9729425915671,4.74518116194233,4.88084611694015,4.80583241784114,4.94264823357802,5.06850813576785,5.3291056224967,5.36426140056984,5.48798197379085,4.66368499626174,5.25647614612412,5.21085273555398,5.50086559063418,4.43353595073232,4.90074481460099,4.67358166558854,5.5825869405822,5.84084203754937,5.59302722671884,4.56118298834965,4.49702406525734,4.93760341358183,4.98963045483833,5.11364351355779,4.88937971973915,4.95261118698678,4.6110159017673,5.05341560747609,4.88223009373963,4.86653159478386,4.93633565324383,5.3094624375335,4.9071856781446,5.13814815055051,5.42184903028127,4.82622197561501,5.0162042093664,4.65571950914716,4.96709234633462,4.80868661164609,4.55404199034959,4.31021932051154,NA,3.90946163481461,4.52784513047601,4.68815106523429,4.22706926497872,4.14930182687455,4.25136439808727,NA,5.39183902936149,5.24767808086187,4.85780207679968,4.77054210871037,4.73079910221172,4.94183005157866,5.08947413510415,4.22396513665566,4.25969113409434,3.90726299770065,4.10586319282757,4.93260311252821,4.78345286598845,4.41185583120875,4.07256606197574,NA,4.11095039876205,NA,4.82832873402839,5.11867496545963,4.40076059437904,4.11647492723679,4.59323462859857,4.54426730491563,4.74408191814456,4.44385187582502,4.3139079310893,4.43826093751668,4.0948231942091,4.53584098405165,4.13429666518902,4.66189044845459,4.99509134146229,4.61807096467244,4.75652752231686,4.57119110003319,5.11219964032938,5.16049901630072,4.60680668589367,4.47940923425225,5.06484669700199,4.77596162731941,4.01866712113804,4.82592381265949,NA,4.41895608784827,NA,6.57012677140619,5.32314398859685,6.9062864687593,7.11359319090404,4.54945926662267,6.1200642272959,NA,3.66396649110305,4.66661411911972,4.45170780726307,4.48793809338832,NA,NA,NA,4.94263340539176,4.3336775971177,4.61130822297632,4.56497669224161,NA,4.17272839887807,4.95734286384332,4.2542562050849,4.60398314005775,4.4636824643859,4.46103187245672,4.68944757999699,4.36001506018256,5.09402493025607,5.83915095815605,4.05862472186164,4.17134204481366,4.76145944027554,NA,4.30286514919286,4.43989120985611,4.18219294715625,NA,3.89634404132439,4.27721279017539,4.11576982204777,4.20745570439207,4.41583640504432,NA,NA,3.99338643373135,4.2777227067448,4.25885674686384,4.32483115402729,4.06685888956171,4.82738951266986,4.31752431693702,3.80072444968535,4.51144854558265,3.7456338770421,3.56817351107807,4.02059950266708,3.48824407758835,3.76114456082525,4.83293091713566,4.23325537854111,3.93695207868036,4.11099631654331,4.03130332831427,4.24014327708505,4.07003002352499,4.14101769915144,4.46923743290901,4.16292704529897,4.20522228772964,4.36296374676567,4.08088648829896,4.22460219102349,4.20140647756342,4.56007713957028,4.95630900693146,4.30981301201006,5.41055685839984,5.20357265348997,4.59605335981717,4.53260910293918,4.54067901633437,NA,5.53307790502276,5.06393591194421,5.62379957035307,4.59659526771832,4.54439122450237,NA,4.91006804158525,4.60137744723859,4.53212642922213,5.48201800372513,5.39397897552069,5.38058978923498,4.38498826418014,NA,5.19262053505908,5.24389887112442,5.17649370859358,6.51938953074475,4.82124450879259,4.89853622802083,6.00689611162553,5.09000860557338,6.34570795980838,5.54099702410717,3.72940369225873,4.9151693435155,4.61062048625889,4.56238166182119,4.43554285706326,4.90231646834678,5.56806315070984,5.20067928483909,4.85327509502646,4.94393451835191,5.12694335407567,5.17449104393697,4.89953432392748,4.19587350120653,4.05570769640399,4.19886010372433,3.87477668367821,3.98003097633898,3.68809995334166,3.8276153199836,4.11407707866541,NA,3.94424391973408,3.74226469830603,5.55774883208577,3.8294175981794,3.64385144471137,3.80277131478269,3.91914388974588,3.86310847767679,NA,3.85109033100231,4.39671302927561,NA,4.16363888935992,4.38711005383168,4.25733789931592,3.80547074744248,4.01169932859075,4.37577157790351,4.2978906802631,3.85902558271774,3.71273828766594,4.6854721140455,4.34035288975926,4.02072098032541,4.08695072599218,4.33875401896484,4.1156336311248,4.26592985288341,4.26401688385091,4.46103052170065,3.9552694426258,4.04391807240121,NA,3.88210795031035,4.06408533308084,3.90333963458288,4.73307755273476,5.63775228865712,4.09008236517477,4.80284475901953,5.0557875365307,NA,4.1361210472504,4.46273103608251,4.64274712771136,4.41786489364104,3.92901404355589,NA,4.01462824958845,3.72928700497356,NA,4.67698549099833,4.61246322089896,4.37803718146649,4.66057815959739,4.43709564074218,5.33517989404984,4.60961703598307,3.88082947882477,4.5369509176043,4.84120043976588,4.30247579688221,4.344399311965,4.23759909319387,4.15597564542358,4.08084669105867,4.20475933048137,3.98281807921741,3.85604605790211,4.52609727731439,5.00954177080637,5.06771980697404,5.31713546002649,5.47569438673694,4.93525124496386,4.89432180616845,4.12637871842067,4.71902796948521,4.45175915558003,3.86539236258635,4.06255116305361,3.79301784499925,3.86080954006908,3.95528202293603,3.43430585506196,3.27123628571939,3.27895859075977,3.89010666656071,4.00420258673424,3.7497081439887,NA,3.68332829504763,3.72500913445968,4.03832813849055,3.94302118316989,3.30988332187329,3.44468860914135
NA,NA,3.03069309862341,NA,3.95907553121861,2.38066371451474,3.18190112428852,1.46554198758862,0,3.21594879469576,3.64364305501821,4.18876421902325,3.87618477879516,4.03571110775016,NA,3.80342736962553,3.97580599205043,3.19974242386652,4.06842442023165,4.54786155856419,4.38965727242465,4.14155739656891,4.72082584668168,4.02954644279188,4.36434034445798,4.51915418512285,NA,4.53054149844815,4.41002853786626,4.32039691783966,3.43477948140568,4.43921586832038,4.69419933994929,4.6929574929333,4.57441962203013,NA,NA,4.38657989114047,4.07687425193416,4.01239263938282,4.17547951705837,4.34588951389761,4.64167466853945,4.53904832649016,4.93734926672966,4.86756194481207,5.81962872776574,4.87460095266881,NA,5.39863291997157,6.06773374707759,5.587891122499,5.60357860357868,7.14839493900982,8.6131600807303,8.88392363962686,6.60020105531717,7.60054965169542,6.47140955157895,6.59409970520151,7.20134170302623,7.19279283065045,6.47788411272949,6.14193031567152,6.45196062817699,6.04639021178705,6.81214093173382,5.3058843852702,5.86649985299289,4.95586999789594,5.12310097981492,5.27070035561908,4.1233404221248,4.34506173020097,4.00902281434483,4.19696894075589,4.33206850980355,4.39979319697645,4.3113179510204,4.26462076320132,NA,3.83052231426766,4.01702302104672,NA,4.1697044174638,4.56646646732221,3.95552705477095,3.75440096368584,3.90210818710498,3.47911833692758,3.74464098488332,3.86358510842978,NA,3.36939388930139,3.94612178290309,3.85892869855174,4.81363932882268,4.52737944598204,3.82273816215502,3.96086485153931,4.05960447606908,4.26739374159067,4.26708455917878,3.63669487088526,NA,NA,4.12013073734216,3.74943787227693,4.4393884516879,4.44896690045716,4.0263088947304,4.39303808767216,4.6449820114388,4.52350280699133,4.15635345254717,4.33043862630426,4.37897408844967,4.38961498201689,4.48806347443455,4.7601646178077,NA,4.85247926106067,4.56148985685771,4.8146456204837,5.07327096917177,4.52534954897241,4.97953666962495,4.50979843641979,4.70443145687386,NA,4.70566307841821,5.16639274016832,5.54432504424866,4.95522670283107,4.76060487771675,6.2416812236603,5.44752375261209,4.58200700280003,NA,NA,4.99785901918353,4.96644937771228,5.51326856479165,NA,5.48137359886403,5.60343354344713,5.60889965288452,5.19967159554538,5.45457912927968,5.50781862493771,5.63040107506866,4.72719318617088,5.65813763756524,5.75013143646661,7.64106405353824,6.62745436676045,5.70093543262999,6.0221354391742,5.28267433275585,5.21552757358811,5.63059697140594,5.20408848023969,5.32438873982073,5.0075187279242,5.03286026969073,4.86993150885075,4.97770511283678,NA,4.98873148640163,4.74224064896675,4.73173488118821,NA,4.80210858753755,4.9366574755112,4.63424212694362,4.98200389842783,NA,4.56212231059188,4.66111726209175,4.8498514188221,4.63293601544848,4.92084596351896,4.68797684390529,NA,5.24810903857083,4.4300920932397,4.83915201388304,4.39188189609069,4.13047821372358,4.50290239778209,4.5315563884266,4.33877329100187,4.43564730566591,4.34608894208597,4.54973355109221,4.52843579366924,4.76122106781583,5.1251951900517,4.98368255071333,4.85658852718636,5.14712784942594,5.03144341253808,5.0270823875091,4.96710844562411,4.58006548270632,5.22854309131757,4.33154089092366,4.69337393885697,NA,5.10837837966767,4.59851015902705,5.05559633060794,5.23767456060103,6.17954351785287,6.04978233968034,5.25926402598588,5.02893713480096,6.12734235272664,6.56045978674699,6.50390528236574,NA,5.79493274306464,4.98459430640429,6.06026313703174,5.1901926182011,5.26985526152695,5.04025637918002,5.25025721501494,5.12224401014398,5.23950070982156,5.34287482741081,5.6052395477815,5.74153616682709,5.86851436196784,4.92185083047194,5.46479778018338,5.49607687068285,5.82756709196779,4.75275034349588,5.32194829619661,5.08105505597524,5.91328800573307,6.16547789453121,5.93975348692758,4.96230610707039,4.9267196729516,5.34711998866532,5.35874835475806,5.46063730148198,5.28604956179168,5.34986102819497,4.98656806006204,5.49267900136007,5.27979741465914,5.19937389212562,5.25179004445407,5.64852593847001,5.32328639519225,5.50545439786418,5.72073538652552,5.15866726551775,5.34568096497403,5.07738287230224,5.23817275954855,5.11766501865022,4.81910263918498,4.70749007715337,NA,4.4148189944179,4.95790845783178,5.02048671401071,4.66876561490878,4.61320756653586,4.72877870056348,NA,5.67826734455371,5.58645735278263,5.1948347309599,5.1177856067279,5.15098112922252,5.28459366948138,5.40575772906981,4.65348203881109,4.62324504898957,4.27845003746129,4.44962298366893,5.24214428266664,5.11998074226706,4.75161577720242,4.40818991073856,NA,4.48967782993526,NA,5.11070151357398,5.41183066584816,4.83382193807122,4.54250322080134,4.961538496241,4.77170645934314,5.00742809790413,4.73182492252436,4.64372058699961,4.74772174883013,4.39482853471216,4.85173605071982,4.44220816557166,4.88370683849374,5.27389113743548,4.93163946407493,5.06446442628638,4.913295167137,5.35433044208706,5.38758871543454,4.90944059065651,4.6995286973689,5.38003581924428,5.07340537067746,4.31493579505159,5.07596505053639,NA,4.60692255191949,NA,6.77038262710592,5.43778112746746,7.0377540643189,7.32418815191799,4.70789887508022,6.28234543622724,NA,3.58882431513959,4.88440888571645,4.71346323327789,4.70843623601819,NA,NA,NA,5.26920758695747,4.46385093385376,4.83434674289417,4.82219427459462,NA,4.48550843958663,5.26497966557119,4.57857380072498,4.88606813991705,4.76621062616835,4.77630997455411,5.00808903364056,4.69758900084282,5.37710486367207,6.1163202131332,4.34073454424832,4.46589843431738,5.12739299098077,NA,4.63255867190731,4.67163955564652,4.56669198778619,NA,4.31450933501627,4.69252335970267,4.50497273030692,4.55304291792701,4.78271542409146,NA,NA,4.34671663861639,4.64249960165248,4.62972389134063,4.7024645529982,4.46132941049733,5.15231941529074,4.70327777805469,4.15324616635244,4.82013955404681,4.15473784369357,3.95950760463198,4.41308912719233,4.04676704131606,4.05949569216106,5.06360064729013,4.43442108343451,4.26321947658592,4.46759991669774,4.50879699131724,4.71426043180236,4.53395301052862,4.56199224755486,4.84406627636307,4.63224557328498,4.64895844689574,4.77308510727441,4.56153198168037,4.71047314969923,4.64472460344578,4.99218497386909,5.39831390844108,4.8003112191588,5.74269166261634,5.47195463852549,4.87493683733686,4.80640933171141,4.92973632794583,NA,5.85471835146163,5.38603869837324,5.96543490502572,4.94351882589147,4.72215462972347,NA,5.11422545243673,4.85477043342808,4.83140147430033,5.66174304496049,5.72199078343148,5.58396075464867,4.72095372021386,NA,5.52552607220535,5.5546424668806,5.42868301609251,6.7385841817091,5.11508866039812,5.21365551758324,6.27452572821305,5.39278081377911,6.62489425149563,5.86630116213763,4.15748097990828,5.35375915681044,5.01492764904895,4.88748437614232,4.86493879080908,5.28503390536761,5.90596097405947,5.55242505135276,5.20566031267242,5.29518609754538,5.50953096014697,5.6019190714622,5.30964771722241,4.62320287350236,4.48128586010041,4.61788080131084,4.26362288906779,4.36501229568924,4.19744210576496,4.25937252681568,4.52628482285064,NA,4.30611837444893,4.22825477086775,5.89735568010815,4.12354431260444,4.12494176762259,4.19147038775758,4.17702685418233,4.22450317728505,NA,4.25191574727486,4.60340621010384,NA,4.39280153740278,4.54182320742619,4.41515975772601,4.22435638071174,4.43485035101703,4.61072396222234,4.42396515982807,4.12728936073371,4.04956727549098,4.86058397842581,4.64884576971258,4.32706668808898,4.37013590266056,4.46637776556226,4.45266613455881,4.65775739191561,4.54804840907861,4.68450193361985,4.11394527364129,4.45466758131258,NA,4.24351470842807,4.57999604151969,4.4551055374597,5.03861626814891,5.94722960452984,4.26141583091775,5.01084330636002,5.21795852150783,NA,4.30211978031737,4.46591423847471,4.64608993958406,4.62089939634191,4.04067052352162,NA,3.79297803336149,3.63040537548727,NA,4.96415621651247,4.91981295721721,4.65617251922884,4.92068130746746,4.72125646124432,5.50989235229494,4.92123944807625,4.1587664111509,4.73179075570946,5.05672899054124,4.44473809921753,4.6416387092095,4.51283116440813,4.34124571300369,4.27898302122739,4.41652893563444,4.07349738928671,3.86238661031504,4.76861804202114,5.35704863828227,5.43460027005779,5.59425031045806,5.78925704618077,5.2685105098937,5.17240682872197,4.33908915791451,4.99222206625744,4.73145143803598,4.22469707198102,4.40895868604049,4.16253777345463,4.2411177238643,4.23832633751199,3.72533863894528,3.56710191596225,3.72396608156587,4.15205602091311,4.32468848127292,4.09538399801708,NA,4.00665979717796,4.07734196602741,4.44703199254984,4.37347932594968,3.59641515565627,3.77001306710014
NA,NA,3.09715945959511,NA,3.34039001267261,2.9708109561297,3.16974275210917,3.18135566094247,3.21594879469576,0,2.54592614253507,2.80211129070037,2.69593177899138,3.12031026057468,NA,2.84912172367142,3.06943928199116,2.63505872170147,2.92380799194369,3.08382561897683,3.05417939479341,3.35131357748692,3.8169190751312,3.14329880257446,3.54373339098747,3.77019371119826,NA,3.8260243031973,3.60022227430526,3.47495089695706,2.37259780305046,3.56820777389372,3.83952459059816,3.79980426584129,3.55044243392721,NA,NA,3.38505525092483,3.58413247697398,3.38686058663892,3.15571851343354,3.11396373137863,3.57735013711208,3.6124278716879,3.84314948366592,3.82191321489069,5.06739430751926,3.89166935930967,NA,4.3576564361924,5.36141820960885,4.63381745479332,4.6342775223029,6.01888791779524,7.67413806126015,8.35882798616653,5.73616544459618,6.90040330288421,5.80568554033863,5.86702762793113,6.40984502455053,6.5112608037795,5.71645268216715,5.21877030774855,5.64574137460671,5.13156337290794,6.03941392004825,4.44222477707393,4.85243920519445,3.96032493055207,3.89364898557639,4.16265504457611,2.88566636301655,3.09408930291882,2.77647654577879,3.03174258723822,3.20598860350927,3.37088547870992,3.33431829645849,3.15803170388999,NA,2.81783723205162,3.28384105669121,NA,3.41377846048884,3.85051347152717,3.38250078696844,2.62947012816985,3.31708766093707,2.69008656185738,3.31660543060906,3.28851649364339,NA,2.93268508462245,3.17649245885576,2.67994279619164,3.96296513996856,3.66837861520775,3.40809220175531,3.62020920294693,3.4481809217321,3.41306168777276,2.94566065982916,2.74937860927584,NA,NA,3.61397013865724,3.43857060994788,3.43022908777836,3.39946275694045,2.71787043697027,3.46160252093561,3.61239841753976,3.55693524135987,2.91109990010731,3.39185376263638,3.27224958632842,3.21833107638939,3.52178231456925,3.7464094092418,NA,3.43095756985273,3.38856031057707,3.78917540656569,3.97996288864482,3.38819020418584,3.65559023178732,3.04875923691103,3.54943279741422,NA,3.46562592668686,3.84946651449168,3.96411609898046,3.65862353115148,3.53124878760203,5.40882731929506,4.48281541643739,3.31516460907822,NA,NA,3.96543693175327,3.82918784115013,4.45956664835154,NA,4.34519788498196,4.52985070472111,4.52138982964419,4.08895430945965,4.45054427873987,4.30769378987067,4.34962265221762,3.44857323790635,4.43962659188943,4.58877438466295,6.77014548113235,5.59312264004385,4.71750928359947,5.1133265207908,4.38082977864016,4.18246432185241,4.48331242566534,4.08473292528089,4.29220517102862,3.79174885924672,3.69271059551934,3.68259072851594,3.7125951382238,NA,3.71987474909822,3.45450506313731,3.23981136946776,NA,3.4928322586225,3.94378593044884,3.52858637498862,3.822595732266,NA,3.31924947305852,3.52244573157626,3.97770518263906,3.65477844293194,3.95286192109201,3.61336428113576,NA,4.21963319894513,3.3589202036203,3.83610164676916,3.64624000586066,3.10867011909883,3.33737172640622,3.37342874889057,3.13297541002195,3.50029804899111,3.70806574397461,3.30726253159384,3.07461150349158,3.53580468664559,3.839414108197,3.56309516066251,3.4442205223603,3.48351898466424,3.35556149418514,3.42392296097055,3.46730946929923,3.09833439007632,3.61559955445934,3.04821884228661,3.49291759335135,NA,3.59074860277868,3.31560002347531,3.98543892092901,4.339447042676,5.28479639062337,5.21545387404204,4.44298672572205,4.10203976454317,5.10560798072434,5.6688054612738,5.58814583166751,NA,4.57402286222045,3.84784005918732,4.51702136672559,3.72211776330878,3.87087122956748,3.54316618690908,4.02555246154303,3.78793339758043,3.82166334750275,3.87519319001584,4.34999048850038,4.60392187468412,4.8202056555323,3.89661615215889,4.06248837099361,3.989648852433,4.444575752609,3.48105994779083,3.90457128727413,3.76801809533722,4.61923339035468,5.15741490794185,4.9712564350465,3.90128306710489,3.71043087678105,4.03359536077095,4.09428325068254,4.34134321568709,4.21962841211874,4.35032618396546,3.71529320978022,4.13687041532587,3.88372002024079,3.86882617681055,4.03408076207327,4.48958803103143,4.11760045583619,4.33524922343067,4.65784958808645,4.19879752595506,4.1798444466826,4.02502781386538,4.19578490263902,3.95265095258529,3.58071659412635,3.45717773120595,NA,3.37816807546766,3.72282684475304,3.96467170803185,3.71352250557566,3.76898728362174,3.77319989542949,NA,4.27948467535462,4.31553586447126,4.05161622132688,4.02698499116937,4.06035557256274,3.89181509769643,3.94645779409181,3.51205401546214,3.55033269068014,3.35707204516629,3.47907157601492,3.84071715324067,3.64617812548239,3.22257745199972,3.11445113277794,NA,3.18259553798394,NA,3.89916881521319,4.03704657463536,3.75411060105415,3.48051359003814,3.7225783896191,3.6689386466834,3.88235624518346,3.40625793903811,3.34957352991935,3.33530624766493,3.09077742113625,3.61726288349428,3.19766993237864,3.50562832537266,4.00633222552413,3.50683340645577,3.90036869971214,3.73193223797612,4.09089668303786,3.89061113240691,3.59146293586545,3.61763316520408,4.22843032616023,3.83391153374598,3.05195767513871,3.48567180373721,NA,3.5071079390617,NA,5.83911719875558,4.55430161746689,6.24398739212945,6.28920073551049,3.51194991350922,5.25634207492771,NA,3.02841658033961,3.99283844915242,3.45745349833591,3.53800291705757,NA,NA,NA,4.24714989151653,3.58974669951736,3.86853645130377,3.80093279352263,NA,3.43374517636495,4.18527852419105,3.57130669422041,3.91189924280012,3.64567565931002,3.54081221668155,3.9646670885207,3.71270913530169,4.38955622132848,4.82199798337652,3.68655363283751,3.33676299636458,4.09830958359746,NA,3.41455233155869,3.51284093522388,3.55676209569114,NA,3.46249145560702,3.86842489427834,3.64027512215026,3.66418423952656,3.91190947427644,NA,NA,3.56211338875687,3.94278017519706,3.81299184624552,4.00772842455408,3.84832641631736,4.225452357858,3.79846143509396,3.23558385415344,3.88063239408454,3.51651629042033,3.45831675617852,3.7623866520499,3.43998210935937,3.22079318688561,3.89487131510938,3.21957239590498,3.10832251000224,3.47576714727515,3.62089597715881,3.8882096437387,3.63338370295151,3.49277286981209,3.8454582504576,3.72850416044434,3.56077639839491,3.7782118283184,3.63372778589484,3.80648550109423,3.70072056256728,4.11734296304614,4.21808072469892,3.85304827581783,4.53756624441574,4.23959863708814,3.82649736888655,3.81287412794969,4.08868305572854,NA,5.18064026949406,4.62058243337911,4.93771428447623,3.87439019367541,3.80561541953536,NA,4.1785839793046,3.78168089558177,3.72389477334881,4.5883605869644,4.85000386540122,4.49986025651199,3.55566281707806,NA,4.43061081226919,4.6028080271702,4.48394266090588,5.87468601593007,4.07525464987706,4.3058740434698,5.26662665566916,4.29741956841088,5.70374666641586,4.88648776309906,3.26830365294499,4.39024795712199,4.07053000333158,4.03905341193956,3.94566157930691,4.40221655228707,4.98988792056533,4.46827670098107,4.30997617926362,4.4209864741277,4.43606800267975,4.64377365134459,4.29653451139545,3.5742770040198,3.55629295441708,3.54463512059135,3.42327380525517,3.61954187285417,3.38409113694739,3.55682748338021,3.7636454439272,NA,3.4718676504278,3.47929486691368,5.14099639535877,3.6313426356951,3.40605984673165,3.48800865122094,3.42879502307496,3.6052139277819,NA,3.63351767157925,4.21940460533387,NA,3.98453634650275,4.19359343665894,4.07352412743511,3.49688015670459,3.79678268428714,3.82132584094753,3.87880232938181,3.47090493829529,3.37765372564618,4.0960002355356,4.01200981048956,3.66953364019988,3.84473202709367,4.14083872392886,3.734907342411,3.87717968431201,3.97362162305378,4.05645695849958,3.91750593848389,3.79872999497122,NA,3.76862409088326,4.00662784770252,3.66001652276806,4.39685157439878,5.24540446448714,3.67810022513096,4.42439378290191,4.71693508776074,NA,3.6456910475601,3.96593085279915,4.12070685243542,3.87956446769199,3.43536807068462,NA,4.07147070342219,3.63780513271553,NA,4.07152184222759,3.87077681389839,3.5218298596033,3.80928731757832,3.57429663275125,4.54511597606348,3.82872309674151,3.12260953389597,3.71881202693466,4.06029328659724,3.60674231259593,3.83623304403002,3.71817203231678,3.70251106065043,3.7115841209543,3.47020073795231,3.52578271238363,3.14391631781646,3.80325231723684,4.32130170751283,4.64795767533183,4.63008332152725,4.87965456779397,4.31847171694248,4.38090174844703,3.3678312152385,4.0778661868021,3.98080276888253,3.43691845609617,3.55157889776472,3.2437203716924,3.36553607610623,3.33856927497465,2.94072610218358,3.02766147234416,2.98568559761209,3.33612110518815,3.25303865737114,3.27054103508974,NA,3.19827374718029,3.33585508000931,3.6222847351804,3.59449408161154,3.17471015571111,3.18346206769487
NA,NA,3.21435255445089,NA,3.75212240137605,3.61098223552323,3.94217950127093,3.48981293743782,3.64364305501821,2.54592614253507,0,1.98190768061565,3.73457403933095,3.47540227448354,NA,3.82570524364371,3.31024139068146,3.10168277253802,3.70520648165289,3.83216841335313,3.82053543128453,4.0333091025567,4.10956796766485,3.98957630457925,4.06965616612679,4.07731033274978,NA,4.4628033157058,4.28869385673338,4.0689914059402,3.2868219996246,4.16592139389191,4.42767699077287,4.35956924878613,4.25626143194805,NA,NA,4.11299643173566,4.42206050393282,4.39866500912732,4.17833725327913,4.05355353237124,4.27982476110841,4.43721887404002,4.36768366376534,4.39706141161663,5.35909975247622,4.65118880368199,NA,5.16744957126237,5.84326700091805,5.0898815577167,5.30237367711963,6.60643910834098,8.02055673768838,8.58072643290265,6.05999170764212,6.93727849158932,5.94202162258122,6.13438859805557,6.68869391942208,6.74587291898103,6.03314103747037,5.61343493471883,6.11349736182811,5.78243253883504,6.71236505298466,5.34047993750793,5.59349556708969,4.89474815434339,5.01981821264256,5.28324494461185,4.05018140956905,4.29213723536063,4.04296177087654,4.20694592442795,4.31031177538182,4.6110156320906,4.60601290117015,4.33686370607134,NA,3.97889795753343,4.058011895414,NA,4.50265610305888,4.77631575140095,4.56393454957481,3.75417634704105,4.22944570005193,3.91453646083854,4.51034119490159,4.49573376817068,NA,4.1085283748033,4.28634155054563,3.77653012382661,5.02939940634613,4.73504117750085,4.596310793089,4.85675162212235,4.18345279448146,4.54399232353372,3.96972523493171,3.80773211825564,NA,NA,4.96017339883643,4.1819010612701,4.10086091367004,4.37040119447061,3.73096204630344,4.58345161061689,4.63510563409179,3.63581049228715,3.767323666277,4.01083407290868,4.07284572212723,4.08149004643611,4.07590753009356,4.43169097682653,NA,4.54945568528676,4.28383819375869,4.65918749084522,5.08707205511361,4.49144560479816,4.68473507330209,4.12436494712026,4.62815978549616,NA,4.13513972394502,4.50265680276753,4.94474804956658,4.25304786369205,4.18425855701301,5.5719678207998,4.63029191192761,4.38975659282522,NA,NA,4.74128569529922,4.57625228412687,5.37990158001718,NA,5.11980398056291,5.36191272975675,5.42104972888549,5.15451347450753,5.33204962202131,5.22899990511812,5.27785613675779,4.34953686501978,4.85426080224583,5.18545576550754,7.1865140812168,6.00956632257213,5.26393545807559,5.79513263372188,5.12003062160265,4.95221141384736,5.44926870471725,5.03927607810519,5.20193081149043,4.86970348032985,4.7277517485057,4.71585016461024,4.71329515260603,NA,4.76789705163854,4.41812715297419,4.31317181500636,NA,4.62403864779778,5.02512485895052,4.45043551460142,4.87332055954066,NA,4.3193223256884,4.54010288102244,5.1373413129109,4.86344747913485,5.19798022135449,4.76532822625913,NA,5.28510542299611,4.46938232242388,4.90602422246076,4.69598497532224,4.28184872184784,4.51884594976913,4.44813037386978,4.38128123976985,4.69588476847127,4.90097889304107,4.5460866261993,4.37051325533694,4.69995420045197,5.15952364664427,4.9387244457937,4.75675704424536,4.7531965757164,4.50782851931955,4.51618537177148,4.48750640176782,4.18967205266687,4.66757917061895,4.19272119446511,4.61002064554844,NA,4.20248090563893,3.91037626125328,4.61248420328856,4.93669503149897,5.56818529675326,5.40182599262222,4.77264868189154,4.4575047435073,5.38160362369668,6.01691487805901,5.92495821772077,NA,5.17669365888088,4.49639258934275,5.40613808176278,4.69680052067049,4.8630679037827,4.66330831983915,4.8677317709856,4.77280933162621,4.83202219672233,4.94448468642924,5.20373960381763,5.37990153367894,5.55633586341308,4.84492791448629,5.12556417165326,5.05559998438296,5.57676530335059,4.49025024323631,4.94100158080672,4.76357493661333,5.627998292559,5.89478454378556,5.64670345192948,4.79296391564529,4.87743927232754,5.0454846150356,5.01592144224733,5.16971371187151,5.03690374598213,5.21422854574089,4.75102321188302,5.05695000717121,4.86823154117212,4.88979016801668,5.03504557860098,5.43059075756663,4.99349555505417,5.31493556846186,5.60033508642344,5.1678249292312,5.16062782778247,5.04638811277919,5.24566952721903,4.85782358475949,4.66284524137733,4.50184493506106,NA,4.40361794175571,4.95822277965544,5.10710003307938,4.75849606244473,4.68196472245755,4.6708067496565,NA,5.5427986617262,5.53908430679988,5.27731219325837,5.22772681000676,5.1774343333483,5.02686319018978,5.06346316378627,4.71021954932001,4.61401031000216,4.44078723631166,4.49442376282936,5.00422580157012,4.60863761843548,4.18177565416573,4.29728517678132,NA,4.10334666632377,NA,4.66654793042607,5.0231930407907,4.52823307858546,4.18152881372245,4.29710852663173,4.2988447891249,4.74594838298744,4.43807615428018,4.23622801752798,4.30777789886253,4.07230075947271,4.67749862195772,4.21174770428802,4.56763812781048,4.82267987293646,4.58858850500639,4.67692845519603,4.64461056223168,5.14755457350672,4.86617055039037,4.54541430359238,4.34171458825236,5.05658865521733,4.78656062700484,4.04516178805793,4.68735210747896,NA,4.17428247753996,NA,6.30736987788963,5.36044684192642,6.67253831430974,6.80933119538698,4.4060205245333,5.97123566143703,NA,3.21589926741293,3.89160988518088,4.0023521741077,4.08839718091025,NA,NA,NA,4.78187209401627,4.48289692784083,4.61874890961268,4.55794512748658,NA,4.30452964035717,4.88979379896028,4.31581352968138,4.65842669333955,4.63750680278411,4.2656392746142,4.63725681111955,4.08318956687364,4.748206819089,5.33499328928523,4.30464479328318,4.22482714640281,4.89394950400725,NA,4.50985833388398,4.51375762874156,4.53758805005878,NA,4.38265594348721,4.73124216981645,4.48585664536887,4.71834762051824,4.9376836826859,NA,NA,4.62860877257054,4.88373419204403,4.83573485631209,5.08227302968077,4.71656443245284,5.28133347423989,4.929530675077,4.36015570241249,5.08533458176071,4.33408520251695,4.17670863088893,4.663740999294,3.78459391810669,3.27735851688609,5.01632883284642,3.97166643842544,3.8973870863605,3.96539261311667,3.64337999535766,4.12823959249631,3.84687737338099,3.91858007021456,3.77460281213475,3.97528082765917,3.66544776769429,4.09972570135532,3.97820677924628,3.76271176695108,3.74528411269009,4.17634000302728,4.63352112817247,3.92880747971257,4.6284224586463,4.80882017145936,4.48303811849777,4.57141207595929,4.48529487180072,NA,5.55864874697555,4.91277482918878,5.31350827834176,4.33394929179148,4.46421068194298,NA,4.73947357177709,4.36875987973148,4.2794579607133,5.14638440497087,5.21953854715097,5.11407878784733,4.24595379345797,NA,4.89340952951113,4.97714674613234,5.08986389617255,6.29736939823356,4.63749262196748,4.74821618828072,5.65130885753249,4.82872352842642,6.03428725727832,5.26246749565211,3.59049072870255,4.70385137031361,4.59922563974229,4.59936379239881,4.39526707710883,5.07727468464225,5.46596198155021,5.03939377300788,4.60256658755752,4.57494460058341,5.01298083844608,5.24095889325665,4.95677862999348,4.49061163677125,4.40902673602047,4.46067844312617,4.4094978323902,4.59678893906947,4.1377316754046,4.36660662052522,4.65333372861818,NA,4.4856936417246,4.27259163797191,5.32214485132409,4.52469379639985,4.1888708333066,4.46188405925864,4.31562369555356,4.50423064294591,NA,4.47070489943041,5.11148089536581,NA,4.79052458610899,5.15907970873952,5.0036102790338,4.14174902626403,4.54957147208895,4.81184585256086,4.74108547732674,4.31331456997799,4.20701833223753,4.79225753301928,4.68441654826,4.27928337841814,4.20438132757151,4.59309344096152,4.01487463731485,4.12423068845281,4.21923702116816,4.28780566289525,4.32876128971983,4.10324275004996,NA,4.67040511949917,4.03297218775042,3.53843662464204,3.71939688800647,4.55161981196748,3.09441228232279,4.01753305077431,4.52032922192239,NA,3.71288047747655,4.05550599173111,4.03803301128059,3.87783422145833,3.63877078032202,NA,4.23556237553787,3.97870087465802,NA,4.24151135086629,4.14588063135387,3.79899286593867,3.60209122830652,3.663195184161,4.60367515206186,4.45395088651956,3.46276134931953,3.97182625438534,4.24302120138587,3.62103177946243,3.86152177696846,3.99693702731256,4.15245839480374,4.12004221104804,4.4770370493724,3.54751675091062,3.72882978022687,4.51173387727678,4.34772526953565,4.41645894567833,4.86808686128605,5.26358301455159,4.79038012849977,4.71904261557653,3.87357151635748,4.62249658299794,4.62249293655653,4.12585167702347,3.95098318135929,3.90960949563671,4.26893765973421,4.18376321502308,3.88719714838337,3.90697505592683,3.63305369103586,4.1327799086286,4.37763978737372,4.17907705977571,NA,4.07419504291366,4.25735216112145,4.62518410102453,4.65404361798865,4.08552817588432,3.97270736307539
NA,NA,3.86089139861369,NA,4.27494002243322,4.0723276591712,4.2948802404541,4.06269832525847,4.18876421902325,2.80211129070037,1.98190768061565,0,3.75589440960524,3.35738204809331,NA,3.95365078690783,3.75480890684546,3.43186920192266,4.11531921491216,4.09117109545076,4.07327051068364,4.22099274309986,4.32727658747782,4.26718290416553,4.45709777912082,4.35096395467029,NA,4.63357061000179,4.48222987627256,4.38284678271129,3.52016053999249,4.32915119293747,4.61949664622689,4.57103869298403,4.42578128217976,NA,NA,4.31453468931613,4.60149328203252,4.55981952254747,4.3500354677752,4.16001682951645,4.40944204915222,4.68035249045044,4.56723510130521,4.50193113149314,5.65401616992447,4.72278191366098,NA,5.16133932752187,5.87587205074903,5.32342627556024,5.45623227061497,6.7099217674044,8.21490965486157,8.47095527243026,6.18108680556251,7.1654084721111,6.14286410588336,6.32301286977841,6.8574624976098,6.97773866474128,6.20861167960364,5.79154922620044,6.28050152848636,5.93488299186482,6.71219719890613,5.48161987186139,5.69659931025644,5.06667626575886,5.09858398518999,5.3487183731452,4.23346442071612,4.46204043567242,4.21571420575444,4.36062526911753,4.47035002486137,4.80036645678634,4.77278965976276,4.5862510324105,NA,4.20941418445776,4.29503625308118,NA,4.73099769113696,5.03511626210871,4.77941404970628,3.99948558721929,4.51362784440557,4.1497476568429,4.7610240853159,4.71317657159282,NA,4.35878576972513,4.52236627865681,4.00904083307951,5.22287225114116,4.97055951798137,4.8221992923815,5.10910826039784,4.38188936068828,4.80123073194984,4.18330651068975,4.03906314238949,NA,NA,5.2017209555201,4.58163067110715,4.41521967716947,4.63923516421944,3.96586191128715,4.90746675971965,4.78168198514017,3.80839263326494,4.11385929797112,4.33328409107894,4.33017854781139,4.3842337125776,4.47309807039476,4.79606699901063,NA,4.80336279230991,4.45164056062991,4.81483087379126,5.179679801504,4.65801872258746,4.83377956785082,4.25555584005992,4.82454428304222,NA,4.4248119633214,4.8244980317761,5.02727345648558,4.43109202169263,4.33329808143803,5.93883725271232,5.04685485203944,4.48404245756285,NA,NA,5.01140024932802,4.83579041910611,5.54660212556297,NA,5.27403003116971,5.46513633757316,5.58715123687298,5.32277931772457,5.32879916982136,5.23864622103022,5.37085840260177,4.4494460177599,5.19425193225704,5.29832160537057,7.32995058875773,6.21602059644644,5.42793407816091,5.82606144628549,5.28155280949945,5.15250062356791,5.59387985038054,5.14263150361788,5.22936462183695,4.98626759764387,4.86306588917424,4.97748755839281,4.93909529923153,NA,4.85433964000895,4.57145781433022,4.39191941320568,NA,4.79860138451723,5.19102066116949,4.69693842710461,5.04027401778969,NA,4.5414015070136,4.68709507489113,5.38668236951359,5.0839252879083,5.42337734575167,4.93152567448304,NA,5.48660991610216,4.66123410296875,5.05974300622985,4.87319617167163,4.43636852863001,4.6625685516696,4.64492411871059,4.51761367596728,4.83580220986808,5.07425008980453,4.62763270416414,4.48934271711062,4.84352128237654,5.27710967961001,4.99293577825786,4.85598611834358,4.83295356449541,4.65572489353747,4.63505636912516,4.52983043634941,4.2664222947888,4.75345026096812,4.31152927311063,4.78832343948591,NA,4.43468197119517,4.1587304038882,4.78393479045568,5.14788547487602,5.81121999773365,5.74978135149398,5.19096312542409,4.89256993194222,5.78287251974811,6.36567539747053,6.35092615981167,NA,5.41229633532723,4.76183973430247,5.54628245959135,4.85841601192005,4.98109938760672,4.67680272709444,5.01391983202148,4.85876968828294,5.02055273158793,5.04765616045182,5.28200759701471,5.55264001397276,5.6525695247491,5.03827288669156,5.25408739124116,5.14413158821202,5.69605229905644,4.68573838942813,4.94254669647371,4.83681780473928,5.68587142130519,5.84171131178767,5.69482030815803,4.96904545719167,4.8890068454859,5.12736003412816,5.06890847466251,5.23578972272363,5.098024913399,5.29399157126008,4.85849128185442,5.15764777795378,5.02421304061589,5.00773292823721,5.12785465320499,5.20298494005249,4.99077117898588,5.53483940485931,5.76390759393331,5.37944144714497,5.37150643938903,5.21017362308192,5.39082767358849,5.0019384597182,4.82924467368794,4.70336981020274,NA,4.59709666345867,5.02724950796769,5.25542395325145,4.95780749777218,4.90079665663624,4.85564914864064,NA,5.56660336115502,5.68012521765378,5.44174051840598,5.35420461082804,5.30204310552883,5.14782594398399,5.170865199508,4.88132294199768,4.79439326277453,4.61410059336964,4.69646916607451,5.23929481334406,4.77715312203795,4.32249433205171,4.49794884286871,NA,4.36386554951131,NA,4.87955825219153,5.15921722417699,4.73358180646364,4.40679926656812,4.70625399920033,4.58594086495446,4.9031322415302,4.58219732508352,4.48728383398418,4.54734616399308,4.28052570923042,4.89314835108167,4.44882784587583,4.72358499812503,4.95564444757407,4.66072417145424,4.84006000983672,4.86477311355212,5.28394499781518,4.93798495706308,4.65212552780966,4.6059252751117,5.23410387006335,4.92504736972162,4.20938189740963,4.77461357696378,NA,4.37797232816754,NA,6.51860069073118,5.50367970221104,6.75859571679075,6.79096652627918,4.39234680378531,6.08615544606888,NA,3.59758164237921,4.35367704351122,4.17134192245636,4.15596613764733,NA,NA,NA,4.94415579466035,4.64541498049372,4.78139001893266,4.74946489030787,NA,4.41547599871801,4.96708223403345,4.43198426267458,4.79921759997519,4.57395912305056,4.40726449219458,4.82394079436975,4.29251664298665,4.80288559946402,5.58754817807091,4.54216332206557,4.37927797764897,5.06736429733537,NA,4.59788744848841,4.76537676642928,4.62147945442699,NA,4.56279039479371,4.88572972916303,4.69047918112045,4.88930139814217,5.13647354736761,NA,NA,4.82137374067879,5.06368031955911,5.02046347289401,5.20014822657464,4.90859038347621,5.39925646061719,5.063259413015,4.49840978946829,5.17404529353406,4.61956143169485,4.44010916965816,4.90181981184465,4.15439534053739,3.782753156305,5.11260519109782,4.15949913193022,4.1084197716257,4.28976270831891,4.1060599875225,4.48492221105846,4.21510447766,4.19774982018254,4.34280385024101,4.47041261162189,4.18771004673369,4.4979826304611,4.40134800919561,4.31085184776037,4.23442905839402,4.67285944913238,5.04265227237794,4.45915596037977,5.01403661630556,5.01671290935169,4.75683792163793,4.92523489021899,4.80984527100359,NA,5.92902044857966,5.2353263101059,5.55380566769268,4.56784420580661,4.63720355137505,NA,4.9369038618143,4.51634703879386,4.42279183344462,5.2766182614554,5.51759521664287,5.22222907601107,4.42802024251919,NA,4.96393208568407,5.22029389897672,5.19798415856174,6.44049130215408,4.83794491917101,4.92180662017616,5.85419202984114,4.9850124249559,5.90502613728126,5.37381026447207,3.89859213367114,4.9531558815455,4.71729250478244,4.75539405677228,4.66304018045392,5.25733726362291,5.72168554762102,5.26538492065769,4.8313695595996,4.95022595303965,5.23414704812103,5.49123598418877,5.17352238844219,4.66357484001221,4.54742828949215,4.61997838958998,4.63361313827668,4.82193078037601,4.39522978076275,4.61772211187106,4.86279843264565,NA,4.65072473470452,4.52195107690066,5.64784595435101,4.7925001467009,4.45906344182771,4.69094791911145,4.55900944407073,4.72193456571901,NA,4.72459696136266,5.35199984813095,NA,5.0528941483687,5.38952249258933,5.22848339484203,4.42087526662942,4.76926092938322,4.98471492076121,4.95953800794603,4.55855728614279,4.49041238148651,5.0987871488893,5.0001359325201,4.59717213509472,4.58897610619247,4.91786458324382,4.37173740343477,4.48241492397731,4.59155150800469,4.64017350559868,4.68675745618238,4.44067952859821,NA,4.92284946760171,4.43647291919439,4.01460574586116,4.27018971999267,5.3543782185296,3.85190194515163,4.74895477104067,5.21675137959419,NA,4.24363955319321,4.63660716271407,4.66252041285982,4.53015907768807,4.09240446562594,NA,4.83228298047441,4.63160733583924,NA,4.6255187134822,4.44651770081847,4.12471892861388,4.22404670908618,4.12347736623955,4.81737793035785,4.63136470291624,3.72021447154729,4.12125891885609,4.43960790653518,3.86916123523704,4.29527879533763,4.28082633783566,4.43088701671363,4.52544989031014,4.60950373399292,4.12677936936471,3.90794640613953,4.53863019209369,4.79952277821663,5.14319495179704,5.09616449401399,5.54236968490303,5.04827449182337,5.03321198430488,4.06427342873898,4.80512592702045,4.72430105629902,4.26516785185677,4.13292838679535,4.07981688811865,4.45029154677705,4.31331669518839,3.98840989340621,4.04437652991558,3.82770047800769,4.15356937497058,4.45592049306951,4.32900836699307,NA,4.2263940112447,4.4329528452167,4.80534666077068,4.80251791523169,4.231810209106,4.11664003406043
NA,NA,2.76786982718114,NA,2.04190610362777,2.74625211406457,2.39576280730768,3.57945513223876,3.87618477879516,2.69593177899138,3.73457403933095,3.75589440960524,0,2.61119737291054,NA,2.80400749630548,3.99581618923708,3.39329886506894,3.31890338748817,3.39224396702843,2.93468463602834,3.38689031706745,4.13582450017283,3.02282959327207,3.75612436522647,3.59201726376295,NA,3.51177982855682,3.44410708526127,3.62500445126366,2.66542682614829,3.22858036925271,3.28609198606535,3.40659701610636,3.08839427619184,NA,NA,3.03301433083771,3.23338969643521,3.27072283655314,3.21103840300461,2.78012659098247,3.18174115693683,3.19485836838731,3.66572311030931,2.95400077606748,4.4378229021807,3.44572099545699,NA,3.72628694907086,4.93857018963879,4.1005069680899,4.04126324788973,5.86840468022307,7.58152442245681,8.03434243567781,5.21646001850887,6.44936812249833,5.23808396783078,5.2955350087104,6.00116151646236,6.16855427520324,5.34137410534321,4.64524220199374,5.18474431187888,4.42202660359044,5.33542681765324,3.71564231707827,4.51829685068948,3.33262365917613,3.20757359667715,3.01583015224433,2.10970183231941,2.55608296181512,2.11492541829704,2.19280208587722,2.30397039593514,2.86895452956252,2.66891039221065,2.28244647521085,NA,1.92859359395666,1.95684272866849,NA,2.26230079758447,2.62288535455523,2.52836564921812,2.04045934657139,2.43502157727817,2.09858620736809,2.72148779186409,2.30831935993765,NA,2.86872760088713,2.17515381280109,2.08823698558484,2.53119703737636,2.35547260424165,2.80822260098896,2.95288767457474,3.49531499815969,2.50889851126889,2.49664115620741,2.74481637948358,NA,NA,3.21082601090287,3.93851506659578,3.82493296965637,3.4756272331564,2.6486072451059,3.60881340428647,3.4855596132039,4.13577147741887,2.8120686712543,3.66637242820805,3.40869592771732,2.98578399191295,3.70582045563935,3.90529286028991,NA,3.12311474796895,3.26731422244473,3.32875364241597,3.42077366536621,2.73672487729317,3.45177963248358,3.1461269986589,3.35579590725149,NA,3.74415509826849,3.97304990371909,4.04647215464998,3.48043809145952,3.15039964352358,5.59090564652257,4.44744451028152,2.82865309306693,NA,NA,3.08759932153237,3.16995914312747,3.25946651880544,NA,3.75963693313753,3.7336686857395,3.76529198002412,3.18365501369863,3.72824999558418,3.83096320340846,3.9100159291525,2.97431995044471,5.04718769389515,3.88521233106357,6.3752299077209,5.30906298329857,4.08299711432171,4.44413109189298,3.57778123452564,3.44659365590556,3.42631190638434,3.10547380730688,3.19211405194858,2.86459584843094,2.60094231894913,2.84383494674477,3.09214607837109,NA,2.61902746768866,2.59542195558758,2.49972966458173,NA,2.68058496618566,3.29369577351224,2.83504804309819,3.41988479329272,NA,2.49819065030366,2.44367085422737,3.37600904406228,3.29165258922642,3.42959728554625,2.92977722121955,NA,3.78222518458654,2.75016624769522,2.65650836389654,2.50748293527656,2.19612830136662,2.51471723074576,2.61543689387656,2.11875331410697,2.18103325444272,2.79326650458569,2.39235160838429,2.24311982865708,2.64963563575691,2.93249481692711,2.96723409056005,2.73402381178498,2.91267641527625,2.95896918538517,2.91609114474107,3.00686102933764,2.49639456848903,2.77881923517182,2.46959320333487,3.05716824697464,NA,3.16949516429852,2.59115768610785,3.42489989489651,3.91124351287679,4.89000988346854,4.85032903349561,3.86598260028861,3.56640995191466,4.80136373308701,5.44478228292698,5.47613696591489,NA,4.19033636030182,3.38953297116823,4.32392099998605,3.41446399923094,3.49281480400255,3.07723962536352,3.55689336599998,3.52180295711678,3.39303132905939,3.46670625385367,3.80435612248608,3.92469155194937,4.20132989997463,3.4480300196334,3.65344155320874,3.61755941093497,4.2410397648042,2.76210309461993,2.99834195025194,3.32712621416776,3.65619363261264,4.26931528067545,4.07599572533139,3.16685022564119,2.73716652177982,2.92345913992635,2.96565863720947,3.57801271310525,3.31990824679334,3.21137879441551,2.80543086143479,3.34564206815611,3.43152595626479,3.0735949505112,3.28126306496006,3.56520055536927,3.21589808042511,3.58206302709804,4.07038097909663,3.63666178535711,3.59305387201031,3.04661581560765,3.58478249576495,3.56607020854465,3.41294846747039,3.10281431711502,NA,2.55893029503694,2.58346910932733,2.93092559043096,2.80739713352968,2.96475812300714,3.06350275666777,NA,3.84553728329601,4.25717633271359,3.98154544907078,3.83794082233824,3.8609484585557,3.76749482249435,3.44251178548006,3.05303805375221,3.12021160213385,3.24324098083688,3.32805593875322,3.580039765956,3.20950761756371,2.99992385617737,2.69528484739115,NA,2.77771570689571,NA,3.5261560065542,3.69473890972232,3.15648808339659,3.21174409270389,3.48935036826753,3.58007716819305,3.30518902131035,3.09613754230422,2.93342535202651,2.96515626038924,2.80218596396769,3.07523430029897,2.94220194348818,3.16591555708698,3.50945716131653,3.09567620172554,3.428640933238,3.18314385997171,3.64420356572384,3.51304625525751,3.16643333468287,3.55167162763056,3.79043242870975,3.36171023747094,2.67621451166851,3.0651458846392,NA,3.42882538490395,NA,6.01842187799813,4.80220394997575,6.0399079784139,6.26322513949333,3.1763568586929,4.97772325634643,NA,3.42680582853394,4.43064594097924,3.21530850714952,3.07062969361335,NA,NA,NA,3.78521982077006,3.23743232246302,3.2693776170723,3.24105587096761,NA,2.96765274856503,3.93532088111311,3.13073641468908,3.33936123078338,3.00600900898594,3.27543434267791,3.74545770651048,3.2250166861224,4.2268829857552,4.57990844709311,3.66590537194788,3.03677770355995,3.67481534122678,NA,3.03040140681904,3.57741237230873,3.04293933406518,NA,2.57066126682231,3.15961810305723,2.77792815333621,2.89298681969503,3.14243751511823,NA,NA,2.9128476052997,3.47107085746693,3.27592329380086,3.16211708691704,3.04559276601746,2.97622484385474,2.74341743565116,2.42535008733047,2.5182408712118,2.45854638503294,2.51081597431624,2.65211887766484,2.63450273556445,3.10924369871345,3.34112488623717,3.13698671216474,3.00836669188762,3.25730349902388,3.4078224682036,3.54417446437732,3.26969005715764,3.41976998774919,3.98019128822389,3.36721681033808,3.39559083186731,3.49107630873473,3.40541927327275,3.6789800249668,3.43923810340404,3.95448233538601,3.82382339741719,3.48469082530387,4.41534631615441,3.96647133521901,3.47250733052682,3.65628710277239,3.69076526234022,NA,4.62387743127418,4.40565632748514,4.83756676952993,3.61580795292154,3.27279396823166,NA,4.02987673498505,3.47547226691781,3.43046973060277,4.26980332625258,4.60092124293551,4.16095723176589,2.99173738330557,NA,3.89172143628414,4.219715097822,3.89392692757097,5.9640864872376,3.8458338126823,3.80699574562546,5.07778322293353,3.89659509680577,5.47309199182694,4.74713411221744,2.70791846151109,3.73515248308972,3.40648687998422,3.56072830653518,3.3390945935265,3.95969386853784,4.87772635181695,4.2916415216285,4.19166733894248,4.57101697405667,4.30852975295768,4.18196928425141,3.82215675828667,2.54530964098089,2.67584618204339,2.90893410388369,2.83331001234824,2.38190463822545,2.53619511431939,2.45799309281333,2.39289667570397,NA,2.47260097580649,2.68351215391404,5.22065002945784,2.7875490883961,2.61486328508149,2.59273265582016,2.82951975486232,2.83238559807216,NA,2.90863455241277,3.46885222981425,NA,3.35018570217,3.49486658907487,3.49594518941376,3.23119299274174,3.3192239470997,3.28858277659458,3.53470595346449,3.15400057597402,2.99943989830625,3.84140817713303,3.44522126571882,3.19111887573178,3.5934132585888,3.75604687342352,3.48750245554769,3.64048275593793,3.71597384740524,4.03459532544511,4.07191612250512,3.31645643663698,NA,3.13161001037117,3.88618866967432,3.54054610540996,4.70680323972866,5.52401922722228,3.76413958515617,4.73795895427442,4.94117930511359,NA,3.65166324605904,4.12096308001593,4.17129061667254,3.82988600215437,3.22471449316345,NA,4.62614843380721,4.2859906248783,NA,4.07701594583607,3.76675296566743,3.52842492028834,4.30830725809878,3.65454737428299,4.43378454586024,3.39000683959014,2.88933571851534,3.3643859243162,3.80973878779689,3.40945115136948,3.51835281245431,3.64461721920538,3.54481658189625,3.73480668596514,2.26711040656621,3.90674245650146,3.2376968970379,3.09403098180798,4.31210293683926,4.54886134246129,4.52677726557729,4.56901264457748,3.84776895218915,4.27948658019859,3.30573091443578,3.91243950313,3.49563081147928,2.7682013479644,3.42985502181303,2.82397668992963,2.6519527787222,2.94947919996683,2.49401656189939,2.36954831517537,2.60518949415703,2.90415705179355,2.04708977094988,2.42715089108886,NA,2.49945754062235,2.66195320327664,2.70804739687688,2.60248447064087,2.52124559197418,2.22433787475686
NA,NA,3.01783584832444,NA,2.91493410335379,3.10834226393883,3.23759050288288,3.72672277491278,4.03571110775016,3.12031026057468,3.47540227448354,3.35738204809331,2.61119737291054,0,NA,2.78056564928585,4.14457211480613,3.48497504983807,3.81282671985664,3.96980352571326,3.47568450491458,3.51843105205631,4.36647399811849,3.59948097228183,4.28164278585481,4.25452358918045,NA,4.22661995544237,4.05506457962524,4.17478216461158,3.05282670800646,3.81097131861705,4.03410603555604,4.03448637810771,3.88273396082293,NA,NA,3.71873238913167,3.85632298356372,3.91154500522707,3.88002134717607,3.57487878651438,3.89105314117578,3.89229621231847,4.1336566684742,3.73578548805164,4.82853629871245,4.22506966116822,NA,4.4673878641153,5.41562655517225,4.62938757243299,4.74167058410173,6.43031682676429,8.07013120765691,7.99476843676955,5.63993292672825,6.7161214496084,5.72556640231127,5.70474041693771,6.57377870842739,6.78779799958152,6.01540524930898,5.46918698481922,5.86012435974971,5.32025017521271,5.68213692892568,4.47845438350386,5.25890644077861,4.35199825135185,4.06970603164149,4.13967429031836,3.0785352282742,3.41956161548217,3.14517335836524,3.35358108138302,3.52481375593574,3.74676369375134,3.67174673007002,3.55478804472153,NA,3.10742243982157,3.05167352494827,NA,3.28012168578908,4.05709666258765,3.50462920995462,3.05818188014262,3.5482411457553,3.09526606655278,3.69574522434838,3.57186081659188,NA,3.64448813563769,3.45124016381923,3.07359338579791,3.87960787551231,3.84466122659339,3.66928890452673,3.89348494538257,4.03507337467029,3.62749953587564,3.30210286103728,3.24240573811131,NA,NA,3.79840426856755,3.90545119750218,3.98153331291645,3.66918278611828,3.37159574181743,4.01884311344702,3.95016602021752,4.35551561321614,3.45169815419779,3.97559435415023,4.10560653758822,3.61500903106858,4.27675187165039,4.34455298465232,NA,3.96135830742676,3.96042563277072,3.88668475083543,3.98676911178895,3.56537675677077,4.10206053167096,3.81833027420511,4.08648391168283,NA,4.35372642688543,4.50704195849599,4.69246320925545,3.94545521302052,3.94087330779558,5.94025393413741,4.94719779724135,3.69741251638129,NA,NA,4.01625002713614,3.97292003484878,4.6177379899874,NA,4.80412705734706,4.7566162787574,4.74146098702123,4.358050699344,4.63266377437491,4.51878246168787,4.59791284410815,3.88081502347876,5.41645413703732,4.89799104734136,6.84198769923838,5.77607663952498,4.88267886120816,4.91933558670334,4.1944649383832,4.34360042897316,4.74468104331383,4.11047076718459,3.93216663341714,4.09167226490574,3.99250436890105,4.10739442149154,4.13392805069292,NA,4.04407969420864,3.80222519567591,3.53034757721465,NA,3.79760502153253,4.213248165091,3.76966486320429,4.22420610315158,NA,3.48242893695315,3.61642682503447,4.46347850522404,4.19037941831893,4.54756004172773,4.08919136060325,NA,4.52722680702771,3.56063932571308,4.09190011895493,3.76984690449079,3.41716235179843,3.68892596293872,3.7039059200252,3.51768178710145,3.69163191792276,3.94194396735968,3.67363768583005,3.45153340435808,3.62962003053525,4.06735387919363,3.7171230489244,3.78110906966924,3.77989173262105,3.70471951666142,3.32730311453647,3.14688938661646,3.23874153629476,3.77734206117895,3.23752008415785,3.95981246937947,NA,3.92855535130755,3.18782871165928,4.08034381838749,4.49178780533961,5.50130792477803,5.44512214525528,4.63796901140656,4.30320265715923,5.27234316909514,6.01586707267319,6.02852375171373,NA,4.72955188573683,3.91833178896604,4.94297180879423,4.14245251310211,4.30462382062131,4.07978671779069,4.4348179533881,4.27508687089135,4.32374611127653,4.35744036652911,4.63850344955917,4.66827892694311,4.79788953068387,4.24826164826329,4.34225164980286,4.32792631796226,4.95888815390648,3.65933617221387,3.82043106806457,3.71424101284502,5.01299265302663,4.82832246386723,4.93620514173185,4.11903070668511,3.79536135885973,4.05793221659556,4.35821859022052,4.58208706394345,4.35983608703956,4.39738749506744,3.91407396823412,4.34357605592266,4.28073628331263,4.11766100649996,4.16733022401702,4.11340007298469,3.75719887436742,4.27126367897423,4.57534675918075,4.49539111230892,4.53033215084947,4.18008875627406,4.42942997221317,4.30683396358642,4.16544521473859,4.00681876723979,NA,3.38894878059662,3.93356542278255,4.22435729243355,3.56496922045763,3.50179839752763,3.71824055678724,NA,4.49981441506639,4.71615936015281,4.43351103898517,4.25082902110881,4.09561122928797,4.2331597908383,4.32534703080476,3.66340451825307,3.73511139279804,3.7923479039363,3.92408996706949,4.36650230547201,3.87908260368626,3.60151891820846,3.56683819443114,NA,3.43022152964389,NA,4.07281189001735,4.24355637595274,3.92395165641619,3.79964311109402,4.07414775642955,4.05101819517638,3.93465900211193,3.62298054210372,3.75588890968158,3.8450891886029,3.491130548544,3.82736516184453,3.51876059200934,3.95561739675615,4.4042999691014,3.86124226285619,4.11137605768982,4.07054736749858,4.5742227104396,4.3810173991047,4.09071588865276,4.34614335096597,4.57030062757502,4.10904278049464,3.5431780411627,4.01096700347166,NA,4.1110017305499,NA,6.38013542070424,5.01242313419638,6.44360518399151,6.57536073931066,3.82775703354104,5.75792868989568,NA,3.70666674968694,4.58742317615298,3.6600077394705,3.60336541645723,NA,NA,NA,4.55769926131362,3.84928170232397,3.9314472486099,3.94450951350223,NA,3.47199523818579,4.47447224114622,3.79033469426903,3.94953588104147,3.83754467253471,4.06746129765444,4.31084974299362,3.86000408293059,4.57483008222104,5.35609252643613,4.01622909835909,3.882722096246,4.57410886248439,NA,3.82243822257173,4.41504447267294,3.36910361652839,NA,3.55515347904404,4.0248219117829,3.66504463829769,3.72453229648971,4.00550188153431,NA,NA,3.60317376701969,4.21227324390847,3.93678860508034,3.95482722559737,3.7769037452137,4.04677002551527,3.68195671662807,3.19883854777384,3.88648019161013,3.35172085993819,3.28867164962518,3.62414845208983,3.18085349771428,3.44355874016988,3.90349347570578,3.45758729712988,3.27188636528736,3.63068662130995,3.55413687863149,3.84857580004983,3.62843015720291,3.77250412582331,4.10323023304232,3.61854522924882,3.52113083455744,3.78276366039742,3.652930036882,3.92651840536499,3.83178497832444,4.25263737095924,4.18861775680986,3.93216100829892,4.73793137408295,4.47658516371496,4.1854663564752,4.29150787321194,4.33240421652442,NA,5.22612397336682,4.87866197795536,5.23500865241992,4.19195329334703,3.92331186839561,NA,4.5603282166904,4.03828501110394,3.98214740636504,4.79123605626129,5.19548985943621,4.71350755474044,3.68677093829456,NA,4.46757854016373,4.65826915408168,4.64839377397193,6.23934763635176,4.05297600528452,4.50743035665859,5.57773667686303,4.61183081153507,5.71775889486486,5.371566123392,3.29996229849802,4.52493963860105,4.42685794037327,4.34741709292059,4.00669365479271,4.46102238974237,5.47858068271515,5.01689583373267,4.74330677068073,4.87844147873765,4.85180070981141,4.90018491666149,4.54541318110308,3.80098733703184,3.59632794487088,3.76652945242533,3.57942685821307,3.71755184653012,3.37772402065505,3.56371926599471,3.71810159708202,NA,3.36241303736238,3.35894165594937,5.51996963575166,3.67254275353658,3.47240407930542,3.46413202270025,3.55429309291742,3.72646691388639,NA,3.69087574717353,4.19931075786874,NA,4.10706420012859,4.33423876054723,4.21231977022971,3.70027032182872,3.85815882872422,3.73874965763406,3.87772261376228,3.56356148545539,3.66408682513114,4.49496325577359,4.11219561951523,3.76533371797999,3.91418797351533,4.02803053520914,3.89558951477609,4.05377269675776,4.22603272461051,4.46368483691895,4.10281935459598,3.784948806478,NA,3.80209822581661,4.16221196761264,3.87364814330437,4.89950418547235,5.70934214434901,4.11832060612424,4.98177279487986,5.29158173821345,NA,4.31586219279962,4.74807419285926,4.77542382530966,4.4901896846221,4.06870028021575,NA,5.13147047450423,4.82317620861982,NA,4.4427851694269,4.23550027112217,3.98374116573046,4.46181587701361,3.84992016692082,4.69740047244715,3.71446714211924,3.53858432729419,3.67168271268761,4.07112871939572,3.9602759457317,3.98106769779211,4.23530964942817,4.22995297102679,4.33662524633259,3.71060834479845,4.25336141068532,3.5310139576477,3.90987766335817,4.74439945208905,4.93215496413355,5.11440933777362,5.22300058142368,4.58536554708969,4.75169147639364,3.89462566123939,4.54499163112434,4.30146713794825,3.63974480938682,3.99715973360402,3.57052409730879,3.56810046781505,3.77470698970425,3.31044399357054,3.25512131862822,3.24005149563886,3.62204989859374,3.56476557579997,3.40132804281366,NA,3.35001823345806,3.43419610169881,3.72492296966186,3.68865029514355,3.4280263281305,3.42082050337035
NA,NA,NA,NA,NA,NA,NA,NA,NA,NA,NA,NA,NA,NA,0,NA,NA,NA,NA,NA,NA,NA,NA,NA,NA,NA,NA,NA,NA,NA,NA,NA,NA,NA,NA,NA,NA,NA,NA,NA,NA,NA,NA,NA,NA,NA,NA,NA,NA,NA,NA,NA,NA,NA,NA,NA,NA,NA,NA,NA,NA,NA,NA,NA,NA,NA,NA,NA,NA,NA,NA,NA,NA,NA,NA,NA,NA,NA,NA,NA,NA,NA,NA,NA,NA,NA,NA,NA,NA,NA,NA,NA,NA,NA,NA,NA,NA,NA,NA,NA,NA,NA,NA,NA,NA,NA,NA,NA,NA,NA,NA,NA,NA,NA,NA,NA,NA,NA,NA,NA,NA,NA,NA,NA,NA,NA,NA,NA,NA,NA,NA,NA,NA,NA,NA,NA,NA,NA,NA,NA,NA,NA,NA,NA,NA,NA,NA,NA,NA,NA,NA,NA,NA,NA,NA,NA,NA,NA,NA,NA,NA,NA,NA,NA,NA,NA,NA,NA,NA,NA,NA,NA,NA,NA,NA,NA,NA,NA,NA,NA,NA,NA,NA,NA,NA,NA,NA,NA,NA,NA,NA,NA,NA,NA,NA,NA,NA,NA,NA,NA,NA,NA,NA,NA,NA,NA,NA,NA,NA,NA,NA,NA,NA,NA,NA,NA,NA,NA,NA,NA,NA,NA,NA,NA,NA,NA,NA,NA,NA,NA,NA,NA,NA,NA,NA,NA,NA,NA,NA,NA,NA,NA,NA,NA,NA,NA,NA,NA,NA,NA,NA,NA,NA,NA,NA,NA,NA,NA,NA,NA,NA,NA,NA,NA,NA,NA,NA,NA,NA,NA,NA,NA,NA,NA,NA,NA,NA,NA,NA,NA,NA,NA,NA,NA,NA,NA,NA,NA,NA,NA,NA,NA,NA,NA,NA,NA,NA,NA,NA,NA,NA,NA,NA,NA,NA,NA,NA,NA,NA,NA,NA,NA,NA,NA,NA,NA,NA,NA,NA,NA,NA,NA,NA,NA,NA,NA,NA,NA,NA,NA,NA,NA,NA,NA,NA,NA,NA,NA,NA,NA,NA,NA,NA,NA,NA,NA,NA,NA,NA,NA,NA,NA,NA,NA,NA,NA,NA,NA,NA,NA,NA,NA,NA,NA,NA,NA,NA,NA,NA,NA,NA,NA,NA,NA,NA,NA,NA,NA,NA,NA,NA,NA,NA,NA,NA,NA,NA,NA,NA,NA,NA,NA,NA,NA,NA,NA,NA,NA,NA,NA,NA,NA,NA,NA,NA,NA,NA,NA,NA,NA,NA,NA,NA,NA,NA,NA,NA,NA,NA,NA,NA,NA,NA,NA,NA,NA,NA,NA,NA,NA,NA,NA,NA,NA,NA,NA,NA,NA,NA,NA,NA,NA,NA,NA,NA,NA,NA,NA,NA,NA,NA,NA,NA,NA,NA,NA,NA,NA,NA,NA,NA,NA,NA,NA,NA,NA,NA,NA,NA,NA,NA,NA,NA,NA,NA,NA,NA,NA,NA,NA,NA,NA,NA,NA,NA,NA,NA,NA,NA,NA,NA,NA,NA,NA,NA,NA,NA,NA,NA,NA,NA,NA,NA,NA,NA,NA,NA,NA,NA,NA,NA,NA,NA,NA,NA,NA,NA,NA,NA,NA,NA,NA,NA,NA,NA,NA,NA,NA,NA,NA,NA,NA,NA,NA,NA,NA,NA,NA,NA,NA,NA,NA,NA,NA,NA,NA,NA
NA,NA,3.35799275690047,NA,3.43911377054665,3.16694094604803,3.18377203816123,3.76667935544412,3.80342736962553,2.84912172367142,3.82570524364371,3.95365078690783,2.80400749630548,2.78056564928585,NA,0,3.71534387692337,3.00516543717732,2.92548952497779,3.40463881076808,2.80744674194642,3.2214809077629,3.75727725687817,2.98717379748878,3.38791004129963,3.49644628649909,NA,3.70746790807942,3.57658552149946,3.71361254602313,2.45364711268285,3.44413409364904,3.67016826679013,3.82225173658848,3.53090739133943,NA,NA,3.46827861654491,3.58870868660875,3.62359441272996,3.47823982742731,3.27014790572878,3.70532726100018,3.52508067916746,3.98178333042154,3.75292053881176,5.03377182614712,3.77886297896393,NA,3.96978643828421,5.15400402890581,4.58505244738803,4.45274388378618,6.26572635129155,7.99714921759869,8.30550080336193,5.70493900563625,7.01510222216766,5.88943781864707,5.92956943572782,6.67904020954786,6.73700558757474,5.899874843736,5.31396865263347,5.7031394480035,5.10516701884718,5.72089073463265,4.18077193910039,4.80155751840027,3.741369064827,3.68109785368049,3.5196606489749,2.72164499174837,2.78436314883467,2.61790042924568,2.84662422852318,3.07997055075254,3.14457212589187,3.13542014347105,2.91095474360852,NA,2.63682837080244,2.93021724173089,NA,2.87168161423983,3.62859187511464,2.78742417011429,2.65620845478149,3.16509469156419,2.52822208132285,3.11378430190261,3.00315828948321,NA,2.96236724183186,2.96512318472887,2.70322559005108,3.58545880512073,3.55642901780011,3.29630460445541,3.44786293110486,3.94083552980596,3.30892580917867,3.05336728463841,2.84587305081671,NA,NA,3.19869164640091,3.68120675596886,3.91377574937672,3.46862794143659,2.98391545653546,3.57190239776341,3.61177848099719,4.27491809286365,3.13225975422177,3.74275727481752,3.60779178444211,3.27391448175979,3.8045836173305,3.9543937549493,NA,3.44480385606923,3.3049621676123,3.39128617746371,3.55942011056062,3.18928509178971,3.64472531321935,3.35006257550508,3.67340509778772,NA,4.01752795509292,4.29966876266034,4.44704876892322,3.97237937584844,3.80632977270953,6.01702206250006,5.09169931657066,3.4783895800175,NA,NA,3.66895645121094,3.72003227377467,4.06898059082319,NA,4.4485752390833,4.46654518292319,4.43603098521189,3.83346759952233,4.36079089022861,4.15871561644801,4.36522605794529,3.4903571408204,4.87967130938038,4.67643470945756,6.80728457619991,5.62480422329874,4.58470755919595,4.80000159511068,4.05470977042747,3.85507190186334,4.22561487817694,3.65426928100675,3.83884333049064,3.565944497958,3.70295400150978,3.73739227400739,3.63485427531172,NA,3.67449386357741,3.51490099960329,3.42006838423034,NA,3.33259331935327,3.73167066550451,3.42162496925093,3.71742439615484,NA,3.10738009574039,3.26572133293593,3.71740581317803,3.39509856139852,3.68500041894597,3.43703346308613,NA,3.98137989846105,3.20557868041344,3.60790973704225,3.33873938011291,3.02236251135558,3.34432235066326,3.48815738788225,3.12862397884981,3.40841037027616,3.5100178773935,3.31542718718782,3.1745046251146,3.38491407185417,3.54489309781964,3.17247846976794,3.00453460476595,3.2253466382658,3.1786105719152,3.05056002299234,3.14175347909419,2.98394876550254,3.33871944451426,2.96670518601857,3.38535249326831,NA,3.92807528401346,3.53600512399547,4.06116960521384,4.42121594221475,5.5457638340112,5.44884330868892,4.48119359264876,4.26345905269869,5.45809666989703,5.97187560812508,5.89692534708956,NA,4.80636835584035,3.78597401673472,4.90562146307841,3.85654611878296,3.88997614925648,3.53352022177643,4.03798666638764,3.75755698292812,3.75553591473777,3.82423901546915,4.24268509095732,4.51217303691287,4.77328281862094,3.79165093157824,3.97543755205968,4.01326642297828,4.48443830336807,3.28848843054352,3.71965828275926,3.65658323754168,4.68057456963179,4.95043410696604,4.91325250673432,3.7709448959166,3.54534282599348,3.97400274462387,4.07475176308998,4.38635596971543,4.23925353141397,4.24258951769576,3.67248216836949,4.23991186248844,4.04091308589469,3.75361907333021,3.84667291835076,4.02662090595387,3.60670184811921,3.87086522608843,4.3508522859483,4.22880325975215,4.38335996186634,3.96114378057506,4.04445167325785,4.03806884144199,3.76481074393067,3.62458728790467,NA,3.22878755260617,3.54430765734676,3.66652168219148,3.35160696122098,3.31144774288577,3.59913556520634,NA,3.86281767680984,3.95135914954268,3.78814131653943,3.71432702611035,3.75641167399678,3.8022998708581,3.77089440465099,3.19981043019932,3.29086321110447,3.43539168690164,3.52049258203544,3.83570867700777,3.61394299058354,3.30528197527559,2.97252271022457,NA,3.11711717783613,NA,3.80183628942046,3.79511592195988,3.56285726353049,3.55781276034561,3.88092966412314,3.8651839350256,3.74790466371535,3.48810179345207,3.39362748578402,3.36801991158041,3.17914474392103,3.39387753448512,3.16968623475567,3.56761909560048,4.14496352603368,3.55014608707284,3.99503234345651,3.69394040223134,4.11676639825163,4.11101998380429,3.8017468341441,3.91636167846639,4.32047670509249,3.75681384575536,3.14469268227635,3.7006560803858,NA,3.5426830310701,NA,6.10667715163838,4.59564915518966,6.22456603261042,6.47297128798444,3.51640145924391,5.32412985449016,NA,3.18703104890472,4.55218934137821,3.56768201480223,3.612994437519,NA,NA,NA,4.25278308827073,3.23372103244338,3.35330874092644,3.46069782818789,NA,3.23052934756954,4.12818664060846,3.41439365535136,3.80304103889117,3.51112006953368,3.9168998424133,3.99632135869973,3.92282644114751,4.56425022748697,5.15726493031492,3.8783131684879,3.54201792018876,4.03316550457382,NA,3.45195103700661,3.75300239513901,3.39496632322133,NA,3.3870669275987,3.60862980198111,3.34108808087571,3.28021336151468,3.58482227288042,NA,NA,3.22645250039912,3.92506782797234,3.70150218106595,3.70553984211807,3.67927811625485,3.89328934403445,3.45228042146091,2.95901476819573,3.4271307800767,3.34126204974936,3.3402565025614,3.45159231777354,3.63382593726205,3.25197933677075,3.03493079487636,2.95743404063658,3.15379635936875,3.53658678536478,3.79562203199764,3.92903579778493,3.77911328488644,3.76872115835123,4.24336032357402,3.65316380700718,3.76210144818986,3.87668101806204,3.86217961520531,4.07842849815169,4.01465548928404,4.37590404685713,4.08459936137871,4.06479394142236,4.85671491730529,4.17041699851709,3.81298961403022,3.7369220661342,4.25772799009444,NA,5.256568517045,4.79610587441267,5.36293787565967,4.14149293692901,3.77951782106242,NA,4.29410500303901,3.80696226624361,3.83012992560188,4.54423837697346,4.92879890643036,4.47591305385867,3.50548900356137,NA,4.62159857539153,4.84660740624516,4.43855390077124,6.01289230235151,4.18112855522805,4.3845425088656,5.38094666829789,4.39091811974809,5.79329876080134,5.20654101589668,3.4402570753865,4.75586875090787,4.45632246640925,4.20756436051965,4.11688637913481,4.45122845412277,5.28234149501441,4.80852164262753,4.73004437879208,4.81823604374347,4.59733786473704,4.83640685228139,4.35270482265547,3.60730459891232,3.51975565352401,3.69075194355352,3.30783473427012,3.38810192047823,3.39844529844637,3.46443986863068,3.57924598916925,NA,3.14392951586575,3.26199958749818,5.46505134637341,3.31876618660665,3.34696992015418,3.23913370838239,3.36549293409761,3.39961637739916,NA,3.3578738549858,3.83194643464373,NA,3.62497369569292,3.8073509016687,3.71336781297941,3.54475012295677,3.62551795985517,3.42567293523136,3.6468797890665,3.4129779806454,3.3575053678956,4.16115692606348,3.79664364791067,3.57533450808809,3.88054086751218,4.01677814427113,4.00563647905659,4.21221045823267,4.27363672982007,4.48204090089586,3.93978581721714,3.90436905769863,NA,3.41372743548482,4.32803061780173,4.24944918200833,5.05631772987376,5.9216931855089,4.14528081690728,4.80138154711675,4.96135121792517,NA,4.04003910723136,4.48136097092931,4.45138228263976,4.36490738302154,3.77224985197502,NA,4.8048529842087,4.37596130203785,NA,4.59862890742352,4.3454197363012,4.15495188132417,4.6615226632074,4.15116794107463,4.9329690698429,3.96292877790567,3.64625062222632,4.06923850776266,4.45338320431037,3.95759141469593,4.15934163695703,3.98354051167696,3.85198037448565,3.94127363436353,3.14562036457295,3.84401382821223,3.00290716096991,3.4095742305469,4.75298979972688,4.97668039584739,4.87570198476312,4.98740933559754,4.33677461172035,4.60749405914676,3.55929499298971,4.23519196922274,3.9519576234688,3.39043348181575,3.86060653825565,3.31137332599928,3.21460115886347,3.12539636119168,2.78986293644525,2.92263288958384,3.01307304250792,3.1097861375888,3.06037338300261,3.02679412578927,NA,2.89009160226662,2.98150051184026,3.32066110907929,3.33653716513793,3.19886160807047,3.19008789192638
NA,NA,3.8859792982537,NA,4.35758574718513,3.73055176804256,3.97460881654568,3.98299129620559,3.97580599205043,3.06943928199116,3.31024139068146,3.75480890684546,3.99581618923708,4.14457211480613,NA,3.71534387692337,0,2.66989970826415,3.63052847491311,3.7644819391884,3.61015069236614,3.71960799128967,3.84115649975985,3.33053643925265,3.1022181947123,3.58047318727163,NA,4.04258444958867,3.64355723180836,3.34283946058896,2.51685673864121,3.63422527797825,4.09258936680811,3.94901770281539,3.86192175775438,NA,NA,3.66793559515735,3.9106266483766,3.84201946422339,3.74564857995118,3.77194288516612,4.05915865302775,4.22301133644442,4.41531168877016,4.59687584492863,5.83632099226165,4.6997549682911,NA,5.07978892505642,6.00385919045399,5.32659059629324,5.31960044007424,6.72432974484322,7.87224162241198,8.85342025170219,6.23579149865639,7.39727801541791,6.34123245296257,6.60593543057261,7.0778227076621,6.89088956344658,6.05650111608296,5.75022529316286,6.17749368903454,5.84280765045747,6.71498048736007,5.26174336531436,5.50683936757612,4.82641804000958,4.88906008677853,5.17691313079161,3.86552147625555,4.12030650056473,3.71369030983645,3.96539832051894,4.14832872215174,4.25505671557885,4.31668189033782,4.11024551291086,NA,3.76798184749782,4.21738597863256,NA,4.45699735279641,4.73189772913799,4.29871007869668,3.38032372552164,4.21247433756593,3.65358978745483,4.22392619678864,4.1783417853863,NA,3.7679867164812,4.10831056152349,3.44566735625024,4.98837205883631,4.86020659913794,4.3185519037176,4.41797799391777,3.91319199673721,4.39836546161824,3.741906955571,3.37448292694158,NA,NA,4.44003395147092,3.86015003851603,4.03962509995167,4.24240932399781,3.29155412917363,4.14420426360385,4.30207542887034,3.87306225026384,3.61991007700389,3.5333371981594,3.61928138735184,3.62299824871829,3.6730464774837,3.83225767904323,NA,4.22475053895268,3.79108967761942,4.22288040790887,4.7258800755169,4.00219042659137,4.11623445771934,3.5334677115092,4.07898830577609,NA,3.57173977912255,4.40679542144436,4.85784251204069,4.26294838005377,4.24973761891605,5.97670991583162,4.94217159335775,4.22644466126758,NA,NA,4.53927963732101,4.48905576042589,5.18480968103292,NA,5.05033360247974,5.23391512036448,5.28022387103965,4.94367582563044,5.23739316589243,5.06408970425765,5.37252663782059,4.07104651090393,5.01283690793206,5.33535377934565,7.23672535796775,5.75882433828001,5.20073232015625,5.80319619976813,5.02498603418021,4.74744907620326,5.29609989556047,4.96328263091785,5.04347378208326,4.63805023094176,4.54868730474582,4.61738902051764,4.58977362337161,NA,4.79846171686399,4.44795800590829,4.34633291578185,NA,4.38480510776033,4.6709801784233,4.30727163582243,4.62147493204702,NA,4.33065950293384,4.43848220615355,4.76613788380283,4.3777405176194,4.77807390147955,4.37873181647339,NA,4.76989799864394,4.24028156652509,4.70553527264498,4.41717522559805,3.95798740939449,4.22206302306248,4.43874391213944,4.31054025619899,4.49891227105237,4.62731155623696,4.34237585374094,4.29283636234003,4.65886568223703,4.96697688756492,4.76502721820289,4.44896893798343,4.69309335408886,4.38428968078946,4.55838137809124,4.52438481450648,4.0354486294818,4.77574975184152,4.01493640560159,4.20597866898944,NA,4.52257804906929,4.17949247626299,4.64371834968185,4.88085950546045,5.58173788028288,5.54608081518658,4.7833771196948,4.52827027943395,5.63035231148326,5.91011145584402,5.82313676055483,NA,5.18597322179995,4.43829150495917,5.4790305823091,4.59319893678077,4.57476954170997,4.47183303895441,4.81496215580837,4.6161741509968,4.68947927543604,4.72661596327556,5.05984250525607,5.23619515347567,5.44903949308305,4.553143697581,4.93266462671657,4.95727834435412,5.24896165931471,4.32263878659044,4.81046216718278,4.46146357133185,5.62794541117128,5.92108191125708,5.74837620624231,4.60906307990157,4.57386183506572,5.01255617071497,5.02306087340923,5.18349776443531,5.03535519531083,5.20471448209898,4.70477213557118,5.13446202819613,4.70466817236874,4.66200837958229,4.88724244130688,5.33613686605275,4.93372643421419,5.13747666460493,5.40192937828485,4.93970053523683,5.08796750265216,4.87118393849092,5.01500230636602,4.77443138257925,4.42722691628623,4.25712681653343,NA,4.18942954464027,4.69836976011845,4.91918596390638,4.65403978106741,4.54487078285785,4.48971135816417,NA,5.33002639040505,5.30277754197586,4.91422560902105,4.77600101425047,4.82457476055812,4.77477302506775,4.94972017017095,4.36433983150058,4.31223536678341,4.00543142069634,4.11003284593811,4.84241949684805,4.54274779989364,3.8994996997773,3.82288018039524,NA,3.71091106538309,NA,4.36325896199487,4.66704733816893,3.99270301595308,3.64812229847172,4.31023361092336,4.24529805283433,4.2948130928441,3.95374176071272,3.81167244223294,3.9236859128647,3.52376224391096,4.28359785498833,3.70434157013271,4.21279130025038,4.41744493232422,4.18021541766199,4.3144284229717,4.26389099781442,4.72908188787113,4.83141165446326,4.20691074890701,3.88893814808499,4.7523936103697,4.45921458065405,3.72066524790864,4.5195969438321,NA,4.09251146984346,NA,6.30935906493249,5.18039703701749,6.82122678339948,6.80494577578574,4.16224159824382,5.91757316425792,NA,3.3908636136274,4.40473601458916,4.03476722890446,4.18414212095978,NA,NA,NA,4.70408037079941,4.41153086443519,4.48332893437323,4.31652635125716,NA,3.97593665838993,4.64881370616291,3.93125165986322,4.47798964234454,4.39982302044654,4.1647460989811,4.56236708068615,4.32568815988383,5.06834100029112,5.46224059365333,4.20682613755382,4.37878197849409,4.76664076658935,NA,4.18093618393714,4.59037874444328,4.40498940588986,NA,4.17939722365312,4.45707104352694,4.24906776780267,4.43740208998386,4.6688633863017,NA,NA,4.25901884611491,4.64395876910374,4.5828210235684,4.68541544899111,4.42100410104231,5.16327760046018,4.78155613719562,4.05748509389784,4.79853707557525,4.33265006131854,4.14438122711098,4.44219017091526,4.19539784433138,3.58828234723541,4.94045089730032,3.80823064625108,3.62997795097921,3.77905766108901,3.97686839808355,4.19326501501268,3.95759892709719,3.90856216430456,4.1945664349523,4.1651931499164,4.11444058842499,4.32174425141866,4.07655051340308,4.23520342439722,4.06557159540971,4.41858998557051,4.64024223255078,4.34632767894681,4.93835702185189,4.52526759889728,4.2839301276594,4.30391042617216,4.51580478816315,NA,5.6300191419057,5.14159182752274,5.5697969629214,4.5469922478968,4.5185947232587,NA,4.76441443911252,4.34276172845135,4.1616221056333,5.04642289550569,5.23731365574746,4.97744586231944,4.04338453415611,NA,5.27840763559844,5.34036060733933,5.25821785889138,6.56602658616686,4.58043635406256,4.9131078609304,5.68499318662327,4.95340654599753,6.38320678438091,5.72181913515061,3.72520988949267,5.22017806675049,4.93018669525292,4.76911687070565,4.71809688406265,5.10530070286966,5.6253569829955,5.23484159202126,5.01685007442882,5.0876209850499,5.19658963895862,4.98791411965473,4.82172368438856,4.45120183842221,4.29224178455329,4.27855774789945,4.20445610325964,4.36077843513477,4.03040467353874,4.14148466033251,4.50024969876474,NA,4.16069661237823,3.995635977217,5.75528004434493,4.14745592630633,3.854413901106,4.0986373081753,3.94066487000883,4.02929057627098,NA,4.16511535715984,4.70128950452028,NA,4.4201095736081,4.68655230245597,4.49111311656425,3.78807847635641,4.1308636633938,4.5490839927385,4.35214607491742,3.91618204538868,3.70329167780818,4.40855914268017,4.34168530721259,4.01061878255016,4.00881669676491,4.33123505943999,4.06066603282986,4.35479760378873,4.4418176498788,4.58632964426198,4.30494276537887,4.09729863992466,NA,4.15193761660644,4.17179371813434,4.21729210064587,4.79418043661145,5.66251108635894,4.06694778510206,4.5687659306456,4.95216271359193,NA,3.87675342459778,4.3064330628182,4.25957251927134,3.93020653178903,3.65855561890345,NA,4.04827073436558,3.99450701795165,NA,4.2469937769216,3.80388170727166,3.76703926739248,4.06179339948944,3.90202513294486,4.77786497863167,4.4552534167149,3.73882444189285,4.46917206555224,4.68445501564997,4.31176169171585,4.469419289762,4.44683870099733,4.36448737556113,4.3216862253104,4.27973337976615,3.9358071937476,3.6329366891597,4.45845653793828,4.89924445379181,5.08284381360817,5.25790287579554,5.18878852458716,4.68709680453095,4.69935491329382,3.79381610049407,4.69004653236195,4.45029322001073,3.94233579352845,3.81221978549992,3.75336967303576,4.00574874041167,3.97007901748524,3.62059307504241,3.65231687033192,3.29147695199141,3.7596241970755,4.11123275085121,3.87380778304446,NA,3.72715553284437,3.897729530922,4.28844560043362,4.30905349815592,3.80452588841672,3.76646552869596
NA,NA,2.82826051174884,NA,3.68513556212518,2.87259220309275,3.28117279766407,3.27608067001728,3.19974242386652,2.63505872170147,3.10168277253802,3.43186920192266,3.39329886506894,3.48497504983807,NA,3.00516543717732,2.66989970826415,0,3.18026442061449,3.55433671228545,3.35965616197185,3.02263018361187,3.67616998823287,2.9966941666649,3.25679448354063,3.47059901886273,NA,3.82631727588605,3.61831711283389,3.58138530823428,2.41578817717244,3.60746789618422,3.94171236465932,3.87314129721684,3.74511124080343,NA,NA,3.50430283339015,3.72194179769854,3.6439740420085,3.59715295740889,3.49356516951181,3.85499270450864,4.06102401677275,4.22546395338484,4.06633975979037,5.45108638049839,4.32678970884779,NA,4.79212221648559,5.61010631240671,4.92467426121381,4.84336254539541,6.51882954401912,8.14492377455042,8.62339067113417,6.09008652041845,7.18927225904912,6.10831228798827,6.26339463969491,6.83007303316193,6.75925367520836,6.01718718256132,5.51553184564368,5.87666441677716,5.55519404771973,6.34522063533113,4.86828715715642,5.32910746157259,4.35654175393173,4.3989599061433,4.61825976321412,3.27811090760861,3.65166665104697,3.29437501884779,3.53610436096095,3.66988187770078,3.70515265555169,3.78576980974298,3.61855288551078,NA,3.21338134716231,3.59448780507613,NA,3.85484599949365,4.25273772914522,3.74108159610139,3.06328068370159,3.61227433797717,3.0356808678247,3.59401152722601,3.51865276380708,NA,2.93752883636282,3.48317332535529,3.10817330691617,4.32193981645764,4.2320389940416,3.63077211488811,3.68142133394107,3.2290239531612,3.87954485779401,3.45774892654918,2.86383341186937,NA,NA,3.69451492003982,3.28236845539379,3.83639571036155,3.91778909329342,3.17060130430611,3.84908960541732,4.01015856454692,3.87540303290692,3.35081074844196,3.46954619454073,3.54317538452506,3.43056902560431,3.65691465806216,3.87016875463958,NA,3.81380031083291,3.68708469549207,3.88637645264287,4.41439521661138,3.71982736720531,4.01061095613504,3.42737901401625,3.84616109199008,NA,3.84153979700586,4.35472429760128,4.57384301924693,4.14442787789184,4.10009108676155,5.97552121178833,5.08388616610564,3.88262873919018,NA,NA,4.29716839670879,4.21509065364475,4.82651268124891,NA,4.82745939868167,4.9613184395401,5.00222165981505,4.53970669827934,4.83190095295087,4.75094055600934,4.89332184604888,3.67803655056155,4.85303292857957,5.10214481760903,7.04869546621781,5.9730793763859,5.0310356525504,5.47124166731154,4.69453051899797,4.51782203001299,5.03602688726486,4.47412689014798,4.65092805083821,4.22569638632842,4.02125653642077,4.12563965848281,4.10310159901705,NA,4.27332623660351,3.86305769082185,3.74744700979794,NA,3.93475292560457,4.18105116055037,3.80164382330005,4.04401788654494,NA,3.65945998045044,3.87270296037465,4.30582785192522,3.92503181771399,4.2544409451381,3.91331985664015,NA,4.28130106025759,3.60985498040229,4.24531846740662,3.82433866463293,3.34292495012322,3.71594573545667,3.81788703657324,3.62349445727995,3.99960494561858,3.9866084392776,3.8370533323061,3.60293499449538,3.94940030987597,4.41622360061855,4.05602210884119,3.92416473163662,4.05455732305591,3.76100867350562,3.82120728733993,3.8600893498195,3.61431001152022,4.20553469486712,3.41389727226046,3.69366566280544,NA,4.06463062658619,3.78023391186551,4.41708702618706,4.67429751375246,5.58726630461535,5.49994080381181,4.61221540170357,4.22341301853348,5.47012821944288,5.96119669864555,5.97738011059534,NA,5.17535115920877,4.18760698036524,5.1703853773174,4.27489757994506,4.40576434969847,4.13178550694727,4.45012953173643,4.21613064413294,4.2180874517988,4.28579589514064,4.84703477043823,4.99093758529354,5.22163914335636,4.10460834487724,4.35921818416438,4.39298416476634,4.75551808212931,3.73739675845099,4.28766466604613,4.10838306804777,5.13427422877186,5.57517545973478,5.36180561381422,4.21466488337821,4.09814112887376,4.47081680691438,4.64590354116267,4.84742641775374,4.61175266883212,4.74313734606184,4.10997448561568,4.77100915194842,4.50194387925659,4.28754927594447,4.47185972293849,5.01567805377478,4.53016145633753,4.78710416923921,4.97764815931614,4.4366175611627,4.57762556938123,4.43785055495649,4.48167164372765,4.31396424195044,3.92508756208978,4.02220682367727,NA,3.68779463419746,4.23243390290283,4.47758922353437,4.04153621695022,3.99843284618963,4.0977151858358,NA,4.69169276443402,4.85304503501866,4.52818898341408,4.33556830892062,4.21123756334142,4.26672110446358,4.39386973848245,3.84015020066707,3.90271903064354,3.50536340753434,3.632881991092,4.04370062392584,4.18484448500266,3.64835131777954,3.45973342473382,NA,3.28087025763896,NA,4.10361431441049,4.41179979420339,3.83032475272713,3.55334044822912,3.96354394800327,4.07677217313728,4.09363378586241,3.85861934066785,3.50630892314243,3.63708527750219,3.41765911612507,3.90098277031813,3.54417773262085,3.95968090170069,4.40334577436639,4.02941708019609,4.04129612503396,4.03938207693593,4.5335481214524,4.51225224087446,3.99736240657746,3.93324516729733,4.56273274566808,4.14740097739018,3.4289845611907,4.0898497382616,NA,3.77032322689244,NA,6.22410182467928,4.90042940528063,6.47945990225659,6.6780368593259,3.81255816109756,5.58877900658644,NA,2.98807694129016,4.57527121648141,3.85889854928954,3.78238527746687,NA,NA,NA,4.46668143230381,4.0038202277987,4.01750731489675,4.02774558784095,NA,3.68947962041389,4.50271107190431,3.78805570704798,4.16742424708664,4.12892314921937,4.12205161129577,4.35930164224909,4.0691526286931,4.71159806322669,5.35112051141866,3.9956574265987,4.01985842628402,4.49336263841858,NA,3.94089505882163,4.24611389239849,4.05669188872376,NA,3.82435497460074,4.07737720184076,3.92623998952969,3.94799450328094,4.17158574955888,NA,NA,3.57875916231414,4.00533969644586,3.96567310770227,4.12688712655976,3.79704390617253,4.63965732283267,4.20183614596625,3.5174302771937,4.20119330570948,3.78708743375337,3.57749030677069,3.80884671025175,3.77578654218306,3.23022632880124,4.12427459025653,3.46612251751457,3.39993171094683,3.55353029064992,3.85987237982218,3.96589607505723,3.80737410863882,3.85572860512364,4.14707983860657,3.91691173734897,3.9410425739259,4.11832629885466,3.95349861923188,4.25586106487081,4.05847288501277,4.41410515895384,4.53585033975466,4.26216696176817,5.09899886443426,4.63421573453758,4.1068617012686,4.15995121416371,4.41072770256196,NA,5.44068460220188,4.9272366682195,5.49483974731743,4.39540336321827,4.15555350212636,NA,4.4798525519029,4.02139188144755,3.97261022827836,4.81783413272988,5.13811930485357,4.78263899478811,3.76833207268435,NA,4.9936938474865,5.09398022210336,4.81919270974108,6.36796060498269,4.41875307423989,4.57878460260614,5.58974086682579,4.68570220776703,6.1052891910413,5.46328489533897,3.47962924224417,4.9688812235681,4.5769664557201,4.36006744794726,4.40194198020441,4.84205968298119,5.46656511047156,5.03137046165603,4.75151717973889,4.9538793452093,4.95651213101233,4.97763468871524,4.58440797494926,4.0796463334396,3.88538482029875,4.02685108148852,3.77615951146312,3.89218865645628,3.67107442639134,3.64147014448804,3.92472976535639,NA,3.54294801698595,3.45738473615735,5.60750433671692,3.60064241414564,3.41224051148945,3.49880951404309,3.40632139685258,3.49896176236779,NA,3.67026914186257,4.23159121289889,NA,3.95734902001659,4.14798649271734,4.00750592890234,3.39161134981057,3.75135830167015,4.12985372025929,4.04299614283544,3.59913423879819,3.39776683035515,4.27047530888073,4.03871516606807,3.73107717826051,3.8175118484086,4.01231688947902,4.02580615853596,4.24652428479009,4.39689052796104,4.60056438612129,3.95540857002939,3.84293219619054,NA,3.72483018256604,4.12314248299576,4.18635731467901,4.96471644949144,5.75219565849799,4.06388393303637,4.78094684143434,4.98732587556405,NA,3.9328219297007,4.18923293174949,4.15969928526415,4.05013130746679,3.58959291080886,NA,4.13113430040376,3.95919439272623,NA,4.36744864979197,4.15084802492243,4.02290124428013,4.48465600171026,4.01619324937156,4.8963463204908,4.35948032428474,3.610916677236,4.24920448245527,4.55040146447905,4.00269465274389,4.2317712255046,4.21852302031773,4.00310647350989,3.97234555877316,3.80950441315763,3.78478273458521,3.22932660335999,3.98343465848828,4.84270615313121,5.02063806232213,5.00486106757197,5.00614440524195,4.48450632530757,4.54347275753409,3.56742061456957,4.36654213446952,4.05892982758746,3.53651544157705,3.76864422512764,3.4911566800068,3.68463448321777,3.59540069210431,3.1721018142143,3.06480306663034,2.90131838882331,3.16833036560484,3.54107804607349,3.27974658333538,NA,3.22442661728852,3.39113509419125,3.80445688183344,3.80583493250431,3.19022698232508,3.24019570530276
NA,NA,3.8703134945273,NA,3.70532173901985,3.68975037682252,3.69411902436268,4.00098240410524,4.06842442023165,2.92380799194369,3.70520648165289,4.11531921491216,3.31890338748817,3.81282671985664,NA,2.92548952497779,3.63052847491311,3.18026442061449,0,2.52608973820392,2.50884470840484,3.50071756535406,3.98269477656192,3.14438064550551,3.15045805700385,3.72307770712156,NA,3.98602443367752,3.76564964197215,3.63724655705383,2.76420597498292,3.56358313322632,3.85326511730472,3.91100094050912,3.65610313443998,NA,NA,3.58759571379655,3.71955946849847,3.61310092462124,3.46610785212035,3.32700676738173,3.78795895482899,3.81309014108275,4.06142457818517,4.17228504944786,5.34311364092092,4.34913367251352,NA,4.82712892837938,5.75195237297607,4.8221663945303,4.84987512747137,6.37619592058888,7.96196454751442,8.58569542715234,5.91708071173647,7.02103251407462,6.05904078083382,6.16055253450993,6.76884061379564,6.8038435286797,5.90617694836695,5.53500967846909,5.93014355766468,5.41595569750281,6.30927564274438,4.76779964847067,5.25042462672164,4.41442398253472,4.27853147470181,4.53212496397258,3.30997971688045,3.41665194293315,3.18505346111139,3.5081656605135,3.73314241477187,3.75930147399979,3.87726823155386,3.49790681397053,NA,3.23102450851418,3.74308011133822,NA,3.81670604156185,4.24461676402855,3.7581009144088,3.02523624746583,3.89840939100894,3.19235110343204,3.83648203682521,3.70341056565244,NA,3.34349318173147,3.68654213013379,3.0522714323044,4.4553659244435,4.25950269513944,3.95333795919424,4.06674672430738,4.40579597158772,3.93812106792971,3.20389281122452,3.30787912677208,NA,NA,3.94831697813004,3.8856866595098,3.54909207976196,3.64324005356973,3.07531282167884,3.8813650107808,4.09743884770452,4.47752057567563,3.06277184298647,3.9644897475457,3.46967615356533,3.30864409916701,3.73836809319465,4.04624702406041,NA,3.4626333603694,3.58810892055424,3.83715538379347,4.27001361814981,3.60204039870851,3.94376634041414,3.37299723031242,3.87206397780804,NA,3.57877410121276,4.00946106894206,4.34264538093059,4.02738471197206,3.92006241217379,5.89881911459471,4.91628676691285,3.79776972593678,NA,NA,4.01881045134057,4.02160770359628,4.64529841403196,NA,4.79553491381124,4.78728179707752,4.70110092514048,4.29852073140089,4.78646384151135,4.38901454899618,4.715964656677,3.57497873775505,4.82628184955758,4.89543129823771,6.95391151184219,5.77458221381376,4.84806195632788,5.42246107045561,4.73685043414431,4.4720443957243,4.84831238833709,4.34615129253104,4.66777483880051,3.92700909608947,3.84643913052631,3.99943401327761,3.77723722255581,NA,4.17857126028402,3.79124901927508,3.64488494408147,NA,3.94594987914368,4.20848210406107,3.90547729735085,4.3271433643466,NA,3.50336275299513,3.85030839436362,4.28247177311184,3.5875315992315,3.88164814666527,3.75931899249334,NA,4.43577942975925,3.91864181902042,4.18961303673016,4.03965781054282,3.64140394901402,3.8422964190114,3.99594118272734,3.62228777807261,3.99428007058686,4.0859158043565,3.85249391552047,3.61853066784765,3.98329744733498,4.27994653905691,3.98076411742811,3.71503746144672,3.69710650791426,3.38837987439098,3.52695231378798,3.79440135769351,3.45017043962269,3.77109816309202,3.26852483558707,3.4159166279791,NA,3.29305719474814,3.49173115263506,4.0554179194685,4.37938556399793,5.36890082990816,5.24454886183505,4.68535642853351,4.16117457936644,5.2235606749956,5.85925331188533,5.71690407405161,NA,4.83316918393215,3.82058974280906,4.58757279985101,3.78890438223064,4.02540169202647,3.80721308794883,4.11687539728097,3.71966581004496,3.98220903240195,4.05237450659597,4.5410479768039,4.84358740104935,5.07208782643753,4.08982234811263,3.95768948115109,3.94986156245246,4.59340192647189,3.70738408569847,4.18932710494724,3.83894058694231,5.2045970382795,5.4811348258593,5.2193408657865,4.24413698578262,4.19567153589363,4.44797871397324,4.40938410995291,4.65319421333656,4.72164876118939,4.76603081902852,4.09410677600497,4.57863878982504,4.27405742513887,4.06713331578169,4.41653278495542,4.92225045488537,4.40907356951106,4.60267127100952,4.81030538356612,4.64522731026897,4.74903227824832,4.37131703188208,4.0732567650556,3.75956876128462,3.91895440807272,3.86057642787961,NA,3.74757035677828,4.13748671627593,4.44354271018668,4.11341760608241,3.90225878428372,3.85115124578745,NA,4.31548910199294,4.38378535992461,4.27285615892734,4.26780985693942,4.23585365569587,3.88919345690143,4.11404622472944,3.85715674004763,3.71127985815469,3.80011581516625,3.71233474990769,3.3794974644561,3.56948163476963,3.23362863093535,3.236250058447,NA,3.11474940783875,NA,3.48810464230077,3.68325196201468,3.70664920444248,3.65280475428979,3.28311073021331,3.63957762707005,3.78862303835915,3.35454723790009,3.21585192429102,3.25608458845976,3.17802639169417,3.7027042551993,3.33610762809894,3.51894415260243,4.04887202737607,3.8178330789744,4.09330645404547,3.90149271213462,4.54993955874375,4.46300698904397,3.96840897134627,3.81141087620632,4.37607396825744,4.05987498068498,3.48665188277855,3.90221555547795,NA,3.81000975707127,NA,6.23967533461181,5.16735330163399,6.62946351728683,6.65251683863237,3.90934576170897,5.6336969177349,NA,3.51431787815476,4.1368134123055,3.69829646928798,3.59156962390156,NA,NA,NA,4.25879809550531,3.9688879654066,4.0405865907758,3.85845389956726,NA,3.69230970019874,4.54827757593713,3.83798557553817,4.33594114160704,4.08015366187085,3.9836636002376,4.15072257221049,3.86853163591739,4.38516239163853,5.12927557270053,4.23366875861956,3.22132414109113,3.92099767956019,NA,3.80853072896401,3.59840178319579,4.20405297775296,NA,3.99318250911385,4.18017469547967,4.01904036164332,4.08779117274068,4.34816396053623,NA,NA,3.95359078019823,4.54159406791974,4.34469642606935,4.34808491205421,4.29160129035412,4.60814961907828,4.21322585419262,3.65948985575184,4.34990006241586,3.97060814675395,3.89996643972562,4.14024925077212,3.98694395826068,3.67361505994568,4.1761070964986,3.64169636715626,3.42694946882192,3.69088417710844,3.87348787740917,4.07482236342949,3.75488338131618,3.60804743564878,4.048128334312,3.77733139828687,3.78786458254938,3.95391328475164,3.75926059776694,3.9824811683855,3.82972057729907,4.14453901056304,4.20151373600541,3.90027661283633,4.76075907215805,4.29170598362952,3.93078807372239,3.8797848700356,4.31313400262256,NA,5.39843282892035,4.91958087807916,5.42660176686737,4.45493492371533,4.26547017227394,NA,4.62137954464764,4.11941888093688,4.13379952689896,4.92480479246705,5.11387308713447,4.82263219007799,3.814145014754,NA,4.87167333796306,5.02374599697166,4.88562854331532,6.14115293291298,4.36095465729765,4.73817112974015,5.65384610760255,4.80822393832969,6.17667137259958,5.43899430202731,3.59472922992265,4.87444591792131,4.69084859675008,4.5767793236717,4.38989464345778,4.8087983358174,5.28930800839447,5.03574422218122,4.91328192258091,4.71830581602252,4.17880611702448,4.86704737668878,4.43181408144328,4.00061208302362,3.89508610466709,3.99382933210558,3.65339651404251,3.83317379811512,3.70767315003304,3.81945963226686,3.96763491346846,NA,3.66749769997789,3.69305728850001,5.32681857108045,3.8171996673001,3.68682638554808,3.70834584017819,3.5802786931476,3.85537355817802,NA,3.79092495927022,4.24251255268291,NA,4.13778384710564,4.3524903431479,4.22113809917502,4.0162688053179,4.07693225867737,4.03601255727119,4.06914090346041,3.74479029716798,3.59875377257498,4.24458935374241,4.06247406711924,3.74047560468669,4.02316838045216,4.14625173635975,3.97590852299056,4.17114218944119,4.17990352159586,4.35247094555686,3.91909273513573,3.95087257727929,NA,3.82050365008355,4.34483606575414,4.08054299201682,4.83533312077524,5.78735473939697,4.08088570954393,4.65596604569432,4.96686752301242,NA,4.00900212356341,4.63605718317615,4.67948381466878,4.45011429920273,3.95622473523736,NA,4.78317687814389,4.43740741746754,NA,4.69525497043796,4.27706376816013,4.15078081507071,4.4422724175519,3.96716487966957,5.10241078580848,4.29852916271879,3.77607264765102,4.28812347311407,4.70742188928863,4.26940344864043,4.50490488061505,4.29822331100752,4.16281173224834,4.1535675087899,3.88004982659311,3.85748875312881,3.55650491344425,4.21898034478089,4.56880355341937,4.65958292115637,5.04470000852561,5.14175964706008,4.51355935251363,4.8245622915488,3.82173195503228,4.54606723174174,4.48181894760076,3.88732581270697,3.99641563496074,3.72663514696919,3.7909976615436,3.71078206906321,3.47178405880076,3.63545993154184,3.52236570267435,3.91463504578714,3.78301274310136,3.75671304711353,NA,3.58897686906306,3.6981654478663,3.92034503670151,3.9903242262774,3.82903502456758,3.72951688128216
NA,NA,4.19846691511139,NA,4.04031586045306,4.17538802156937,4.07216403676178,4.4873972874181,4.54786155856419,3.08382561897683,3.83216841335313,4.09117109545076,3.39224396702843,3.96980352571326,NA,3.40463881076808,3.7644819391884,3.55433671228545,2.52608973820392,0,1.90925578786229,3.10595122495402,3.62915254667253,3.16028131790563,3.46913168060234,3.57609805918875,NA,4.01301284076196,3.81294110179771,3.51466620765315,2.90354863105386,3.83020857154352,4.05077928175834,4.02444404215082,3.69034654318069,NA,NA,3.61453951136595,3.84072367666038,3.62093996446841,3.48194423608766,3.26709148334263,3.71810868796765,3.92847783443233,3.81076785572392,4.02615963297615,5.24631316825274,4.30656996627655,NA,4.78075720475331,5.70416508186591,4.76150614405417,4.80286126558577,6.14771375125513,7.99442507312563,8.6041467652255,5.8582060555389,7.04452755076093,5.99838545591419,6.19207255171114,6.73619450540335,6.87466936959252,6.04022431864593,5.48792265963895,5.97972098888881,5.44071954119854,6.48109575046456,5.0167348625928,5.40748467786329,4.58815941227654,4.35301464514354,4.74683068864117,3.58650327675125,3.71193735081752,3.42460151265222,3.66444466323707,3.84189903961189,4.1103581429269,4.09621351404085,3.76552112458733,NA,3.49707472368518,3.92875556055125,NA,4.19021680103965,4.49094129814818,4.16693267872786,3.18840795231413,4.20893787260759,3.56551479562564,4.28476982245591,4.11621629453126,NA,3.75619584742764,4.01548439820004,3.18380927001124,4.71560960098568,4.56547201322821,4.33130530088755,4.48207761009357,4.6337665899829,4.24040824290979,3.33260127395312,3.5266615516173,NA,NA,4.34068200666665,4.39563467070824,3.9055472157737,3.62478603189608,2.99113032827407,3.94672024486125,4.19867615624918,4.25871891074404,3.11631534478374,3.86470304518684,3.46797075776627,3.37710419378178,3.68476621169163,3.9205355687191,NA,3.7668266366909,3.63640955392972,4.01666850967564,4.5573013153015,3.80847344527024,4.00357340019384,3.34291220448869,3.85672964161888,NA,3.26896121170573,3.67002709667986,3.9125368133078,3.71474539498518,3.65931530572859,5.82410755552218,4.89918665413395,3.78842380278637,NA,NA,4.1365955170291,4.09326481136959,4.69592573055835,NA,4.6056734882561,4.68827355893146,4.68406642742513,4.345321587559,4.65072848286015,4.3962143297006,4.65601479464204,3.61857176441185,4.76983607828126,4.82919239540531,6.79251720682875,5.75561382274888,4.80038613863534,5.47451775578423,4.77677726700642,4.47848219338515,4.95528453855169,4.57886248759431,4.7314385380833,4.16519068978341,3.79696306887137,4.26400462433689,4.19155359820831,NA,4.3423442104763,3.94839612585298,3.72934078534355,NA,4.19648149765254,4.57085958545567,4.06822810425603,4.7186289739102,NA,3.85032385079405,3.95987918438331,4.52479840195824,4.15651078222021,4.55176540968212,4.10134963397864,NA,4.79807115887226,4.28458389019691,4.47199565415674,4.34788399879531,3.89899573788291,4.08017760164005,4.31154204519809,4.01422482354375,4.25200555839044,4.51444017367804,4.09175984482767,3.95875807380053,4.46393418485167,4.53615597059328,4.46005682965061,4.09469682039199,4.18382265924896,3.71973260986886,3.77090403655475,3.87450177617988,3.38813224968692,3.85503217928755,3.48200196914536,3.75530256343111,NA,3.09771916197751,3.52142156475427,3.92541309702592,4.31274467384565,4.87348705557913,5.08169548184187,4.61154568170945,4.29270831627241,5.21062390420568,5.69058010966469,5.68656082563498,NA,4.85018995359005,3.9938404751307,4.73127445136078,3.91073474235041,4.10780159060266,3.84889643233313,4.16878578854787,3.88400275363799,4.00223325292873,4.01693229464051,4.41071977879254,4.7652435984879,4.9649165144363,4.27381728263056,4.03921704534177,3.82589705910056,4.7480574998234,3.83226188334758,4.11753992545823,4.13285482470316,5.18448360800978,5.41424054837716,5.23630980955107,4.41262814324866,4.41262799385348,4.57694305940135,4.53898742110226,4.66213263256653,4.69247091249496,4.77577937220425,4.24983587838525,4.60084359254281,4.37113708745099,4.28432188885524,4.61288574187231,5.1455221315625,4.57531342117206,4.73602250944927,5.08148366066527,4.83383501694928,4.83811894462703,4.53211145753481,4.53052429537445,4.27547858453258,4.14450229804731,4.15663372844972,NA,3.9813090110129,4.30795606571817,4.65774924842935,4.45620666263729,4.23234957314422,4.23299581683642,NA,4.85295827922756,4.66759018359144,4.5721606244615,4.56500343302205,4.49321529319679,4.02677018967614,4.21436679888951,4.08910635669198,3.98197062646198,4.12670323140689,4.18052184916503,4.19894225264442,3.92772607080108,3.27699592347862,3.43876487875578,NA,3.42049923864321,NA,2.96042747285416,3.80955701785838,3.61200826870582,3.53595938844015,3.73293532044706,3.38441323154787,3.48886866311994,3.40115272747556,3.27168835576293,3.3183329053157,3.26750949880447,3.92087947780972,3.52020104591317,3.65021423893216,3.91803497665128,3.7849084531733,4.15666655121992,3.98031906670652,4.55391795345896,4.42200546122444,3.78639884732694,3.81639985761068,4.26694420774623,3.98590797800355,3.40412084296295,3.84324653954173,NA,3.67048444365795,NA,6.09059033157991,5.06690499277645,6.48486615567934,6.50296259120552,3.82029891163134,5.43194825799921,NA,3.54927250834183,4.27713284396979,3.45640320078412,3.49396475113261,NA,NA,NA,4.02688673667502,4.02632171471879,4.16498486579707,3.85714246409094,NA,3.70589378225527,4.56146369549838,3.90305933726046,4.32809561716772,4.22074305944429,4.09746274426411,4.14791439068271,3.75578700578123,4.3826020679071,5.1037194629658,4.48105925872706,3.43018868523377,4.13580252107026,NA,3.96541532792822,3.71031836077384,4.29455027496955,NA,4.15979511763555,4.42396483811271,4.21540543928111,4.36763403613928,4.67090475353521,NA,NA,4.30038284398751,4.79897323913824,4.71006860626868,4.63604201179129,4.59426954127391,4.78021591380082,4.48642900038708,3.8542805477694,4.56850299878087,4.24917810995759,4.24511766744288,4.41521709621438,4.23135684922346,4.08221539453536,4.57684506183176,3.65894639398483,3.46833600501683,3.61669439499723,3.76061878176322,3.96094612750121,3.57358719371955,3.28698892733518,3.87295494319663,3.71374885602574,3.63637864088949,3.83474174255145,3.73925428546768,3.99790312855733,3.7931327873699,4.12375736672693,3.96780936742731,3.84817182361852,4.36678462308484,3.94266817631574,3.60985428330173,3.67980110143073,4.13195579005704,NA,5.27213962017769,4.87322385444705,5.29471425788036,4.26965253903781,4.06273327094744,NA,4.45728815458537,3.99300303390178,3.86087069690161,4.59466874379267,4.97354116341645,4.52062107586843,3.60816401493034,NA,4.63164500707124,4.82362876570888,4.70922304009233,6.04949949970501,4.12987631037853,4.60039622695496,5.53388582221249,4.62305514883832,6.09204498475441,5.40574235838386,3.45624568565151,4.84443022005642,4.66550949988352,4.50207881764518,4.30006870535373,4.80134057737729,5.24557055324579,4.94599296409668,4.81067543403351,4.69307321062932,4.37705745495048,4.61591487979117,4.27946547021015,4.04504354070031,3.9419047686053,4.01951598874441,3.92826718509492,4.07108956726111,3.85031033168822,3.98951412929176,4.18160223720212,NA,3.82601450612577,3.82820251769079,5.32401160198609,4.06240702423706,3.84380348963388,3.91972894215639,3.58977784911833,4.08987380768793,NA,4.06348227040631,4.49742265714927,NA,4.38450234284637,4.61138081644717,4.51459287368342,4.20681760227961,4.33870381283313,4.29725076459437,4.25138289375374,3.88158374170355,3.62979809337166,3.96007407986924,4.03331059832414,3.68744170562153,3.99466723626734,4.13933830009108,3.81559187029026,3.91868688719897,3.92035065362667,4.10693962723943,3.98392927120598,3.92533614429078,NA,4.22938733699111,4.39204128486475,3.94396262880672,4.57207798677561,5.45897604629972,3.92404833257458,4.63972458417541,5.00971944234587,NA,3.72916079707007,4.24332040114707,4.42564624412181,4.13760445811461,3.63183292773081,NA,4.51796351442013,4.14023277324127,NA,4.52133566924108,3.9234538355761,3.78055090716995,4.23372674537981,3.65424849558622,4.59888072117279,4.15329599259645,3.54483460954552,3.98489377537343,4.35185638052369,4.09647756867188,4.37692092236412,4.26517955494399,4.02726925782791,3.99514180167141,3.88329842041688,3.76738423346106,3.51991245242617,4.09212561346628,4.3075703674492,4.52784544461121,4.70954729211207,4.83418303018814,4.24263571730673,4.70302792092955,3.64674041494228,4.42298903792769,4.41083954437408,3.85190773268949,3.87029305757671,3.68623492654205,3.84338627088833,3.7666743439479,3.64858682737369,3.86685086934246,3.61846663929123,3.98923539854384,3.88643665079246,3.94900029060438,NA,3.73117469616329,3.88523618682909,4.10949943798217,4.18932955076806,3.95040264619851,3.83722824995687
NA,NA,3.64991730010978,NA,3.48785084277846,3.71140893080681,3.43291435469399,4.17956031556721,4.38965727242465,3.05417939479341,3.82053543128453,4.07327051068364,2.93468463602834,3.47568450491458,NA,2.80744674194642,3.61015069236614,3.35965616197185,2.50884470840484,1.90925578786229,0,3.00005640090444,3.34342636386658,2.32111554092292,2.87194375597492,3.15666540797583,NA,3.54263405525472,3.27507292844182,3.24013051083917,2.32682761887173,3.03357275144165,3.32123718918486,3.38834258466345,3.10341032996242,NA,NA,2.98272047419486,3.26511203489655,3.16665050412108,3.03949289955313,2.6677371533817,3.13167497292837,3.33826330299781,3.40738014679097,3.52693713760475,4.80078068826981,3.82848228378448,NA,4.24633839552833,5.32164642082289,4.30038200706379,4.35965872096062,5.98029156776023,7.79767475152371,8.36669955685963,5.56501339592333,6.80339751632978,5.71823355519733,5.79490790295212,6.39958424244023,6.55130435777442,5.69335510883412,5.07589413136202,5.58060473757077,5.00336539143983,6.01861266848534,4.41847405248085,4.85338492865039,3.93070474055661,3.83591428610607,4.05259684107981,2.91169601106562,3.11386658164803,2.74353314674885,3.03450742236921,3.20584998547916,3.48884950188597,3.40266634612533,3.0852969810249,NA,2.80161846506196,3.22700100413818,NA,3.52667565082318,3.81235901147103,3.51869491859055,2.48776695981169,3.54995668539711,2.95412484032915,3.65800770221681,3.45076556008671,NA,3.33997877987205,3.33716055993803,2.47473034127709,4.13464454700493,4.0207380915899,3.7985246353562,3.8455647663697,4.11394680328085,3.61201264894148,2.70374872953694,2.97355489121832,NA,NA,3.65060174589204,4.09255041662264,3.70955913360072,3.43571447482492,2.50393666176749,3.42419843368088,3.49705047121813,4.00950378064229,2.52387207905758,3.33736589040781,3.06270362749259,2.71387680814577,3.20933653926565,3.49759041498511,NA,3.22047163690122,3.08141969387453,3.34929767163088,3.77806352505728,2.96471723910315,3.32898279748134,2.86106248508415,3.2555903564505,NA,3.22924777444929,3.44815046774949,3.74188450540407,3.29651824919847,3.16628507365845,5.6479358165661,4.56988121946879,3.23509503786796,NA,NA,3.36311217397971,3.36933487270921,3.9445556540859,NA,4.12083513217871,4.05612278914943,4.13042782012668,3.76720410586649,4.23916937898297,3.93234529053917,4.27002779548892,2.88266409093427,4.61992916317883,4.30931208618132,6.5060121077459,5.38720525859423,4.30623922489387,4.96461196851758,4.15523328921921,3.79532777830618,4.23592233520737,3.91200216105261,4.11188365025267,3.41961227417416,3.17102192242021,3.50418193171449,3.37251749108733,NA,3.70524986592758,3.31575600944173,3.1235006221881,NA,3.34740818124057,3.69838959475829,3.28545605896898,3.97074033041624,NA,3.20505844025723,3.25041677032998,3.72342217199692,3.39322609407213,3.85311774331299,3.48773607930095,NA,4.07090333110673,3.55136793617546,3.80847563415341,3.61281932512458,3.18126859885667,3.37725172892152,3.58643629938634,3.35249081191718,3.58021691092813,3.82396041920702,3.45837979284532,3.24839143311144,3.72896757787007,3.86256476974169,3.76734359748966,3.30844844757553,3.51506577098961,2.98679429126574,3.15400731123363,3.30039000374299,2.6522579598365,3.31107555599789,2.85102653698899,3.00063344038787,NA,2.97103909826899,3.04954565639604,3.41478229668298,3.88149637540494,4.78810972296916,4.82174218072131,4.16338491974864,3.8830404943383,4.86452171702681,5.42674058639639,5.45750783147427,NA,4.31428963563481,3.36011915794348,4.54625458280465,3.50115234418207,3.66036354973326,3.31036462200219,3.71101549488291,3.30054429482973,3.38870097900385,3.40366995072029,3.74012137423531,4.10424973836806,4.47277829519388,3.51374160733125,3.58473525522407,3.42303127295057,3.94861858114738,3.26175158385808,3.51930021414654,3.46866809129367,4.55870673994466,4.92608574727393,4.78449157761106,3.60593217474305,3.63919967679045,3.97815573923143,3.94016750534507,4.14553465491113,4.14222366304005,4.17445055825148,3.67611011784566,3.97670668832433,3.66646429724447,3.59937256473781,3.89109678862078,4.40685842630381,3.85443932532325,4.00409827211134,4.54722183859792,4.2434691630998,4.27403576283562,3.90024164365004,4.10109698311794,3.71835192880908,3.45479712690429,3.30308156814801,NA,3.30154578927243,3.57829770874786,3.93934132721962,3.81530060687657,3.48681105586931,3.48602831716124,NA,4.17457806851852,3.91910248129659,3.77490962221483,3.79749881079469,3.79257004721822,3.36155754728462,3.56081112061586,3.27299147751545,3.1562971333524,3.3114824864243,3.37054433144213,3.71214734569327,3.37530381402987,2.677079061116,2.70657319809497,NA,2.65752244798687,NA,2.68704848183436,3.27841927071465,2.94778106946062,2.94575827551475,3.32331602801983,3.21452665743993,2.92495985042094,2.72307791487129,2.74180751274407,2.73031301268224,2.63716468851421,3.18702647154796,2.79749498939414,3.05664298684317,3.3795259799352,3.16857775309271,3.56288389860967,3.30696429239861,3.96549117933508,3.94869943106205,3.33220558407566,3.51625941264242,3.83674378892234,3.43455210057606,2.83222067694013,3.34830314527398,NA,3.36115543738481,NA,5.87632423279515,4.73020769850543,6.20990854301066,6.3266249337135,3.29477305222384,5.11918949381638,NA,3.32753932537128,4.19231663528028,3.12316630376908,3.2288794022103,NA,NA,NA,3.75833729742387,3.57653865706027,3.40186419253348,3.15145565011932,NA,3.11617398932405,3.93706204111955,3.23288186722586,3.86258603030072,3.56600130013373,3.57276867759189,3.6117975189921,3.5031372284135,4.2984694003161,4.75932717897931,3.83215285896516,3.24970716480079,3.80066088020327,NA,3.21373002056991,3.49565082118797,3.60395919376296,NA,3.42691814730005,3.6308589300874,3.40864700702319,3.52070707210573,3.88196549804109,NA,NA,3.54784822888828,4.10025406362625,3.93399688439007,3.83891212106163,3.79040272421457,4.02714478269084,3.72760538825919,3.05015295994912,3.75944760248491,3.4366951887886,3.40595457500861,3.56000680532787,3.55087189403492,3.3161011027053,3.81666962769687,3.07769580841061,2.810076939142,2.97882695357678,3.13491220530334,3.3058968102594,3.0093898002735,2.96228882794469,3.57013931113991,3.07541408607806,3.18249505624386,3.40284206891703,3.2327503603711,3.5486059787098,3.31964158678668,3.72435624729083,3.47055805189263,3.39221684809635,4.18729899093823,3.65237532777507,3.25856056005231,3.33586815618167,3.72757128453497,NA,4.83543849592443,4.55692510949177,4.92164185334044,3.86508938618135,3.62949479208033,NA,4.13580593733245,3.61181256224594,3.43526458122452,4.27246118630783,4.65558446829526,4.21698152740392,3.01299057467306,NA,4.23545679811551,4.47381607699009,4.28268788456438,5.97313277690003,3.85577198309531,4.09004624628055,5.2039518305264,4.13328957339542,5.73923207205159,5.07519386041681,2.94894475627768,4.3927344189312,4.16805989975767,4.06665435132386,3.85015832734475,4.33844689964001,4.96821029990848,4.53658086674139,4.43966757727611,4.50149492035625,4.19862834652493,4.22312073886214,3.79652022466564,3.39160182751122,3.31054789891053,3.34560972827076,3.30860548500305,3.3560974426019,3.19253284842129,3.27034867614602,3.51247263014286,NA,3.10271514147082,3.09805874787529,5.17644088350449,3.35647588388645,3.14437345690297,3.15023457044278,2.93718429763729,3.32398492170206,NA,3.35241117059478,3.78613783728387,NA,3.6524618521558,3.9105396662324,3.78267040124227,3.47964159162568,3.57312819088755,3.54331958241161,3.51710183223014,3.23590970113603,3.01430283391552,3.67894127326339,3.42366481096083,3.15328244883787,3.48223693676493,3.5658711637674,3.41508813374437,3.6119955240369,3.68545480580416,3.85609327577286,3.67660205105501,3.34125966500849,NA,3.50282714424197,3.95850574234515,3.6807888697795,4.66757704057711,5.4890373784191,3.82912115118318,4.55354659257883,4.89690460808987,NA,3.64321304085545,4.24396809962747,4.22691463352963,3.92816855386273,3.45284217607731,NA,4.63875855128426,4.23918159508403,NA,4.29997366243346,3.71219975634347,3.63230192789287,4.23240116139333,3.53565694761292,4.48591749599295,3.70362881835408,3.23273387377113,3.76545832897668,4.09165481433751,3.83173012820055,3.97403858007558,3.95578570973447,3.78588393261629,3.84219859960156,3.29961893158027,3.7484914539813,3.26374340771521,3.52380258101553,4.22480857423671,4.42284317565514,4.55735137899233,4.55097088019998,3.83912105165432,4.38781308489,3.39452930918072,4.12976839617262,3.90736831604739,3.29368595283103,3.5546042498962,3.15633900799433,3.22017621995033,3.27274830573743,3.06335696726337,3.16999247184437,2.93455342007616,3.30359957514067,3.1942228777693,3.1953250615103,NA,3.04252233136035,3.14990086892207,3.34890150300546,3.4283118584739,3.34695353220268,3.22939974135156
NA,NA,3.76091094079109,NA,3.85578160772787,3.77544785414385,3.85472747902342,4.34798907834145,4.14155739656891,3.35131357748692,4.0333091025567,4.22099274309986,3.38689031706745,3.51843105205631,NA,3.2214809077629,3.71960799128967,3.02263018361187,3.50071756535406,3.10595122495402,3.00005640090444,0,3.14708468886323,3.0555969375538,3.36444671810018,3.24455540578634,NA,3.90679255432156,3.84956021548429,3.73530949324707,3.00099795606347,3.82705706275213,4.14750146777462,4.22214590012139,3.81991710988499,NA,NA,3.77650360268351,3.75247031252888,3.70430348013062,3.7418244065557,3.5943839674194,3.93872988005418,3.84946770435348,4.0679498915527,3.93465636781455,5.05993914363649,4.35104518663205,NA,4.69418078368292,5.35953251513807,4.74267927060388,4.78835251626574,6.34853321998493,7.99913091042729,8.35330546717949,5.89613513063437,7.06194104194543,5.93773135075771,6.15897871652252,6.7590547563484,6.8866917300903,6.07942957686952,5.53437249534229,5.99854281727151,5.49408074773972,6.26371966894395,4.79232169033872,5.4125104466426,4.55947845928613,4.27120449945941,4.56396078277561,3.49523229451131,3.56142931504845,3.3455614959984,3.7185234824229,3.83351878991472,3.7718016732458,3.88174422034135,3.6125347050135,NA,3.43097321322156,3.63470715593312,NA,3.89492630481657,4.47263859907629,3.93906040384842,3.20463145511389,4.17590732065034,3.52137767969103,4.10149411720495,3.95864238371961,NA,3.85062708286295,3.87940588949216,3.19287223900782,4.32181883340266,4.33602970368096,4.16966637392225,4.26011023635609,4.49677142836521,4.2708986572128,3.45282135192799,3.38902951943958,NA,NA,3.89004847338882,4.11454446324496,4.04238740011637,3.69448605638989,3.03079614198308,3.60691228242242,4.00646877493957,4.33165336579946,3.51620152759867,3.63736794285652,3.53016976516804,3.52096153079539,3.70470540640046,3.77498391056707,NA,3.63298086039346,3.38290394828522,3.77336427217327,4.17228422928611,3.68278155110956,3.71264360248067,3.22332629653282,3.69410583797303,NA,3.57202672610088,4.0446993996056,3.883817116043,3.61924983454565,3.82641559991113,6.03330369649512,5.21092597891879,3.91738169184,NA,NA,4.38057790048434,4.36572158979949,4.86392291684532,NA,4.76499423441371,4.83440739935564,4.94311111470262,4.42139931505512,4.65807396109488,4.65965790726036,4.79381203080693,3.8328984888133,4.89538627845123,4.99737006521199,6.94276660934507,5.93535988967233,4.97701098757778,5.36397844700228,4.71430244316798,4.62388808624353,4.99932388781202,4.67746884883855,4.61910124288395,4.36542981725013,4.04263005993631,4.22532012293808,4.31701314419792,NA,4.36894842329216,4.24783777139562,3.90514279781445,NA,3.99806790859588,4.40638087418022,3.98424675001786,4.48802582112423,NA,4.02601102398547,4.03047161408843,4.4683713695389,4.36471082955952,4.52941975406947,4.39470058995487,NA,4.91605757294687,3.91405631522705,4.41584568804461,4.05861854313002,3.85628951585106,4.23196680983068,4.19838010704877,3.87476835627255,4.03538439676042,4.07549692182821,4.1260246008842,3.79092514338205,4.1744520456826,4.35919953027377,4.10223429959189,3.84160942843552,3.98597298242018,3.64787489569123,3.58523287707488,3.65827738340171,3.66181502149245,3.80528061062194,3.30617765451553,3.96421794876298,NA,4.41654645185538,3.8574093019396,4.27289170292011,4.69054520458059,5.34599626919442,5.39543235603384,4.79387922246823,4.4544004647357,5.43999891701809,5.919208366747,6.11192354093041,NA,5.16404911030223,4.24752102419758,5.1347100578399,4.0974723313431,4.20875754316581,4.09243975501734,4.39904938528642,4.23593579129985,4.25153619271616,4.30026899721048,4.48039451938324,4.77516206168911,5.02645595184177,4.15871999354133,4.15835275801406,4.33346588039903,4.91389302477804,3.70353177354367,4.23645161926701,4.26828147921335,5.14365128751317,5.39473670830069,5.31251808658149,4.29472728359535,4.21477026816186,4.42588311047956,4.64722944417594,4.87368216468878,4.69479824509024,4.8303328996136,4.20387083059004,4.72169674757497,4.40900144825532,4.15290175371546,4.50594454517768,4.88502294086161,4.36686976599626,4.66762307810248,4.9129566555227,4.43385853453134,4.54465288374726,4.48696643926006,4.52272557124258,4.59244694740642,4.38102814072837,4.39249711490487,NA,3.868681185649,4.22233775494418,4.34791189524556,4.08358413172327,4.17767462072178,4.42642090257855,NA,4.84885704188456,5.09183748003772,4.74837712717511,4.66905079998368,4.47068451646863,4.4842346551223,4.40854554234806,4.04702493134671,4.05454178768668,3.89344779664835,4.14788352907189,4.34140518496732,4.20451360664491,3.73927431058702,3.57971833980484,NA,3.45983314751395,NA,4.01359553432966,4.24335480707974,3.91097404813328,3.99135112745301,4.00808637198548,3.96584938020996,3.74312867961141,3.56765754542259,3.41494947154163,3.46186506709387,3.34689385457849,3.78469737470606,3.46441136400626,3.79040271227377,4.12648150554702,3.62443411739762,3.87057523023811,4.06429657232139,4.34817971203489,4.18724837409625,3.93893464470239,4.04311732418171,4.4983598715638,4.01247323734121,3.48780827397591,3.81884781938954,NA,3.83548984410556,NA,6.11193530845747,4.84913316745583,6.2098999208365,6.54967250605015,3.80420971463956,5.49402276142153,NA,3.36225573620951,4.68619474902923,3.68368484679991,3.67994676315957,NA,NA,NA,4.42150212725796,3.72847435503557,4.04056128554138,3.81074470777065,NA,3.54140449729105,4.51421566058097,3.7463772801058,3.88855429346527,4.10679684798193,4.11477190713214,4.38919955857565,4.0209124296403,4.60478045767622,5.25915470647231,4.51793099779671,4.15343742174579,4.83299370361321,NA,3.97954119036614,4.2141919690402,4.03718393709772,NA,4.07376966368439,4.47873568087065,4.20566507686192,4.24853882104884,4.48256120357883,NA,NA,4.02351234816364,4.63612908296031,4.42587647053273,4.42819580942262,4.36551061912558,4.5232210154614,4.28552824999552,3.68372609904425,4.1756874556457,4.03965411657501,4.03532329758265,4.04605800956953,4.23342601072891,4.03401868337188,4.28056128561918,3.50326661812718,3.60702048002901,3.57780519359446,4.09236553842721,4.0527663522663,3.84572351831568,3.85270332486004,4.27686945037227,3.90205065026364,4.04619009525046,4.10059615778343,4.05298032852377,4.45338215412792,4.113590770894,4.49639540227015,4.21113052740352,4.32914600249672,4.60405017263779,4.07001362117695,3.86321661157908,3.85189023287222,4.32037422489004,NA,5.31472977289135,4.9741347032179,5.49551912086866,4.44250720169535,3.93504186203744,NA,4.45217309355227,3.93914020242533,3.85936623298661,4.53447976091436,5.18481398936359,4.44113390980148,3.65893535038875,NA,4.67823443960119,4.81193747747978,4.64480173064582,6.1844194334664,4.17211814402058,4.5825787802132,5.55243520984651,4.66947907766529,6.04944352763725,5.62390925805781,3.69534660008837,5.03454067684292,4.87959616208687,4.54144307245193,4.44544376597877,4.88323007554639,5.54184155512328,5.18530558773891,4.99577397281281,5.17966784540269,5.14014979927273,5.00653595082158,4.65614455131962,4.25527906625703,4.07858313091812,4.23007042825474,4.06811968359649,4.03304375413119,3.98077598787076,4.03825968769064,4.13879125334529,NA,3.77543926441843,3.87053989341094,5.70865267695684,3.88074254738203,3.88971956822866,3.81186793175767,3.69644798734867,3.9602082302119,NA,4.04549414885524,4.416703042216,NA,4.32889817817579,4.41054048257531,4.33614133149973,4.16852707602982,4.31894880321146,4.2144568571113,4.21492723352186,3.8949026136193,3.61007639401979,4.01487664162155,4.01885012590462,3.77041945087824,3.98677873794508,3.96064733456639,3.94401941694417,4.13135019128427,4.16658447379872,4.40453554562398,4.02007662324967,3.9720129349259,NA,4.10514075543891,4.56753401955875,4.24332037310056,4.8979633334396,5.77661272351083,4.06811243201108,4.93907670330825,5.18454890992382,NA,3.96518450460153,4.19340949047446,4.39689524150489,4.2262773066806,3.68774189705798,NA,4.29895963754409,4.09622809387344,NA,4.57327140299492,4.14327504562627,3.96359317036234,4.51908777782666,3.82299658011674,4.51663594211812,4.11300617538956,3.66416485774245,3.90627563812162,4.22873666511268,3.97976224096759,4.30476810867642,4.34018168909678,4.017219916064,3.97578490589245,3.59253057158764,3.90813380087207,3.12775056771332,3.80554639968153,4.83014116684354,5.13098482614601,4.96172395905909,5.01075878056734,4.43415473697934,4.69907133354439,3.76438597401895,4.4807025318622,4.31402842904002,3.76986940196338,4.14240873957934,3.80217344809801,3.87308268923218,3.82302645434938,3.59342842237036,3.63593991584552,3.59644691502717,3.76630586732395,3.66336260990396,3.72293093198319,NA,3.58521999974878,3.72463037569533,4.09295102776506,4.12311484836782,3.60534205073668,3.68563492550436
NA,NA,4.30025603678758,NA,4.60130423911812,4.59560866925629,4.5594288292406,4.80292205996957,4.72082584668168,3.8169190751312,4.10956796766485,4.32727658747782,4.13582450017283,4.36647399811849,NA,3.75727725687817,3.84115649975985,3.67616998823287,3.98269477656192,3.62915254667253,3.34342636386658,3.14708468886323,0,2.88142812644758,2.8229835087154,2.69583924578103,NA,3.55065311820951,3.72856295896586,3.30031345956721,3.34648485571167,3.82898939034071,4.11492753615385,4.18090945888017,3.82797692339052,NA,NA,3.87854812690965,4.22714001442102,4.21649619187261,3.9326597778049,3.88375987849104,4.07175466316472,4.38543458419503,4.3604284245956,4.58312452205294,5.38312518448158,4.68694640544855,NA,4.949348819743,5.75705824066924,5.19067318584925,5.26595915621681,6.44446079750763,8.29764971734299,8.73692258473376,6.25585403412193,7.36006590271406,6.23108888238061,6.48877582325166,6.99149681414309,7.16908141348643,6.38879051621906,5.69916983461438,6.24496964875073,5.88852633191444,6.7152162618121,5.33534120647484,5.48600246500964,4.90569260317911,4.93491486739161,5.14669154894225,4.14959291845232,4.31328573764438,3.94833451572888,4.18474746914244,4.33852037348803,4.54472095555765,4.47529660798528,4.2022693846816,NA,4.01338260075789,4.18867152197006,NA,4.68767422764302,4.8778581939641,4.66377893141621,3.70051540761882,4.60951512635532,4.17856486987358,4.80981971735072,4.59366519031113,NA,4.27892620941773,4.49651479312603,3.70198288898424,5.20000871902274,5.08931199869969,4.8825250894707,4.9559296232764,4.79810593780782,4.80329144735036,3.90043773043933,4.05563787973703,NA,NA,4.80657579370976,5.05089251291515,4.91739006382171,4.72970720737149,3.51319015496561,4.21608380917833,4.64588591590216,4.2105586428279,4.00262422074108,4.07902736037823,3.86112823178347,3.94556155331824,3.81491716433521,3.97321751257646,NA,4.3680208786849,3.78348771164986,4.25290275627248,4.80307290336101,4.21537926112292,4.32835113024375,3.73156238295256,4.13802502419815,NA,3.78540562662898,4.31664841630749,4.52911089602033,4.21436208434804,4.09775186707411,6.16692976944113,5.29405790187595,4.20949916616787,NA,NA,4.57340056254082,4.52174943545165,5.09539213759978,NA,4.85793920235136,4.97840961502597,5.20434121225722,4.86673594385571,4.9034687374637,4.85577017445817,5.28392011214851,4.03645780111895,4.35680261535164,5.28413807604518,7.24616163373074,6.134574545224,5.17337098468455,5.74535849611294,5.02342962525963,4.77537172415588,5.27422689832372,4.9706352611266,5.08324963220833,4.73221235123682,4.59153816084782,4.76709046669334,4.67184980169775,NA,4.84717463035944,4.63537449405477,4.4731346052182,NA,4.55134038153754,4.78446326938966,4.40043542907972,4.98074497733701,NA,4.4626539868446,4.51160425795855,4.81581626343594,4.65397468315403,4.96270147626985,4.74735994061707,NA,5.28319542970433,4.68043033935484,4.892896303201,4.63486895687359,4.34927387836338,4.63326808828475,4.75405252463192,4.54228619942258,4.70556573492196,4.72503783426145,4.61570999924662,4.4784933183198,4.70497680244684,4.90992863489174,4.91762380685681,4.48972227542858,4.77534362364924,4.5345259297467,4.51139405787249,4.54789383547844,4.25511256537718,4.74793881360534,4.1855374378741,4.52987345868049,NA,4.90235990525141,4.41024503183008,4.82675151062183,5.20570505299619,5.95026584417123,5.80045046005002,4.96174223118796,4.73455842874372,5.70877075539855,6.1885594554249,6.33423134366599,NA,5.35268298392376,4.57454713902184,5.52576250717537,4.59236989636352,4.72860589417621,4.31735017940319,4.78004069457481,4.42617381943241,4.64589018518054,4.67394827177842,4.81681895834126,5.06203516444853,5.41611742165841,4.59325823547314,4.89663142845099,4.9750099252626,5.26511893733412,4.50601255839549,4.84467256758054,4.64328965652649,5.63273197118965,5.58807181065014,5.57309640267522,4.56802219164353,4.72513482074252,5.06097550418138,5.02216415425547,5.24173084341541,5.12609472161612,5.16557949786904,4.77940320517438,5.05654933337863,4.87173203945402,4.75300344928493,4.72782180456585,5.1717853237729,4.84288523227385,5.29174803142787,5.60962205103018,5.25891741555115,5.42446043897445,5.12542643179254,5.22497360916618,5.038150307831,4.76356689256855,4.55673045681133,NA,4.51481748450601,4.81640560750776,5.03047868592149,4.97232736157862,4.69895831028192,4.87037997392405,NA,5.55457109217027,5.60496714199756,5.34802115654507,5.22813958945404,5.231102116975,4.78504647206786,5.07323586345314,4.62480371238896,4.49090062466012,4.49444751537552,4.70321660841913,5.11358398097292,4.95738328124775,4.34113596673759,4.22848663120368,NA,4.01162909530706,NA,4.62944131822849,4.80237055396024,4.31752212292651,4.25010463256136,4.58511079172085,4.63333650202926,4.52157518888744,4.28714975245739,3.98603774743644,3.99836924215697,3.81884033431911,4.36217142469021,3.98688398734713,4.20778954298767,4.52239219774471,4.32542929724448,4.52262079743723,4.3146786163184,4.81396292578393,4.8733561529222,4.31767273937973,4.296185301518,4.86941814223313,4.65746314891289,3.89666530411239,4.46699941620589,NA,4.09269394829051,NA,5.96251586231535,4.76512521538527,6.62525712212148,6.36733530939715,3.90867891110895,5.47151886060122,NA,3.65807015135423,4.81156276697306,3.96613070378447,3.92469157638328,NA,NA,NA,4.58439325025552,3.88680657020663,4.23392033088175,4.247313898361,NA,4.087722828381,4.51085454925776,3.82713470627265,4.48779215643054,4.31597360683077,4.41839028281148,4.41864227880772,4.45698488316334,5.21714756184213,5.63863419278304,4.70285472911535,4.53174159994853,5.10927966785224,NA,4.20872006456542,4.59219741934707,4.61017821748353,NA,4.55575499472355,4.81891527114552,4.63212573369266,4.69121872686432,5.04980352578736,NA,NA,4.77844512789471,5.0977845979542,5.08803283822244,5.03189790296633,4.97954415904477,5.19831542139369,5.02840819851299,4.38677073858355,4.93133372767655,4.60764316467485,4.5296904064963,4.65655579942463,4.61522911222174,4.02339669453161,4.89246815894129,4.15148426629715,3.97676677003146,3.85922745779635,4.15783476572985,4.34144522362339,4.09545406057528,4.12032641231457,4.11127502626551,4.30907894038862,4.22532841231994,4.49018562590276,4.28155476411965,4.45877349743597,4.24103538858325,4.52068421413572,4.52773068721571,4.44377158034742,4.61172056431949,4.34808718794334,4.24595984605518,4.06157954687481,4.58259447743092,NA,5.61235549604982,5.31486530593516,5.63120831636224,4.77516237512068,4.56699694108076,NA,4.67665442957813,4.1592652436646,4.02199843014703,4.7882231334129,5.21966385803356,4.81041756477663,3.99456795819527,NA,5.16950170623129,5.27407754244754,5.01321706173162,6.42341009500344,4.60656363587258,4.76054991561691,5.66693639775139,4.75104744342345,6.16774573606721,5.74627162352873,3.9384420272888,5.29221976837177,5.10945883767216,5.00353380857714,4.87944607460604,5.33618952720284,5.77435655103306,5.29535994429008,5.13733249615436,5.36652048007026,5.43524777060797,5.06872994248388,4.77586388820757,4.55568123452017,4.4866603381703,4.47463529804102,4.64284133457164,4.65792085178453,4.39538998478539,4.50443383694266,4.72745228891352,NA,4.54214915715627,4.48509462803603,6.04979609037248,4.58824155902337,4.34940126248716,4.52431652260716,4.42986876786727,4.53025182293692,NA,4.6038295312832,5.02293972371721,NA,4.77979227263396,4.97990290254716,4.85920379752467,4.51220120770396,4.67873115172653,4.88198117508287,4.75227909545147,4.39951066891022,4.01087925518861,4.55500499776589,4.57836120179979,4.28671799031856,4.50266376126095,4.71583058816427,4.38392764470774,4.59531094305869,4.75501859756076,4.97232296725379,4.76379999359486,4.29338387421341,NA,4.71596109962014,4.63350035026244,4.53631373506223,4.78794008664565,5.4347773008071,3.85073345307474,4.54639219842108,4.86178001842747,NA,3.65734837891421,3.6337136152691,4.14571749815509,4.16965701463827,3.56385464058354,NA,3.72385151658398,3.57297129410413,NA,4.74339012544827,4.15942303723462,4.08502382815415,4.37192086631571,4.01708790474296,4.77098522396253,4.4608827446228,3.92845470155763,4.52650743646212,4.70647617807599,4.1072791282931,4.52114862634342,4.47283224743546,4.20599440896011,3.93607167010322,4.07055119079007,3.75613901595038,3.43586004551045,4.22574232204356,4.97536646373833,5.07111014655058,5.09336859620386,5.06388381337431,4.5641794877167,4.88922229623452,3.91106497735896,4.76530340660091,4.37741474128425,4.06750374509416,4.17277217891536,4.08379155158841,4.23751295339626,4.21625461547558,3.92174013856201,4.1813630068311,3.85642384541264,3.90464611010469,4.29788460521964,4.10726741265112,NA,3.92286684508844,4.15674394613888,4.502894363731,4.50600997808797,3.85261791282436,3.94386284090971
NA,NA,3.2886448016165,NA,3.30839012714458,3.33493858006437,3.10314701000279,3.8317292639037,4.02954644279188,3.14329880257446,3.98957630457925,4.26718290416553,3.02282959327207,3.59948097228183,NA,2.98717379748878,3.33053643925265,2.9966941666649,3.14438064550551,3.16028131790563,2.32111554092292,3.0555969375538,2.88142812644758,0,1.94898164022492,2.69817252252636,NA,2.67819449247472,2.32922543019981,2.53666959752241,1.97130379280366,2.23553456892544,2.48738718256538,2.61749612757043,2.45503850395814,NA,NA,2.44207857661593,3.00913532612052,3.03258365162446,2.72263547044845,2.58016278033862,2.8037552564456,3.36545393296378,3.46434600160337,3.66981084016026,4.91482970441894,3.83830520613353,NA,4.14022359219833,5.2906071872643,4.231592823392,4.22456530338458,5.93850219551497,7.83632264510917,8.3516304669655,5.638747922,6.83952996480868,5.69192011991543,5.77386033433467,6.39913562794175,6.51015285764108,5.67036653944654,4.88391794691248,5.37696691593175,4.99372123732543,5.94417370169584,4.28041580978179,4.82688848427956,3.79161194603153,3.97960880417795,4.07748844029917,2.80233775734659,3.19582895532147,2.63678440312149,2.95478806919359,3.13699236717115,3.32126582311977,3.14116090583041,2.89084434810428,NA,2.55635033692469,3.10524402613354,NA,3.35815647156285,3.51097360143795,3.21115805762667,2.26776415015815,3.30760551658471,2.7363442122339,3.37393190839612,3.09528543215008,NA,2.8134334816045,2.96904482625759,2.26594450269516,3.89248251171205,3.81553135482238,3.40492844166981,3.2704489456451,3.67661000314756,3.42937516220844,2.56187640582959,2.71666044070557,NA,NA,3.0564754512638,3.84934962530156,3.90747262404433,3.70203034476628,2.41401568783914,3.07048749317494,3.11813231869041,3.6693331350033,2.66553501564839,2.96112748444149,2.73298494490671,2.33506732514229,2.83789267477583,3.10664605239832,NA,3.16632163998135,3.1632992781935,3.12641169096362,3.56673546855221,2.69912106207221,3.33612250308159,2.90986344381777,2.99121574883539,NA,3.28900793805376,3.60147049210088,4.0125979377568,3.52942399726906,3.29730695220788,5.58353973036404,4.51456006488147,3.11226408531276,NA,NA,3.1219171967971,3.21064307717898,3.76153096682352,NA,3.99349574640918,4.02491916891313,4.0002695356851,3.71481040099459,4.07198148018727,3.98616179573679,4.48353611960783,2.75263627651924,4.39095811867091,4.44054514006871,6.57372327703317,5.51729507774045,4.27746442074762,4.84463595935509,3.85681730919018,3.54546190104574,4.04434935855559,3.77094665449722,4.07836516952611,3.37459471359656,3.3545197386036,3.39914502769922,3.27909546954482,NA,3.84206840029003,3.3260570592991,3.33158833176845,NA,3.15136617029489,3.18120926918919,2.93870694971563,3.53505967058929,NA,3.02348182737431,3.23408070558462,3.43474721170557,3.25742359136176,3.58236005571746,3.19147358434525,NA,3.62118322986234,3.26726780332378,3.50128666828352,3.15040010148002,2.85724975413527,3.11108982747936,3.37430346332346,3.14797846431021,3.31361682302829,3.35820268085956,3.21671265922895,3.13179834578808,3.37205040052721,3.69292916804012,3.62955275491018,3.29181513317548,3.76975491876441,3.19812462592289,3.61405402403026,3.585838619751,2.9686161187111,3.6807806754905,2.86754151632128,2.76126078292623,NA,3.75868782540158,3.21880956512089,3.70782613848649,3.94324714612417,5.06510642825114,4.8889759441481,3.83957333664618,3.55700119958856,4.83523038660036,5.35794057709271,5.42341144329119,NA,4.22131753906458,3.20804872496909,4.62454494971895,3.59308310883749,3.74409956129976,3.45046627581424,3.8284827971437,3.43199358280139,3.60921631747229,3.58421561471597,3.93737194932404,4.16836432294676,4.46823334547478,3.03486189893151,3.84752004063898,3.91859998646399,3.86057828610527,3.11816309750121,3.71257444054636,3.29404846979975,4.46113609748983,4.86057703426855,4.71507826085753,3.21253471547867,3.22740931013963,3.75486091991891,4.02482391470748,4.16756028200673,4.03579823866632,3.98736394338948,3.46818989085349,4.03198430951101,3.70097308919015,3.56687947423101,3.67878743761563,4.22444171508756,3.84249453599564,4.13077953373085,4.41464014567025,3.68602390870245,3.92336303621372,3.71273084835257,3.731588568211,3.59230631963362,3.23024561334282,3.05126230277516,NA,2.82390712397293,3.21623738224217,3.63080658628705,3.34758630837845,3.05934152935014,3.25448671215917,NA,3.96484634049115,4.06521852546428,3.73014402295273,3.44281247885789,3.51615970591859,3.33159017813119,3.79043588480952,2.99928449614041,3.04451824988714,2.91962541799809,2.88427021563228,3.49785017541302,3.39751431964159,2.83076948831352,2.4734945531454,NA,2.31875049423957,NA,3.28536179750705,3.49100458928349,2.61373821505195,2.64855353731107,3.39859257941294,3.61033257798689,3.23016165342237,3.01968574544878,2.59198740624083,2.68742925689161,2.21119281711396,2.82511194375747,2.45375386851093,3.01431389426917,3.44861680646313,3.17610644975944,3.2111132422876,2.85758862880936,3.78695368900324,3.84988518101277,3.28194216525381,3.44746486098529,3.77986825332119,3.39942263812907,2.62410183483232,3.47674201116301,NA,3.23113123977219,NA,5.7903791033532,4.58393113273594,6.25307497145912,6.22144539458771,3.03391228547705,4.97325804506458,NA,3.18854336878293,4.36918157736602,3.41653508608829,3.19542779824947,NA,NA,NA,3.72519511761344,3.15319509101749,3.24116113793906,3.21759286013708,NA,2.92777276643289,3.71156679441305,2.82235099915068,3.48745502636996,3.3687632570323,3.53472563142096,3.57051666110133,3.58758069731069,4.54319910949838,4.97551691995874,3.73020981495029,3.55035992780723,3.79605205032129,NA,2.69607420571812,3.69040942233772,3.22405142894083,NA,2.98074060085046,3.0141118094811,2.92412758241671,3.02243600279191,3.34225071996175,NA,NA,3.00841355221092,3.51631131432638,3.35771808668009,3.20434538488742,3.1685784338992,3.66526627875811,3.30853222640355,2.68412935404619,3.36274751759952,2.99655398645287,2.87161182657022,2.99566598302497,3.17052871484512,2.93437290460614,3.52686581770915,3.04482182570429,2.64286619184908,2.56768864386051,2.9285599066876,3.07979162617602,2.86699867025494,2.93198723122254,3.42224888947458,3.16194323928397,3.19223715694147,3.3637649368162,3.09971352216975,3.36185098321099,3.23214773527916,3.55597854321161,3.43868441414566,3.3138788075181,4.21780360745238,3.7485999486733,3.16848122627848,3.08378266339739,3.48556297965429,NA,4.53766443184963,4.41470680352899,4.76013612716353,3.83033692925688,3.69672268957137,NA,4.04560391775771,3.43641525910853,3.2783020092015,4.350464845635,4.46667672278375,4.2306786150405,2.90531657178815,NA,4.44911342865464,4.56027776066549,4.31997229747964,6.1078952894259,3.9365714589456,4.07978845075367,5.18810753822074,4.08254197208951,5.70432242482046,5.05968969325083,2.82768424378583,4.43162156603542,4.11404987831997,4.1205065398757,3.97564782837934,4.42825379808424,4.94962486450531,4.45525095971852,4.37573556635834,4.63237351280736,4.45775285251385,3.97544220167423,3.60635137677662,3.25628918786648,3.10356519228738,3.17581022331094,3.1240684563741,3.07877234340047,2.9011993221166,2.81626966075431,3.15806628630519,NA,2.84364927354933,2.71153500665633,5.28966703536811,2.7502351357209,2.56134166715808,2.80078983594629,2.94947223190467,2.58991431152264,NA,2.76252525154218,3.23560700771751,NA,2.9705690473221,3.16655877577279,2.97759762386927,2.91994990312077,2.816804559544,3.19513999808491,3.13075149784065,2.77580665766679,2.34339196643328,3.53435086954468,3.18261776273538,2.93386548627635,3.32206634560448,3.46439129602822,3.35753805648429,3.68458281455242,3.88884029734478,4.15842829196973,3.86398474469055,3.04517498011064,NA,2.7004153637165,3.42713474134678,3.5689922294572,4.57537711436326,5.22365527517809,3.54474135732523,4.31445691454422,4.59092558936556,NA,3.08791671617129,3.52894986342586,3.83107329194267,3.57414456623791,2.92660679569216,NA,4.01801311234657,3.64379980123004,NA,3.96979704906599,3.47797175448618,3.42568731135654,4.0371052662961,3.42944925856879,4.46092749803157,3.65888776295209,3.22066911915638,3.91318815181794,4.2410773215173,3.86684345674578,4.0056513596523,4.05900715139464,3.76054190494959,3.67716776658399,3.05816030330048,3.42405692803454,3.16629418437808,3.4634713366016,4.30534718738821,4.42427647104707,4.63209340482911,4.4534201172199,3.74987887869649,4.14669792812339,3.23743810347175,4.12660609280258,3.61254062950876,2.99395553545966,3.35275722852597,3.02056305458743,3.09682544516095,3.31638009456838,2.83059029583179,2.77297172510721,2.46182465623276,2.84851305892428,3.03893611670548,2.6674486022081,NA,2.55932364979694,2.64779280954057,2.72295063571893,2.81887760218727,2.69531000644431,2.64216732431875
NA,NA,3.85219746143663,NA,4.03430100434282,3.91472558033332,3.78179882717586,4.32799809085756,4.36434034445798,3.54373339098747,4.06965616612679,4.45709777912082,3.75612436522647,4.28164278585481,NA,3.38791004129963,3.1022181947123,3.25679448354063,3.15045805700385,3.46913168060234,2.87194375597492,3.36444671810018,2.8229835087154,1.94898164022492,0,2.34998314598292,NA,2.75518613762061,2.48065611488644,2.47146568482965,2.36184591778751,2.46332167016257,2.82958941866491,2.91848815573171,2.69137019767433,NA,NA,2.69615175155601,3.30085970941057,3.31977934878399,3.04665453209424,2.93363732570396,3.1397552394036,3.56303991835649,3.81023380677472,4.16965149618535,5.37215882515532,4.37412551954097,NA,4.64706312514754,5.66687514131442,4.71304724467809,4.66693244981735,6.28803254828089,7.85821549437609,8.56857405891338,5.85876050107173,7.05046104938654,5.89500825854877,6.12448892523721,6.60867375706434,6.68178405648531,5.82997005369407,5.31134309380984,5.76832667166557,5.43276903896117,6.36933757096646,4.78100836748719,5.19157523455434,4.29999464962019,4.46622926868481,4.61899575703022,3.40323515462594,3.6476689867059,3.22711008729406,3.56960937054706,3.70408219252899,3.79666241337926,3.73211258369734,3.43139245174113,NA,3.19493692507156,3.69093932300097,NA,3.96348062537435,4.10484536794131,3.83401965051001,2.79494574920743,3.890140597597,3.36511828571972,3.98086464881979,3.74780929651034,NA,3.49139611403528,3.63383805107871,2.7921861611606,4.51209796163015,4.43778852164913,4.11263617464898,4.09867942705546,4.14426458150924,4.06999108151932,3.03485959454741,3.24968681609456,NA,NA,3.91932591788247,4.42583987636497,4.22690947944023,4.11284828327743,2.71692629692419,3.65804951678646,3.76982316281793,3.82551315843207,3.12797478862968,3.25579167463222,2.92098496267791,2.9356573351847,2.76613469057562,3.22659784566174,NA,3.4416667619776,3.09200117118269,3.3116720725822,3.98273114746532,3.10846079701089,3.39485274026079,2.9354053805068,3.27515758645261,NA,3.18364672791053,3.79445222977361,4.17981929779342,3.71342558676367,3.62705934528547,5.77812013639729,4.64937838308885,3.64491271848379,NA,NA,3.63661784257561,3.68960658514569,4.30128152927883,NA,4.42762054154637,4.63714450116825,4.64902669197385,4.26928226534344,4.61432930068656,4.52282187023614,4.9718522448587,3.3518904531012,4.0455458272014,4.90162921093307,6.90288131301402,5.65351034018927,4.65651239549508,5.33291257157015,4.47519229976332,4.09623246123023,4.53733281232554,4.33714522964027,4.66041670016148,3.857847976997,3.93680956725544,4.01104729575963,3.83421109476832,NA,4.34168384259288,3.92658359285525,3.94694259988104,NA,3.71671729855583,3.7578555199151,3.6366722035209,4.08680549251126,NA,3.7654847643474,3.85348118576289,3.92498218639075,3.63192959603614,4.00695630512031,3.80195389269734,NA,4.2914784128037,3.98263251663117,4.18568193770316,3.86492804721534,3.57035341804657,3.83781434361905,4.01635209108879,3.86071838630404,4.07422485539316,4.16972716199461,3.9431948637294,3.81637364636721,4.19124243126106,4.38371095944689,4.33108356641941,3.83685665034728,4.32140650065921,3.79577971874668,4.25477739888563,4.26106600735528,3.68287176689548,4.28772364193483,3.62204261014097,3.46025467789144,NA,4.20143029154447,3.81895906576936,4.23712642654432,4.50640908700928,5.39693705270733,5.15727545027074,4.17338854207813,3.91227999752803,5.01090465491565,5.59374437037866,5.65996350477854,NA,4.61480750636281,3.62586651755069,4.9262136509086,3.9148617989295,3.97150457129717,3.83681623778032,4.22516832550622,3.91112830804946,4.01703301196978,3.99067053400424,4.2110095875901,4.57692195540798,4.92152246658525,3.62089747961827,4.26720196747898,4.35274866526419,4.34907291282946,3.73492367595866,4.29984681997121,3.72443584993432,4.97685497649088,5.37232928167816,5.16665824106841,3.59380685215165,3.86706681471992,4.40408076964011,4.42612424199061,4.618254833366,4.6098207707325,4.61873517509136,4.10947031270518,4.57552254549612,4.08446547513255,4.02053317134065,4.21650653210359,4.72270533029401,4.39325830445367,4.66998306100938,4.91516901168834,4.39282512248722,4.63259403074132,4.39352900432576,4.43855170896879,4.19978301199404,3.73171359874078,3.53607059753713,NA,3.68589571865706,4.08049433277383,4.22950256762398,4.15441665757879,3.93555978319119,4.00368322920083,NA,4.53699976058358,4.71256209010099,4.43427827995113,4.1417019739353,4.30615629212804,4.0269493353569,4.33545164226304,3.67706087054391,3.66116691335438,3.54367819308879,3.47222070435369,4.06355343180794,3.979843527865,3.31334729989752,3.10255956107145,NA,2.87932867545391,NA,3.67924754883947,3.8704797401258,3.16079200858928,3.09903549531651,3.72200919356621,4.0096446036664,3.72686973273128,3.42236078834224,3.01419460624129,3.0657945942561,2.69123883878697,3.45744669748848,3.02406295254129,3.45371716485637,3.70427504981579,3.5650252142155,3.62949403723034,3.25131239308905,4.14772073995025,4.33223503013188,3.69500221489946,3.56403120002389,4.13422368644564,3.8411103453352,3.15223878804233,3.9395007804985,NA,3.45669887901774,NA,5.95263940926828,4.80050780141265,6.4909057267865,6.37685631774698,3.33571792046006,5.26856126023509,NA,3.30934851343959,4.15181950161428,3.65332332638078,3.43906802332553,NA,NA,NA,3.96419153826063,3.47763401302134,3.54640671627111,3.41150529954159,NA,3.29867180844056,3.99977392730711,3.11855005141659,3.93972433502645,3.78206595200706,3.64110784293709,3.85782386940797,3.98457537991454,4.79782766382281,5.36058962028534,3.97687928753696,4.01667393077918,4.27253623349209,NA,3.29444268711528,4.062804578313,3.88008174677323,NA,3.63990849701469,3.66763062206768,3.64486250672374,3.67273944472335,4.07065632293452,NA,NA,3.71313747246908,4.16939893526037,4.09986819821722,4.02902832471533,4.0021051128473,4.46976936407151,4.20738745029669,3.50736731077608,4.05739902327148,3.88036281173029,3.65993879208958,3.82477014044884,3.96171926055794,3.35010761126053,4.16849657387187,3.59469736314073,3.18726171579611,3.04804505203911,3.49731861674117,3.57654365635768,3.35834177522296,3.41783127183638,3.56747418140065,3.58636697147404,3.62569387649354,3.82937194620279,3.54021216207041,3.73819373561092,3.55404894445955,3.7940161705863,3.85998241386257,3.70805140445875,4.35929606361143,3.99207716616512,3.41413961488668,3.45325864181753,3.74487356483827,NA,4.88096345312369,4.68839541789697,5.046426654848,4.1468257133389,4.07509070134048,NA,4.28289924587148,3.68130337405206,3.49470239177147,4.61187839801963,4.70937843253252,4.46390242951868,3.24986057308484,NA,4.84519216522689,4.89725137695225,4.70048986698749,6.34835131228544,4.19563165018345,4.41839234607552,5.39989120144599,4.43644541175429,5.98419336934146,5.35822919875978,3.21852322651168,4.78512793595417,4.47533840771964,4.45423376666454,4.38206259248229,4.8046730748534,5.27584003799986,4.8337521970545,4.68020034733461,4.89175803132709,4.81737110373979,4.37543165090501,3.98590559359263,3.80766785863789,3.67966029745431,3.73488904492552,3.73756167684437,3.73059142106947,3.56665897907133,3.53210062244354,3.83346848010041,NA,3.62718678564879,3.47381547499166,5.56715961515469,3.6086993143899,3.32504765549117,3.5678545047206,3.59015117515779,3.4230909693008,NA,3.52647837122741,4.04930715890269,NA,3.71710257844113,3.97364343752739,3.75643967762562,3.48975099210471,3.49535703104303,3.98047021104144,3.78902032094694,3.42574657965236,2.98650109532187,3.86247261331802,3.75942407061466,3.48793234042214,3.75948581068691,4.04441903786121,3.77784110302597,4.08759933909505,4.30854614359873,4.57342370916256,4.33563313980345,3.57294210493972,NA,3.48957542758091,3.72606789348032,3.99557569092432,4.66897602410115,5.2621699902757,3.5025156316277,4.0764090029177,4.55131006043037,NA,3.08503934716959,3.5488433158992,3.80525017104323,3.62380008620934,3.05284183142226,NA,3.90061723408449,3.68710026187652,NA,4.05744521525923,3.55361657484503,3.53177281478185,3.98951082636508,3.52562544139233,4.58863818742933,4.00190002971857,3.47502490697147,4.24966191988423,4.51120771493259,4.10666229714385,4.28624787269482,4.36244269373623,4.05618305361913,3.93683028405895,3.52922956687442,3.42892910262139,3.27099808075664,3.84489961798303,4.52270267105473,4.6047851948436,4.91322834169731,4.65805190087736,4.05691819295802,4.34632609878003,3.42117541383887,4.43543027381162,3.98774962343146,3.40858736040468,3.59374456533724,3.42880886009978,3.53395043755403,3.68611958757434,3.27031516756551,3.31614462636743,2.90552546450747,3.20727190326771,3.58221666163468,3.23572134820696,NA,3.04802016187684,3.2058685600927,3.44314214561104,3.52289463432134,3.22869834040399,3.17556623706146
NA,NA,3.76049478006139,NA,4.07370542183738,4.05560673435377,3.82593194736449,4.52035653684276,4.51915418512285,3.77019371119826,4.07731033274978,4.35096395467029,3.59201726376295,4.25452358918045,NA,3.49644628649909,3.58047318727163,3.47059901886273,3.72307770712156,3.57609805918875,3.15666540797583,3.24455540578634,2.69583924578103,2.69817252252636,2.34998314598292,0,NA,2.65000756817132,2.87122825071278,2.81240348049048,2.80368680809003,2.97897260258542,3.13964584338343,3.29073110804744,2.94952873678896,NA,NA,2.95270074521969,3.56154107230138,3.66033148654031,3.42603236310854,3.1647391370243,3.37090397225874,3.65153549886817,3.95085730711025,4.01058652036229,5.28580288393535,4.16378375857141,NA,4.50066410348275,5.50885575935109,4.74372009318433,4.59613897714057,6.2665231218629,7.9706416798327,8.56884781723429,5.77243055855549,7.05181959432425,5.83288811779689,6.16521542715714,6.63368872841959,6.67913209277918,5.89637703973587,5.19494958727828,5.81315440018486,5.39153233373593,6.36934278246729,4.84644916613145,5.13922238662718,4.26284433101497,4.42240984558209,4.53123605203863,3.40153249013091,3.72798653380453,3.34708235217175,3.56748873134099,3.67229494975473,4.01027115147401,3.86096019113874,3.4706426946591,NA,3.27729849591114,3.5303990500358,NA,3.96181336096689,4.03592724104474,3.94877546569718,2.95828588855456,3.86245294672407,3.47320782733049,4.06818765177658,3.82140273940229,NA,3.84460518807166,3.68463850532394,2.9494204793751,4.52916724996055,4.35464059866021,4.28008164465577,4.27133387031487,4.27240885173866,4.19409069067529,3.29318229337177,3.42279349126382,NA,NA,4.39020044646548,4.72571764467334,4.50223465039828,4.29710972252369,2.95759922154816,3.98597708241073,3.98079174399644,3.93769031718057,3.30553469214807,3.41476625081676,3.07928188873081,3.05394388755809,2.98187973932788,3.22466785743998,NA,3.43502006195869,2.89820140298351,3.25880234944808,3.91722266956538,3.26872241192195,3.52532210193582,3.04561077729131,3.56013456126046,NA,3.52800524212538,4.04458096395557,4.26248152134099,3.6732810333362,3.50941175850282,5.86640825867443,4.76726849685959,3.63239771195365,NA,NA,3.77279167682999,3.77814645716652,4.33976960990568,NA,4.42061338801999,4.69483457709838,4.66910209249606,4.38972494120979,4.65096812047184,4.66014775985334,4.93011794050926,3.62224587248597,4.45967218908896,4.83806094436205,6.85503685650524,5.6808100308648,4.5989826724797,5.21294406856762,4.3959821109514,4.02000861111948,4.55520667503195,4.2944406254875,4.52382689537917,4.01487150567205,3.99842642065096,4.01923421352061,4.08238358882588,NA,4.23678675748721,3.92003949551451,3.94781763488801,NA,3.85216586900939,3.99982711452388,3.70463974105805,4.23696660436199,NA,3.87060969994434,3.84688721998945,4.23410828956725,4.03731697071646,4.40733606746169,4.09054327453989,NA,4.68832400233825,4.06970390569029,4.24278927652698,3.99421925938497,3.72830484244067,4.01481723791559,4.09771606348869,3.88886316899804,4.06836012387364,4.29361578083445,3.98305476012642,3.86362305340549,4.40179998226604,4.33756461904968,4.41030408393397,3.8630971805532,4.33568009097192,3.87286616194915,4.21293452918985,4.37984800033818,3.77688115014492,4.12518022905384,3.67060021093286,3.86197513010121,NA,4.26290194764627,3.92289380745958,4.26167468927546,4.49392525361939,5.2859744916211,5.06447713431028,4.06595322706189,3.81554162115021,5.1215777318269,5.52707322429913,5.57801270193924,NA,4.57271475258654,3.5644601637069,4.90468615362438,3.96951775776789,4.12460200877546,3.93286496053541,4.28955475228796,4.1325427717378,4.08642761172634,4.1218032790748,4.2830326233381,4.23205538939078,4.91694232549509,3.90777712931598,4.46625675196138,4.51967687147858,4.72946580772469,3.75044104697905,4.27910106508674,3.91318782672928,4.85592629713799,5.20094732128209,5.10438726794191,3.68398222731903,3.9950542318297,4.36418445429852,4.48205217181135,4.6424992361641,4.50074055622312,4.48994007579475,4.05179757021678,4.59210094860651,4.26855172767471,4.14704118775648,4.00547108311397,4.5923558572404,4.16660598125356,4.62774530358275,5.03939609569272,4.54261687085378,4.63205350957586,4.38073698344797,4.65987899980617,4.56753369875712,4.10850193955215,3.80166197372979,NA,3.74124294990231,4.08735506185417,4.23951260888492,4.26765480759815,4.1043042574549,4.21038967901501,NA,4.93370895363764,4.99542142317102,4.73873039899104,4.52298003052677,4.62625667817096,4.30158106410177,4.41839966110956,3.99527376618106,3.95060450076505,3.98470974592108,3.93094304222239,4.3601007889498,4.14129915416581,3.53464252404998,3.31065688040122,NA,3.07219055922789,NA,3.8465811856586,4.0517339175065,3.30463918920889,3.30710568698533,3.82152322674345,3.95161201885571,3.76723535719197,3.55072828769559,3.08719410982932,3.24591872330074,3.01151813015661,3.55272193117264,3.23187546377665,3.63926874339536,3.8614914505086,3.63030700574294,3.73804737928139,3.50958591742617,4.18419462805931,4.35228141590114,3.79601610093323,3.82117245031471,4.33471519742021,3.92840527547615,3.17192681942162,3.92997342241059,NA,3.35404517403094,NA,5.97625897809128,4.67148127253466,6.37865713359623,6.46669903983772,3.44612277647543,5.22666008682532,NA,3.16225778211585,4.2484525332165,3.59951210106116,3.46478467453614,NA,NA,NA,4.04115205760588,3.5466589085948,3.41037811531686,3.4386046474425,NA,3.26170114927055,3.9783125154201,3.19871789503877,3.73474292436064,3.7633170706459,3.80968077553841,4.03034405409947,3.85025739262466,4.77273189860722,5.36481332013286,4.10595615613181,4.07684504729974,4.41420542386764,NA,3.52590847534876,4.22392716137244,3.78185083950493,NA,3.57501269884646,3.8927394948438,3.66516943528431,3.82384286566,4.16371188943631,NA,NA,3.96765654268737,4.25508026651981,4.23367967809029,4.19077073341271,4.09393111747343,4.38406209516667,4.21174359651588,3.71669372600868,4.13835154917096,3.89446800772312,3.75615766497981,3.94502768355603,3.94232776476029,3.51178312605269,4.19961982203049,3.56504137969172,3.46879679998005,3.36334231950963,3.62309138720248,3.80796237053303,3.50023634860148,3.52049718468888,3.76683841814551,3.66430629582325,3.68660539049526,3.88932995291668,3.69780070248793,3.82749029499289,3.62477137929423,4.03385399055249,3.99144164551508,3.73972817282085,4.30038959946839,3.77414614264669,3.36252180418074,3.59994055765539,3.79126102392741,NA,4.79739546915817,4.62833169103221,5.01707525735908,3.99450816175768,3.93821038728305,NA,4.151040739564,3.46551281166472,3.3860102747575,4.43765916525079,4.61820980715507,4.41171863844377,3.24273071271283,NA,4.73755393116659,4.81571285825985,4.59583126839455,6.31763870827556,4.15352614077351,4.29538994695852,5.31410197547131,4.35527208052725,5.86947822862018,5.26166893766619,3.00744620134281,4.65632355944882,4.40008394378898,4.2666160279721,4.23170796007394,4.6752368799192,5.19054290741875,4.70266086467633,4.61368815409699,4.8159745767306,4.84691102418337,4.32369549333827,4.02810793443026,3.72080272029738,3.69395862280648,3.73883399301748,3.84558889688005,3.75619637175909,3.57560195389507,3.55780477098806,3.80701708681853,NA,3.63925099566891,3.52811885303577,5.54115790651102,3.71900815850297,3.41281022027921,3.62663281082659,3.63706008419529,3.56889590633722,NA,3.6478242684063,4.25907596395998,NA,3.85951583179308,4.19406167351907,4.01956620300563,3.59411331036981,3.74166773383071,4.10343415945412,4.00060630962582,3.65342469709725,3.32433949808053,4.01837803827242,3.8321428650429,3.5575209253119,3.86636594186827,4.09104953192108,3.71809302930917,3.9824510603136,4.17421036643505,4.4982012634534,4.45932124426574,3.62882869652486,NA,3.90234427942948,4.06739780320048,4.05562040509253,4.39896311617458,5.10397593407126,3.177828343019,3.98016925558994,3.58813962883999,NA,2.91325730338395,3.20007569923503,3.18260150323067,3.26612264086862,2.58504419126251,NA,3.77524549876162,3.66347639863391,NA,3.93227743106176,3.39390471437915,3.35727931210688,3.90300669485139,3.37453316434088,4.13561978679752,3.83045459402747,3.27357942125939,4.00747415858739,4.20927851104026,3.48755740831735,3.95771361620271,3.93539899429972,3.67350985331245,3.76425581927464,3.37355053591397,3.35070101886428,2.80406651207435,3.42430118067463,4.34591838188076,4.42817238510699,4.64376136487781,4.47150978127775,3.89933547330889,4.21556126196594,3.19360190083491,4.14594509147991,3.61500649331749,3.18199547156865,3.45656257114643,3.25851782472757,3.3861204245178,3.4100155983394,3.04158678195513,3.23325864323439,2.9238111663198,2.9016205639983,3.38371112018784,3.13091024516573,NA,2.90799762134105,3.15837490760774,3.51912041104285,3.64206660050584,3.12287893814609,3.03266382626322
NA,NA,NA,NA,NA,NA,NA,NA,NA,NA,NA,NA,NA,NA,NA,NA,NA,NA,NA,NA,NA,NA,NA,NA,NA,NA,0,NA,NA,NA,NA,NA,NA,NA,NA,NA,NA,NA,NA,NA,NA,NA,NA,NA,NA,NA,NA,NA,NA,NA,NA,NA,NA,NA,NA,NA,NA,NA,NA,NA,NA,NA,NA,NA,NA,NA,NA,NA,NA,NA,NA,NA,NA,NA,NA,NA,NA,NA,NA,NA,NA,NA,NA,NA,NA,NA,NA,NA,NA,NA,NA,NA,NA,NA,NA,NA,NA,NA,NA,NA,NA,NA,NA,NA,NA,NA,NA,NA,NA,NA,NA,NA,NA,NA,NA,NA,NA,NA,NA,NA,NA,NA,NA,NA,NA,NA,NA,NA,NA,NA,NA,NA,NA,NA,NA,NA,NA,NA,NA,NA,NA,NA,NA,NA,NA,NA,NA,NA,NA,NA,NA,NA,NA,NA,NA,NA,NA,NA,NA,NA,NA,NA,NA,NA,NA,NA,NA,NA,NA,NA,NA,NA,NA,NA,NA,NA,NA,NA,NA,NA,NA,NA,NA,NA,NA,NA,NA,NA,NA,NA,NA,NA,NA,NA,NA,NA,NA,NA,NA,NA,NA,NA,NA,NA,NA,NA,NA,NA,NA,NA,NA,NA,NA,NA,NA,NA,NA,NA,NA,NA,NA,NA,NA,NA,NA,NA,NA,NA,NA,NA,NA,NA,NA,NA,NA,NA,NA,NA,NA,NA,NA,NA,NA,NA,NA,NA,NA,NA,NA,NA,NA,NA,NA,NA,NA,NA,NA,NA,NA,NA,NA,NA,NA,NA,NA,NA,NA,NA,NA,NA,NA,NA,NA,NA,NA,NA,NA,NA,NA,NA,NA,NA,NA,NA,NA,NA,NA,NA,NA,NA,NA,NA,NA,NA,NA,NA,NA,NA,NA,NA,NA,NA,NA,NA,NA,NA,NA,NA,NA,NA,NA,NA,NA,NA,NA,NA,NA,NA,NA,NA,NA,NA,NA,NA,NA,NA,NA,NA,NA,NA,NA,NA,NA,NA,NA,NA,NA,NA,NA,NA,NA,NA,NA,NA,NA,NA,NA,NA,NA,NA,NA,NA,NA,NA,NA,NA,NA,NA,NA,NA,NA,NA,NA,NA,NA,NA,NA,NA,NA,NA,NA,NA,NA,NA,NA,NA,NA,NA,NA,NA,NA,NA,NA,NA,NA,NA,NA,NA,NA,NA,NA,NA,NA,NA,NA,NA,NA,NA,NA,NA,NA,NA,NA,NA,NA,NA,NA,NA,NA,NA,NA,NA,NA,NA,NA,NA,NA,NA,NA,NA,NA,NA,NA,NA,NA,NA,NA,NA,NA,NA,NA,NA,NA,NA,NA,NA,NA,NA,NA,NA,NA,NA,NA,NA,NA,NA,NA,NA,NA,NA,NA,NA,NA,NA,NA,NA,NA,NA,NA,NA,NA,NA,NA,NA,NA,NA,NA,NA,NA,NA,NA,NA,NA,NA,NA,NA,NA,NA,NA,NA,NA,NA,NA,NA,NA,NA,NA,NA,NA,NA,NA,NA,NA,NA,NA,NA,NA,NA,NA,NA,NA,NA,NA,NA,NA,NA,NA,NA,NA,NA,NA,NA,NA,NA,NA,NA,NA,NA,NA,NA,NA,NA,NA,NA,NA,NA,NA,NA,NA,NA,NA,NA,NA,NA,NA,NA,NA,NA,NA,NA,NA,NA,NA,NA,NA,NA,NA
NA,NA,3.78426486543408,NA,3.91472917644655,3.94954542059302,3.72131588915142,4.40087984027564,4.53054149844815,3.8260243031973,4.4628033157058,4.63357061000179,3.51177982855682,4.22661995544237,NA,3.70746790807942,4.04258444958867,3.82631727588605,3.98602443367752,4.01301284076196,3.54263405525472,3.90679255432156,3.55065311820951,2.67819449247472,2.75518613762061,2.65000756817132,NA,0,1.49759603910794,1.86015444556563,2.58504992607837,2.33999413729106,2.04575454427488,2.08295010335038,1.67684148054381,NA,NA,2.04075828118203,2.79238648675099,2.95399405195871,2.26469205683827,2.14945381172709,2.18347019569446,3.28807648832724,3.41555758406308,3.81088745445994,5.060541273978,3.99653952374971,NA,4.21970889915658,5.3473129120124,4.53911899282168,4.33277510907215,6.0478499061941,7.81560641680547,8.31986474190559,5.49207844581361,6.78366705253617,5.67960272562152,5.58188104242773,6.09709504252265,6.53979341592461,5.73608463834323,5.01676828163929,5.58816905641635,5.18527559077189,6.16045728231063,4.53451630215564,4.98100981827779,3.94943723081847,4.16919738128631,4.31387519219741,3.32449392262289,3.67985962316802,3.28190206968128,3.47016295325631,3.53768583161491,3.86855403002582,3.59134309871716,3.28148897022871,NA,3.14300206532772,3.35013914471488,NA,3.77982668493766,3.84547925692182,3.80259190283555,2.88828122392908,3.72836496341276,3.40910776676994,3.96556081825201,3.62102354538844,NA,3.76624294408904,3.58737599891101,2.90653156877148,4.40411754119858,4.29187391408783,4.22468103957785,4.17852897696053,4.49425985619739,4.01124347094245,3.07992405130521,3.76112714888094,NA,NA,4.33857747065823,4.92039929636648,4.83833806901426,4.51643340938815,3.02587220271167,4.17493233380331,4.10422029157419,4.59364028082591,3.44876174418934,3.80447367024298,3.40291661413079,3.28208977192523,3.52014245542099,3.66306505103334,NA,3.35055569300905,3.16394022247237,3.28607105418849,3.83822693981029,3.00096552990647,3.58235445566813,3.26880554842328,3.26047689877162,NA,3.66394696054133,3.90479668601865,4.20001828053033,3.68596131818002,3.41087843796865,5.76658048900476,4.66059125417372,3.18641084155847,NA,NA,3.26297787882048,3.27552382466592,3.84638135112822,NA,4.04647556768521,4.31223490043476,4.21735093439298,3.87245976690026,4.23839323547401,4.29369747940091,4.69169324743596,3.34451949120283,4.59516553114879,4.6194120600292,6.59875654094316,5.46019034620324,4.28025971974971,4.88218566644909,4.05533410606358,3.73689803522072,4.29916200522692,3.981057580499,4.32056940236432,3.8092107542411,3.83505594103584,4.09969208097543,4.14962950711163,NA,4.12494008223822,3.88369809970944,3.90273779004424,NA,3.7846556715742,3.986216671266,3.72620087120673,4.46416117452808,NA,3.87469288801536,3.777000855053,4.20627133369436,4.19556361223335,4.53375106881793,4.09378765106462,NA,4.6360627322072,4.19195480443018,4.13891363884629,3.90565222516084,3.74267455261594,4.0619818650915,4.19185026798795,3.92850118802573,4.04029783573938,4.34473671270503,4.05430416452311,3.85854750409839,4.40783013060647,4.31149233639479,4.43955562177292,3.97898147717765,4.49041155527276,4.00540298237143,4.35192444507638,4.42920831414295,3.75084856599991,4.15871444088219,3.67655549596007,3.82703351497303,NA,4.40222773561348,3.81497353378011,4.2211119441075,4.47702621009833,5.26513411090759,4.98325155894361,3.79427369145319,3.49990109595283,4.80491277986272,5.36501615434697,5.32915702599408,NA,4.3173111314534,3.41153289575767,4.75106369936996,3.77357717089624,3.89171536072801,3.70027291728418,3.9684761690825,3.76987808490117,3.8701698978676,3.90566873347782,3.96259062425816,4.14610378865691,4.41097745416506,3.69439463733114,4.28736925755542,4.24462387858886,4.49183085600014,3.44223914780147,4.11077066730424,3.55277803229581,4.58952442296091,4.86926405359869,4.75124000086071,3.42744693213212,3.76803078653833,4.08517525935972,4.23401314791011,4.24485469378117,4.22240776116163,4.15394068134162,3.81176321670776,4.30049133385928,4.0456643323219,3.99562229602973,3.96861252575108,4.47410308072355,4.14685784150389,4.58836439832015,4.94493746743318,4.38691399068215,4.52524787880739,4.28696626594315,4.66937616826401,4.56973141753509,4.10344376090219,3.77541458170417,NA,3.64129829179572,3.98556610638302,4.08492459946974,4.18598980436532,4.12898647346234,4.27066299686892,NA,4.84520901059215,5.0208502658249,4.77686708807744,4.48799504920488,4.72661016841932,4.51364355554823,4.48379317081632,4.0443533585584,4.07153808181954,4.10791349861902,3.99448114686304,4.34890432551376,4.16910327857518,3.63486547751292,3.25296690582015,NA,3.1485151713089,NA,3.93112410683434,3.98503929471882,3.11023682097392,3.2729411691629,3.9100336283607,4.0039979883747,3.73707071841135,3.57047556195377,2.94990800876436,2.98289257943708,2.50713618691488,3.28270556181816,3.03194193271521,3.34804789244258,3.53807297263356,3.33002289997187,3.47042005666444,2.80143206857343,3.75841946331551,4.08752908790851,3.35093088677556,3.48041104781856,3.78519080316606,3.48110492106451,2.816535774732,3.63658178143911,NA,3.27463445901361,NA,5.85489895872958,4.59436484740383,6.22772231083587,6.08844386457833,3.10746038710051,4.82784086541233,NA,3.64714686634136,4.53024332065196,3.53368422401058,2.87671874219765,NA,NA,NA,3.14072399565492,3.19740591264941,3.01816931314807,3.15537254662649,NA,2.83125298427889,3.65569554498292,2.73710918424612,3.36917679307947,3.35597178688531,3.43720340242733,3.84744730656444,3.71064217834947,4.66807154300801,5.45789581177885,3.97958299488092,3.88234477758225,4.05711683517932,NA,2.80258338971645,3.7985018231014,3.49459419740573,NA,3.38083112626694,3.57203489035172,3.61473936793624,3.66658910839016,4.08509448577298,NA,NA,3.82786945199975,4.16932714200203,4.15196445772363,4.03829535346228,4.0290643199176,4.21340291988623,4.04766090030647,3.60987191442402,3.90032955340207,3.82185826091052,3.65829919886921,3.73659176700448,3.88856799084499,3.72128969612016,4.29123502068761,3.68138284445719,3.4900420591797,3.42198821832253,3.69559788403301,3.82724135177311,3.52851413384087,3.60131939461159,3.91497587068683,3.725122547494,3.83983183295532,3.86440348087571,3.62195880937735,3.69110116832324,3.62953169348475,3.70622666629873,3.77836998987222,3.68208041626225,4.00190360697832,3.74071900460807,3.10818929646748,3.24726773002373,3.58511532000451,NA,4.53047902031542,4.41719329878272,4.64650084245967,3.79190325814199,3.6930329098273,NA,3.91854178712712,3.24653720798693,3.102491300397,4.31359709502576,4.31054781897083,4.17132755005298,2.99029123770616,NA,4.48205526829856,4.60082256376442,4.29873651575051,6.15621438325968,4.01996660962121,4.06171479091801,5.17251076041429,4.11277571593748,5.68172253855379,5.14042609431191,2.87284975549303,4.48005339156726,4.25043234728292,4.1661463574737,4.06530308349831,4.45659462398195,5.07626289149077,4.54536778964534,4.54430028858363,4.81940629585904,4.7222222531103,4.27295039560931,3.93488502416654,3.44341029906881,3.38649305925222,3.4359675146572,3.54452464404453,3.46909209786316,3.34150330375332,3.2973703722928,3.52595662455887,NA,3.47602752051099,3.41418479063575,5.56380421339606,3.57211073122635,3.31861926171517,3.54540033243223,3.65968181364261,3.42396796770913,NA,3.51179017058183,3.99423849458136,NA,3.66913059563943,3.93941396145584,3.78894953877112,3.72341775851702,3.66671864263806,4.08541165733909,3.99474031812873,3.72825809730566,3.36011730030181,4.12704403343384,3.87127207227578,3.65369131129067,3.95776216404655,4.21779626408659,3.85124809853652,4.16067561449997,4.30519675650567,4.61796386106026,4.63818112927126,3.78753619385884,NA,3.64993724557737,4.06572221042958,3.93973762875453,4.59405198667471,5.37739511627916,3.42446586209153,4.37427536063098,4.34598661118114,NA,2.93997677302566,3.33251416044841,3.68303213669859,3.59186839055548,2.77762545741421,NA,4.02702759632174,3.77314330258281,NA,3.96998609931145,3.44220377614857,3.3971566518864,4.16595495108039,3.69226591791938,4.29189904788924,3.56744710556701,3.22925253417058,3.98677454937748,4.13106852061533,3.46556275060183,3.82614079895376,3.83390980638707,3.55198775770026,3.54057855095741,3.09752082379643,3.50221798785055,3.00022485261794,3.30666437313618,4.27639321796983,4.47785494100908,4.57200587875816,4.21043805428754,3.52223861789614,4.15633165611522,3.09865187934838,4.03862710920558,3.37271834687088,2.88228428206391,3.30878290659644,3.05904424722619,3.05688668287999,3.25309309381171,2.84850091123329,3.13864868400038,2.94492901785394,3.06244996914237,3.27253109718484,2.98506315644491,NA,2.87257038379343,3.00767054583675,3.28569017926884,3.34164029565315,2.99979605400496,2.85276661317242
NA,NA,3.67329868930318,NA,3.73335593544407,3.68333905510598,3.44229463289233,4.16983682591727,4.41002853786626,3.60022227430526,4.28869385673338,4.48222987627256,3.44410708526127,4.05506457962524,NA,3.57658552149946,3.64355723180836,3.61831711283389,3.76564964197215,3.81294110179771,3.27507292844182,3.84956021548429,3.72856295896586,2.32922543019981,2.48065611488644,2.87122825071278,NA,1.49759603910794,0,1.60782629455076,2.1140744923479,1.67445361999378,1.60975280648169,1.6432995190984,1.55688848586505,NA,NA,1.66960619413757,2.53515339893951,2.71552800382212,2.11090871067132,2.03575589704705,2.12547698573481,3.27093745937482,3.32709632190759,3.82432242730362,5.09469395933249,4.00558840634376,NA,4.20944423081479,5.42003608882092,4.5071348094574,4.29761744294947,6.04465304091495,7.85947251392194,8.37265780850347,5.5646922858506,6.85424294762967,5.76294079054712,5.61762405283763,6.16671700973021,6.55241103081118,5.73935983656935,4.98779300931404,5.50055478882281,5.13815665423589,6.10811829635713,4.47727048785505,4.97726703307269,3.97201710513402,4.21032013287518,4.33437120439151,3.09950609309235,3.49041116016759,3.04195960772365,3.29081551483299,3.35801871902,3.61144917534042,3.39550600306918,3.17352934417233,NA,2.91965945636192,3.39166526138126,NA,3.63078102554528,3.76842611581984,3.57164406396677,2.60184210192889,3.57912138842742,3.13675663299141,3.71132921695306,3.4289732962843,NA,3.46537033288859,3.32464852624778,2.5967926638249,4.21751754250097,4.15364091309145,3.84158601886683,3.85088528632136,4.18052958677219,3.77080420482906,2.80135050865332,3.25810091200969,NA,NA,3.88938650981586,4.48194961241146,4.46173141187213,4.12741132737775,2.70173508679578,3.75922479677474,3.70008012154824,4.11496362357731,3.057419848953,3.19965099242508,3.04477467857826,2.85966362813076,3.13199172721306,3.30558829520562,NA,3.14254516263199,3.16477470768468,3.15121919058114,3.52229996787181,2.51575436781875,3.18048563660324,2.9441074593639,2.89038089016015,NA,3.47130355218102,3.75953332176162,4.1883922371709,3.58030300014881,3.36177415649621,5.64717122844092,4.52832712822354,3.15429945915395,NA,NA,3.13803072493725,3.191420815963,3.81358226144934,NA,4.03090869906722,4.24326458751531,4.14181974120452,3.79187594169141,4.23109476428721,4.22553027254816,4.63737704881353,3.18649717445189,4.60451233920325,4.56832153829813,6.56553310016767,5.42855413344319,4.25746808541851,4.84851139015644,3.97347531097335,3.66910809671899,4.21954421520141,3.92615715511079,4.29520501750264,3.66855909167996,3.71749787282875,3.84556268735326,3.89700236479959,NA,4.11438143047692,3.71044025630268,3.76822276841861,NA,3.50960800001298,3.52593642458072,3.40525902971305,4.07447215272228,NA,3.57488306725137,3.57627832211852,3.88731663992303,3.82236233118151,4.17558514533637,3.80952864029176,NA,4.2495822678888,3.88552494478228,3.9968885859804,3.63650299752111,3.44948413576222,3.79374823353019,3.93462244577815,3.70225905675846,3.85925413856279,4.0688222956505,3.82532447172794,3.69447265294357,4.18310845202206,4.2486274765338,4.25702772688868,3.83288496156926,4.35177108229106,3.80412166087413,4.26120240514319,4.26616938457532,3.54499603364655,4.0866360762864,3.49402692096449,3.43171942138241,NA,4.20946893673201,3.6332354778316,4.07338671025058,4.24410147720216,5.19678394150804,4.98764885727196,3.87281252277963,3.58377993665447,4.8183480337264,5.31213685036485,5.34400862599065,NA,4.3129163454244,3.32339062208111,4.78532156943188,3.78112165235925,3.88242602679209,3.66387153982902,3.96385019681435,3.69193342544758,3.78118993618332,3.83283725303401,4.01544150344292,4.12906694065798,4.39449513117742,3.40267930476124,4.11107972240415,4.15781246561734,4.20867546470514,3.29954774997245,4.01607349422489,3.41593091873604,4.55174552622236,4.94968366475033,4.79492439378869,3.18862169903638,3.49114693347267,3.96287677756316,4.17872919928714,4.21473742046832,4.18802799522848,4.12413848162559,3.67712418002432,4.25417611338913,3.89820224938764,3.85772794779447,3.9196004758295,4.47105744291619,4.08545312088185,4.46240566382286,4.75218146473151,3.9790678696049,4.23005539183309,3.97998557979053,4.35465250296124,4.15843500103715,3.60339970381811,3.37004095545983,NA,3.23218027480651,3.63508654782705,3.80882770385,3.74238487223954,3.68870274830413,3.82628216633858,NA,4.53440601802611,4.70867859240951,4.42017840177619,4.04813116572846,4.28432605337081,4.18399236249946,4.26913043765399,3.66081606766859,3.651357195568,3.59584012808356,3.38828977341899,3.97935818285509,3.88783043168407,3.31958779181306,2.85497429698712,NA,2.81538978491784,NA,3.65405870606722,3.77302371159048,2.78880427538407,2.90579833603495,3.69220529964552,3.84212148696805,3.58844808720179,3.38114866022924,2.78875339228826,2.8247975593486,2.3189976351066,2.95889871635202,2.67280859151781,3.19678321431725,3.46091401205866,3.18332207914167,3.28489360094696,2.65392908576177,3.7149206552207,3.97241336695899,3.31651840529709,3.46502455064013,3.75044231086135,3.41278330913256,2.69825407287088,3.60265550145123,NA,3.27519513823801,NA,5.8950590813843,4.69059008810855,6.24333386927309,6.14409347952176,3.1003314052539,4.97377723105368,NA,3.57465512773047,4.46663341879394,3.58132407914759,3.04110542033576,NA,NA,NA,3.22061586875019,3.36553663967075,3.11707647188458,3.1469349074295,NA,2.73665371212973,3.61511367290619,2.62300735947785,3.33710397551609,3.28146763378537,3.35015464512964,3.63949895492191,3.67822762721574,4.56157986295107,5.39103058225737,3.7181772954082,3.80637719704336,3.93128454524311,NA,2.65902756787661,3.82624758100559,3.38207504775321,NA,3.20684025757444,3.19262692032413,3.32316344065432,3.33601665286425,3.7362266741057,NA,NA,3.41832073369703,3.75248911033205,3.75329235229271,3.63238608442525,3.66042723768803,4.15198217270865,3.85496404851534,3.27658457146505,3.67402471435628,3.54289936998899,3.2636805983769,3.47092340158658,3.57439276427137,3.47587821585319,4.16527244586551,3.53752402363764,3.18220324302328,3.1563036893927,3.43002914288128,3.54650097503501,3.31088516817778,3.4057057124681,3.78010630143434,3.55284219385593,3.62099578280721,3.62319293608192,3.39191800067774,3.46742710828077,3.41075445774184,3.54322089032386,3.61382239569021,3.55395919700136,4.11651843181481,3.82357368873711,3.15387251795567,3.27442375380844,3.56501731295027,NA,4.60886333202763,4.40267397530956,4.6820185453403,3.75398751943874,3.66000096437008,NA,3.94741594086075,3.27449972669211,3.10956625715233,4.34329907290308,4.37422384908778,4.14736885304945,2.90483307633789,NA,4.46323412292451,4.58953088235707,4.35330420561711,6.15148325169142,3.99462078419616,4.10319210920181,5.11264367137199,4.09361379015541,5.69403026510662,5.09496316841951,2.79276349728812,4.47324985014624,4.16849768568808,4.10387508567949,3.98363960482801,4.38414781983097,4.98762437060073,4.48231374452669,4.42317982480348,4.70334571849604,4.66373940930952,4.10603719349875,3.84492902660915,3.40173181690956,3.25442204446176,3.31943521779748,3.28851761690947,3.30296243637289,3.11807670465717,3.05855238657119,3.37208369280828,NA,3.21367372041793,3.04615561827066,5.42670359006978,3.19453283489106,2.88654114084507,3.17048287540574,3.22835669598988,2.90928809120696,NA,3.03974934717143,3.5099948053274,NA,3.10103058580077,3.36107648068795,3.17342451223089,3.21991084219508,3.06356289001955,3.71340868704082,3.53920280874142,3.29765693567687,2.94514838682698,3.99537107813479,3.6447442964145,3.41739713783926,3.68911616944719,3.87063703084257,3.58677503429278,3.90784635631059,4.05006931684358,4.34859963142894,4.31979906583126,3.44620098968318,NA,3.01963429457788,3.68155560104866,3.79597989936918,4.57466457886111,5.26217624431545,3.51708981880416,4.28700449577919,4.46715189426385,NA,2.90179318640535,3.52036031349072,3.8034700937351,3.47637771567793,2.80265360089315,NA,4.0407053445542,3.71243472208073,NA,3.77911342167682,3.28678949849949,3.28126434895425,3.97757663789534,3.50653439904565,4.29050206522364,3.58433589073543,3.16196322066186,3.94746449116808,4.1532519809668,3.7402880330336,3.91067918017834,3.9657395194966,3.72377044226363,3.71932315204669,3.14983702365273,3.57607756292909,3.21532032627707,3.47744985740161,4.31007055422865,4.4968961800432,4.66543931223538,4.35254728634297,3.69203436953823,4.12737392615636,3.14956647594542,4.13301506623593,3.53517579612042,2.91904056836758,3.27619673161959,3.02734163632007,3.05468691703674,3.30081086897972,2.84297129481568,2.90857958100572,2.62537264378365,2.98544263177187,3.22712291938849,2.83759851889061,NA,2.71627543540642,2.80330299947017,3.00187722669668,3.07070891824642,2.94309021346354,2.79706567496447
NA,NA,3.89567355052064,NA,4.00654682900029,3.87771468864741,3.76833929025093,4.17791217764573,4.32039691783966,3.47495089695706,4.0689914059402,4.38284678271129,3.62500445126366,4.17478216461158,NA,3.71361254602313,3.34283946058896,3.58138530823428,3.63724655705383,3.51466620765315,3.24013051083917,3.73530949324707,3.30031345956721,2.53666959752241,2.47146568482965,2.81240348049048,NA,1.86015444556563,1.60782629455076,0,2.26416529788022,2.4123203452183,2.40811526896029,2.18438384179533,2.06089214080701,NA,NA,2.27337475142705,2.98268215133749,3.03113491180238,2.35664503210317,2.44448106501645,2.48315836391951,3.59739416942364,3.45690348040242,4.0683271187489,5.18586991999999,4.16163133829914,NA,4.4882640638644,5.48448269097324,4.62496159277041,4.52737494075247,6.02332640712983,7.87150424070154,8.40025063163277,5.66426395713358,6.90994921617975,5.81848174509481,5.72264408526389,6.26129429651154,6.65306072353067,5.8655351583204,5.16950070805433,5.69783955135327,5.32963038727648,6.24995710862263,4.724406087604,5.16519702823064,4.29515276729843,4.44981785728618,4.64505909065207,3.47034291943951,3.8026748240667,3.38628197908846,3.66133699994687,3.71223881152839,4.00687107618064,3.7993979264768,3.53278478744372,NA,3.3082978808803,3.71469603162991,NA,4.00417480391905,4.15007774334628,3.99227510815251,2.89030823610793,3.9261424578765,3.50043046487685,4.0982665253303,3.81768220109372,NA,3.73571424752559,3.79135354422223,2.86903798354718,4.62509325549873,4.48248710835189,4.16502619362418,4.21316434142529,4.46822285704961,4.09508810975365,2.94080241269769,3.52908805267091,NA,NA,4.27510000097093,4.59638575366275,4.49663908674908,4.25306126746279,2.68922114615682,3.89830365973707,4.01006371316232,3.92599812364588,3.20103792399193,3.21100392876641,3.05346902684285,3.15253491547412,3.11126922581027,3.27157561059277,NA,3.55899623486795,3.2311530796984,3.47373604536474,4.1467894911716,3.25963051209731,3.38173330575135,2.91957443894566,3.00694030506075,NA,3.10643565627342,3.44682448982688,4.11347803254425,3.57927015146834,3.39617378670751,5.48596727302798,4.48748234114466,3.43750885095828,NA,NA,3.65473892641293,3.53535623272172,4.27230193106164,NA,4.19800626373045,4.40012282197485,4.33691144987339,4.10609513715515,4.43497702177092,4.28024461437375,4.74747770224546,3.3695589189348,4.35682320162573,4.71975136984479,6.63953693587615,5.49772877429209,4.49759670721865,5.12187883416727,4.31272228482958,4.07142693499317,4.63938713556452,4.29621417814502,4.52346879674947,4.05488351495661,3.98098911241864,4.21567805988045,4.21813343176246,NA,4.42317709507396,4.07617282854623,4.03878705200719,NA,4.07580713593656,4.13908832719942,3.90179112394795,4.58306442029456,NA,3.96690529406421,3.97069664379894,4.32613557676451,4.16718437492138,4.52665978217116,4.14429528693389,NA,4.79607844928364,4.25430578893035,4.37232774759735,4.01343248748002,3.81412661873334,4.1262831761725,4.27971090936579,4.0348406634783,4.14049938991954,4.38309785037676,4.18670465842444,4.08802518538518,4.49250107056728,4.60584001785883,4.63610286750724,4.22770346989816,4.65432587286066,4.13615895956455,4.46078617037143,4.42396642475361,3.80027244823197,4.388978716327,3.76807179892397,3.76533510036125,NA,4.28195740221818,3.76070264747768,4.22891078073223,4.41245059167425,5.11938403744868,4.89320720465097,3.90824157277298,3.67616771042987,4.82381365859602,5.22650440333812,5.23886181962802,NA,4.4414268390425,3.57478128718576,4.88366181505027,4.04189593363385,4.20257566857814,3.91391037211589,4.10777368618538,3.8190740523765,4.08037167080109,4.15052104390278,4.30486780216494,4.39409530666248,4.62230165220056,3.86174569518116,4.42029787221174,4.31197420783335,4.63401562869084,3.70498054536319,4.27441609202026,3.77799395242069,5.00836442242755,5.18698803495732,5.04470712962671,3.75933832391525,4.07557662282762,4.41110138638478,4.51379230929169,4.55157243690774,4.53387300588726,4.4605242995031,4.14206588902772,4.55254444491409,4.30833238773111,4.30116230039124,4.30265285728922,4.83563872473019,4.43573335819645,4.7374597150821,5.07345420999448,4.5180947437323,4.68252435507112,4.3968374172436,4.59334322301284,4.41386358733403,4.09827150566177,3.9203732475349,NA,3.7135149778648,4.18353069385324,4.43247398729048,4.27426364883786,4.13383130221588,4.22335585385276,NA,5.00717577452658,5.07951760302291,4.80255994951735,4.55899764247733,4.67625450622666,4.47992943973025,4.66308036595484,4.1232994496481,4.01873114324838,4.04910400861495,3.9393632088605,4.39859264227223,4.1786994442588,3.4662582463478,3.37012501512917,NA,3.24257043454754,NA,3.79193710756777,3.9884095524411,3.15072695672764,3.01723762892611,3.73583014020788,3.76081979448277,3.60890117688588,3.48527959173055,3.04937406765572,3.14121514797432,2.75996335492417,3.53451806638033,3.133456016852,3.51102788988612,3.67168622267104,3.54733219059127,3.57464955199749,3.2377128796375,4.16188366953307,4.31381254398816,3.61275221800309,3.51455049434217,3.96782683639618,3.74059762456904,3.05084409527051,3.9247630374621,NA,3.36995161682568,NA,5.79215728729621,4.61036389108338,6.27756525082215,6.09121748790144,3.31381691692026,4.99473696961567,NA,3.57104148935865,4.3466402121137,3.63106378272746,3.09061363218094,NA,NA,NA,3.43843685221192,3.49025307310737,3.48127616265666,3.36297070157971,NA,3.06720789774685,3.81840602498999,2.87711832427473,3.58783542112431,3.58360752307804,3.55769476254494,3.74172487246624,3.67210801086217,4.49262355285278,5.36692495339602,3.84591659829377,3.69806911620178,4.11899653332415,NA,2.98928497015943,3.75827997644207,3.77139820633248,NA,3.63193130921553,3.79264174459082,3.7504707425691,3.87372222548281,4.25454242190532,NA,NA,3.98669251891348,4.30060607608819,4.31518597514844,4.19481208409249,4.14215564125367,4.51293540914762,4.26027465339846,3.64704573541895,4.26736720343916,3.96914964062214,3.77165400335972,3.97586967691266,3.88788695313715,3.63723929007388,4.53139959806742,3.71430227271544,3.34068827070561,3.29856766506087,3.521954195238,3.7200040756924,3.39312030908392,3.43659747659248,3.67015743345844,3.70216216112186,3.65993830034374,3.6773012817773,3.47479295201307,3.48896156766862,3.37027437594156,3.48143765109393,3.76052624671651,3.52645255486009,3.98819310897028,3.8195339116851,3.33228723554729,3.36459003382316,3.68135487301918,NA,4.74653080181064,4.42280281620039,4.81659284773517,3.88000591389406,3.82707356900969,NA,4.01161317483917,3.41515856427041,3.24330462800361,4.30449257586726,4.41538673807788,4.17488375772033,3.18510587154357,NA,4.60845742806359,4.65490265815937,4.4801137778991,6.05816739927963,3.9503824679336,4.24014435225168,5.077496099656,4.19143623833668,5.78017267501667,5.2146053388583,2.97953758724377,4.62412663212763,4.41872434276264,4.29865606884774,4.18167326161342,4.5743118467003,5.01593910167083,4.57757499179071,4.52463421490297,4.66497375442012,4.64621882890488,4.06285266490771,3.91347127553724,3.67165989109493,3.53207789028004,3.56952406299645,3.5701443061743,3.6897751506522,3.39709197762205,3.48505859517083,3.77678296956068,NA,3.6791713158159,3.54488392751261,5.36895605492925,3.66698598018563,3.35532768386537,3.62203314219998,3.53349097147669,3.55629238318561,NA,3.64511563923304,4.10733182367224,NA,3.81744149235413,4.10567781164971,3.89407069675561,3.64404622858545,3.68562712561395,4.09709132211393,3.87468463181463,3.60290885023456,3.22727037126737,3.96146906334782,3.83590997017023,3.60528414192999,3.75304540954907,4.04335673671627,3.62804205567702,3.94079025142317,4.05260150069552,4.30779383416324,4.30382373980829,3.59557025371006,NA,3.71134915359291,3.67057869187803,3.73669877061413,4.32997609782739,5.02859088768524,3.34400382038456,4.05688670750666,4.32269137008609,NA,2.79746217160934,3.25162893946978,3.62731258924111,3.28818557132129,2.71841394690622,NA,3.61396619444289,3.37421510140401,NA,3.66504510877256,3.02719184450082,3.06944959050392,3.62094620227396,3.37550768860166,4.14138163809009,3.64542234845145,3.1322013291837,3.84397376352794,4.00669989972071,3.72759676781981,3.85486340855626,3.96533072414332,3.80835654742075,3.72967848313897,3.55735782513164,3.42751466869489,3.25227026538979,3.78778475302237,4.26421200272382,4.40539513731185,4.67765666263528,4.31149469944095,3.71744734897327,4.09833508146313,3.17039269240222,4.19914236916118,3.77829052865101,3.17212797450014,3.2351661014994,3.15969481460186,3.30949818668731,3.53151037663322,3.16845196995923,3.34146805217507,3.00343555441843,3.42425282732033,3.6641959346865,3.34203473472751,NA,3.21273428496936,3.34521327292769,3.58265914245379,3.60267879496986,3.28591790162816,3.21844278748517
NA,NA,2.96311711009401,NA,3.10168919646229,2.81268219199723,2.70295885413428,3.23096062457619,3.43477948140568,2.37259780305046,3.2868219996246,3.52016053999249,2.66542682614829,3.05282670800646,NA,2.45364711268285,2.51685673864121,2.41578817717244,2.76420597498292,2.90354863105386,2.32682761887173,3.00099795606347,3.34648485571167,1.97130379280366,2.36184591778751,2.80368680809003,NA,2.58504992607837,2.1140744923479,2.26416529788022,0,1.96108093519567,2.26502668927468,2.23438221708334,2.1085639011082,NA,NA,1.9942771452833,2.36235732199183,2.32886973394693,2.10779025212537,2.0154247013786,2.33711618328401,2.87279917491872,3.15267205540227,3.38398442730922,4.67895282595672,3.51843181709971,NA,3.84814541180835,5.04211266555904,4.12049554898987,4.04673150448929,5.91124569054457,7.65897324306054,8.16719928780617,5.37125401228907,6.64338619779128,5.5154647927626,5.4665542106883,6.11668720736415,6.32236394433088,5.43654995539313,4.7577576725841,5.29965628722013,4.79265938444834,5.71128181911065,4.02683868005334,4.55084000356561,3.54429186065821,3.64267102925482,3.77440502362054,2.35410870282191,2.73518620140847,2.29289863186279,2.63712014433222,2.77176848575243,3.01072168942456,2.81385524855837,2.65336089218915,NA,2.24787766820039,2.84346774336711,NA,3.00670372725537,3.33079406516515,2.92184841257358,1.9042619637486,2.95628473171415,2.26923538203849,2.92358102613297,2.807181349209,NA,2.6143418428607,2.73573433977179,1.97364134081953,3.68106505774749,3.60046356365164,3.10196568065277,3.10504644099742,3.36353519644319,3.15448401733178,2.37427515583337,2.29896989649919,NA,NA,3.06469532540455,3.26834286640745,3.41598071045489,3.24224551838021,2.03317694883331,2.9585689818098,2.89004840392275,3.41315123389711,2.2541452713951,2.61233026466176,2.54682526841462,2.2185183856345,2.66889226609948,2.90509834412004,NA,2.80117652454123,2.76395470965536,2.98726954113129,3.34893853791615,2.42724756098459,2.99878163022708,2.52468011154337,2.75156453860421,NA,3.10889349552005,3.38039840011777,3.89583388139736,3.21734118204107,3.09057640648101,5.37232627436842,4.24635414144703,2.91068875858387,NA,NA,3.06502114456883,3.05919843981687,3.70620178348098,NA,3.91566522106316,4.01408420777265,3.9509264583981,3.50067173174046,3.96233015464151,3.83772318480763,4.162552847274,2.81260002640167,4.35091624457863,4.28341568995889,6.40283878651232,5.19084674343959,4.08702805880855,4.63156928829439,3.72131750708624,3.45263374885252,3.96223356732031,3.55049294729376,3.80029267982439,3.26610864273487,3.25540684690026,3.27383185280347,3.26957655875608,NA,3.60622691360653,3.16324697992809,3.03826984635046,NA,3.03512807367931,3.28572646559026,2.95955351695654,3.53708516174765,NA,2.99887053708206,3.07795589946979,3.42973479272091,3.08665383579237,3.58431233447676,3.23799578190298,NA,3.66860369103778,3.09619775106125,3.54578233530353,3.10711773525005,2.72863539293986,3.04962456802769,3.21919361940774,3.06279765310618,3.26340210745351,3.38230995316612,3.16549084144195,2.98768497935032,3.45162123922991,3.6271935593404,3.461282654601,3.19429165086128,3.52995119616892,3.01513819275498,3.31242968195779,3.31154190085744,2.6821791302594,3.44546545625895,2.56547948293539,2.70260011138122,NA,3.37474742991243,2.88667303187736,3.41529040732326,3.68078069451384,4.75956934199641,4.68722388096289,3.81598746430851,3.50400142695154,4.68790067987469,5.15977529755133,5.16800114706016,NA,4.17715548607601,3.08465918503122,4.50575906421052,3.38332227006252,3.47088552587249,3.22272106113133,3.57493416312185,3.36069677602027,3.38007668907274,3.42915385794863,3.76302927113133,3.87599607081824,4.26838189666629,3.0487920961897,3.60567845157557,3.58110545696278,3.77615896151461,2.81753286078198,3.36115055450641,2.9843499652112,4.28259008271185,4.71891601617668,4.56916523225429,3.09672852688312,3.08374524506315,3.54132066311212,3.79536661063395,3.96315383457588,3.82676838882243,3.83205113517757,3.2474408150482,3.81621710381483,3.40632538779386,3.46061514163039,3.55418094121393,4.10893552793812,3.56237511609945,3.80316767424371,4.22321397075041,3.62908350386663,3.78379969156244,3.5959926175442,3.76535582482122,3.45392637365559,3.08014206792265,2.91700099506953,NA,2.64791554064177,3.24929267077963,3.56515928556479,3.20625996428,3.05180888812589,3.1387743608641,NA,3.95810235698912,3.88826291629461,3.56444820203332,3.33352034201141,3.42408636364697,3.42768436214249,3.63624795817653,2.94440968632069,2.88311285917568,2.75254232043823,2.75591096117936,3.33528533299175,3.16229746164509,2.56622785554849,2.26950019233701,NA,2.30033084105454,NA,3.10499275326366,3.31017495670701,2.55233204829832,2.44949191062982,3.14390756355309,3.19274956386409,2.98213984368723,2.64801410500557,2.39264546071421,2.53829631860628,2.11541795889851,2.72503173313978,2.29192311618207,2.86311503973089,3.2308354298261,2.78667805193268,3.04952219145331,2.73547842682283,3.48077984014738,3.62228440488162,3.08675021131404,3.17457283771821,3.59111499208106,3.06132083458908,2.35934979143433,3.14143919894088,NA,2.98185750664535,NA,5.68399834914311,4.32455560797353,6.02145073478702,6.03966506757632,2.84859962431716,4.88338019895767,NA,2.88603993682462,3.90921118722719,3.03933753158706,2.77554950045569,NA,NA,NA,3.371791308151,3.13713960585736,3.0190379092549,2.88173237998175,NA,2.50824410948633,3.42108468357948,2.54217478185422,3.19286138518811,3.06255276342237,3.02787464066241,3.343040595236,3.27687252607397,4.08452443295803,4.69883358872693,3.28824850161566,3.08767074947493,3.42009509367596,NA,2.53559988686343,3.34361522683343,2.99436019323771,NA,2.74986780141723,2.91459147477643,2.83989650501501,2.94052872104295,3.28697144771542,NA,NA,2.85442392994546,3.38384503982405,3.25816615569274,3.20696388538747,3.16280062786663,3.80847909293868,3.30953270395954,2.63040131414915,3.34202611042283,2.96794655480513,2.7779370903864,3.03729776141531,2.97161372987305,2.76231213424002,3.47144825010665,2.70122744706052,2.38050644920576,2.61902176852835,2.87168456089254,3.06629831232902,2.77546768093239,2.79380535200903,3.37265852115593,3.0144394139886,3.08117423493942,3.13481401011985,2.9020745079775,3.13788195311799,3.03810219952456,3.35620154423299,3.49894686905783,3.22820555667024,4.04641687332781,3.6051183221594,3.03919749121592,3.09808901460416,3.46348933327776,NA,4.52788617567541,4.18491267636621,4.59815068925798,3.49471972590078,3.34188215004894,NA,3.7117559327015,3.07747946504188,2.94372770008841,4.1430011123803,4.30080359755325,4.00226425734647,2.75272000489853,NA,4.21611081897171,4.35307506492225,4.15368794551654,5.85535944923196,3.64591875757202,3.90612680476408,4.91983851044373,3.93934574160139,5.51991552913876,4.86914772556313,2.51992623569691,4.21403544039169,3.92455103707222,3.71818781760628,3.6351008597919,4.05674987695631,4.73992302158251,4.27796178564435,4.1435671130807,4.28261653783572,4.14725323953453,3.95997896308478,3.6421433821851,3.0878385570343,2.88269210146582,2.98829886078296,2.83054524193859,2.90013723425314,2.66803066441653,2.67803146032951,3.04680895303751,NA,2.70105007785876,2.53409942375919,5.00800149093531,2.70316335538055,2.48328823696279,2.64431155789246,2.65993614560314,2.55679855595665,NA,2.66115183881967,3.19965211645855,NA,2.9182428888047,3.19510125239389,3.00993038974446,2.62884679951696,2.72283157713516,3.09220854377688,3.00219940503075,2.63316537285693,2.41048316012526,3.42847579350711,3.13348079358965,2.89992975821521,3.13252963511693,3.35415170559668,3.16382076795263,3.46503052079211,3.58439279645205,3.76966609876059,3.52826203985363,3.00877549398536,NA,2.7179438250526,3.31057530655792,3.3131279164518,4.23744949830459,5.07673011786167,3.39668614160102,4.10815866893473,4.32944389092518,NA,3.01409313241913,3.68024838390936,3.77731467826912,3.42242918562714,2.91146200287532,NA,3.88289485715461,3.59640895638001,NA,3.49293109420741,3.13445417299409,3.05547201166914,3.75764713680792,3.20570398423856,4.11451270345422,3.32513162357225,2.81113715496992,3.54592166539258,3.81521783151821,3.47094360971291,3.58473074214792,3.60153049740199,3.42820761323046,3.45321690273697,2.97394584721768,3.21057116011422,2.74953881537055,3.21909219715391,4.06536570793577,4.25999515911769,4.42310243336071,4.29669394688856,3.63018278028809,3.91257306829423,2.88951942213901,3.80349442819734,3.41475042993638,2.72563529073519,2.97829109391245,2.60718511051524,2.71382440873486,2.83636348621621,2.38379246628427,2.36820341753944,2.10333194842925,2.58589279813694,2.79117284569249,2.49916573886854,NA,2.3959024345373,2.46555096090902,2.73529646239469,2.79844513261851,2.65848609608524,2.5672058125694
NA,NA,3.56316835029444,NA,3.45321441137215,3.59801696583307,3.2765658226325,4.10315460591572,4.43921586832038,3.56820777389372,4.16592139389191,4.32915119293747,3.22858036925271,3.81097131861705,NA,3.44413409364904,3.63422527797825,3.60746789618422,3.56358313322632,3.83020857154352,3.03357275144165,3.82705706275213,3.82898939034071,2.23553456892544,2.46332167016257,2.97897260258542,NA,2.33999413729106,1.67445361999378,2.4123203452183,1.96108093519567,0,1.09383372288979,1.52762516230346,1.74936087621218,NA,NA,1.85438121102137,2.57922483049292,2.75822095486818,2.40981119194797,2.30907645261006,2.37860818784437,3.22766181637961,3.44108616120912,3.81700785371429,5.03589110914625,4.08055294786482,NA,4.29824509069266,5.48543772452098,4.46962010236223,4.38896942709209,6.22592328217616,7.91893125625033,8.42189789321416,5.66396818077801,6.82202554169486,5.70234741116472,5.66721636678522,6.26410888354531,6.55554367532599,5.74634377595126,4.99788775952763,5.48645750188706,5.08566125932654,6.03736766622248,4.41620016497761,4.91915901644673,3.95965749508021,4.15695913490988,4.20795524871942,2.98982815647638,3.39659701454391,2.92171828642514,3.18721896872658,3.36707887198763,3.58679837882542,3.33083248699416,3.07649659503467,NA,2.80855628232106,3.27052367647124,NA,3.49644268436407,3.6133403759374,3.46028927093104,2.41251264302529,3.44278105709519,2.99867534390493,3.53242865658957,3.25934189046408,NA,3.39498731630202,3.15036885389025,2.39828313612188,3.98496673117795,3.99784901501086,3.72875300385262,3.63882327656325,3.99476883815262,3.67034744834747,2.58659347985211,3.04703574500005,NA,NA,3.61872483916059,4.23086904162096,4.08383463240107,3.83877593054414,2.50608978352345,3.50105049745675,3.18659061642176,3.94388565188328,2.66948993468064,2.99546691985958,2.82030319684748,2.37567069597266,3.01658963156318,3.27665112171514,NA,3.06357576899481,3.23114460958575,3.2540182068529,3.47681058922212,2.36823051757828,3.27735539377537,3.05072241889245,3.07185412818963,NA,3.62313448303879,3.83095208888589,4.30589454994162,3.57726081969562,3.42164459797694,5.66117407446401,4.38926337095247,3.17037631363802,NA,NA,2.90973815610358,3.12618961533111,3.76489468011344,NA,4.15076555889777,4.29528291225756,4.21843175496606,3.88630314616168,4.30110429793559,4.35046984300898,4.6772003050567,3.12755047311688,4.85671107368398,4.64546157915405,6.64790980124104,5.54349613989278,4.29667604860122,4.96156073033822,4.00696428615369,3.69049550050639,4.17526396847611,3.89529887676824,4.31643397024386,3.57179705113937,3.68532493295713,3.72547151417394,3.66951614153995,NA,4.05385854294312,3.68878434298578,3.70125284024402,NA,3.35677385447252,3.41612896135385,3.39864548105148,4.03011776584917,NA,3.49468811397888,3.54019354608225,3.78072792522672,3.62625029470767,4.00139662680957,3.67847049452828,NA,4.0441936203407,3.76808695908295,3.89787470003448,3.49759700127528,3.23730409599676,3.52133162553729,3.73285101483686,3.55237560555655,3.67357817279043,3.9022862968201,3.57122990516264,3.40938078156551,3.82017779633794,3.95094886355765,3.98644432043669,3.60931510022638,4.07852073926018,3.5439720730512,4.0192969176933,3.97832242743208,3.2618134145222,3.8571089900305,3.21517806740366,3.07847661262035,NA,3.77608683001871,3.19853674270117,3.71752396045805,3.92500772490188,5.09217314525634,4.91395144133911,3.83380361773483,3.48358985275662,4.84100751652469,5.40031116317109,5.44069051689442,NA,4.19744189184546,3.07784767576602,4.68981851552328,3.65284232792183,3.84241724964087,3.65306039728815,3.96587277473188,3.7501491864081,3.72330578693684,3.75921223740849,3.95073817511326,4.11404035921364,4.48988792314665,3.24668481652635,3.97685179265874,4.09331764166634,3.90311613408226,3.23672281216567,3.91050805491662,3.23789290049077,4.57498505564528,5.04637831293251,4.82535241668254,3.20357349502763,3.29320530168409,3.84124595228797,4.12583689527917,4.24028573967793,4.19157599199146,4.19661909775469,3.58771190708691,4.1661170301024,3.70631850037545,3.73018865022717,3.82296423223656,4.41539319046669,3.98151758291152,4.36863416752566,4.72373816370928,3.89012696549874,4.16601412295337,3.94868139370908,4.26136690155861,3.9169586462301,3.34358323935738,3.08591317154863,NA,3.0248364922725,3.4485619070597,3.67162449342542,3.51205517224611,3.36288668732074,3.41915313060792,NA,4.32983612039788,4.47651234262083,4.19767317076772,3.7935521964666,4.01269359863629,3.85897751920353,4.11423984469488,3.3636451017048,3.29433332869561,3.21825067705825,2.97593912601854,3.61000630416096,3.51501415415445,2.95361625145425,2.53837573005768,NA,2.43280182478463,NA,3.53097047648547,3.67440898289824,2.64911310752067,2.71522894679253,3.38259342058645,3.61312308972377,3.34865140688216,3.07126302124742,2.61965758643924,2.72656059977838,2.26866277256107,2.79455192574306,2.42294346649876,3.00866508217149,3.44970414636605,3.09547363667057,3.18384879280976,2.62775431097619,3.79716877658172,3.9469757753283,3.38975381436953,3.58158448939103,3.75890068322602,3.40201596103204,2.68996822706282,3.58321456606332,NA,3.44015279773721,NA,6.03669075135531,4.91302387480751,6.36833405583062,6.29538386979781,3.22328394100001,5.20298554930835,NA,3.62048972741868,4.35676774351737,3.46702036733227,2.96749591680202,NA,NA,NA,3.50616630736165,3.49781261716967,3.1730163503798,3.13699600945837,NA,2.80461939402745,3.67148264476615,2.68028146408345,3.56338393711055,3.40122384816968,3.33707875924732,3.58189192786846,3.72551716390734,4.57647262802291,5.31816079315146,3.6407829793484,3.83111789314719,3.88254715320107,NA,2.60745456415504,3.98899440442981,3.27837341124006,NA,3.06177152600522,2.85273839665371,3.12638809944911,3.20584443709525,3.5474735317884,NA,NA,3.20617510775211,3.62221725390036,3.49008294300973,3.29476353734649,3.31639062855882,3.93699286165497,3.60343239591045,2.94762409795463,3.40692218271752,3.25083341747167,2.90764929639741,3.24346296766093,3.03638073639694,3.14118996286716,3.90375549256175,3.41145760224224,2.8104066024623,2.81510361863217,3.02536690976973,3.13476990047242,2.91843396058836,3.1515388211621,3.60994754940144,3.36997062344943,3.40209000766252,3.38819099483703,3.10959858627623,3.20319978018141,3.01219044996336,3.34047341701666,3.37172694122954,3.19427369952323,4.10514312783737,3.8797103058907,3.29263115069315,3.42818479457726,3.59561106107909,NA,4.56729985763203,4.4056592353611,4.68724596911199,3.79627323776627,3.74581022279847,NA,4.08877382225301,3.3083113102056,3.19414897870592,4.50004167709665,4.51788283019724,4.30371150738986,2.94855456909593,NA,4.51987485184566,4.64530806467119,4.4615654620426,6.31521095329438,4.05857819344872,4.18885803696503,5.26591004107834,4.19700646663747,5.79188991630913,5.16531630302864,2.72796636834803,4.50840645212775,4.1760775768786,4.12856752506411,4.02866877210254,4.44783948114373,5.06952896926201,4.59869526971995,4.42623731696201,4.70550177344294,4.6224141387539,4.1206465962057,3.8553034392163,3.35896316191783,3.06098058173357,3.19977557441455,3.17242391892859,3.13575995797762,2.95034553297151,2.80952750644414,3.12260305231747,NA,2.94703512437892,2.77075249102516,5.3383397836145,2.94258113775771,2.64345921205493,2.85097060007846,2.98974377594915,2.4787038836597,NA,2.66605080521014,3.14544003477545,NA,2.80055698997474,3.14199043388701,2.90487052543441,2.7796708049744,2.54836166077176,3.24457420706084,3.07717516404388,2.77486866633376,2.51438021609607,3.81520591265939,3.32081814196533,3.1721722904996,3.50490561324462,3.5781374618533,3.30256220496083,3.67148150726308,3.83121206460966,4.12319609530967,4.09463536936717,3.08478910974217,NA,2.63271226081708,3.40586570261254,3.4489278204089,4.46505109445116,5.23684709322873,3.56341102934948,4.32694689468511,4.64950507298812,NA,3.18537128499111,3.92024451328586,4.07538316486608,3.66330952993589,3.138666646239,NA,4.41367890631536,4.19337831613868,NA,3.77944283862607,3.39569467933952,3.4069500343367,4.09777693607204,3.50103948462777,4.5094622000296,3.68769824379274,3.30094956188272,4.00681427926795,4.30389591177723,3.97537170705796,4.06404642550536,4.18432224588113,3.97286293119554,4.00059916730819,3.25029037772002,3.72474967951649,3.39706210395263,3.61049180691979,4.41702248069298,4.55672644556619,4.82052604121725,4.56718927255494,3.86574956909341,4.26596473026286,3.36611366662962,4.30609158469237,3.70618774537297,3.01215568904203,3.39652687806254,3.12330486840166,3.10324335380434,3.42547996675307,2.87356784523317,2.82340003190976,2.55290892082366,2.97400647063823,3.20780835112481,2.83073620195747,NA,2.74218516893039,2.80399125878021,2.95023188380903,2.99842056985108,3.05423354306577,2.85023503692208
NA,NA,3.69653394999739,NA,3.50328414917085,3.79945442172205,3.36880907995309,4.30418081754808,4.69419933994929,3.83952459059816,4.42767699077287,4.61949664622689,3.28609198606535,4.03410603555604,NA,3.67016826679013,4.09258936680811,3.94171236465932,3.85326511730472,4.05077928175834,3.32123718918486,4.14750146777462,4.11492753615385,2.48738718256538,2.82958941866491,3.13964584338343,NA,2.04575454427488,1.60975280648169,2.40811526896029,2.26502668927468,1.09383372288979,0,1.12447733232815,1.32924477315238,NA,NA,1.71725129525507,2.4940520743432,2.7957605007857,2.28376644779215,2.09342652285409,2.12470690883869,3.21357932615342,3.4102061558652,3.79623675863007,5.06947628025418,4.04534335791814,NA,4.23123984249594,5.5317793967383,4.46703101724793,4.31737631142888,6.27295974361331,7.94891504084147,8.44872170303817,5.61270788217178,6.81410421891514,5.6845107454246,5.5790072611318,6.16959051455069,6.53761310684079,5.71883008792273,4.94930238187837,5.54049750327664,5.08697030841075,6.0629279412918,4.40952156651172,5.00113169886578,3.91630892951993,4.25842590580449,4.19422784546139,3.08102622059193,3.52563626096875,3.0835523638708,3.2692557323895,3.35353152096927,3.74169143049358,3.3567169855195,3.09450567200343,NA,2.87414102427707,3.26169907992445,NA,3.48179960379949,3.51685963188572,3.54554306833118,2.57682238247785,3.41290320013387,3.11855589629129,3.58881983104869,3.26709909260906,NA,3.56334105674674,3.18087374058342,2.57191722105837,4.00894415011464,4.00660768488178,3.88905597872898,3.72179055063653,4.29940694577511,3.701940214646,2.72614514819886,3.38457444856852,NA,NA,3.84382222590675,4.55431691372573,4.44261044728316,4.15349836933477,2.79651197415989,3.822627867379,3.47720189622705,4.32069678880536,2.94891273199921,3.28200047335504,3.08214494990857,2.60871249698967,3.2822043886561,3.52901295610645,NA,3.10727485904282,3.37330446126364,3.29801877826229,3.51255727916054,2.45327058847446,3.54687394706358,3.35104316747945,3.21445578498891,NA,3.86657681331394,3.96457718787512,4.4908185492708,3.751423001052,3.47054821419801,5.76006760111998,4.48245893272035,3.1359761167588,NA,NA,2.72821439853232,2.99411858888514,3.52319787139998,NA,4.07257640863802,4.24584767778718,4.08932123429277,3.7556765407606,4.25895096956169,4.32527273297786,4.66959381236133,3.23036165300487,4.98431984708279,4.59454566418944,6.64548011183275,5.49788428985689,4.15119552116708,4.83898533307575,3.91207099634311,3.60346541425004,4.06025969568013,3.79892678009904,4.27971934680162,3.572099839756,3.70398515268544,3.76187371646899,3.77651746812857,NA,4.06107979496041,3.69216743678014,3.7373704466577,NA,3.42831366875159,3.41349408210282,3.38763434578928,4.14912751504525,NA,3.51557749189341,3.51077842878972,3.87213552114274,3.7595038605689,4.1675590141064,3.82046289818982,NA,4.23269797272135,3.91349143837545,3.93597360863814,3.56216447128629,3.36465638949271,3.64737687539284,3.7974631528784,3.62879130514187,3.75500852484984,4.02949460849262,3.69262310959986,3.51890117926261,3.93300687135798,4.0094850349162,4.07413397321948,3.69313974771419,4.19862424970627,3.69031852256864,4.15816206265291,4.13677711032243,3.37138304625901,3.89973322902295,3.33289080977943,3.22787623458607,NA,3.91750502290777,3.28299173621508,3.72449591659727,3.90397175472139,5.0468422444159,4.85493051184605,3.6888121052348,3.36660149868665,4.83385731301856,5.33713562400392,5.38749916837214,NA,4.14905511005574,3.06197796068363,4.77378452578191,3.70963777800881,3.82736072146456,3.68269800517903,3.93726926714444,3.72942122675888,3.74819612770426,3.80733974132724,3.92473868788552,4.02612930126641,4.42166518577107,3.31777159690902,4.04513690640472,4.13423210868826,4.02793686614253,3.2632885540508,3.91455129186521,3.22767569580534,4.45380666938601,4.95599055384096,4.74223043294104,3.12590569037942,3.36097741816915,3.83556748781379,4.12085145413547,4.22052270453955,4.12892675301501,4.06092716240887,3.55438010576598,4.1562737398771,3.76870912404637,3.84002392805526,3.84403385880108,4.38622373699365,4.00680160081362,4.41917310494178,4.90099324042972,3.96738013653157,4.23023717964373,4.05683011696595,4.40448695795087,4.13148183552184,3.59452064478594,3.24762921164392,NA,3.04049382228719,3.46916329551103,3.70703891209706,3.61576540612969,3.51678376487005,3.62489734331162,NA,4.44048370390303,4.60469661056246,4.34224450786578,3.92375654234183,4.22149045877964,4.06517965062369,4.24528721506521,3.56072825976206,3.50648124196012,3.52262353737361,3.20321277112882,3.70385489282408,3.62393729135394,3.12506190711088,2.60834037066562,NA,2.62083566146518,NA,3.67974684833707,3.74690030832425,2.62519516998469,2.83793691164237,3.51221014559102,3.70186642636631,3.40597162283211,3.22012041784157,2.62995309190983,2.75568776914358,2.3795825205112,2.78270677592918,2.56042766514297,3.0684462227775,3.44300383827837,3.20369714456985,3.21547640352986,2.55893763971734,3.76834365272864,3.94020375019166,3.44439208554251,3.67031860093829,3.79249631311828,3.40570965588902,2.69581488568649,3.61839702632955,NA,3.43624343356043,NA,6.10751459954326,4.99468733691321,6.38780116693198,6.29391613335171,3.18476740626729,5.10922994879088,NA,3.76178549800617,4.48603762467877,3.53375580138256,2.94306037198958,NA,NA,NA,3.30458143400419,3.44583863658045,3.01254233360588,3.10076142567656,NA,2.7830630893834,3.68757706815748,2.69419413931932,3.53751080363363,3.36616000451607,3.39214240151341,3.65220000508034,3.73985838314003,4.66805533481114,5.39323668887136,3.76305657320897,3.7961657986379,3.74002594250582,NA,2.42213564132116,3.93406400184157,3.23576590682103,NA,2.99918499122363,2.74489943789988,3.1208283899281,3.22060517220239,3.57907067014047,NA,NA,3.25868564059764,3.59104389108568,3.52139191201363,3.29792450539205,3.36352573388859,3.89539040411672,3.55215932811552,3.03776055384982,3.35322554538583,3.25268573850883,2.97055954131037,3.14616576266601,3.18953154079239,3.26972565486891,3.93232310982073,3.46511973990613,2.96234444461286,2.88481539085099,3.0858293734975,3.22206243662641,2.98895871171005,3.2104578798608,3.73843637340067,3.39067658901088,3.47674350500448,3.43099257774159,3.15408762472694,3.22395486608579,3.13432840527237,3.35510657923739,3.40167692213459,3.19554562106338,4.08442161465758,3.8767463604303,3.16663519866434,3.30438001867965,3.5198707379875,NA,4.42951603073284,4.40379322421609,4.68110688763382,3.80406951152856,3.72303191986417,NA,4.06257891976455,3.30430380098087,3.15066115709383,4.46173089607296,4.41794512759218,4.28492834783486,2.88184479662495,NA,4.49128922649401,4.61522353734371,4.37098425569378,6.30704626103233,4.05069959266401,4.12205349293055,5.25059856239861,4.14878202780639,5.78593963802282,5.12406631918613,2.65374548100821,4.40527670774038,4.15247512225555,4.14402913547046,3.98991769293251,4.39416120597003,5.02357922349761,4.52181832744338,4.45146556963907,4.72036218872334,4.57953909030453,4.02825107828037,3.74259154876594,3.21391731253861,2.99185179207295,3.1236878565308,3.093411718471,3.01319795243365,2.8953709113777,2.74109098689998,3.00122273059242,NA,2.9327100028842,2.77851358435969,5.40795901525285,2.95421999316007,2.66368458826127,2.86525883162086,3.07738340263686,2.52048208332346,NA,2.66761711940857,3.14350818123709,NA,2.80580263732253,3.12898729725772,2.94376995758283,2.94603378204061,2.66246389019464,3.34054488399664,3.23413979145489,2.97879111119198,2.70492924718213,3.98617627777353,3.41182073392911,3.29380064851116,3.63599575509055,3.73773088302995,3.47866001138597,3.82601496270768,3.91676167961688,4.24454827300076,4.28959420479644,3.20388037851085,NA,2.8451941720853,3.57531010539488,3.61446118986906,4.53887414016385,5.27436175347117,3.54000472476381,4.39902451795449,4.60296259059472,NA,3.11651023397187,3.91229311242223,4.08014880795714,3.67551650758613,3.05378610296771,NA,4.54535645817137,4.24303094294277,NA,3.9522370480924,3.54610355786292,3.50418745652362,4.27666883615007,3.62191786778347,4.54589882772408,3.62271094806683,3.2935348821535,4.01210690412849,4.29971648841226,3.89405526038398,4.03247182875882,4.10340655677747,3.90877361706562,3.98118711985408,3.13114668032092,3.77391605266373,3.42713771838476,3.49481339970799,4.41140733527357,4.54326039549596,4.7786589157339,4.5200794536951,3.78079725246677,4.31372913229098,3.37143885071362,4.28866860463588,3.62397971935055,2.95674671016038,3.4624386765692,3.12623596968601,3.02246096663606,3.3833666330793,2.85788425628947,2.88558738292478,2.65453052185912,3.02920976994946,3.13690304533772,2.75175695624552,NA,2.69001287209858,2.72714130199118,2.82597458499461,2.88603968406729,3.06963880422528,2.85423807254814
NA,NA,3.74998086570954,NA,3.58023442859918,3.79973488559774,3.44892034988769,4.24803230053665,4.6929574929333,3.79980426584129,4.35956924878613,4.57103869298403,3.40659701610636,4.03448637810771,NA,3.82225173658848,3.94901770281539,3.87314129721684,3.91100094050912,4.02444404215082,3.38834258466345,4.22214590012139,4.18090945888017,2.61749612757043,2.91848815573171,3.29073110804744,NA,2.08295010335038,1.6432995190984,2.18438384179533,2.23438221708334,1.52762516230346,1.12447733232815,0,1.07728475933604,NA,NA,1.50089235955802,2.47746258303527,2.79334104010841,2.21355219619011,1.98174711190764,1.96771643894314,3.45406402499169,3.36724619652659,3.81651093493901,5.08737361553494,4.16899335908838,NA,4.37190091095111,5.58898795226158,4.49317053626957,4.41201634261974,6.25873195688182,7.94739494574933,8.4379276894327,5.63405830798523,6.8156609439143,5.7024777805585,5.47157178557319,6.06397027942885,6.54224579013967,5.72930144454687,4.98422973035413,5.54661085559563,5.16405768477006,6.17136917369877,4.55887978043597,5.14704438273903,4.0497733455573,4.42942089553976,4.35781638664291,3.20842575622322,3.74252037705373,3.26487936980745,3.39422258751212,3.40993560679072,3.88648604720346,3.5372992627066,3.3283706675556,NA,3.00664227024484,3.39266476013951,NA,3.62462176966068,3.6340227534393,3.66440352320046,2.72609964891205,3.45428263101594,3.17907233883667,3.67291162401376,3.38135130649004,NA,3.60074933878877,3.29470352631764,2.71765804315821,4.15138259749252,4.1270827070155,3.93642867310703,3.83907230292019,4.22982796733783,3.82887090068287,2.94301398293291,3.49935700912647,NA,NA,4.01572413849513,4.47742084464342,4.38199871781829,4.18803412063599,2.9028044685884,3.98970659822758,3.74218757908262,4.18574549031146,3.11152120672809,3.35153303676238,3.3798305717508,2.80890182089894,3.3628968112701,3.67142841338074,NA,3.41929092784549,3.59885715516223,3.51724279229679,3.91102192688941,2.67551064051327,3.63628221178561,3.43182059168282,3.25886605025498,NA,3.81188644307057,3.91150285664781,4.61019083655431,3.80842193771543,3.50645134423722,5.61147771848668,4.4154439038755,3.30077622834091,NA,NA,2.99774694662811,3.05909424067218,3.77279020610712,NA,4.14472311092587,4.3445379792523,4.25173740794944,3.91344737046074,4.32642340048367,4.40100433010586,4.74451140840432,3.32453304151617,4.95215431928206,4.68398364763921,6.67824567570843,5.59627260886475,4.32186361243258,4.94255717639126,4.05954002855631,3.79679400435721,4.33714204319062,3.99817067287164,4.37078491923994,3.82934026925657,3.89220822020787,4.00431148766113,4.03634613435581,NA,4.19854158332799,3.7402998102495,3.81405728824048,NA,3.66743811744871,3.69836612358335,3.53900095703475,4.28560661224713,NA,3.65693681011614,3.63952076425488,4.08855889159869,3.95321770182919,4.40391953504794,3.93989940275128,NA,4.3565883472144,4.02157181198298,4.06659482637239,3.65894218175858,3.40951513091731,3.74507569525377,3.87372926181145,3.75577491973033,3.83250722083056,4.14067157062838,3.80687094597094,3.65087600250464,4.14916366210351,4.26857256413585,4.29663160583841,3.98165015497511,4.41745836044023,3.79903765805812,4.31911745671043,4.24987933641057,3.48015276289529,4.14574693372185,3.54163229079542,3.44528689136668,NA,3.96341526968328,3.25495997155316,3.70726597842207,3.86816227376001,4.83765502221345,4.64407674715484,3.52685291905485,3.23887345012836,4.69480550559373,5.0803469239057,5.14688837151247,NA,4.18630573821967,3.14476575065233,4.81889835443493,3.85412081643574,4.04465407601188,3.82121057996415,4.00209044409926,3.82280182250138,3.92590156170394,3.99877525491648,4.16911184286502,4.21035640895308,4.5356892163969,3.55413890257875,4.34292267992419,4.3176749525689,4.27402399178155,3.42546411666754,4.00419944886809,3.43289924937037,4.59411701632789,5.07428719096804,4.84348830008952,3.33157162067297,3.59127877970519,4.01415475275071,4.28789494770156,4.32148895624095,4.25118954649627,4.19281931936102,3.78458929016545,4.29742747495471,3.99195621802379,4.03329965093766,4.03409237772066,4.58642860209741,4.20061842536396,4.56559182505886,4.95824215039074,4.15963456272514,4.38732200589877,4.0514791589249,4.45150978640387,4.17317661806968,3.70801871091376,3.35714946554823,NA,3.1214720768828,3.67421515983058,3.93768606724983,3.74343084182043,3.63435413358458,3.68496727969397,NA,4.68031328419353,4.75938005848163,4.48109072241478,4.10163569810883,4.38084776258003,4.30863159076685,4.4634985410651,3.75732423504476,3.72191880866994,3.64781504732958,3.4304211876217,3.98802714377164,3.80580421470067,3.12905092195674,2.7994421227179,NA,2.64988041868432,NA,3.66551186964232,3.81943832930005,2.49014461168648,2.5063781010024,3.49832213339382,3.56251278759535,3.35999671074384,3.24133056844778,2.71925344980304,2.92149460782919,2.40781478203695,3.07129800144828,2.72140981479301,3.26332351315842,3.5330133119063,3.40502670404868,3.40834731138528,2.82989487379222,3.98213013086573,4.14558722063926,3.51861722644887,3.64929019255456,3.91097177611229,3.54811639121003,2.83299894274338,3.83727175930371,NA,3.46347716494424,NA,6.11307333983645,5.05091104053598,6.39143089840138,6.33127663838967,3.35130940782553,5.20297182744774,NA,3.66936388775846,4.45253278058291,3.58077825808639,3.05298186776484,NA,NA,NA,3.28637071872107,3.63809318832222,3.30374316163203,3.34240171566731,NA,2.97444650649176,3.86724542730688,2.91324209218961,3.66083342903992,3.55642723025513,3.48777944549393,3.70115137525117,3.67257198293125,4.61546811829641,5.40282070515769,3.83244743955213,3.78416031761655,3.75156649304094,NA,2.62720203103584,3.93375363347813,3.41809427255249,NA,3.1475975551486,3.02868740457531,3.27852867482751,3.37960077462433,3.74049276305678,NA,NA,3.38199211064462,3.71897002894623,3.69980089092927,3.54568837963083,3.57035324688568,4.0727294412103,3.73385785292614,3.24837647833604,3.68309435764335,3.45264225446087,3.17047921417952,3.38292248423138,3.24527474968934,3.43768673956979,4.23783539594234,3.54404503732013,3.06101768910941,3.05291360961602,3.07002287745546,3.27230889467585,2.962366363913,3.09859536741163,3.65094921217254,3.29468951502111,3.36118358781176,3.36724810525998,2.99812052083803,3.10094455567125,3.12535149295474,3.25632632399608,3.49693654882266,3.16922072002255,4.0532866492359,3.91052471221544,3.16955432742173,3.29528630140453,3.41856155686935,NA,4.42750816485159,4.32177978321525,4.62930655988818,3.6944231762266,3.74309744580105,NA,4.0430639666598,3.30373241926319,3.13131417662741,4.47297885057302,4.37019372152842,4.29455207835652,2.87500798295355,NA,4.46254996998324,4.54256568528951,4.37455544963907,6.21885942329014,3.9817220113501,4.12350737909987,5.23644817066507,4.16845448747073,5.80122498388878,5.10173865081804,2.59859106517302,4.34986175037947,4.11039802477105,4.06742039846549,3.9107494397507,4.35450009387905,4.96410137800556,4.47576776468198,4.37573441227552,4.55998250762265,4.49382276511983,4.05800963414095,3.77666528605789,3.2704761740384,3.04626580570069,3.1550063182103,3.12290448584315,3.09828233833568,2.85213945448468,2.80221741275247,3.10259547804976,NA,3.03512462625017,2.80103936021978,5.27348453923165,3.04313267168832,2.68211428330108,2.97047310551311,3.12493121837305,2.69221080317142,NA,2.76278292508428,3.2916654639836,NA,2.9434280783995,3.3440754670988,3.10150146163418,2.85918076382292,2.75547709305157,3.46100189940807,3.27954126599141,2.9764284193176,2.6896684778017,3.84619034344189,3.35196567309823,3.14634105538155,3.38504091000888,3.63272646842964,3.29996714253881,3.63541155613131,3.79679591351927,4.08856487072667,4.1183383793312,3.089276359824,NA,3.04195542096707,3.25997995439986,3.35957781437523,4.38446254447171,5.09839251773943,3.48905389318333,4.24173682711819,4.48284747432055,NA,3.02062240257547,3.88970536749921,3.89906698743303,3.48279598124579,3.02033277253545,NA,4.38172493219332,4.09640742644749,NA,3.76475438666925,3.35866294010153,3.31476249577736,4.11045132569947,3.54413487792955,4.46759522851958,3.67766383270419,3.16507457588826,3.94619656660083,4.19222612655008,3.83063130186084,3.83085998680711,4.00315604978076,3.88982488766535,3.92552493509567,3.34395488809465,3.61373817473218,3.47306357371634,3.58821651380865,4.28912171021463,4.43301781221298,4.73752458326437,4.47039656448492,3.77935568737971,4.18810645678938,3.29317048329163,4.2696366527961,3.73840364455958,2.98429557734593,3.37396386647427,3.05387957391185,3.02368706867873,3.36401258290174,2.8754400053475,2.91873654539919,2.53685656290063,3.07319259945466,3.26073854196273,2.81362711203105,NA,2.74970449864186,2.83192659408721,2.99221430901967,3.08094659059502,3.15739532890207,2.92251952032989
NA,NA,3.63234594361541,NA,3.45667421417675,3.72113283456217,3.37377646837942,4.24421340674626,4.57441962203013,3.55044243392721,4.25626143194805,4.42578128217976,3.08839427619184,3.88273396082293,NA,3.53090739133943,3.86192175775438,3.74511124080343,3.65610313443998,3.69034654318069,3.10341032996242,3.81991710988499,3.82797692339052,2.45503850395814,2.69137019767433,2.94952873678896,NA,1.67684148054381,1.55688848586505,2.06089214080701,2.1085639011082,1.74936087621218,1.32924477315238,1.07728475933604,0,NA,NA,1.41244126803541,2.17728994120677,2.46575523192449,1.87695292779017,1.50784176735971,1.66923093705745,2.98715034636724,3.05446346706846,3.40566983421312,4.79122055267623,3.71725568866355,NA,3.92947560918334,5.23340312237821,4.18828922437993,4.04065452745413,5.94045227863473,7.70821721946029,8.2425710098152,5.33414027502612,6.63877535264897,5.50408922720939,5.27862990396633,5.84863721355331,6.32799083984699,5.5008566611594,4.71333859711915,5.34772542257001,4.89667524734028,5.95470627118711,4.25003859802958,4.78078834167811,3.67669565923144,3.95558470446309,3.97614687487687,2.89187939010244,3.29520450179749,2.88255352658553,3.04085254763933,3.07138154789177,3.53854183278054,3.24918814136514,2.94364984100798,NA,2.71432500186867,3.04069273018764,NA,3.38091379605749,3.41913987513496,3.46908060962184,2.43503574467377,3.29342033100007,2.98801480419089,3.54960830166876,3.19507403949425,NA,3.46707455372565,3.15439958823375,2.42816373093705,3.97774744649634,3.89522947706902,3.85932639621027,3.79146586439582,4.16093921852627,3.62989193562542,2.67647338113702,3.36104543243272,NA,NA,3.97314058918204,4.49517806479116,4.34039554850176,4.08954867091893,2.6082349144504,3.9111468572706,3.72507109910463,4.26295287987041,3.00949107676948,3.4029418545551,3.12164775767111,2.74537359743191,3.17973685956597,3.46971980200664,NA,2.94525241006022,3.05546829874296,3.05397016190905,3.53929823267394,2.50734405228328,3.26407591914547,2.99631060558753,2.98643975128014,NA,3.39633176220079,3.53043645044758,4.0485999655096,3.40625528023692,3.07410878822354,5.55558964998222,4.38441184169422,2.97086738566735,NA,NA,2.75276942647604,2.81451515903213,3.39500112337561,NA,3.76860472049939,3.98867350617523,3.91062973267021,3.50508678856188,3.92580327560367,4.00399497531498,4.3953304657242,2.99724558114437,4.62724534728091,4.3155146774636,6.42957927877552,5.30107925856794,4.00426863587986,4.65615227880281,3.74976039763578,3.35932223542479,3.91950226838274,3.65652846017966,3.9984242567265,3.42143179660657,3.45985640189037,3.69494061886205,3.73828013510032,NA,3.75944991523697,3.43548053127348,3.48148840998462,NA,3.32665333542605,3.5496115789147,3.31002925429878,4.08678270127302,NA,3.46251121961096,3.33134814879255,3.82808082182005,3.78478831259333,4.17386836547868,3.683652397867,NA,4.22799013951628,3.79022348171076,3.76100694232342,3.49398762135427,3.26219673131524,3.57746171319425,3.72223895145679,3.50824274307596,3.63330941256948,3.99516660346096,3.61184381322007,3.42728042858963,4.01131735639241,4.00927453985209,4.04284525104256,3.60832705703057,4.0789628633497,3.54555342349405,3.97865874828201,4.00521509919441,3.2149202343302,3.72702504541208,3.25576925457032,3.35284994901408,NA,3.8227358514871,3.22323136768075,3.62512359043343,3.93231868552295,4.82316147374621,4.63217129711645,3.54852055899094,3.27918215158929,4.57526285879002,5.03041292582707,5.10896464184405,NA,3.96640739802965,2.94527407632454,4.45391190363523,3.37681364769434,3.48980175251517,3.33261576056778,3.62247518803632,3.42876670829682,3.48935772477591,3.56369753578396,3.68895729672311,3.81282949404698,4.19658825674145,3.33653633632585,3.95883834193787,3.88023529742789,4.03622571363745,3.08152991441886,3.63102514259405,3.1380502771679,4.1645074455215,4.67008919843524,4.5162381784241,3.04057372576581,3.29687528299811,3.64657960194237,3.85635773963535,3.93127187971408,3.88213922515074,3.81162563291259,3.41568590464431,3.9323383641234,3.63753562048524,3.61590813523765,3.65612977486883,4.17691583511792,3.77993348243689,4.1837661482364,4.63476372469886,3.97555533007562,4.17563824807793,3.83684333715812,4.27235069981826,4.12594590840483,3.67685430481441,3.27988033446733,NA,3.09780638697265,3.50534441567106,3.68022911639907,3.70015115379323,3.64816543896158,3.72026999216925,NA,4.47261594302779,4.59799408799592,4.33856359363501,4.03007616081853,4.29826874185825,4.14916694492862,4.12598553016166,3.61792066128617,3.64772798646824,3.6470752228238,3.52207432500944,3.93298193562301,3.63057699669035,3.06590227610891,2.66630091433987,NA,2.61411879539496,NA,3.5382818159212,3.59136658496058,2.54489113205401,2.64529518982176,3.44835488378511,3.50464480860069,3.1735496896646,2.98015920576807,2.33629957910271,2.44071841269181,2.05044321218009,2.833552204674,2.51967916548967,2.85996039447588,3.05328288452559,2.96183595273867,3.05796802874501,2.55665130482172,3.52317533210829,3.707058705475,3.11488393222057,3.3486089552818,3.58925681859521,3.14806643504115,2.44153823206807,3.36836584999358,NA,3.10712815544347,NA,5.87217732970102,4.71091218206308,6.12262425821035,6.06342629762625,2.91735887358173,4.82266648858821,NA,3.46810265099472,4.29365229545271,3.25543152445285,2.66848570100347,NA,NA,NA,2.88422106892499,3.23538756934737,2.84202753365468,2.84837439440692,NA,2.59417549689268,3.44052822810553,2.53414961633194,3.19545480677202,3.08876350694768,3.12824649586071,3.52151474801602,3.36239438448007,4.36817121474877,5.08408352529202,3.71141459211917,3.47267946901849,3.51829901664309,NA,2.33728082736382,3.4923246756868,3.1003757155346,NA,2.93713198267165,3.02725172016879,3.21905860330122,3.3263103300414,3.72464318745516,NA,NA,3.37746334014964,3.7623804818038,3.71849146575273,3.57587041028891,3.55685033847948,3.83402055493555,3.57534813737483,3.1015145635543,3.41662913057703,3.35474441674904,3.18365163075168,3.296727812778,3.35198379817003,3.37894732420095,3.97562176838768,3.24782445952285,2.97543918579391,2.98782448611765,3.1492048175596,3.33220497853448,3.00328143937963,3.09159240629432,3.57103000759194,3.20045775401243,3.30835213482367,3.3606826408836,3.05379866906425,3.18817983096184,3.16642638214366,3.28931839462111,3.43264810238753,3.21785661135202,3.86479682214358,3.53691691880212,2.79162084842088,2.97662973454729,3.26156914809444,NA,4.27692819256301,4.22381524033061,4.55068090941966,3.55669810813782,3.42291940739599,NA,3.75305731261273,2.96925994956916,2.79010972819548,4.13343978765127,4.15829463944384,3.93012274977798,2.56669568590579,NA,4.15776671151888,4.30239271684516,4.0270923491543,5.98762435057591,3.68366417498507,3.82440029709837,4.96728680059996,3.87299082227592,5.55470432834467,4.90370695196291,2.43966325204752,4.14120209169364,3.89485074772854,3.79439650457099,3.68063731238504,4.10077602464845,4.80988051168612,4.28082164341024,4.26787686869552,4.48830898661987,4.31875289229163,3.94453973288557,3.57942132057559,3.00791828405221,2.90633489690992,3.00092259989302,3.00766303949609,2.92713177258163,2.80878958566041,2.7889977725945,2.989984195917,NA,2.8922102487583,2.80631057549115,5.22332182158167,3.05873610267555,2.71192154910363,2.92941747924565,3.0642404480306,2.79612680987827,NA,2.89328383402407,3.42967053169348,NA,3.13323023695692,3.443731027958,3.27852946276499,3.09750201613701,3.04567110481239,3.48117290438523,3.36847111891093,3.06015424323702,2.75064262060829,3.77541194065349,3.37472136501538,3.16863242738185,3.47925876862338,3.7013097849859,3.35364307321901,3.66008588590007,3.81404915054893,4.06259113605225,4.11027685005765,3.21169633167177,NA,3.19980237770523,3.53993761486806,3.42216080215887,4.37023826909767,5.16455574638016,3.39983937797028,4.27945663564404,4.34897143690598,NA,2.8801051685734,3.65195100050092,3.82829871833578,3.45166131037777,2.78534309634972,NA,4.22276606079144,3.85101044042222,NA,3.72355487801563,3.22729115740657,3.16655386044305,4.00865932537931,3.35050000608837,4.15729146799682,3.29011229366749,2.86062041904411,3.59459264323653,3.8750260305304,3.42880138956783,3.60285517235218,3.68528267734685,3.51083106952843,3.5654444855038,2.85026810437766,3.3807325483989,3.07051196181428,3.11625097873505,4.15756766068832,4.33422309750006,4.48382280323459,4.26973529269339,3.52330051784213,4.08008798144208,3.00777692712152,3.96365659793877,3.43691185071433,2.71130277992813,3.21344939523218,2.79086948396408,2.74550739955215,2.96560980638758,2.56106030844894,2.74969877173846,2.473450721733,2.83490811162231,2.8452133725464,2.62104355392533,NA,2.55117275607436,2.66862705375659,2.85666902468332,2.96181146669137,2.90572713787826,2.67630619529444
NA,NA,NA,NA,NA,NA,NA,NA,NA,NA,NA,NA,NA,NA,NA,NA,NA,NA,NA,NA,NA,NA,NA,NA,NA,NA,NA,NA,NA,NA,NA,NA,NA,NA,NA,0,NA,NA,NA,NA,NA,NA,NA,NA,NA,NA,NA,NA,NA,NA,NA,NA,NA,NA,NA,NA,NA,NA,NA,NA,NA,NA,NA,NA,NA,NA,NA,NA,NA,NA,NA,NA,NA,NA,NA,NA,NA,NA,NA,NA,NA,NA,NA,NA,NA,NA,NA,NA,NA,NA,NA,NA,NA,NA,NA,NA,NA,NA,NA,NA,NA,NA,NA,NA,NA,NA,NA,NA,NA,NA,NA,NA,NA,NA,NA,NA,NA,NA,NA,NA,NA,NA,NA,NA,NA,NA,NA,NA,NA,NA,NA,NA,NA,NA,NA,NA,NA,NA,NA,NA,NA,NA,NA,NA,NA,NA,NA,NA,NA,NA,NA,NA,NA,NA,NA,NA,NA,NA,NA,NA,NA,NA,NA,NA,NA,NA,NA,NA,NA,NA,NA,NA,NA,NA,NA,NA,NA,NA,NA,NA,NA,NA,NA,NA,NA,NA,NA,NA,NA,NA,NA,NA,NA,NA,NA,NA,NA,NA,NA,NA,NA,NA,NA,NA,NA,NA,NA,NA,NA,NA,NA,NA,NA,NA,NA,NA,NA,NA,NA,NA,NA,NA,NA,NA,NA,NA,NA,NA,NA,NA,NA,NA,NA,NA,NA,NA,NA,NA,NA,NA,NA,NA,NA,NA,NA,NA,NA,NA,NA,NA,NA,NA,NA,NA,NA,NA,NA,NA,NA,NA,NA,NA,NA,NA,NA,NA,NA,NA,NA,NA,NA,NA,NA,NA,NA,NA,NA,NA,NA,NA,NA,NA,NA,NA,NA,NA,NA,NA,NA,NA,NA,NA,NA,NA,NA,NA,NA,NA,NA,NA,NA,NA,NA,NA,NA,NA,NA,NA,NA,NA,NA,NA,NA,NA,NA,NA,NA,NA,NA,NA,NA,NA,NA,NA,NA,NA,NA,NA,NA,NA,NA,NA,NA,NA,NA,NA,NA,NA,NA,NA,NA,NA,NA,NA,NA,NA,NA,NA,NA,NA,NA,NA,NA,NA,NA,NA,NA,NA,NA,NA,NA,NA,NA,NA,NA,NA,NA,NA,NA,NA,NA,NA,NA,NA,NA,NA,NA,NA,NA,NA,NA,NA,NA,NA,NA,NA,NA,NA,NA,NA,NA,NA,NA,NA,NA,NA,NA,NA,NA,NA,NA,NA,NA,NA,NA,NA,NA,NA,NA,NA,NA,NA,NA,NA,NA,NA,NA,NA,NA,NA,NA,NA,NA,NA,NA,NA,NA,NA,NA,NA,NA,NA,NA,NA,NA,NA,NA,NA,NA,NA,NA,NA,NA,NA,NA,NA,NA,NA,NA,NA,NA,NA,NA,NA,NA,NA,NA,NA,NA,NA,NA,NA,NA,NA,NA,NA,NA,NA,NA,NA,NA,NA,NA,NA,NA,NA,NA,NA,NA,NA,NA,NA,NA,NA,NA,NA,NA,NA,NA,NA,NA,NA,NA,NA,NA,NA,NA,NA,NA,NA,NA,NA,NA,NA,NA,NA,NA,NA,NA,NA,NA,NA,NA,NA,NA,NA,NA,NA,NA,NA,NA,NA,NA,NA,NA,NA,NA,NA,NA,NA,NA,NA,NA,NA,NA,NA,NA,NA,NA,NA,NA,NA,NA,NA,NA,NA,NA
NA,NA,NA,NA,NA,NA,NA,NA,NA,NA,NA,NA,NA,NA,NA,NA,NA,NA,NA,NA,NA,NA,NA,NA,NA,NA,NA,NA,NA,NA,NA,NA,NA,NA,NA,NA,0,NA,NA,NA,NA,NA,NA,NA,NA,NA,NA,NA,NA,NA,NA,NA,NA,NA,NA,NA,NA,NA,NA,NA,NA,NA,NA,NA,NA,NA,NA,NA,NA,NA,NA,NA,NA,NA,NA,NA,NA,NA,NA,NA,NA,NA,NA,NA,NA,NA,NA,NA,NA,NA,NA,NA,NA,NA,NA,NA,NA,NA,NA,NA,NA,NA,NA,NA,NA,NA,NA,NA,NA,NA,NA,NA,NA,NA,NA,NA,NA,NA,NA,NA,NA,NA,NA,NA,NA,NA,NA,NA,NA,NA,NA,NA,NA,NA,NA,NA,NA,NA,NA,NA,NA,NA,NA,NA,NA,NA,NA,NA,NA,NA,NA,NA,NA,NA,NA,NA,NA,NA,NA,NA,NA,NA,NA,NA,NA,NA,NA,NA,NA,NA,NA,NA,NA,NA,NA,NA,NA,NA,NA,NA,NA,NA,NA,NA,NA,NA,NA,NA,NA,NA,NA,NA,NA,NA,NA,NA,NA,NA,NA,NA,NA,NA,NA,NA,NA,NA,NA,NA,NA,NA,NA,NA,NA,NA,NA,NA,NA,NA,NA,NA,NA,NA,NA,NA,NA,NA,NA,NA,NA,NA,NA,NA,NA,NA,NA,NA,NA,NA,NA,NA,NA,NA,NA,NA,NA,NA,NA,NA,NA,NA,NA,NA,NA,NA,NA,NA,NA,NA,NA,NA,NA,NA,NA,NA,NA,NA,NA,NA,NA,NA,NA,NA,NA,NA,NA,NA,NA,NA,NA,NA,NA,NA,NA,NA,NA,NA,NA,NA,NA,NA,NA,NA,NA,NA,NA,NA,NA,NA,NA,NA,NA,NA,NA,NA,NA,NA,NA,NA,NA,NA,NA,NA,NA,NA,NA,NA,NA,NA,NA,NA,NA,NA,NA,NA,NA,NA,NA,NA,NA,NA,NA,NA,NA,NA,NA,NA,NA,NA,NA,NA,NA,NA,NA,NA,NA,NA,NA,NA,NA,NA,NA,NA,NA,NA,NA,NA,NA,NA,NA,NA,NA,NA,NA,NA,NA,NA,NA,NA,NA,NA,NA,NA,NA,NA,NA,NA,NA,NA,NA,NA,NA,NA,NA,NA,NA,NA,NA,NA,NA,NA,NA,NA,NA,NA,NA,NA,NA,NA,NA,NA,NA,NA,NA,NA,NA,NA,NA,NA,NA,NA,NA,NA,NA,NA,NA,NA,NA,NA,NA,NA,NA,NA,NA,NA,NA,NA,NA,NA,NA,NA,NA,NA,NA,NA,NA,NA,NA,NA,NA,NA,NA,NA,NA,NA,NA,NA,NA,NA,NA,NA,NA,NA,NA,NA,NA,NA,NA,NA,NA,NA,NA,NA,NA,NA,NA,NA,NA,NA,NA,NA,NA,NA,NA,NA,NA,NA,NA,NA,NA,NA,NA,NA,NA,NA,NA,NA,NA,NA,NA,NA,NA,NA,NA,NA,NA,NA,NA,NA,NA,NA,NA,NA,NA,NA,NA,NA,NA,NA,NA,NA,NA,NA,NA,NA,NA,NA,NA,NA,NA,NA,NA,NA,NA,NA,NA,NA,NA,NA,NA,NA,NA,NA,NA,NA,NA,NA,NA,NA,NA,NA,NA,NA,NA,NA,NA,NA,NA
NA,NA,3.45981205355864,NA,3.36520061936004,3.47736879358697,3.08293903701045,3.99804894776782,4.38657989114047,3.38505525092483,4.11299643173566,4.31453468931613,3.03301433083771,3.71873238913167,NA,3.46827861654491,3.66793559515735,3.50430283339015,3.58759571379655,3.61453951136595,2.98272047419486,3.77650360268351,3.87854812690965,2.44207857661593,2.69615175155601,2.95270074521969,NA,2.04075828118203,1.66960619413757,2.27337475142705,1.9942771452833,1.85438121102137,1.71725129525507,1.50089235955802,1.41244126803541,NA,NA,0,1.70227546643882,1.96923507496548,1.69521850664865,1.37698446669517,1.56677656315317,2.80814416963614,2.84191288028124,3.268889446337,4.62763286983114,3.56987802040516,NA,3.85480542358652,5.10288157047602,4.00612412316782,3.95646416828894,5.79441600925355,7.4801621585898,8.07129499188446,5.24932870190081,6.45852022233354,5.32463587014129,5.13591080842419,5.7337422769345,6.10296212741397,5.30020136132996,4.6457482076031,5.14485848432187,4.70768488568478,5.78409715185681,4.12918237054492,4.64017267393764,3.55064707025954,3.81716137039199,3.87380425483527,2.59845421563442,3.25160662188946,2.75724628257474,2.87244868797604,2.91764388774152,3.31771584699327,2.98927611380011,2.83339010147453,NA,2.55067636994844,2.97037277479774,NA,3.22881657643196,3.36847968966886,3.29844765524151,2.27494787798092,3.14987233678965,2.77630868569169,3.35893100735043,3.12343294142017,NA,3.1737376634769,2.96656756563287,2.24127955155265,3.89272562453687,3.79862004642851,3.60373833098596,3.5470001887475,3.76393029412256,3.46654066664873,2.53144725651312,3.04175050521319,NA,NA,3.70928953663105,4.17632461318398,4.04507292545699,3.77732181823971,2.37738725568184,3.68230763516917,3.48728666919574,3.88817102333598,2.76764652855061,3.14435604997894,3.08681382956056,2.55661715567356,3.01635739189176,3.31193187535388,NA,2.96513264158232,2.96535899732628,2.978183667551,3.38464667117288,2.21112345336469,2.95100130369012,2.68405384647525,2.64146894280547,NA,3.15339320656114,3.41309633169434,3.96089097871546,3.18419022844635,2.96010391934613,5.26314956522253,4.09345290488281,2.81521893590172,NA,NA,2.72814773198976,2.70914950234072,3.45381493671621,NA,3.69100691840027,3.93418047845618,3.87167620154359,3.47258535411634,3.80908219128386,3.88772387971455,4.23676225446528,2.76627263225063,4.4536589346206,4.22564243710273,6.25745004172629,5.17547010064862,3.9972738431577,4.62198786866142,3.66323645764523,3.34910208072914,3.91576604557541,3.55175478426132,3.86604997214502,3.32928867874385,3.38838641170884,3.4576208421492,3.54067072258096,NA,3.65277234917431,3.2388052687659,3.29161942869417,NA,3.16131355255572,3.35883770041869,3.03491204459437,3.83931851026163,NA,3.21049506948215,3.16389252372475,3.66387985025038,3.51072767992756,4.01501364839283,3.47297694620815,NA,3.95389705503146,3.5731349054859,3.76026703444519,3.29945688087741,3.00119407461905,3.29384828581091,3.45578575769137,3.29811393970922,3.41198994182961,3.79979295870326,3.39173852691673,3.25202351505671,3.86859534076195,3.83322510982225,3.85803939785792,3.44920367866803,3.86401266053165,3.31161445881116,3.82972564002924,3.87761893928616,3.04752105787529,3.69990431699349,3.13716759002024,3.18430616409188,NA,3.65145085861312,3.1046725724671,3.59762894751328,3.76377793337282,4.72007488896648,4.51951392651656,3.49387310516236,3.21586527380266,4.39657401148928,4.8989489283317,5.04807027089702,NA,3.88326528163587,2.85966472637004,4.36924542341552,3.26432764363693,3.4219509235482,3.25914148657974,3.42282864455665,3.31174375505416,3.38473782766923,3.50208838434938,3.69558127956383,3.78949437370968,4.13490632179846,3.11476706438725,3.87014086695974,3.79572843629184,3.91636156472435,2.96425335426391,3.42055958462254,3.00763031583042,4.13062575562254,4.65443639918987,4.38959812666173,2.91787645075521,3.10402904904963,3.51184588923485,3.72597306139865,3.7378732081372,3.66618954584535,3.69289674521187,3.32585527394414,3.82090292907179,3.48908070965724,3.50515206514812,3.51800252126413,4.0948834312599,3.7082560103901,4.05857551244764,4.4112781024978,3.89033584097151,4.07346023313254,3.59402794001385,4.08796330293353,3.90074972838885,3.50546700332782,3.06829802671387,NA,2.90591924687055,3.36927511515883,3.63375072306898,3.5293738170766,3.45283027604668,3.4452348879554,NA,4.27503534519046,4.4079745927147,4.1134815572415,3.75970449212282,4.01226077674759,3.95500814489808,3.96189447564556,3.38873629427834,3.39135651615623,3.37599526795912,3.18614698424189,3.72816371930355,3.4776541475081,2.79173474435906,2.56287704717544,NA,2.36508955644485,NA,3.28047111540217,3.40777197952357,2.40480217258365,2.41986609819695,3.38925620853887,3.40708412043898,3.14445698759335,2.9084176003681,2.36775127338,2.46518444743029,2.01451741457312,2.72666810673796,2.37601587020138,2.7874038509087,2.98709334495386,2.91343293905647,3.01633256921183,2.41093112926856,3.45117133909978,3.63298278231998,2.86006313773079,3.05142209724931,3.36147264676081,3.00830837270432,2.29476895362088,3.29451661128988,NA,2.95924209637406,NA,5.68062311190176,4.56028886749137,5.99662931350315,6.01254416627935,2.78894850178666,4.79770268556873,NA,3.33622809931953,4.10972005698264,3.09588736465525,2.70295330122239,NA,NA,NA,2.97037443074956,3.33080339599154,2.845544876867,2.81980592954038,NA,2.54968566614601,3.3456310908026,2.49816277732908,3.18565204841675,3.05439929044625,2.97004033640211,3.31966463960937,3.16069367648784,4.10612093981602,4.96081479819566,3.43643750342049,3.45033483977502,3.56438934952582,NA,2.42679915858357,3.65789967371479,3.05404478223619,NA,2.72388604280032,2.84498577666026,2.96138343086932,3.01027820232761,3.38839372517815,NA,NA,3.12295950648881,3.4109402711858,3.43940996960127,3.38787649081807,3.40141944083001,3.82839452315281,3.50714131540454,3.03666488717819,3.48130778245402,3.22845576590797,2.98939525604837,3.22309360046727,3.14015991729241,3.15064168725588,3.83786508660951,3.29626361777773,2.86562542597807,2.92280662506088,3.02919754105229,3.20098358491805,2.90612307597954,3.01444045700374,3.39658002176357,3.01879262514065,3.14029187305245,3.16869512432507,2.82767101133622,3.0683737154351,3.04854787948623,3.17995826721166,3.34638978723304,3.14465743410651,3.83172720527872,3.61975066932765,2.77138266246423,3.01524112078097,3.0716672476877,NA,4.2203863046279,3.92785047659479,4.28457055259653,3.27836586818115,3.2075650607911,NA,3.57196061369529,2.88966735077669,2.7266611417573,4.08473924488069,4.0908001124544,3.87075396847521,2.40611561846084,NA,3.96641770384927,4.1087875252703,3.95513082450968,5.926970704046,3.65732463157425,3.68265414719002,4.82590180429525,3.7593457399808,5.38490355570215,4.72959145594243,2.30652737642396,3.89441395089737,3.61811463080815,3.46456115690158,3.394238438487,3.89888891624483,4.60945113623894,4.08216374309165,3.96985591993956,4.18024103232679,4.06901036999025,3.77442594338513,3.39790146663959,2.86411461516647,2.70707909810571,2.74332811613293,2.87096315296025,2.84544123702568,2.59941603538201,2.59203470120353,2.90583687496613,NA,2.72989411516736,2.57488045930108,4.94787712223426,2.89974711380828,2.55970563736333,2.75889580875447,2.91064303354518,2.61172223147547,NA,2.67018433835795,3.23592800466455,NA,2.86289284725356,3.22004687192447,3.0202270484172,2.68512464265296,2.71736069559706,3.29194944112007,3.14616338466781,2.80590052104542,2.50591171555386,3.55002417893011,3.12130143743742,2.88535357801258,3.17000925012497,3.46181762777468,3.14287029221989,3.39762014854863,3.67283572414612,3.92961036351256,3.97041282862724,2.98623254992165,NA,2.98415099679129,3.42814713678448,3.3421797955391,4.40406047042931,5.12538211259605,3.37033089212868,4.12882077503814,4.31539350298367,NA,2.82839365180761,3.66098852497848,3.70391832832325,3.26533202758722,2.78888008908815,NA,4.13532589803781,3.82449234138037,NA,3.50955081519398,3.07152215151074,2.95654169419159,3.76937898244428,3.12934113223326,4.11388210226889,3.27021626571118,2.70217995108473,3.56090132212041,3.83175948630765,3.45386725148709,3.45359678618568,3.63271479422649,3.41170816532013,3.44747597566116,2.94170586022316,3.32073718510167,2.93340442263698,3.05938992240494,3.90289137431538,4.08603299043427,4.33602893876369,4.07258700665168,3.37878895620577,3.80844564629144,2.86846856755491,3.79167010960186,3.23125148281475,2.48872182153895,2.93952321858272,2.53245992492781,2.57009977244735,2.84561736386683,2.47138700692945,2.62074421092523,2.15366633546349,2.61238612900556,2.80488091164644,2.43212928416521,NA,2.37280933391016,2.46856646081486,2.62379047186939,2.74709178051586,2.77346602071102,2.54383630712998
NA,NA,3.76795777184407,NA,3.59576560520976,3.5123890405274,3.24826099109345,3.91656139774458,4.07687425193416,3.58413247697398,4.42206050393282,4.60149328203252,3.23338969643521,3.85632298356372,NA,3.58870868660875,3.9106266483766,3.72194179769854,3.71955946849847,3.84072367666038,3.26511203489655,3.75247031252888,4.22714001442102,3.00913532612052,3.30085970941057,3.56154107230138,NA,2.79238648675099,2.53515339893951,2.98268215133749,2.36235732199183,2.57922483049292,2.4940520743432,2.47746258303527,2.17728994120677,NA,NA,1.70227546643882,0,0.948196233123712,1.85761030676741,1.72455813322805,2.02825318738979,2.71864456161346,3.09971897546692,3.28671389509102,4.54425186908424,3.4295856917939,NA,3.86698399111058,5.00267087759193,4.02720242457409,4.01987096580421,5.81742587760297,7.40477881017227,7.93718477758223,5.26049314809275,6.44811383166723,5.3644599492051,5.18419963175207,5.76794803363345,6.09021472425467,5.31161613701466,4.77908257222487,5.22264647493758,4.74923786020335,5.7406407856416,4.15389997189585,4.69479688547708,3.63401118263176,3.68505102624506,3.86003257517079,2.77533804444159,3.30743899807367,2.92419967725378,3.09285150028746,3.15561503055348,3.46997539253417,3.18059798288662,3.01682351784777,NA,2.79184977034146,3.13876678274741,NA,3.36363054668251,3.62380193310375,3.43046248348926,2.6029383926046,3.45981008476071,3.02093347382167,3.53674500484282,3.31931325960945,NA,3.43255565915277,3.30183516433532,2.5851141108536,4.14103732337437,4.05843683213434,3.76561674570396,3.69610647959131,4.14973440686788,3.71306917116597,2.79425884352428,3.34025136714019,NA,NA,3.77227566024405,4.10342501158003,4.2180743353262,3.9449206742724,2.69318370131558,3.7962331378431,3.80486195663813,4.50273014914235,3.07935793611934,3.50077688674737,3.35402240244393,2.91673503885256,3.54346795748203,3.63982516993359,NA,3.23245645240841,3.26773377355646,3.34687035832333,3.55419697534483,2.61443103190709,3.33396566428117,2.99006279189716,2.99278659383287,NA,3.3209615420738,3.73170906605765,4.04480311586375,3.24706324573997,3.12229558193141,5.46693840587394,4.43283630311809,3.02596652471201,NA,NA,3.07666620804777,3.06194036351158,3.73152337717881,NA,3.85954245157527,3.99267781592423,4.03104558329364,3.56178510786714,3.81870507164595,3.9561314099449,4.25213740527846,3.06807156625162,4.82312834867728,4.36510070606827,6.22618465029583,5.17868233905209,4.15480396262038,4.69902847677455,3.8030822696699,3.63840029825676,4.1415706374575,3.7090790643269,3.87731261937754,3.52540112713222,3.53860282940338,3.72415204809446,3.83191452091501,NA,3.83198667852442,3.59317342097861,3.52797915150817,NA,3.48298020671547,3.79143375454993,3.48463922875741,4.24479237176064,NA,3.57569922368829,3.41796994689506,3.94753674267128,3.76363068671769,4.27304128033471,3.86128103767498,NA,4.38889500535696,3.70142972419035,3.99091436292977,3.47290152012046,3.25015129998507,3.61031087701733,3.61958193337201,3.43839564799387,3.4992204030072,3.74979342321379,3.69597275145933,3.47132354935884,3.97708045020344,4.02999510707906,3.85760258667176,3.57207066625996,3.98174016167686,3.56723812118207,3.81511072844398,3.87369053383825,3.3028806003621,3.83250068183875,3.19882723590639,3.48560249077904,NA,4.00261096315031,3.42093384958381,3.85580944768809,4.12574568558096,4.98717291196769,4.83246807069485,3.9918119841232,3.72089825480807,4.70695822212584,5.22848908306172,5.4004039563255,NA,4.07986797654157,3.23607558333678,4.48324571106832,3.26884266652875,3.25970663870661,3.37795266916964,3.53044638806305,3.4036062676906,3.55864093499099,3.63713046457345,3.78484829844379,3.90386339267984,4.25695884144827,3.33628183765451,3.82490793920203,3.79170339296521,4.18008510860533,3.10307494207503,3.5726276074306,3.16412023952728,4.3367158689242,4.72367949606609,4.51149775116044,3.27319941300653,3.33167352556871,3.66108859176289,3.98580040859052,4.0046295114123,3.83569154552879,3.85670411175112,3.52481355080081,4.08069119875069,3.68856453218061,3.71574049985562,3.71521561772482,4.21215370620142,3.7900025495258,4.15812440149997,4.61039994375873,3.96728543294253,4.17707910890861,3.85295147059291,4.37277698373675,4.22755850766159,3.83576087836246,3.55632589516295,NA,3.26888408341529,3.68482833579836,3.92216398578301,3.83824160229696,3.79536099578608,3.85539674086791,NA,4.52987564857458,4.58970815651208,4.36117158034338,4.06097839045757,4.2528017066463,4.2760815019084,4.16683766945929,3.72581006603211,3.69002700629644,3.71249257982878,3.6423980288371,4.03669229794723,3.89340966992969,3.2920104349095,2.94049085815133,NA,2.88675258643337,NA,3.57740754996187,3.67553518754916,2.97254365201068,3.07537373985916,3.80411495427039,3.54000080734073,3.21627756710877,2.91806296971869,2.64491389433951,2.82119899969788,2.4590771138869,2.94186522486391,2.70481928478224,2.87723085002928,3.23148142720953,2.98456367041621,3.38488447747933,2.90245216253644,3.6120610666313,3.69019590407626,3.1094635628595,3.30944416780301,3.64647254397807,3.1299523356899,2.51074354615903,3.34894355382246,NA,3.37084263042087,NA,5.79232980189272,4.63766659348434,5.96532052071061,6.12674604445319,3.14780141226769,4.97799549271026,NA,3.68476944557232,4.5903706925477,3.36454241069652,3.01482271374655,NA,NA,NA,3.23930317448533,3.55688687540842,3.17790594014813,2.99763369982581,NA,2.88658988173204,3.69554114783529,2.77321843166576,3.48217488530598,3.40266954375286,3.382147897617,3.64091378907238,3.48692432432747,4.31192783205108,5.02606390194097,3.8560948186373,3.72575353637286,3.93560515909796,NA,2.79083838510347,4.02411312897413,3.19474924460747,NA,3.04032686852868,3.20344129336463,3.39153763421674,3.40364308077916,3.79249730043458,NA,NA,3.507211418034,3.89541501516972,3.83248647275284,3.70698144892646,3.79481606840273,4.03124793755703,3.72433934229391,3.30700240467096,3.69290519690948,3.49067624839366,3.32857808940769,3.52629211979768,3.50983866250282,3.54871790597561,3.93102206359134,3.43591221060612,3.23441290487836,3.42399454191142,3.58165362620278,3.71260014499512,3.41244059947891,3.56462073846331,4.11073004262971,3.52200124087609,3.76824946909271,3.68373627380616,3.41952085936968,3.73595144558636,3.59771049246257,3.70469313105243,3.93782311099925,3.6689392215514,4.427824871268,3.99286499709672,3.11690253881303,3.35450204524445,3.50789883901434,NA,4.59176431887242,4.13701560666885,4.63463392523533,3.68036978175228,3.16180951167802,NA,3.70166895975152,3.10088785620159,2.9971086821846,4.18769514009246,4.36485798561407,3.91388134750599,2.77366153466259,NA,4.02609856861704,4.21516371064697,4.07682327864868,5.96059147103573,3.77982066178435,3.88355258406522,4.86995297079952,3.98381597822227,5.4692865854427,4.9680548488544,2.87813188534923,4.16694400705287,4.04637922682404,3.67082596191509,3.66062286247818,4.04372915256523,4.8321568178326,4.37639003024446,4.29256295308899,4.53960628193471,4.42288697621621,4.09550763278413,3.73841969463383,3.22195348298318,2.99714087792778,3.04138318486088,3.16111104468285,3.10195100317297,2.96036907542222,3.03629277602797,3.24101168050515,NA,2.99134870079757,3.01949930590453,5.18812359460003,3.07785991262003,3.01643809410838,3.00229682693432,3.01279914086458,3.01811332998469,NA,3.02697427592369,3.18822841835781,NA,3.0689216310636,3.24808194135924,3.13790032515771,3.36011761950479,3.2427095721214,3.32897151001205,3.20993189191265,3.10341554781892,2.99080712250292,3.72339301691392,3.37062022671809,3.18880831150971,3.45710509254387,3.46211310283371,3.5749561832503,3.84330270593836,3.80273003893728,3.98793125399014,3.96606111044449,3.50100415356023,NA,3.33700811842336,4.13282925765159,3.89586824994542,5.02640725265798,5.83420850395272,4.05338091829852,4.8164096222213,4.96162274845341,NA,3.60925140837321,4.36590792677456,4.44012964739526,4.0149534031191,3.47177731251618,NA,4.74616217641579,4.3991237294133,NA,4.11882055261445,3.66225439216534,3.58898880366757,4.39821974115604,3.65398696580998,4.50637412404245,3.43941650464145,3.04974143843611,3.70022008242424,4.01729503955389,3.72657999206902,3.72901515523067,3.87343270565642,3.63682273722718,3.68638145150608,3.1716558621734,3.85686176109218,3.03083460428166,3.24464340865089,4.34094980984552,4.61115890442149,4.580834604025,4.44928675951531,3.77021696425389,4.13282673100731,3.2376089389448,3.94007533956844,3.45322292526707,2.82157865894366,3.40672774451137,2.92246101968245,2.85436003654512,3.08063713440659,2.76439316296969,2.96427616782931,2.72523992697144,3.06323917343971,3.14048235016912,2.91048092907413,NA,2.88159710368044,2.97861949669567,3.13529921610534,3.19583744733415,3.18438138682939,3.05798609601581
NA,NA,3.84969383829051,NA,3.73119174546366,3.57461259068682,3.33260886515774,3.88909479423374,4.01239263938282,3.38686058663892,4.39866500912732,4.55981952254747,3.27072283655314,3.91154500522707,NA,3.62359441272996,3.84201946422339,3.6439740420085,3.61310092462124,3.62093996446841,3.16665050412108,3.70430348013062,4.21649619187261,3.03258365162446,3.31977934878399,3.66033148654031,NA,2.95399405195871,2.71552800382212,3.03113491180238,2.32886973394693,2.75822095486818,2.7957605007857,2.79334104010841,2.46575523192449,NA,NA,1.96923507496548,0.948196233123712,0,1.78454618970267,1.77382822076322,2.19012518738951,2.72893893335373,3.14023051414623,3.38566209434754,4.63767473017328,3.45183767796834,NA,3.98406824623643,5.06969152457843,4.116731874719,4.1122687536087,5.74154829180362,7.40230983405661,8.03469822251239,5.33132493404007,6.52531165562967,5.49246381662941,5.34549427417702,5.89797046508412,6.22613662563397,5.45769968671092,4.93353938841953,5.37874185254157,4.88893856224003,5.87861303536319,4.33372251079727,4.78932264542779,3.81380333356747,3.70814378445777,4.06145506935643,2.88618397496086,3.34112125344193,2.95870346365269,3.19847991253696,3.3316051622526,3.52046569249271,3.27310587065589,3.15852551686474,NA,2.92434888976106,3.34011039159288,NA,3.59561245797809,3.91893294139323,3.61942304841222,2.66167264912027,3.6898276052602,3.12512894131714,3.70391928645827,3.54065307818005,NA,3.47401227466294,3.50132792944998,2.62691608439702,4.34970014467483,4.2434964352722,3.86982675021962,3.85153163843865,4.20223009799066,3.84474156893716,2.80682317523213,3.31405240201209,NA,NA,3.81952604231765,4.08358243370809,4.13500172083934,3.9341843788636,2.60051259794658,3.76944191864484,3.82297597424293,4.46116106830361,3.00287397529718,3.55394461311432,3.25499680377553,2.95674022451074,3.50253921931772,3.59699973796133,NA,3.24383493653586,3.20720325464139,3.40766045979532,3.62328619502996,2.78311489415202,3.30777147984252,2.84467079976132,2.93326271812221,NA,3.18400467951502,3.62646223674708,3.87886982644402,3.24042031154825,3.19781339193466,5.50501171217266,4.4852665600584,3.08055434519104,NA,NA,3.26302532485394,3.25921050680763,3.98635782638294,NA,3.98442383926558,4.08752118413822,4.12640486525055,3.65228745824123,3.91998274336118,3.96272207208301,4.2861585909584,3.12866518766095,4.76355714955536,4.42621797497808,6.22235317515309,5.21500074101155,4.22317335384132,4.84836894014158,3.96125523158454,3.77112263448154,4.26537639790547,3.88159560526796,4.06444933620793,3.63181766886225,3.59002379712491,3.80783652678824,3.88455395101246,NA,3.93351446140686,3.71591097428906,3.57419324558304,NA,3.5934892292036,3.95059546794608,3.63619163068295,4.3663137237439,NA,3.67086604976592,3.53903202576683,4.01542358502973,3.84468315399842,4.32324081454227,3.8934924804662,NA,4.43568527533981,3.75555260108842,4.12072251507378,3.66536408043408,3.36053105801704,3.68063250644357,3.75727635371021,3.57297452593506,3.6284033053338,3.88371918226302,3.77700681843327,3.53815173936155,4.06961686593879,4.12078663101824,3.9597613081188,3.64692192949964,3.98812107724093,3.55184502047347,3.75209806104616,3.84255279825896,3.28888749110867,3.83984364961579,3.19211586871336,3.55717717471784,NA,3.90923960229443,3.47724236436942,3.91204221251238,4.20528204210663,5.06856583895438,4.95696580049568,4.20025412593351,3.88964011089077,4.76263420737292,5.34726387655565,5.53193216414173,NA,4.09869866309336,3.26369992862617,4.33412625311548,3.21665739083591,3.25337819728941,3.33746299679638,3.6457081855216,3.52407765268957,3.53092858646138,3.60704118489656,3.78776880480803,4.02634678717809,4.3338559935556,3.41999338289409,3.75638060598461,3.72878556946689,4.14695596740135,3.15911502038094,3.65030770668524,3.37852845007929,4.52908535728561,4.89736785643315,4.66073851593517,3.49535666444487,3.42873231682267,3.80383324384493,4.05075432308054,4.08568472761646,3.97524543509605,4.04253002545474,3.64531971906985,4.10066363332446,3.70889634247905,3.77843304442227,3.87026146204796,4.46232952705274,3.9660489963065,4.26491406134794,4.7134219836392,4.11508404821612,4.28454876906302,3.98370344842336,4.48512496011114,4.24481688418711,3.88663744106758,3.61229270846029,NA,3.4218386639129,3.77465921754634,4.07206971740248,3.97758445295754,3.90851444862505,3.92118351416318,NA,4.55550974247103,4.52484643126003,4.28902500135603,4.06961654256351,4.24383026698666,4.2066754694579,4.17850650081977,3.74692752000511,3.70622033168797,3.72104071039658,3.7033900189671,4.08243524901231,3.89285487370604,3.30400202755729,3.01554714602034,NA,2.96516565026153,NA,3.58006963277442,3.6343564830871,3.07272742223024,3.12200188504029,3.80211562577952,3.55986257884594,3.25844161099429,2.93639964833213,2.74917668473335,2.84159976327746,2.49901036892326,3.06469369755819,2.76892965833605,2.9140589502029,3.18288053332537,2.9409878015436,3.47277462844738,2.99641490449958,3.69332021105572,3.77708165539876,3.0892355608995,3.3243193812885,3.62667463792525,3.15206347466829,2.59238643336613,3.24154851216947,NA,3.39405681030248,NA,5.76925288060142,4.59118200346024,6.00880747804624,6.1352111303767,3.17141899911094,4.92591954149164,NA,3.75683414184943,4.57071791068987,3.39321993377277,3.04712548314619,NA,NA,NA,3.39241190002992,3.68101830189272,3.39730432719124,3.09852172419005,NA,2.96757082978275,3.76109959346418,2.91706369898553,3.64139391787164,3.54113553864535,3.43044724777713,3.74466142306572,3.60485058561024,4.38275367778795,5.13746683279528,3.94659082604409,3.76145709902708,4.09655340097941,NA,2.95234505325712,3.94283696745726,3.44363525493527,NA,3.24817000495144,3.43600874313784,3.58397490999707,3.63160748370216,4.00283169633079,NA,NA,3.67516711960222,4.08332814771822,3.99286197312975,3.87448854873394,3.96205906865947,4.25903367864536,3.88983916691554,3.40667115937122,3.90871131829929,3.68606104419717,3.53800577186104,3.75051557368605,3.69865633272019,3.65358889393299,4.05425746516861,3.52878086108375,3.23158899376464,3.48564740746578,3.67455809675838,3.83015973163851,3.52082644259906,3.63764891269739,4.18149496405202,3.68104146782432,3.86084747627733,3.74930938646721,3.54622723824963,3.86464758804048,3.6779966318371,3.8448565945028,3.99118554811108,3.76656674486299,4.5137880671915,4.01462042240035,3.2354175888259,3.43733053409325,3.65483581110434,NA,4.768435398278,4.24824372264742,4.72228777665797,3.79354713510531,3.31030439961386,NA,3.81689027780091,3.23199221614611,3.15556580598716,4.25868113677217,4.48894580553166,4.00119794800934,2.93975811971394,NA,4.13948141964866,4.33897264854921,4.19600409614536,5.99152131769181,3.85046213980474,4.04077552908059,4.95845844952019,4.1121228546677,5.62557934719157,5.09333782530177,3.078228727576,4.36930684876938,4.25623433953752,3.87452172817441,3.86337287639762,4.26473925184048,4.93634245556195,4.51793269058031,4.44962734062757,4.64454061962641,4.49111064103013,4.19294896614559,3.86144892892266,3.47016175734713,3.20478191388961,3.22747029280972,3.3854689773841,3.37817627912032,3.19302349781054,3.24964262028822,3.49295891824643,NA,3.16073794928496,3.16594450072811,5.26047100605573,3.26399688508366,3.19288355340727,3.20343707802618,3.11868786013269,3.21333995964043,NA,3.21121686206153,3.38231686630145,NA,3.25923145010191,3.46194680322298,3.35295342658248,3.50170807797528,3.40147164342437,3.4610856685543,3.35537970793288,3.17052492552938,3.08479770517292,3.75388897139774,3.49577764140811,3.26164562622859,3.54680846378019,3.59402834988048,3.62413710561673,3.87346950153241,3.88505403230193,4.06401181730587,4.04048052992429,3.63000074805646,NA,3.43823093433767,4.20344386299204,3.93461498091459,5.09774834316733,5.91692095381188,4.18117273291234,4.9017559756983,5.07082832880714,NA,3.70394951194256,4.40080866883705,4.53306354727665,4.1166466596962,3.58556541451341,NA,4.70784706943999,4.36684863212304,NA,4.20013413476078,3.72510554252054,3.66121735606817,4.42920892472905,3.75105535243876,4.60128109558148,3.6020431491521,3.20125828550031,3.8175341293217,4.11833907169577,3.83891921552692,3.89217018482138,4.01826832089674,3.77624435859421,3.80400328535019,3.40373439480588,3.92133529373317,3.18914967735177,3.44796189653678,4.45385222362284,4.70800455801241,4.71696194612652,4.56801180107474,3.89494091251219,4.25013768470832,3.34761834009838,3.98519665247281,3.57435816840363,3.01539288653343,3.46784311251461,3.04809733354428,3.07696606798101,3.2407524421058,2.9607011526784,3.13878418185607,2.88357047074389,3.21032426244883,3.32315244304193,3.17721882694701,NA,3.1166019204002,3.20279495993514,3.34035894743767,3.40042050210225,3.35442941158575,3.21837612170579
NA,NA,3.63965016979791,NA,3.59511290790351,3.48029124555809,3.24864085678738,3.86147357900682,4.17547951705837,3.15571851343354,4.17833725327913,4.3500354677752,3.21103840300461,3.88002134717607,NA,3.47823982742731,3.74564857995118,3.59715295740889,3.46610785212035,3.48194423608766,3.03949289955313,3.7418244065557,3.9326597778049,2.72263547044845,3.04665453209424,3.42603236310854,NA,2.26469205683827,2.11090871067132,2.35664503210317,2.10779025212537,2.40981119194797,2.28376644779215,2.21355219619011,1.87695292779017,NA,NA,1.69521850664865,1.85761030676741,1.78454618970267,0,1.21068608316948,1.32826159805166,2.37633718566009,2.42125634704125,3.1181026824282,4.31411580121957,3.25899238260785,NA,3.53878728535866,4.67582683797104,3.7309233108325,3.70368662497786,5.41761855677773,7.19982399537539,7.75576749806497,4.94542053371222,6.22805248670265,5.17414011991927,4.93088735064934,5.49599965668986,5.89525156042827,5.0777098545501,4.49547352556588,4.98540649417315,4.53782038574913,5.53402623128659,3.91554876514059,4.29752662907845,3.44768423975404,3.52833937134153,3.92506839115363,2.66762837490916,3.04454812504362,2.67394438311379,2.87434703226342,2.97828394292797,3.23359457135299,2.86779168811626,2.8680543322451,NA,2.67166716154549,3.07831350309251,NA,3.35854296898793,3.63655291508737,3.36489669852835,2.38851732170059,3.33858238455877,2.84202371808275,3.43637416338617,3.23424540053662,NA,3.21018537867992,3.28092737585985,2.37348504185675,4.14208354579282,4.06294512257132,3.7230750191015,3.71903374086679,4.11147317706474,3.60921105711327,2.56067324399874,3.20303073686527,NA,NA,3.81512984017051,4.06484572361448,4.09621517812893,3.90488128189269,2.39159159286565,3.68972313340022,3.58153445713498,4.23778954692572,2.82213785961261,3.30385749867224,3.09468384915237,2.80497806574364,3.27026430226342,3.43270543525823,NA,3.0838463064126,3.04213376416709,3.30227234624837,3.59804487169632,2.60827885152188,3.1926644446319,2.7141925307677,2.65308670689349,NA,2.8824517037844,3.10147443196658,3.69995699215864,2.93470710760065,2.75149800549587,5.0337290921687,3.97873637796996,2.57401826246901,NA,NA,2.85137815864884,2.73289994163806,3.48354120964968,NA,3.37730511972789,3.62457193405851,3.55003751719693,3.2096207421644,3.56904365409114,3.48052692985549,3.9217035153215,2.71754678444286,4.37862168066222,4.00467182164308,5.91461170799976,4.83372138754859,3.79654646193061,4.41854733558384,3.56258262665588,3.33572971620894,3.99395212453236,3.58967232381392,3.79314114113028,3.38448703841208,3.3439223799415,3.62978730061964,3.71950083215512,NA,3.77052254967545,3.56320022515095,3.33257931859531,NA,3.43582420017077,3.78431336437244,3.39114461668593,4.21304742901586,NA,3.52919827105291,3.35855051516807,3.81186115628363,3.6755834996739,4.17438591104313,3.74470826840203,NA,4.28386277941021,3.79336751719369,3.96128039924532,3.60563579106593,3.33005051401943,3.6595218711643,3.84587492231675,3.57752043510799,3.71161315998086,4.02618060585586,3.75095803274571,3.55222209487558,4.10319039463826,4.05215771915717,4.0505370948755,3.67847188269648,4.02289264259113,3.53487297714331,3.82932725263498,3.89515915429246,3.18547529317947,3.88288463776647,3.16901482687615,3.44614566935068,NA,3.85388701447549,3.30233334769611,3.62066740605629,3.81697176222892,4.68812746262294,4.53986246366537,3.75010858698794,3.44448637911883,4.27810683915253,4.78742270909097,5.04177458221113,NA,3.91025837516142,3.0185914863383,4.25737997111579,3.21930493499381,3.31431894239156,3.13329752439632,3.30261217673388,3.13178595565292,3.32487622034649,3.36627356401815,3.44385847219306,3.54644519338067,3.81614487429556,3.19017670786196,3.75892448934904,3.49018882148234,3.91908797283225,3.0156007781272,3.44908783579807,3.08724974807714,4.29732724006707,4.41750239168428,4.27304155811442,3.17435796774813,3.34462084389163,3.63883205359995,3.76275291497686,3.70860692661797,3.64468066710443,3.64530895379124,3.38608749323308,3.75064484914582,3.34743044215849,3.5591324751452,3.55975406992388,4.18829958639666,3.69512361883055,4.02048236436388,4.52011843034834,4.07507936379772,4.24136161174171,3.93242307932728,4.30367245622382,4.07917515795875,3.76043567300563,3.42431412955489,NA,3.22965653567384,3.71046679250414,3.98644650742613,3.88188065027554,3.83391907607659,3.84792795418614,NA,4.56546932968651,4.46091976772679,4.2203227279365,4.00850103561028,4.23270764667539,4.11747875905779,4.21779024276783,3.67601171851788,3.69204370104748,3.72314061921164,3.67343254861041,4.06941868578931,3.89336057309809,3.20591916523077,2.95082378132231,NA,2.92409330126191,NA,3.55870146501993,3.58109691074052,2.8398573582437,2.91697229659339,3.55724246581656,3.43601984491349,3.214283215783,2.86448864020016,2.55690808740181,2.61244651890774,2.27979918987538,2.97825883038538,2.61178554943684,2.7441154946754,2.96863561561533,2.71588025491938,3.09266883485151,2.4805260640234,3.27584791921232,3.4304668830971,2.58424239552714,2.77134509213519,3.14938087597416,2.78623878789476,2.09647982595608,2.91246107119911,NA,2.8814252348972,NA,5.31837803387899,4.003294022818,5.65039864496801,5.55402927729403,2.64166554702867,4.48292905645268,NA,3.52683004136833,4.23017255549099,2.9712412866869,2.51755574089034,NA,NA,NA,2.74359118211589,3.20018800273586,2.97248920647092,2.82077937231747,NA,2.44173704529307,3.20663441041282,2.55400279565445,3.25330999474904,3.06745232586421,2.92367811983657,3.23048141360483,3.20589075141492,3.98333265427129,4.91974119603751,3.45430344037383,3.34327271158801,3.51403331809725,NA,2.42799667108957,3.39348481991768,3.10751759309135,NA,2.97850403556255,3.17215203654116,3.40503349414271,3.44419611911656,3.84539730537086,NA,NA,3.51109725582546,3.91068246426379,3.89082307347098,3.77693061563399,3.85606055901709,4.21872707461377,3.82442450438534,3.31987375970702,3.83435993712979,3.62590594698777,3.48254229644212,3.56970670302982,3.564286341282,3.60289564762983,4.15119915037355,3.4633263710472,3.04128010060987,3.19870859592307,3.42307615033057,3.50465347583169,3.2008642320941,3.26565696712319,3.88640653524411,3.41216228889129,3.5904680438041,3.41434269450752,3.16761689536115,3.32817631734356,3.31471888108278,3.33722994558691,3.68052742031492,3.37873066299519,4.01796407810711,3.64420258768233,2.8021122645825,2.95644120611172,3.16492553341441,NA,4.36323537847598,3.79330323272769,4.15162476509775,3.26211437922114,3.04119646014828,NA,3.32150718243168,2.77641854872088,2.59359603937516,3.7922085949685,3.88412765171508,3.57907629128491,2.52441513197976,NA,3.71743734402468,3.8895748048445,3.71401535370199,5.48500957050525,3.3949629823798,3.52332715696575,4.49162112838458,3.56412268687264,5.11906953895817,4.53743845053412,2.54698698780403,3.94168815035908,3.75572285162157,3.47791894023347,3.409923462829,3.77113625985141,4.35606904281477,3.91223041557405,3.93201550213379,4.05041023713365,3.91359838314997,3.69199171328414,3.36733436858455,3.05119643995792,2.75116261318238,2.7324196286751,2.91449623307967,3.092483633166,2.81234492812957,2.96535662708831,3.24587449028515,NA,3.12810642455747,3.07128863682526,4.8048456256431,3.26086265814173,3.04043820947502,3.13728222355094,3.12215111476894,3.12594037133091,NA,3.15295200981483,3.54243466370725,NA,3.32830234743249,3.5826054335696,3.46013537744566,3.40495249253251,3.34103368660611,3.62565869962305,3.54224493922964,3.23035307485395,2.99470126503468,3.79935179349787,3.5422819535577,3.30489579952972,3.55327278361331,3.75934377989782,3.48141820797683,3.72035768909113,3.81467691485392,3.98659293923164,4.05184287010292,3.46607680075785,NA,3.38751724403385,3.87282897745369,3.64754430564736,4.66463127373509,5.48119219283247,3.77473404681259,4.51002115297835,4.59520273413024,NA,3.1732230904198,3.88918530771226,4.13234855135079,3.70324813299396,3.10408767895172,NA,4.24274870172386,3.81391366218464,NA,3.8207483426035,3.25118900467743,3.18121798684527,4.008918247929,3.41633205409009,4.15343814582428,3.0491618423339,2.69867075242207,3.45371163601088,3.62482669748967,3.31437109991323,3.36979811790316,3.31042749304392,3.15210916109015,3.18021726977667,3.05492487286442,3.44551418884594,2.84584225217882,3.03896590680919,3.87543668703425,4.18666363403969,4.12347298379843,3.97313017161327,3.28724771783848,3.78410843850396,2.7238922571046,3.49960883096388,3.11241827232611,2.55550868553576,2.89475412820676,2.49320441860599,2.51196227207138,2.69821597017987,2.45257984614535,2.83535796877922,2.54495813139128,2.96316642724997,3.05343258722245,2.80459466825962,NA,2.72848484056756,2.80988880254026,3.02730759675241,3.07725563087728,2.9578086950094,2.88762242729439
NA,NA,3.47068392039073,NA,3.34982950257689,3.45828712085164,3.12204565717815,3.98586998550976,4.34588951389761,3.11396373137863,4.05355353237124,4.16001682951645,2.78012659098247,3.57487878651438,NA,3.27014790572878,3.77194288516612,3.49356516951181,3.32700676738173,3.26709148334263,2.6677371533817,3.5943839674194,3.88375987849104,2.58016278033862,2.93363732570396,3.1647391370243,NA,2.14945381172709,2.03575589704705,2.44448106501645,2.0154247013786,2.30907645261006,2.09342652285409,1.98174711190764,1.50784176735971,NA,NA,1.37698446669517,1.72455813322805,1.77382822076322,1.21068608316948,0,1.10612318542831,2.38164821672519,2.3886825817353,2.73313393846744,4.25379389603258,3.14950512090355,NA,3.49218508113027,4.74362405277326,3.67949459585169,3.60777560949034,5.39060160706643,7.14615905931163,7.80060594375184,4.87842097402565,6.21056691206321,5.15466679563943,4.81330068970487,5.35119178861002,5.8534894334925,5.00586344051229,4.35676637350338,4.95511025778714,4.42085073750143,5.54084534837383,3.89168990412305,4.37639827111624,3.25531165987041,3.36929226069434,3.68744280127312,2.45634562860174,2.92855799182254,2.53082141141371,2.65795419794911,2.708685003363,3.14111127640242,2.9009384390794,2.71057516909192,NA,2.46307546423752,2.83672706642653,NA,3.21609547421484,3.42104189217341,3.27829314931027,2.20338153312523,3.1646125788698,2.67048054295311,3.34074058229968,3.09057790641686,NA,3.18692576399787,3.05929105230026,2.15260215568083,3.95549600319138,3.85054026363213,3.63861733027261,3.62991013318721,3.91349676319237,3.40612453073235,2.37933127376877,3.09261997209756,NA,NA,3.75422696308867,4.18919566059922,4.02554679992495,3.78855698267888,2.29890348920989,3.72484742428811,3.59398198481612,4.1747182469255,2.74697826471655,3.35889774779889,3.05882223132241,2.68035036239216,3.20477905225068,3.52379402905929,NA,2.8776142795454,2.81929029367441,3.00145942144793,3.43534610700993,2.46353394372882,3.01746200496167,2.59932475961658,2.6851960267178,NA,2.88017092899894,3.08914066625659,3.47965908857796,2.84500752521391,2.59791992495967,5.15254564980427,4.10482911508212,2.58476824899258,NA,NA,2.69107176331871,2.66173268137194,3.31141392001346,NA,3.32326078127191,3.61351754065,3.58830351759607,3.11998427188075,3.46635886273282,3.43475457049711,3.81636262630847,2.5102991644006,4.40945280681838,3.81121177208217,5.87035308769039,4.78309377793037,3.65831093962501,4.33039406106009,3.44788109975109,3.12544729823338,3.78285155941588,3.40454105719747,3.55103999634579,3.11271239705262,2.97682198033545,3.31689248832999,3.41662643255144,NA,3.33627143081489,3.05218722173534,2.96963685671547,NA,3.09729198509293,3.51945957388558,3.06939737871666,3.9221652088572,NA,3.17423111617915,2.95791240889158,3.59872013646524,3.43738748209412,3.98541849191281,3.44063059142014,NA,3.89797424419821,3.54180362570155,3.67412348237265,3.40643101723786,3.02047748597743,3.30090274609629,3.48705609817421,3.26957167290355,3.44872917615912,3.86009803655516,3.35241764632911,3.16468534295309,3.82314318603139,3.77831400398054,3.7490133815068,3.29395166471811,3.60123733645305,3.1209517622654,3.40597633502538,3.58728619530315,2.70470652903371,3.37974632337241,2.79629563080891,3.06496679942668,NA,3.45058474971407,2.94481084139727,3.3014036222296,3.64303589102581,4.58198319952866,4.49809952194252,3.69417245393954,3.385940219706,4.30757041588893,4.83561452734804,5.06012881969192,NA,3.82756556970772,2.91858583005002,4.06921939786582,2.90408778449362,3.02449915066718,2.81321402042435,3.12848404264301,3.00219123335484,3.0373403287248,3.06388875659117,3.24394185460105,3.49781028543741,3.81944989484743,3.09225946262335,3.5669901318817,3.28054777673844,3.72023754304251,2.69506065868947,3.02145438684353,2.91782573117395,3.87673482984926,4.27586003080388,4.09369217594101,2.86641069540541,3.01974350888315,3.28278122103672,3.41667827409043,3.44390638738204,3.39051745788696,3.38523519878695,3.06670623101681,3.49595332011801,3.13074028805088,3.2144736983728,3.38119437781157,3.99538007856667,3.43886924518665,3.77637288792121,4.3113457905097,3.8671392836318,3.94932080247202,3.58042938701283,4.06392490162175,3.90503585699327,3.50956395069351,3.15668584826265,NA,2.97392154721385,3.34480928483496,3.6756542088229,3.64839402398861,3.56629896819962,3.57369319884029,NA,4.21128286128301,4.17473089668869,3.91927880627775,3.71473750165152,3.93519902740033,3.89099926017429,3.8208888162912,3.35026095573451,3.44877047786679,3.47740237858583,3.45350490685512,3.7913956906587,3.49912975450408,2.82477867963278,2.58983222658246,NA,2.56751707838282,NA,3.29696625310899,3.27887911560215,2.48021861250855,2.66074802104167,3.41569483806974,3.3638170143654,3.00314850818618,2.73895439371589,2.30125723500434,2.329543930348,2.08881929124169,2.84170823031745,2.56361204183568,2.68106793189872,2.67867074591977,2.54713430988849,2.98649717144619,2.47358466826254,3.22616032127162,3.34598146561426,2.48877858132556,2.77571575063504,3.11968371344493,2.62396676938175,1.96863493408427,2.78374945350908,NA,2.73585146889504,NA,5.45702042073421,4.27733002393615,5.66673754555445,5.70678188170092,2.54347929060937,4.43555832146943,NA,3.40587710147148,4.2093889496899,2.82960801708042,2.39111480905573,NA,NA,NA,2.60343725507696,3.25398788804327,2.7590117906726,2.55997601101848,NA,2.42293901617798,3.22909389498861,2.45826045384719,3.14852903496162,2.95471676191532,2.8320592754658,3.28060547143973,3.01583091123,3.9153023629531,4.70382089255426,3.49519672916261,3.17420066288527,3.26485085000897,NA,2.27829037315299,3.28033052803042,2.9294752776964,NA,2.74798144658677,3.01678720110304,3.12312801414758,3.18550573171895,3.58152802574755,NA,NA,3.24031102862565,3.6744317261691,3.60356547245218,3.49609014333287,3.53288985588775,3.79743384121094,3.45207405638472,2.97308186715917,3.45574024766975,3.29106987237492,3.19510228474268,3.31593111137309,3.35631629065838,3.38590215526735,3.76854671292022,3.09892140940408,2.79357069841205,3.00522939891915,3.14707499503293,3.2336349756891,2.96636693253789,3.06649580230573,3.68043520153016,3.12895339545271,3.30035901360416,3.29043043702686,2.99736995449117,3.26112883636568,3.2356825363365,3.29984557858052,3.47736202132703,3.26631140756463,3.85699713728612,3.4546001117792,2.6291357008009,2.9140255604359,3.08788964234069,NA,4.31551575367932,3.86621629882296,4.26675486442658,3.19019125309789,2.93586147786472,NA,3.31698898868925,2.6761530108687,2.47777946190787,3.70162196445114,3.8733565057085,3.49314269013103,2.16956613785224,NA,3.53413110469866,3.82347458558295,3.5834937941672,5.52972847403083,3.30056679788855,3.37129647851078,4.52530127716988,3.44552624358654,5.12830947802375,4.46078806013496,2.26391061771602,3.73074209398522,3.50959919181453,3.32204786585752,3.22906640783356,3.64414830002138,4.35363844007606,3.84990675790834,3.86447216906813,4.05362514799679,3.82404417612864,3.63365976276759,3.20314267289666,2.73376362956817,2.58320718841016,2.63934359825089,2.73642843147872,2.80277105377766,2.57147340611267,2.65444053105596,2.94554969709177,NA,2.72658456220737,2.69857632213594,4.84030416953342,3.05056567828948,2.74511550394553,2.83871925354565,2.89465484689937,2.85389522132852,NA,2.93423233726452,3.41554649827025,NA,3.18092699634917,3.47769150353719,3.33861011944029,3.1699449075181,3.13545089812001,3.38695511750094,3.39484368937157,3.0773157352975,2.81937589012499,3.72137501038077,3.38620831025789,3.16077042184775,3.49222275500129,3.69783730254798,3.40944822775124,3.60139324228315,3.76469897567641,3.95621966435972,3.98501937106741,3.29447031473827,NA,3.2499932052312,3.80353336317921,3.48977725357476,4.56718828320442,5.41909201517074,3.61756483855925,4.47052418410936,4.54627374962855,NA,3.13474637185828,3.89596912208265,3.98995958479165,3.59014529439688,3.00197667070489,NA,4.33485806500144,3.92637868386213,NA,3.80092558039648,3.26716487280591,3.13545299957038,4.02747115299023,3.30745806060904,4.0481407103105,3.08479757097537,2.58515636507623,3.31083354520462,3.5547592852972,3.12368839007042,3.28208186943898,3.30316176595339,3.14627556962419,3.24492959043232,2.8086980292139,3.39766203023465,2.79405833996331,2.76404685968897,3.82033513945399,4.18372293869588,4.05977833667643,3.96244305504382,3.20729451242155,3.79116743346464,2.62904064778659,3.40638014607623,3.00940305604526,2.35651077671824,2.81899580849341,2.28733080424068,2.34389973089654,2.4782865674111,2.27183952605792,2.56121309986471,2.29276919659851,2.63503156939237,2.6084217010581,2.53207498950108,NA,2.44885376282557,2.50572219933712,2.70056955224386,2.80736034082692,2.7285395992643,2.57450861575612
NA,NA,3.73912904162113,NA,3.59632909221814,3.76981990144501,3.42456565424813,4.20793144029618,4.64167466853945,3.57735013711208,4.27982476110841,4.40944204915222,3.18174115693683,3.89105314117578,NA,3.70532726100018,4.05915865302775,3.85499270450864,3.78795895482899,3.71810868796765,3.13167497292837,3.93872988005418,4.07175466316472,2.8037552564456,3.1397552394036,3.37090397225874,NA,2.18347019569446,2.12547698573481,2.48315836391951,2.33711618328401,2.37860818784437,2.12470690883869,1.96771643894314,1.66923093705745,NA,NA,1.56677656315317,2.02825318738979,2.19012518738951,1.32826159805166,1.10612318542831,0,2.31633923671958,2.10684904670579,2.69798103277823,4.06557317594563,3.14281747356617,NA,3.4347522867984,4.47961318092626,3.40768913748051,3.35295841406877,5.17872466499924,6.90227329083574,7.46675850490145,4.62444008744993,5.88931300530182,4.83793932701904,4.48435341990766,5.04382483853032,5.5271463504938,4.76052173988999,4.17958633473454,4.685631209602,4.2520589146141,5.39777262078136,3.83024189848145,4.25045740386127,3.24695694928086,3.50667078365457,3.82147523116102,2.7257203494704,3.25890973907682,2.8821587279148,3.00092131368406,3.01138792110669,3.43933648796429,3.10992053553176,2.99265541478897,NA,2.78963298522745,3.06183373166723,NA,3.46131336811973,3.62114635567307,3.54823849398612,2.50223723231496,3.43467504619816,3.05152538409497,3.69811459679051,3.40321481776663,NA,3.51950666742379,3.37442991487031,2.46310198589383,4.23280681777717,4.13830045702221,3.99759544431525,3.944079605295,4.25729521217623,3.71025340404367,2.65715839449184,3.4600365708176,NA,NA,4.07009832521401,4.47261903110078,4.30170076062083,4.0978842400223,2.52348083571158,3.93418370329174,3.73369651916794,4.260847785146,2.9565511581765,3.40699031583141,3.2901257666241,2.89620827985051,3.39446502995351,3.63781332829667,NA,3.19636153869003,3.18365946576807,3.27850864883546,3.75192175476058,2.70958408385786,3.30911817362965,2.89507444319904,2.84606763631268,NA,3.00541379986261,3.16124703499149,3.7324382158302,2.75665490156545,2.4582461508909,4.82544855862923,3.75036877724155,2.57761894050198,NA,NA,2.63790131936999,2.4297745084581,3.29810735807836,NA,3.11600215585002,3.46312535926298,3.5068301449432,3.12494210660174,3.29421869253331,3.36993648564069,3.69317474676549,2.49836770392275,4.31266699606112,3.6897235993647,5.56387920443053,4.60013101547636,3.5375487007089,4.20128953121642,3.32469667026743,3.11395570772328,3.86949585244856,3.45106260151504,3.59468907543952,3.29963212337234,3.18793331057674,3.53196638208296,3.62924020211346,NA,3.58451791406786,3.38992023106437,3.23723562386258,NA,3.4001981290038,3.73532466599382,3.24818961228448,4.18940949089997,NA,3.54962451045167,3.3359301938125,3.90437531099931,3.82138056758669,4.38059620943257,3.78616452594172,NA,4.31418120315678,3.88650439912457,3.99307474495055,3.61879958032273,3.40125843864706,3.68784843585397,3.81138139084453,3.63810826119197,3.76216176634668,4.19257452591615,3.76777026106378,3.59680642629378,4.17061052742018,4.08027048926438,4.10387528284961,3.7146268033031,4.00200485140371,3.48162214821948,3.81085876311906,3.8842250940119,3.03998131692843,3.74151944731518,3.17185966947823,3.43161720983416,NA,3.79491390733692,3.12741026237562,3.48282572257666,3.72195817990263,4.49523122426814,4.27958973281764,3.56829592232084,3.25357614339366,3.95630113407574,4.514553413757,4.96661231013986,NA,3.80476740924598,2.89408157824246,4.11747593382366,3.01934631536371,3.12297294989748,2.98570352614203,3.00654073691376,2.9414760669284,3.16274070371479,3.22189309498141,3.17420333819893,3.28954512029782,3.54736084613663,3.13411669966081,3.81179384432366,3.47122389123515,3.94863540742686,2.88516830075152,3.20468201023804,2.98970479952377,3.96464498433877,4.17682400162871,3.92314982034204,2.86717874163737,3.21247534141423,3.3699733597129,3.54883565793647,3.37190255713416,3.33470725218885,3.31807250443729,3.20178685891469,3.57086617223521,3.14829120513576,3.35295987186066,3.4266281840774,4.05648584708836,3.49705910905081,3.93780249129052,4.49648870069034,4.10429042384993,4.20667261688337,3.83098464862258,4.29055345241325,4.17237627220923,3.81602287955168,3.44131304590102,NA,3.23710851192878,3.72637861371747,4.0186199836396,3.94122424330296,3.84895184540768,3.83611604865512,NA,4.58164381037823,4.58985491145728,4.35914643486317,4.04329461170509,4.2729449788782,4.18437717963436,4.22845615452533,3.67008190891523,3.74372066731818,3.8128030271878,3.72330711144541,4.09567831481933,3.75909469126231,3.09117096504588,2.96841787530009,NA,2.82445083170428,NA,3.54567425348742,3.51469293692596,2.57968483709432,2.79021404520144,3.50031217236135,3.43499829830482,3.1304481744661,3.02113906201086,2.45072569960508,2.52975588930639,2.32341429389348,3.02467098468966,2.74124209188329,2.90422975570533,2.82821992574345,2.77904411453622,3.00855926279827,2.43203781119374,3.33833022433721,3.47064364286473,2.44914949579844,2.77477876027052,2.89479155579921,2.58043369015778,2.04325910014994,2.94471170572871,NA,2.61537815241189,NA,5.11353469776838,4.06285441936032,5.32845463076577,5.36447296676798,2.44657132616239,4.20377193566166,NA,3.60997417703866,4.25457731131629,2.79933548394353,2.1982638972846,NA,NA,NA,2.28002872774033,3.28703817805931,2.68081840996928,2.58434784670586,NA,2.36553158120247,3.08283671651747,2.40196368444047,3.03600017847441,2.98432849038454,2.749741085558,3.02649199065784,2.74523706918853,3.61990008223094,4.78345631416667,3.41708994526594,3.33961265520615,3.41061797588781,NA,2.28339675179862,3.59642690256945,2.96595985450566,NA,2.83991934711614,3.059429883119,3.25984799790715,3.39690440149805,3.79539657842804,NA,NA,3.57866271249982,3.87833804312459,3.88243647583041,3.75349635693996,3.78913621124307,4.0623659205314,3.71518730619652,3.32597325709857,3.82104289539355,3.57662060475216,3.42644069007887,3.52487963950381,3.48266694613993,3.54747131142095,4.09973012100926,3.40817297843603,3.03800542797438,3.09865140776554,3.18864040124346,3.27454037402567,2.94888860896667,3.10697817549899,3.75203184546081,3.2203549498004,3.36881795402767,3.29433045019685,3.02740229864643,3.16763293971167,3.14824153191759,3.27905360266947,3.46091839553683,3.16295298035364,3.80952985103061,3.50441562718372,2.51197972188385,2.85731721501802,2.77345184864287,NA,4.10687673273992,3.4450868856601,3.83556987732939,2.88390807120265,2.68402179235196,NA,2.9705730778573,2.33736494145581,2.08929362278071,3.39313778991822,3.50838478584173,3.16266961729228,1.94396317560562,NA,3.26145035676746,3.4381539622128,3.33203454777532,5.26838290207245,3.02300287071764,3.08200739802179,4.14532067987767,3.1589371557741,4.77938695158573,4.25266267643609,2.09524065834038,3.56213812674908,3.38676771624774,3.10340215727024,3.00532141783431,3.44693438431958,4.05496718622754,3.5742511998446,3.56577200124301,3.75137106641758,3.61609637241681,3.257091305643,2.88871189221526,2.71356547052411,2.39565443548506,2.44801040032912,2.81839714743712,2.93341477463615,2.49306345964972,2.72644986538993,3.06022189593427,NA,3.07487501981161,2.96572488884996,4.5665224771395,3.28524798915878,2.97833801934061,3.13625659155756,3.19929613250751,3.06597427110833,NA,3.156941207719,3.62832488787689,NA,3.36840024899158,3.71533694661928,3.55212418119356,3.32868658005768,3.29327788792537,3.61046411454866,3.59893829033436,3.30012975006416,2.99389705650394,3.88323055633506,3.57471432293542,3.36257741739768,3.63681682526978,3.81835947799495,3.44216249217355,3.68456942138327,3.83554940175851,4.06086473881123,4.19861531679602,3.34346053240571,NA,3.48384729582953,3.78799269101847,3.50120534120674,4.53627873512643,5.36657975785535,3.6864023832804,4.49957500679536,4.58993640932757,NA,3.11968916531146,3.87847030852206,4.06750592030812,3.58319476945948,2.99622388592534,NA,4.40921265801355,4.0182212032228,NA,3.72181718058965,3.10319011374838,3.01869216971592,3.96929114170141,3.20765689657627,3.86446706531501,2.94131939182757,2.43881069080353,3.18720561284263,3.33964152408662,3.05916063431257,3.08162144368059,3.1514346077318,2.95359288886563,3.04222040021251,2.97414553763657,3.43518768130887,2.90883086701,2.78270392290617,3.50794818850539,3.9428429116147,3.76120316169532,3.54946291076643,2.80974379196517,3.44615364478751,2.41792958522126,3.22260473660682,2.83808697526615,2.1594137850667,2.59458608981916,2.14999056200565,2.30578059411652,2.48961403782762,2.40094804173163,2.76355939501963,2.36467677102153,2.79776875994716,2.92360216254745,2.64741899595923,NA,2.64236279519888,2.76322143079602,2.91137941085861,2.99876320833579,2.90381407452856,2.71574017271157
NA,NA,3.7830761745723,NA,3.61985040838917,3.66743782832586,3.3377940142092,4.26697600646412,4.53904832649016,3.6124278716879,4.43721887404002,4.68035249045044,3.19485836838731,3.89229621231847,NA,3.52508067916746,4.22301133644442,4.06102401677275,3.81309014108275,3.92847783443233,3.33826330299781,3.84946770435348,4.38543458419503,3.36545393296378,3.56303991835649,3.65153549886817,NA,3.28807648832724,3.27093745937482,3.59739416942364,2.87279917491872,3.22766181637961,3.21357932615342,3.45406402499169,2.98715034636724,NA,NA,2.80814416963614,2.71864456161346,2.72893893335373,2.37633718566009,2.38164821672519,2.31633923671958,0,2.56326414805848,2.68845534168346,3.60132669232987,2.67990694733393,NA,3.06786545408363,3.9247437982901,3.15763001501033,3.15700183574675,5.08951960996627,6.65482221797503,7.21942760008322,4.39838911310082,5.64673787431446,4.66531650574829,4.75690628752636,5.36861452676927,5.47671586530817,4.74143597527557,4.29496228463444,4.69737372155473,4.03626971923497,5.07970314294529,3.41380142767307,4.00212454039688,3.29633674942355,3.12417208011172,3.71052737498554,2.54571843294855,2.64871004744908,2.52862595717991,2.86082319406737,3.05223105707868,2.93626943623431,2.82068453404753,2.73903770604339,NA,2.69017093958444,2.94260855333864,NA,3.12129737053952,3.73776451343214,3.2585649109473,2.50861046430949,3.54635306666876,3.00351992988654,3.54234044070769,3.45500129427865,NA,3.60347439330461,3.38379847453544,2.47998550292434,4.1543133940483,4.06367902127806,3.93914156068913,4.03854725143325,4.42169936167068,3.68750498092211,2.67608039991498,3.46754525617523,NA,NA,4.10542372429889,4.56624595831443,4.47384499555076,4.14241367490094,2.63330048368328,4.04596709216404,3.87472198526432,4.70361698388207,3.20849940339543,3.87523174289065,3.4728793969954,3.26587160052366,3.77078965632218,3.71612597197449,NA,2.88152983437861,3.0052910147239,3.28075984656473,3.3862933979604,2.57868172665138,3.08595711505777,2.90070508434733,2.89430437304323,NA,3.29314970764606,3.55421163185377,3.85714328491699,2.74223227439097,2.56869441766656,4.96985293047513,3.77455216012038,2.19230446923917,NA,NA,2.70442231954729,2.49551349574475,3.38585061328794,NA,3.241575973237,3.14958730512845,3.25602058348326,2.76816623322857,3.35763775257194,3.15525929792752,3.35904077581505,2.66439626650108,4.53855747490435,3.49992276304136,5.38623551968035,4.232391704518,3.31211816333458,3.98264438940913,3.18890037646017,3.03847511641986,3.62187937101693,3.27233889784574,3.45260429372926,3.15581632732705,3.1273440129539,3.37595137136545,3.51189162861432,NA,3.53316483039315,3.55884894621159,3.16256970391062,NA,3.26121209274891,3.79596057424257,3.43894038204096,4.25661040631316,NA,3.63245112373104,3.57131364901192,3.97915681824466,3.95057940907046,4.17588566209939,4.01500074619649,NA,4.65041857506088,3.83695974273305,4.17768994259811,3.82342735709544,3.6634120614883,3.89247490576264,3.95284764196293,3.71021759996713,3.88084104133014,4.15253829150925,3.95073002787426,3.62183908635836,4.11445799672453,4.01225505604211,3.99613618770399,3.66688048551449,3.93040879591956,3.66233588543232,3.71668318999908,3.85850139144449,3.45452266496058,3.72787281998792,3.25736613943892,3.72806252612055,NA,4.02858663483843,3.4165108484658,4.0191572244128,4.38648133058192,4.92110501979596,4.64216164190341,3.92710269944349,3.6320013996196,4.02976915572471,4.8412069770477,5.38927342225391,NA,3.89636703191737,3.09894064110637,3.91307601881774,2.70094512622174,2.67303878825983,2.69194002059244,2.88996525675792,2.89393478118403,2.9453902950652,3.0137796888117,2.99741592399762,3.19369723301361,3.33405068818556,3.08433546719273,3.53446910089629,3.27316419823594,4.0505920863029,2.87857184156528,3.29297855185215,2.97304010455306,4.23301372437916,3.97868428632077,3.75716546485811,3.12430142194546,3.15758777662961,3.25572058300296,3.33596387254524,3.44263196433396,3.32802428174959,3.3918397529218,3.07048713965393,3.37235242807483,2.95743778303399,3.17215956406785,3.34068062399624,3.9481967482672,3.42397770468856,3.79319947632649,4.37107180378207,4.02637857998637,4.22311923422541,3.96614433882991,4.31877577306466,4.13155919519789,3.98409300892077,3.54297012384678,NA,3.46559800361045,3.83877449183202,3.95107129244296,3.93605330974263,3.99954266871406,4.04960353821257,NA,4.70180457219342,4.78357442270962,4.60077078837579,4.36866268533547,4.55190601381152,4.37888351107955,4.2998533209181,3.94009936335407,3.96151933892868,4.10557718542631,3.98551307669647,4.24337477261337,3.95017808812203,3.67113200699704,3.34709127175492,NA,3.31369247847596,NA,3.93080510719327,3.90283356599829,3.45265082821439,3.65465331400007,3.65234031459453,3.73907407715318,3.60348232202011,3.21428548957673,2.87648175154651,2.73890790136833,2.72624188068879,3.08647579534125,2.84942475017164,3.02191385247228,3.21086727704726,2.72479179404517,3.02871911298996,2.44063996224681,3.01071399318607,3.14454437303017,2.64398725434731,2.97243330031518,2.85174461943171,2.54088443307882,2.0880781286852,2.45775669520933,NA,2.83969983898413,NA,5.00010538118062,3.68356736309087,5.13278932916808,5.29778305215695,2.54433454684196,4.15670321997737,NA,3.88872481793138,4.47057391739675,2.83568986836931,2.60761534858025,NA,NA,NA,3.09714501626933,3.02130369451724,2.73845167224654,2.50634264361614,NA,2.40204008397371,3.23704379258972,2.55991154916232,2.92466213603416,3.10709363165032,2.83959791633452,3.22357729456042,3.08734143551057,3.76347516823714,4.77877491652676,3.48163097761672,3.61371958840333,4.09157178137971,NA,3.15548582470933,4.09567514131185,3.17388626660224,NA,3.16978185511481,3.61043288293871,3.61618779315467,3.69478270729358,4.12467425116939,NA,NA,3.86718644807728,4.37408323356685,4.20098947811585,4.12967586872937,4.11549410527759,4.36903036510993,4.03810381496837,3.60531400730751,3.93449749447835,3.79260974320008,3.74467645754819,3.83526803808762,3.89776484000519,3.64460773581557,4.06209384592286,3.71096819449858,3.67856595322709,3.66962022212073,3.88876931522474,4.0311546855972,3.66195533990678,3.75770123937014,4.35130251363118,3.70175511931839,3.80783454678881,3.66773572195143,3.63982823359896,3.90918273735536,3.64362377094529,4.08133200530743,3.94416207198576,3.66878856401193,4.47114156843047,3.81290715842538,2.94184379028777,3.31837738887964,3.33376445818459,NA,4.58235073316574,3.68537942365084,4.03159865790375,3.14662567502503,2.72228904666415,NA,3.17081988353065,2.74822923785333,2.64305058307712,3.52127523411653,3.79319262284606,3.35178015356056,2.4997485059895,NA,3.34300441215607,3.56814288381073,3.41557915555715,5.2753406770898,3.22459517884141,3.29172814909357,4.10156743915923,3.38034152226364,4.74831516361308,4.34619722606589,2.64937246569194,3.66346575861022,3.73037245474774,3.34132782005855,3.2824945364522,3.64760528210369,4.32459404387015,3.88567641166765,3.9694831577756,4.1974414528156,4.07599208679574,3.76384612788752,3.45095130978221,3.12862609251008,2.88299390556453,2.85584110340844,3.25021881391717,3.32533107603103,3.04362034266102,3.23548940091885,3.40689533301776,NA,3.41800791218627,3.45331340126678,4.89049797097521,3.70575058228711,3.5109167958425,3.54300198651508,3.59176312037062,3.63683869347516,NA,3.65068386376598,4.04972214367566,NA,3.9453822423523,4.15001726459926,4.08662778536664,3.9723036055651,3.94674721110302,3.9525499020588,4.13545646212707,3.90239764651469,3.72008618962962,4.39909981091875,4.13461572083777,3.86056141332975,4.18433339561336,4.29970415574449,4.01167278490815,4.21522292764987,4.30678939004824,4.63727632453141,4.61248756617236,3.98406288378576,NA,3.76923264804239,4.55645241094284,4.22510745936331,5.24694698084214,6.01535261840164,4.24651349900403,5.01151506798797,5.09029588357351,NA,3.92144954470762,4.49899319557276,4.53667553195852,4.12194544302121,3.57565673050663,NA,4.93117790830827,4.61527386442892,NA,4.225616694989,3.66385788142064,3.54196206722074,4.37810411134195,3.58812221787053,4.39229450992418,2.8827714260771,2.79193761812993,3.40684944467081,3.59301810072007,3.34239623711116,3.25062031823705,3.31046576482263,3.11571187318959,3.33330523982534,3.1368980780349,4.1146895101686,3.03938062802628,3.14721170452087,3.99828425190164,4.36731259697313,4.10435452832573,3.93937079708345,3.31499032071633,3.74232293352188,2.93667381164371,3.35112813691632,3.04742456823088,2.59881694478855,3.18437243892332,2.69883075501258,2.73292161270526,2.93441867650856,2.82568071067232,3.19128503230281,3.01671946530004,3.37658864492038,3.23944645416296,3.13044661416771,NA,3.15474225571455,3.28819637384374,3.49594373398224,3.52255239583044,3.43237825199442,3.26791937827307
NA,NA,4.12780861883932,NA,3.94485018699401,4.15305785036147,3.92416035146088,4.54899404729942,4.93734926672966,3.84314948366592,4.36768366376534,4.56723510130521,3.66572311030931,4.1336566684742,NA,3.98178333042154,4.41531168877016,4.22546395338484,4.06142457818517,3.81076785572392,3.40738014679097,4.0679498915527,4.3604284245956,3.46434600160337,3.81023380677472,3.95085730711025,NA,3.41555758406308,3.32709632190759,3.45690348040242,3.15267205540227,3.44108616120912,3.4102061558652,3.36724619652659,3.05446346706846,NA,NA,2.84191288028124,3.09971897546692,3.14023051414623,2.42125634704125,2.3886825817353,2.10684904670579,2.56326414805848,0,2.16493313627978,3.11342237461011,2.64460960238538,NA,3.23180170208724,3.48772604192759,2.44882225784091,2.86965981187764,4.38336835381983,6.05568046229804,6.51651945563753,4.0532284387061,4.95448166394435,4.01268557778787,3.7085963897087,4.33040581029006,4.61150641398514,3.95217675324762,3.78892664211221,3.89706655367172,3.62252341766541,4.90711916801808,3.6615048533921,3.90634731506891,3.30193408008241,3.53996614264821,4.1329877870429,3.16888664945648,3.47590122766377,3.24907201135301,3.34601871182773,3.41473036243312,3.70089782659604,3.56483689392489,3.48302491969752,NA,3.2849030337428,3.44432827595484,NA,3.85820830721599,4.1483811354457,3.89701483848965,3.01995382002888,3.86247737593431,3.46671389849733,4.12705865963344,3.91914907309695,NA,3.89431885638355,3.84687963382903,2.96620810069324,4.6289518653096,4.50197801336512,4.33686422423088,4.4330406101143,4.61604393420817,4.00794278521,3.09694615426486,3.82286396930685,NA,NA,4.53664840959352,4.70727339504211,4.39082941578184,4.13924762069929,2.91692511094141,4.33051456410712,4.3655663031804,4.66073695824646,3.47282142827382,4.00633881984385,3.89288689242192,3.57510249624765,4.01073849159872,4.20788937688663,NA,3.84804700763857,3.73941797524328,3.87876245579443,4.29918292446878,3.43948496193317,3.78724292370371,3.38698205670882,3.3838340495969,NA,3.00704732416105,3.2292204499612,3.8541002331139,2.78453569534265,2.39531743143008,3.84706850581864,3.16156616107276,2.6776365464711,NA,NA,3.17073799259928,2.52804788985733,3.71091166941642,NA,2.72870719892095,3.15619905888171,3.5186064746523,3.26820193643961,3.07312370903228,3.18285652971548,3.13775763733785,2.54735304715741,3.90496890009993,3.2714349803326,4.7142955812532,4.03977048780493,3.27215871986017,3.8179365181475,3.24994055161052,3.20438455319392,4.20059698087596,3.72905172164338,3.67352059709258,3.64879428485207,3.39888917185063,3.79852627264306,3.87603026352362,NA,3.7143211134067,3.68663690737323,3.3710280791039,NA,3.82612800906579,4.24916578625147,3.54504486518499,4.53322317713937,NA,3.9298380560627,3.77508200319487,4.42032600845073,4.28391197029837,4.70318841157895,4.19729515870902,NA,4.74785124671416,4.26424871102473,4.34303549423002,4.18615601076668,3.94104102957011,4.11881446859348,4.26545641906922,4.0543336479502,4.240053337068,4.5907251624575,4.19918373757421,4.08089046959425,4.57322689091934,4.55160693191781,4.56471873487584,4.15380161978597,4.28756883788312,3.95883914486511,4.05319891708831,4.08603349729305,3.48297619113804,4.12818927356643,3.65692725836565,4.0493737044824,NA,4.10052243528494,3.48262763848297,3.85458700275419,4.19419452684648,4.46893389031377,4.03649041302926,3.87487095843342,3.54448888787757,3.4172212686034,4.0173342074912,5.03569127771693,NA,3.94333819543296,3.39697095369082,4.07197146349476,3.25105923768156,3.42989731459891,3.11711808672288,2.97800403567214,3.00411372401485,3.33520986870133,3.42751338679966,3.3304619417784,3.56746681373245,3.36540842255088,3.421843876798,4.09982800525552,3.69638421804319,4.37193267537154,3.48782288699753,3.65923305258151,3.60996418123517,4.51936429617627,4.20080155841149,3.80891301424589,3.394818060206,3.71844035617333,3.72363942745604,3.76710494284125,3.32196237670202,3.39650606066761,3.45625469703756,3.5368666630497,3.62067382968978,3.25244370451145,3.49663453911573,3.70214535466567,4.35716266744089,3.71061147652394,4.11773482621816,4.62341209371288,4.51004624537793,4.58905487377108,4.13344475934161,4.58762200004733,4.44942188721343,4.29554492888173,3.98946317006407,NA,3.8444695706879,4.26582433026879,4.52571408929027,4.45999348755345,4.35996960344319,4.31340286401526,NA,5.04079183886114,4.98532778753624,4.78799667640231,4.64569039341928,4.75642427668129,4.67747138430465,4.65060405053122,4.29118418256573,4.37446171323465,4.42291260177045,4.39885416531498,4.75682684245024,4.26029936617816,3.74512054180294,3.75560785018918,NA,3.59049063067307,NA,4.04565797413009,4.15638752411661,3.49436680085272,3.59340195987791,3.92467497223481,3.71248499944114,3.68571074319115,3.60161328868651,3.33608635171627,3.29848323029455,3.05336673442246,3.77458342699784,3.42267741461229,3.51265622140083,3.54276218439569,3.3278185106883,3.36251557049533,2.99938672908829,3.89766237388044,3.56249303597723,2.64620390129965,2.54494990109009,2.4765326722259,2.6727915064434,2.39682867653075,3.2074915402156,NA,2.51767808907991,NA,4.13662341294633,3.4359468681224,4.25101151347665,4.6021637673553,2.82984888514222,3.80041849842025,NA,3.64324434951038,4.27417589316913,2.56269279471188,2.38607877359701,NA,NA,NA,2.29704552578715,3.62714598022631,3.07761946477027,2.78750955474061,NA,2.72756830989336,3.33496624588014,2.71431004075091,3.19603824205662,3.36257226221266,2.75994539266584,2.69558797502923,2.4863942343586,2.85614984350608,4.74907794554167,3.64043141521663,3.75830307772651,4.0364032473855,NA,3.12148416868868,4.0856820693564,3.56268726342348,NA,3.47534535851814,3.91327245309464,3.86632661227619,4.09054482503038,4.4138242187942,NA,NA,4.1912424802951,4.54692069483965,4.5439625002435,4.49797300639411,4.44478739328491,4.61994957890876,4.33040325937572,3.93115926865019,4.46459803580393,4.2236446719288,4.18398114367815,4.23774138592832,4.15139024087539,4.09640517241174,4.60145156985241,3.81158375746454,3.69239405565664,3.7542013149617,3.76021807167994,3.89816849516166,3.57161342681616,3.54687563470759,4.1086989209103,3.63336389378579,3.70636836645189,3.71664541468353,3.56411516059762,3.64697005004176,3.64466694647491,3.79827407804418,3.88468622264345,3.6438240507597,4.0287245177946,3.81849024117389,2.60193305457793,3.05405787121272,2.53906802853363,NA,4.34760428736644,2.83165494795147,3.34715865277859,2.59532374956137,2.49005656702257,NA,2.32557436979633,2.21906650277194,2.07862277312268,2.95671881635538,2.94637497953154,2.64981512733752,2.45680689820427,NA,2.49639828477511,2.63378509748947,2.99282157833346,4.18374147481975,2.79411122080324,2.82835192152779,3.40393358143809,2.77881665941962,3.86336696216078,3.44296555070636,2.54287431767277,3.32477148195529,3.33529171894642,2.75769780848429,2.63233435891855,3.2253312734237,3.31618301742778,2.96015429798189,2.86914404457967,2.94838631617165,3.00819422044669,3.13734036631675,2.78935775652031,3.08653253030051,2.72864329201204,2.68615214737886,3.30861569111396,3.54943946298248,2.98958831315664,3.4313459433364,3.76282505177775,NA,3.68966690599578,3.64337266334935,3.57833725780069,3.93111836737042,3.69711528614782,3.85112425476418,3.80038590100056,3.89925659684248,NA,3.95541147605259,4.387359838689,NA,4.1988610669038,4.50295540139337,4.34985998562291,4.056173082433,4.11900742303825,4.22192416949294,4.23814860620991,3.92727090110832,3.76229400686144,4.26148408913381,4.16573040547344,3.79071493873474,4.01620893913614,4.2602446019534,3.80743845240137,3.91184806944292,4.04171127173198,4.28345266574057,4.47284626762548,3.96357972664334,NA,4.17465069387302,4.28540445671384,3.9124017932388,4.97278889813389,5.82887272825532,4.16495873362383,4.90319648723671,5.01597164877157,NA,3.72361301144969,4.431066594672,4.51282033510534,4.08138292599307,3.60976488085467,NA,4.86715990685271,4.40392614047982,NA,4.29244134651815,3.63043990362392,3.46713837672195,4.08738380401936,3.44522178616628,4.19915213713612,3.37445280110773,2.68325019565544,3.24029647136659,3.30974517150598,3.15574575544246,2.89742042357283,2.77632479834336,2.53539307237577,2.67638300094339,3.5786866039545,3.75727614055822,3.35631187191057,3.25636207987655,3.11881927775134,3.90692783098765,3.06131851093368,3.0678297547102,2.63624999933042,2.81244410352519,2.31905334014982,2.68707893230772,2.87983986446537,2.48580148163921,2.65590416251339,2.44122348690035,2.85545016730171,2.80308310745193,2.95573129255584,3.42023521117665,2.9729883051352,3.4434469320659,3.55490699774226,3.39962410313271,NA,3.36087223761356,3.54436551574743,3.76108527135602,3.84551649413188,3.67482823063572,3.50211133204429
NA,NA,3.73335600266688,NA,3.2978418195731,3.84692883915557,3.57965323758808,4.39760571554042,4.86756194481207,3.82191321489069,4.39706141161663,4.50193113149314,2.95400077606748,3.73578548805164,NA,3.75292053881176,4.59687584492863,4.06633975979037,4.17228504944786,4.02615963297615,3.52693713760475,3.93465636781455,4.58312452205294,3.66981084016026,4.16965149618535,4.01058652036229,NA,3.81088745445994,3.82432242730362,4.0683271187489,3.38398442730922,3.81700785371429,3.79623675863007,3.81651093493901,3.40566983421312,NA,NA,3.268889446337,3.28671389509102,3.38566209434754,3.1181026824282,2.73313393846744,2.69798103277823,2.68845534168346,2.16493313627978,0,2.91721707431505,2.31319986233338,NA,2.83513935292074,3.36046171836627,2.46884800574074,2.65275590822348,4.59361238421658,6.19748913429517,6.70747749150926,4.06167826541117,5.06067205074019,4.0374678453377,3.90943752330105,4.60896029629575,4.56841047085366,4.02641949943592,3.55838952885211,3.83826571136556,3.37918038724363,4.61275254275935,3.36365978585083,3.74038661802206,2.84414752623048,2.90544302738803,3.34818494378982,2.69064683916226,3.06763488675586,2.88583737563828,2.87583991350984,2.89407580124728,3.3116484194025,3.1459814092348,3.04671776721713,NA,2.86239491533416,2.72484531934605,NA,3.3549017122633,3.63304529321617,3.40547511098183,2.82179710508763,3.37626520842759,3.02830989086045,3.72565548892258,3.39127632228428,NA,3.66004993963967,3.39725946810589,2.75924719126441,3.98063084274248,3.83277339384074,3.96207166740741,4.10327479700604,4.29148772263811,3.58366770523508,3.04686368815397,3.76438452752459,NA,NA,4.35538717154994,4.68329258976758,4.48128564905318,4.26914928285717,3.03126190170762,4.44244073308847,4.33913441390917,4.86907685149838,3.53207328249539,4.30488986663614,4.11084088883519,3.60252755041113,4.20163544670134,4.33491105889664,NA,3.63896645831555,3.61202970499304,3.59647950947987,3.93128869275734,3.25488054432489,3.69466455568193,3.37719802413505,3.42435653170452,NA,3.37324036907617,3.65680918755997,3.89924291772565,2.94016426560135,2.5606530613402,4.47285644966182,3.70709995455948,2.71241466372318,NA,NA,3.11205245438147,2.61366655780268,3.28602892774978,NA,2.74155132387942,3.11761731475952,3.4608576082018,3.05127319053446,2.96214500558167,3.08472470977804,3.01849504224003,2.66210555035901,4.53954407438941,2.9986018435814,4.95185333687952,4.20200458111542,3.19964690541631,3.56864748088146,2.8695705828862,2.86263967423576,3.64493515788071,3.00925108786902,2.86193113513648,3.02642406454428,2.69356070807668,3.39602616969632,3.5007487999812,NA,2.82872215939541,3.01979345630201,2.76866621158323,NA,3.2243188617722,3.94091064518642,3.25787847071853,4.15508101944039,NA,3.41740775139725,3.13421602116754,4.10419705548915,3.95360368702889,4.37819759292196,3.80689546804691,NA,4.44648325432845,3.75539226442704,3.72842537712684,3.54221657491039,3.33119389821994,3.60934457984087,3.72268485301176,3.35689057039642,3.55350293705068,4.06599599251339,3.6317630966284,3.45535158858973,3.94982079946178,3.97923456376631,3.95803162429285,3.55075103991329,3.72923117136779,3.56642879189915,3.43372196169774,3.53292312071145,3.08370760782442,3.57217347083702,3.21348114733574,3.92306638877747,NA,3.90050670900892,3.22698741067833,3.69357706683026,4.18735466054277,4.62177086400548,4.20206951557136,3.81187524175912,3.51455488524688,3.81129926428699,4.56142781238551,5.30348601291026,NA,4.07299443270907,3.518140604185,4.10470832672798,3.02289461251604,3.01396907075192,2.604573074807,2.8140058931873,2.86554294151791,2.86855340237663,2.93212505252811,3.1043145549472,3.34594741451522,3.28969935238424,3.39421993733327,3.81883957347483,3.50073873124305,4.36410958255829,3.03881587380782,3.09866449289943,3.36553332005422,3.82408144508448,3.7291373487734,3.45822083379506,3.09434482091595,3.09740801126258,3.05360839448707,3.07057904700387,3.02754180224364,2.81149164153245,2.88962043525982,3.01271900611037,3.1509391298264,3.00552368656409,2.96994665009977,3.09388499410112,3.6735783728242,2.97629943155795,3.46173350934128,3.98809306706604,4.06073130484221,3.99615211847742,3.42839686507227,4.18892714390853,4.14916564299057,3.96466739225951,3.70470675950697,NA,3.40318535031545,3.63909141158916,3.83458790363094,3.91637466903183,3.93837615522428,3.9957621799174,NA,4.53642572438174,4.7002478510046,4.49472417937536,4.39934455246559,4.4265399772624,4.54197772905613,4.07428642242359,3.98270707005207,4.16557316751586,4.2510734316232,4.29817758897358,4.52525089976871,4.09542703491103,3.69747917085464,3.50173196616627,NA,3.44011339599469,NA,3.95617400950804,4.03560113660873,3.43553866195357,3.60631963321339,3.94209750553943,3.88299737158348,3.6483285929459,3.49711840789966,3.23793457557787,3.21206339123265,3.11456086789078,3.64454655821261,3.48888953386884,3.55731676043592,3.49171448649814,3.12174038391377,3.46039218315695,3.1816525667007,3.70220712617032,3.42651625095603,2.62983759066627,2.92645262193715,2.95355196006454,2.70246488013052,2.46522745354965,2.96012065456417,NA,2.81361449024112,NA,4.67634682691223,3.84514117669549,4.51717982389853,5.17514553969134,2.98532136083901,4.02372473596213,NA,3.75940121298437,4.70404552660829,2.79652138478403,2.70422564083485,NA,NA,NA,2.84612639568619,3.42406289167828,2.95394320685056,2.78222458935179,NA,2.73960530161784,3.47290177060541,2.85940238303368,2.948690113122,3.24049526243291,2.94512138178443,3.14465723216717,2.51811803009985,3.1858808548832,4.56818262492732,3.82171769751845,3.69486433217756,3.99672566944189,NA,3.36794224962563,4.23465487462256,3.23561750973528,NA,2.99078545504775,3.76612607933636,3.57328587130027,3.74002294166633,4.01449754429792,NA,NA,3.86618488387664,4.17274865590797,4.18358158116526,4.14559666659384,4.1223256761976,3.96271165626852,3.79812174423896,3.64005591181745,3.80548762581624,3.79205183649337,3.79156998402548,3.84902515937445,3.84691468438879,3.95578567521743,4.16425682312011,3.49403793057906,3.7975333138833,3.94313347318212,3.91344136413427,4.04267238560796,3.73944418430541,3.85431700921083,4.4720134719927,3.70587274494123,3.87692781719999,3.87247939821438,3.71052766902648,3.98424621156836,3.9133815006551,4.25177130892094,4.06010592819803,3.8638988815427,4.54651827248768,4.00607531587263,3.07866962221836,3.51858845565732,3.05082825223938,NA,4.49887228548611,3.40893901785218,4.01921316162388,2.96990677391172,2.52706754628939,NA,2.87691825622365,2.58139907679815,2.48115027910495,3.23764788749807,3.44966776700719,3.0353556969812,2.49552987891231,NA,2.55604606084396,2.96586131074253,2.87897435388564,4.65887860206299,3.07535740550965,2.77385621469764,3.71403721991965,2.89750117814126,4.15327576497464,3.694349425745,2.6267960656809,3.18065678870254,3.15085733724813,2.61608755914354,2.6150568583518,3.13559883981761,3.77485623285559,3.25933370719054,3.26762949429206,3.51833714158894,3.47266883647161,3.59960324572801,3.18009106519184,2.72049545831528,2.62891986090736,2.69398585609732,3.16255267379519,3.1036919477958,2.84785491786971,3.15528378164718,3.31289324959811,NA,3.37315071633875,3.46611575035405,4.19599323068329,3.69850502120381,3.53008462583719,3.51532704538725,3.60310642661503,3.68164983401404,NA,3.7269292153735,4.1535751799816,NA,4.02889792179594,4.26152910501874,4.18888685569557,3.98722474570205,4.06787828470392,4.05598109447025,4.26343205394754,3.98497760916028,3.83139681838191,4.37698699953901,4.13967705849716,3.83643437530625,4.08110037295076,4.27820169124645,3.93326826412402,4.04183546243188,4.14720438516774,4.43558233078205,4.56529693348,4.01671138411887,NA,4.04818059520676,4.53519849531076,4.07211002758463,5.18225768187235,6.00246197496702,4.31131427007454,5.12004010809563,5.16445963449785,NA,4.10386059711855,4.69481822958667,4.59537878072724,4.23618429473499,3.70861110281426,NA,5.17501855515105,4.72508700808334,NA,4.48977996587413,3.93906060107851,3.75290007773603,4.47655240838439,3.78674887791774,4.38451097807145,3.37796533140634,2.77216607176962,3.28385272946783,3.4068488291105,3.00342074715442,2.72505038042259,2.81890370454299,2.6931785648063,2.97456124371729,3.04740348712598,3.96910845865731,3.2544482900521,2.77582748065445,3.65556524917259,4.30762793413577,3.50058780284464,3.57223652071839,2.98501278804386,3.26111901433739,2.606388541851,2.80252517686792,2.94102022850575,2.4624068900795,3.05982415126496,2.47031171503664,2.62882207827738,2.52948460321439,2.69761083273559,3.05333670591996,2.88016207774681,3.12448990972427,2.88650846288165,3.01694899958485,NA,3.04195192709662,3.24987963024237,3.45439947357503,3.51403385675479,3.39151773741318,3.13785637564139
NA,NA,4.92417079897499,NA,4.41432054251538,4.99751314397572,4.73155408824187,5.53085055718068,5.81962872776574,5.06739430751926,5.35909975247622,5.65401616992447,4.4378229021807,4.82853629871245,NA,5.03377182614712,5.83632099226165,5.45108638049839,5.34311364092092,5.24631316825274,4.80078068826981,5.05993914363649,5.38312518448158,4.91482970441894,5.37215882515532,5.28580288393535,NA,5.060541273978,5.09469395933249,5.18586991999999,4.67895282595672,5.03589110914625,5.06947628025418,5.08737361553494,4.79122055267623,NA,NA,4.62763286983114,4.54425186908424,4.63767473017328,4.31411580121957,4.25379389603258,4.06557317594563,3.60132669232987,3.11342237461011,2.91721707431505,0,3.26859094505239,NA,3.86448170694998,3.17001311609816,2.50795177223101,3.21895089704264,4.59652241255962,6.23160917083806,6.18395290870038,4.55096924902945,4.15826919524447,3.63198072341023,3.64383021674345,4.68850743960012,4.77915795551209,4.39859340376754,4.61636642729143,4.25546329834133,3.99713444256238,5.07829008789582,3.99532656827653,4.54957457751691,4.17446153327288,4.1280612382347,4.79037639933429,4.04607847349294,4.27371760330348,4.18861450566386,4.29686744923793,4.41952427616419,4.51635050075439,4.40020684447886,4.35614590200078,NA,4.2007736716901,4.0567546435328,NA,4.49326433388903,4.94142021173351,4.59152019369834,4.12204221412262,4.72608156361605,4.40887017012808,4.88242026209894,4.81296917225437,NA,4.82921413474178,4.7428260235262,4.10478331225315,5.20488389122248,5.09155223771619,5.07050397261154,5.29730667339393,5.48021859549823,4.88336438872853,4.29068364573446,4.96783609287763,NA,NA,5.48575340608935,5.78684826675461,5.74429295663495,5.47113799990308,4.24348639813106,5.50906576182544,5.45793058775643,5.95155180749831,4.77939109745505,5.45262267097565,5.21652891163787,4.93249680802708,5.39804654749606,5.4460301123591,NA,4.87267843759484,4.92857021399184,4.99364876827956,5.12217657993889,4.46298603852844,4.93577083844545,4.70815452297705,4.62760362067508,NA,4.57672677928324,4.73783975801654,5.24576338719568,3.83082235114196,3.49607265884246,4.28121308230117,3.81592314183372,3.47763538196533,NA,NA,4.26263202163196,3.53101763994658,4.72522167650683,NA,3.66930060232004,3.40274003406473,4.23031562062588,4.10453830468307,3.73168244631082,3.89251379913449,3.56987993560391,3.6883167806825,5.1351392361897,3.91010356473108,4.95942839653768,4.63089096659033,4.04911515987151,4.25607856600967,3.89459988031847,4.27139599843948,4.90734853113649,4.46929276069132,4.33674368782749,4.53349361433559,4.28346088211193,4.67302753991924,4.77396450015951,NA,4.6133838316425,4.65441928366909,4.15791915364807,NA,4.71846946861638,5.12646432226875,4.62677014298813,5.48877257668654,NA,4.74496699217653,4.7591711386407,5.53805536253728,5.29220762475369,5.52753504099284,5.30965976353484,NA,5.99255127918192,5.06140371560561,5.25576182398825,5.01820544065369,4.90537301817752,5.16815054796424,5.12656360791849,4.91677988016178,4.99524592989636,5.09404003521967,5.15869351260182,4.86023282821163,5.24302697267659,5.18059085368128,5.32305612523529,5.13387287410695,5.22646374475846,5.10947930635321,4.91978493330983,5.03544868821308,4.88553845401999,5.16256627921197,4.65492026359526,5.30011956828876,NA,5.21601080399746,4.65052775129495,5.18562593226268,5.62577970046414,5.8649403632672,5.1399077474153,4.96437318721892,4.68111823474649,3.83795386298892,4.9967947273319,6.28260078518004,NA,4.90672854271268,4.60523762629991,5.11248174859498,4.27491034575846,4.46806272007669,3.89507968782719,3.95006597854754,4.05126843157302,4.25963560916627,4.41335709477605,4.2167505089005,4.4288653068499,4.11763711628711,4.41458156085526,4.73454014121127,4.64538096228945,5.59026249023999,4.42866179084227,4.53097598315618,4.56039941753516,5.38566196954432,4.69098900709932,4.23351215119143,4.378271021717,4.38796132388185,4.23441515533666,4.45153186922701,4.18966151448669,4.20468493904655,4.25666533963121,4.29032519325178,4.25637717320576,4.14207314752727,4.36926424110561,4.42855692316055,5.12827693055795,4.45635117547036,4.86684601760049,5.32256771390838,5.32077412805589,5.33386953081992,5.00622096704961,5.47905114460891,5.30732743578581,5.22391982321044,5.00500927611211,NA,4.8673059676128,5.11743421922425,5.22564539033184,5.19069866497094,5.09953025100552,5.34095611113549,NA,6.05076090768843,6.07501283616377,5.89338713216088,5.77336620444092,5.81765415079005,5.68803357516133,5.60919340803354,5.37323356692542,5.40855504176722,5.53264960348428,5.55070752612532,5.75962631127716,5.56536210142334,5.25099684012974,5.05642762248069,NA,4.91339468211915,NA,5.34760130014845,5.49127721579967,5.04502770898093,5.13858400743113,5.14447717967065,5.27320530649494,5.10533252873014,4.86002939501124,4.67243965415427,4.58679743329892,4.55995003367372,4.87734167800488,4.71133095294893,4.72075524135149,4.92105468370839,4.51399412617485,4.68476308275728,4.42719777472591,4.95997183528888,4.75123602761986,4.12298450704721,4.16747146745725,3.89885373314047,4.0672252621193,3.78402007814718,4.09889710473528,NA,3.91200388455728,NA,4.56467589618116,4.19538075657965,4.41129317666435,5.17132186182484,4.0060993581567,4.62934318379782,NA,5.11199108434605,5.8150902154314,3.97522485310597,3.71602107406476,NA,NA,NA,4.08270593188774,4.58669384809037,4.37860705740614,4.15839100660796,NA,3.99779341646211,4.64914899563147,4.0012119902556,4.14361368620062,4.52736895180904,4.07005803172729,3.63560629688231,3.534649711042,3.83090402658331,5.62727830919789,4.66103670549891,4.82713200050168,5.40982272168796,NA,4.60544359075209,5.51618755952538,4.59081325744744,NA,4.47216536490664,5.15414562776753,4.97545374946005,5.14275983074912,5.44515992988021,NA,NA,5.31460940603298,5.67346328684325,5.54933887005583,5.49493996842089,5.51653310587819,5.50406338751743,5.29047845886452,5.11430826638921,5.32291108547786,5.13584086533798,5.14760749048255,5.2728416601641,5.15320540150757,5.2013555779674,5.59815688958061,5.14329529134442,5.18224544805621,5.27986101338162,5.20337554827237,5.42318574063419,5.07852857879318,5.18856586588994,5.66973337680221,5.03840269804518,5.14433169877688,5.09512812203497,5.03355698476182,5.18908830522511,5.0860235573826,5.39008633886004,5.42474236960348,5.04381700398209,5.82710634150489,5.31532645386213,4.30043241955075,4.73376428569686,3.88803306091981,NA,5.60421049141484,3.64910023333256,4.45361323839064,3.8997848897738,3.52527252607451,NA,3.36144351729939,3.47797290666422,3.56024675150352,4.14971908781153,3.87928405597998,3.80468001173303,3.93809995169795,NA,3.23651270335279,3.17308105433993,3.78506935646522,4.63017215189306,3.96275586412612,3.81117070677313,3.94160853504084,3.83916868054898,4.21735473085165,4.13796249311279,3.91356140777156,4.01614291968181,4.41900881415392,3.68805057264561,3.62127486537741,4.10939529721297,4.04703811171871,3.82197172860786,3.75432717970474,3.9900706817722,4.17626836525536,4.3285404047743,3.99575035567571,4.17847943522372,3.84567663062061,3.71443952281689,4.40271586364521,4.57597247015265,4.06985120428701,4.52203118388218,4.72508650845338,NA,4.92188580984698,4.92509239674017,4.35324965552891,5.13917444083123,5.00197289796014,5.01952428671463,5.07329783377728,5.19327348866035,NA,5.21740287525715,5.57607970342375,NA,5.45704221339921,5.67757932467007,5.57986458681687,5.4062155361302,5.49610250424718,5.46096168043821,5.6684795235458,5.44162665996515,5.28901043576523,5.7812222113934,5.5727441099141,5.24916194535473,5.43486017058794,5.5878065113533,5.25194345970788,5.36751472469619,5.49383422573096,5.81817572687372,5.75509600010848,5.30655370163136,NA,5.38696332141754,5.7122093636544,5.41291909858207,6.39731709085141,7.06015369744045,5.52576342455113,6.18037418852038,6.29744620971731,NA,5.28063212170356,5.80539069708432,5.76288869859105,5.43903354987274,5.03749310936739,NA,6.29724289891501,5.93473902487159,NA,5.68932853382415,5.10019195054819,4.95533607898562,5.4684228361113,4.93668049158486,5.60841410791379,4.4244090013793,3.90554456960701,4.35320479819172,4.41271654999086,4.1958631628738,3.53934555308275,3.82531621165681,3.6262734647051,3.76837925396219,4.69376004175866,5.1499785706071,4.61590904912284,4.57417073357673,4.56627901153823,5.20348163610542,4.3768290264679,4.37929888579181,4.08966958546853,3.65039975196259,3.77733118026524,3.58960720669324,4.0231740001747,3.68627185755795,4.10758162423236,3.78145140758692,4.00146029319442,4.14262259538529,4.19887878662177,4.59024529960658,4.36767854601932,4.83920925166926,4.68604227051199,4.66138402404646,NA,4.71493395099176,4.86464203500664,5.04242756609144,5.08388501073917,4.94913521980962,4.77644541933633
NA,NA,4.15533399857559,NA,3.93366917020732,4.074068565828,3.77179035327002,4.62250039733414,4.87460095266881,3.89166935930967,4.65118880368199,4.72278191366098,3.44572099545699,4.22506966116822,NA,3.77886297896393,4.6997549682911,4.32678970884779,4.34913367251352,4.30656996627655,3.82848228378448,4.35104518663205,4.68694640544855,3.83830520613353,4.37412551954097,4.16378375857141,NA,3.99653952374971,4.00558840634376,4.16163133829914,3.51843181709971,4.08055294786482,4.04534335791814,4.16899335908838,3.71725568866355,NA,NA,3.56987802040516,3.4295856917939,3.45183767796834,3.25899238260785,3.14950512090355,3.14281747356617,2.67990694733393,2.64460960238538,2.31319986233338,3.26859094505239,0,NA,1.91742555329036,3.00186485768637,2.56164175995121,2.59173401585733,4.44497209697322,6.25752128566952,6.86580489832388,4.26451695670859,5.33290443313231,4.37261911122974,4.32670614021757,5.02554862656233,5.01879777790971,4.35064636021859,3.81835888753915,4.13335900506614,3.59422301209765,4.72117912073386,3.31011128650531,3.58548534249958,2.91118561624311,3.02276612507673,3.4874348343955,2.93432721264064,3.13969846933459,3.09253346124764,3.15274881738411,3.20979535773732,3.41828908143422,3.31317948244812,3.26676076861326,NA,3.17179092867474,3.24379946190315,NA,3.57296223167604,3.96399481380656,3.64459393433411,3.09602189991562,3.78360731535978,3.38497673032504,3.94452263423722,3.7760865624292,NA,3.89375577533788,3.73957683607457,3.10305728552757,4.45895124863184,4.23789281188296,4.23904465415895,4.2980599905932,4.58177698286626,3.83351998724666,3.35962463742859,3.96851436685311,NA,NA,4.61102450377946,5.00445355088,4.86614823940128,4.63143575203441,3.26939208938628,4.73088801679646,4.61489830126332,5.04396263371266,3.89596708552062,4.50621195484974,4.19160839836117,3.86597395215857,4.33304358583967,4.3174547309298,NA,3.69622351300033,3.74293306372724,3.76598743262654,3.90953878946528,3.42094838637833,3.76030214186901,3.48197247955949,3.57333070416457,NA,3.64751755924225,3.92216223312774,4.19292203691171,3.31238763270812,2.87619917951288,4.74225213480267,3.94406346818569,2.6493697485866,NA,NA,3.25756464212172,2.68467655827851,3.36027139649397,NA,2.72323436538021,2.71872472788936,3.07371191721988,3.02059954180589,3.15256786786603,2.93324955333564,2.84589793304894,2.71042278755624,4.13074215735589,3.04115942031285,4.99769354316219,4.08090985413186,3.16810944447804,3.49355126620082,2.8980615367059,2.7822366013571,3.46984240227603,3.10532405162501,3.1766437369913,3.23302488818113,3.17947698653923,3.58761163846512,3.77247456931547,NA,3.27754686686507,3.50344518763201,3.24469042423124,NA,3.52043364628503,4.09050287222549,3.56914155175719,4.31444207028276,NA,3.74555979954618,3.5937440275119,4.33463491953621,4.10082226965096,4.39629697885665,3.97472940035952,NA,4.7552802052864,3.99152795819773,3.97712484809506,4.02820708454023,3.83977719054487,4.01814023660412,4.01862839620823,3.81794804723974,4.00130999488537,4.42910302043895,4.03088253199937,3.88371667436163,4.24595631886836,4.22186391799529,4.24357423349841,3.7733830377127,3.99036096634417,3.96096046604059,3.9123979259024,4.16496361827009,3.68543559313379,4.07758318221933,3.61501056287919,4.16126728394337,NA,4.36780217501977,3.94943267221623,4.32378876614034,4.65742383465108,5.12272356882126,4.65030931309987,4.17197526887048,3.92927997545966,4.17766958783264,4.89100359179401,5.55970259022137,NA,4.12230312514507,3.53442894678475,4.07923491664736,3.0796841670561,2.98136181674591,2.67644755351456,3.11103990999521,2.98709991572359,3.06459408758869,3.12243152435324,3.24754370746805,3.39484827304703,3.19819891769942,3.21039741244251,3.84392760367364,3.5326265029767,4.41186435211942,3.39826049888758,3.41478414590712,3.43187404655929,3.89424858410599,3.66243171964784,3.41828247313105,3.14725592253101,3.23913106685887,3.14084162468847,3.26838407173119,3.16632992552429,3.01362133916201,2.91916789171231,3.08200436873104,3.37491998887124,3.28004611965932,3.18456168630774,3.0579636952636,3.7302649774043,3.26964811361204,3.58705751364643,4.1302109379485,4.01461129312013,4.07371087739568,3.8553921162619,4.36774204307137,4.25883804300243,4.15609154609831,3.89324918846865,NA,3.83474465961665,3.90539801155357,4.11660446277704,4.17657059175427,4.19720491841853,4.25458125957872,NA,4.71477614309871,4.69193930317013,4.57549641166512,4.38099601137473,4.5496329919445,4.53256087222818,4.34517907548615,4.2534602286747,4.38303327779754,4.48357376777612,4.47459202895417,4.74158442018212,4.40093928915889,4.05918280233294,3.86195515869131,NA,3.89937456848761,NA,4.37295197643417,4.2386755999372,3.95482113680248,4.11019096614537,4.35759748965917,4.33814187968587,4.13108425858035,3.85996885523173,3.57534901547195,3.44624460672323,3.41203121393824,3.71059509708165,3.58521207576225,3.67044338216948,3.8636555489757,3.38602036336052,3.62967037808851,3.1807746454461,3.64503504649545,3.51996798426565,2.8408730742025,3.08325785761767,3.02758484881659,2.85549735931111,2.66775310384423,3.02582240383586,NA,2.8709874547597,NA,4.55717179489618,3.54502290599311,4.47644499361781,5.02992288327501,2.90359284275019,3.76876970867752,NA,4.03382226655885,4.90503181500334,3.08769202451238,3.02765533255189,NA,NA,NA,3.06596035316779,3.43163159259732,2.97962190268403,2.85183667026821,NA,3.03841834964751,3.55304679124442,3.02735329322502,3.21991964783941,3.21029776991811,3.19350432941615,3.24813837278462,3.00750864760628,3.7261391150385,4.8444310400521,3.87180320394131,3.89364503248866,4.29637674396724,NA,3.56713916196468,4.3769311267518,3.47076724868345,NA,3.35419723205583,4.09130937249307,3.91294987271587,4.06058079352362,4.34176557063839,NA,NA,4.23430364047528,4.5258243002372,4.47294890639566,4.45862982513448,4.44354533670516,4.47342977957509,4.12674529928025,3.9760225574908,4.13559575991299,3.97523715426554,4.05992760296234,4.15488138112356,4.23719248776271,4.07928454653505,4.31874140018824,3.76028497513905,4.1259425501036,4.2780923962918,4.28541371227991,4.5204927258734,4.23144268469312,4.21466330604783,4.69912137298488,4.12563561992424,4.22203216635574,4.12594451050991,4.16950161790704,4.34664043638041,4.20304020319188,4.64844333281455,4.45737911697804,4.22522856144164,4.89575619198981,4.20304123712225,3.37001599250302,3.77101858886672,3.50863951924267,NA,4.93195218541294,3.704327786456,4.25300990291733,3.37403515579542,2.97318678148726,NA,3.05662320581242,2.9386118536737,2.96182987691053,3.51481050328866,3.58387145195398,3.36650934631875,3.06784748947359,NA,3.25426888145245,3.43380387718607,3.07744489188954,4.743223492948,3.52812017464995,3.07436391455737,3.63900691858668,3.08113538269881,4.20749217044657,3.85718375509952,3.12928340348594,3.68854348181653,3.67680064497716,3.15903489089771,3.15702693771255,3.51868760845358,3.89138583268906,3.32616211323821,3.6475859369072,3.86711292953475,3.70844921458802,3.79129523416673,3.36824336003427,3.08589407437301,3.04554984507403,2.98655263389123,3.53097679506007,3.64013469998695,3.39874513729176,3.6087706076936,3.8320194793913,NA,3.7795132149156,3.84987029015508,4.53262744838162,4.0605330272973,3.92047302820108,3.99232577349908,4.06420202736321,4.08196262416004,NA,4.17143891329318,4.5306917564205,NA,4.33674366220128,4.58892875388786,4.51925836448832,4.39565509962685,4.44697322233535,4.37633766674275,4.62037830659075,4.39506720401721,4.2578560075336,4.79787170414628,4.59086620086646,4.28893276910445,4.54813875278139,4.79048812462529,4.41583727519902,4.51608294825153,4.67401009095828,4.92568066987529,4.95750998174469,4.473880153204,NA,4.31581197219584,4.94248616669091,4.56185928982359,5.49957427192341,6.25140226393583,4.67167096689188,5.37724615624842,5.34872252008199,NA,4.32072088227105,4.8852208118274,4.82642916283611,4.53569051059173,4.00974999907522,NA,5.42688771014487,4.9674703180245,NA,4.80302901843665,4.17534465782262,4.04148450554818,4.70483726338594,4.10617844758611,4.72214802541889,3.57104130398947,3.20550664050858,3.71140483473829,3.76930632961938,3.36920308012607,3.19775848946614,3.03205440194778,2.96115888279268,3.33636602280035,3.43854754138849,4.23849877722416,3.41639476367013,3.1402494608625,4.01498604949779,4.5435376513863,3.7922110573488,3.77117809100421,3.2623207347882,3.53489786801324,2.84031901329202,2.85482875174548,2.88502149342655,2.71075228562044,3.20395875123116,2.7164502126892,2.90716445038368,2.80780534406144,2.95392161546709,3.35630743032361,3.29566426649734,3.40636910282209,3.32197794151831,3.40484782515725,NA,3.39990334444652,3.56471015282272,3.76297961225726,3.81916253017998,3.76720355070998,3.52316118337169
NA,NA,NA,NA,NA,NA,NA,NA,NA,NA,NA,NA,NA,NA,NA,NA,NA,NA,NA,NA,NA,NA,NA,NA,NA,NA,NA,NA,NA,NA,NA,NA,NA,NA,NA,NA,NA,NA,NA,NA,NA,NA,NA,NA,NA,NA,NA,NA,0,NA,NA,NA,NA,NA,NA,NA,NA,NA,NA,NA,NA,NA,NA,NA,NA,NA,NA,NA,NA,NA,NA,NA,NA,NA,NA,NA,NA,NA,NA,NA,NA,NA,NA,NA,NA,NA,NA,NA,NA,NA,NA,NA,NA,NA,NA,NA,NA,NA,NA,NA,NA,NA,NA,NA,NA,NA,NA,NA,NA,NA,NA,NA,NA,NA,NA,NA,NA,NA,NA,NA,NA,NA,NA,NA,NA,NA,NA,NA,NA,NA,NA,NA,NA,NA,NA,NA,NA,NA,NA,NA,NA,NA,NA,NA,NA,NA,NA,NA,NA,NA,NA,NA,NA,NA,NA,NA,NA,NA,NA,NA,NA,NA,NA,NA,NA,NA,NA,NA,NA,NA,NA,NA,NA,NA,NA,NA,NA,NA,NA,NA,NA,NA,NA,NA,NA,NA,NA,NA,NA,NA,NA,NA,NA,NA,NA,NA,NA,NA,NA,NA,NA,NA,NA,NA,NA,NA,NA,NA,NA,NA,NA,NA,NA,NA,NA,NA,NA,NA,NA,NA,NA,NA,NA,NA,NA,NA,NA,NA,NA,NA,NA,NA,NA,NA,NA,NA,NA,NA,NA,NA,NA,NA,NA,NA,NA,NA,NA,NA,NA,NA,NA,NA,NA,NA,NA,NA,NA,NA,NA,NA,NA,NA,NA,NA,NA,NA,NA,NA,NA,NA,NA,NA,NA,NA,NA,NA,NA,NA,NA,NA,NA,NA,NA,NA,NA,NA,NA,NA,NA,NA,NA,NA,NA,NA,NA,NA,NA,NA,NA,NA,NA,NA,NA,NA,NA,NA,NA,NA,NA,NA,NA,NA,NA,NA,NA,NA,NA,NA,NA,NA,NA,NA,NA,NA,NA,NA,NA,NA,NA,NA,NA,NA,NA,NA,NA,NA,NA,NA,NA,NA,NA,NA,NA,NA,NA,NA,NA,NA,NA,NA,NA,NA,NA,NA,NA,NA,NA,NA,NA,NA,NA,NA,NA,NA,NA,NA,NA,NA,NA,NA,NA,NA,NA,NA,NA,NA,NA,NA,NA,NA,NA,NA,NA,NA,NA,NA,NA,NA,NA,NA,NA,NA,NA,NA,NA,NA,NA,NA,NA,NA,NA,NA,NA,NA,NA,NA,NA,NA,NA,NA,NA,NA,NA,NA,NA,NA,NA,NA,NA,NA,NA,NA,NA,NA,NA,NA,NA,NA,NA,NA,NA,NA,NA,NA,NA,NA,NA,NA,NA,NA,NA,NA,NA,NA,NA,NA,NA,NA,NA,NA,NA,NA,NA,NA,NA,NA,NA,NA,NA,NA,NA,NA,NA,NA,NA,NA,NA,NA,NA,NA,NA,NA,NA,NA,NA,NA,NA,NA,NA,NA,NA,NA,NA,NA,NA,NA,NA,NA,NA,NA,NA,NA,NA,NA,NA,NA,NA,NA,NA,NA,NA,NA,NA,NA,NA,NA,NA,NA,NA,NA,NA,NA,NA,NA,NA,NA,NA,NA,NA,NA,NA,NA,NA,NA,NA,NA,NA,NA,NA,NA,NA,NA,NA,NA,NA,NA,NA,NA,NA,NA,NA,NA,NA,NA,NA,NA,NA
NA,NA,4.50638132948727,NA,4.20614677602087,4.45236008576755,4.07757262358243,5.13110533890822,5.39863291997157,4.3576564361924,5.16744957126237,5.16133932752187,3.72628694907086,4.4673878641153,NA,3.96978643828421,5.07978892505642,4.79212221648559,4.82712892837938,4.78075720475331,4.24633839552833,4.69418078368292,4.949348819743,4.14022359219833,4.64706312514754,4.50066410348275,NA,4.21970889915658,4.20944423081479,4.4882640638644,3.84814541180835,4.29824509069266,4.23123984249594,4.37190091095111,3.92947560918334,NA,NA,3.85480542358652,3.86698399111058,3.98406824623643,3.53878728535866,3.49218508113027,3.4347522867984,3.06786545408363,3.23180170208724,2.83513935292074,3.86448170694998,1.91742555329036,NA,0,2.92096561539749,3.02588416641361,2.72449316357209,4.48709490907118,6.45382052915566,6.98020578552091,4.25437772772522,5.45238912835439,4.55274539060914,4.50637333007802,5.18671848235184,5.12289719151726,4.47565906280545,3.6349892345312,4.14850553533367,3.38578482035966,4.52337921669482,3.11677364337832,3.41670781920586,2.71730867187606,2.95207260513658,3.16312338170922,3.04278463437641,3.20322802583521,3.16401192878195,2.97057076886886,3.15731987645174,3.46497290581324,3.22501724512997,3.22139750257414,NA,3.28157008696114,3.30565877456878,NA,3.57430107057324,3.88884704540773,3.61479643084826,3.3044389779779,3.88381150549766,3.52302809355474,3.99519181694342,3.77845119052047,NA,4.12925037021751,3.80984597144617,3.42318472504873,4.34406216905773,4.32599384289905,4.40392718244834,4.41739450617706,4.91589243868226,3.91715690338878,3.70223527901138,4.26269587752297,NA,NA,4.73816792588997,5.35387490028234,5.33296559083614,4.96239154864861,3.75333651012606,4.95218083267063,4.78604569967628,5.36848555903872,4.22823013151076,4.7731916570476,4.48985820735776,4.15503829339585,4.75330223335138,4.67766756897857,NA,4.04464261566623,4.07833288852078,4.10416485841428,4.03790381883769,3.59044736704696,3.99749267274207,3.8931658509898,3.8177322376683,NA,4.2065245875422,4.55927980513154,4.75849595025089,3.90911930385357,3.43066532626516,5.34626992623207,4.46441304662273,2.98061372506243,NA,NA,3.04795131908128,2.78042361505094,2.95307342536659,NA,2.47332280966138,2.70650308474628,2.9763307875062,2.72056788138124,3.1598672626675,2.8321099191617,2.88958692388424,3.05855133311852,4.60491350829253,2.96337051625509,5.04192492441981,4.06720528824323,2.93649668155589,3.15001005186242,2.58138512778534,2.36619049714952,3.20069298646142,2.78273277394167,2.97553056613229,3.12431829446154,3.22106768066691,3.69733000819555,3.85903734014725,NA,3.26619427945056,3.72193938134704,3.50181025443974,NA,3.42964018503924,4.14923329049954,3.67762922902656,4.43376072649234,NA,3.89957345234036,3.69954757700107,4.18968932518491,4.26954084947211,4.47388930701994,4.03720812793169,NA,4.80003928723693,4.22146039699719,4.01892662649793,4.08339939390649,3.94416914364643,4.10519982863588,4.33058929038882,4.02787786832595,4.09014101195105,4.59699134050709,4.04585538799284,4.09929921814004,4.31753147423918,4.1108133099936,4.3064016314961,3.89074132954833,4.17073584703371,4.24467993891063,4.07806271703652,4.3724365937805,3.84513234112225,4.17323087079098,3.88268651294467,4.43606634864399,NA,4.75495890854227,4.42122324450807,4.79476014321541,5.08150596990285,5.37141991432554,5.12710806782172,4.47637220480656,4.27033278847844,4.69625646786096,5.3195628173161,5.9384255249365,NA,4.542257589364,4.0455947306088,4.62763445143252,3.53722370522724,3.31107804504008,2.85135695907743,3.37034572440374,3.18577015226345,2.95034895825688,3.08960395921795,3.11393718713631,3.082445791149,2.9961833189639,3.37505936626645,4.00710888079184,3.64750857322682,4.71695434476175,3.32158909893202,3.12328637124114,3.4818573010618,3.60837690816317,3.25194936738016,3.15846201507212,3.22804484052308,3.16423305377899,3.0784675337091,3.08385910890821,2.98388707792984,2.76698715255728,2.77736470844416,3.04116917891468,3.3508683408513,3.33493891535224,3.10015809273261,2.7316827191611,3.10272980301032,2.84219376178587,3.25151194289625,4.07777917220769,4.08962048181773,4.160542579407,4.0050516721353,4.50767694359893,4.574234935997,4.33043611627091,4.14171846984853,NA,4.01278133006904,3.99993431323633,4.046062668971,4.19560653740301,4.31975730514417,4.50568463758745,NA,4.90206597620559,4.94912996584015,4.81848851698415,4.63844990981717,4.74355905691989,4.66610361837601,4.43420091359526,4.40996218812449,4.50698510051117,4.65311499791722,4.70365342782731,4.94994047054021,4.68907387768089,4.34352301637307,4.08356294945129,NA,4.17583259694025,NA,4.74583788459468,4.66793551135721,4.25706592909012,4.46428649638421,4.81161368583289,4.75358055648545,4.45622330302364,4.26106672641423,3.79491362341735,3.59611269890061,3.63957280098519,3.85282913207676,3.82983237454365,3.87851534889838,3.98238529252493,3.48445992443624,3.93878236398213,3.37888751793641,3.81767071748497,3.71001770836014,3.19769264871657,3.5718744343996,3.49568809577305,3.3248879143075,2.95943317229338,3.0851953225119,NA,3.29928372733121,NA,4.92019201871429,3.76484237604364,4.57840578393288,4.9421628072039,3.06549252016599,3.96566222072671,NA,4.39858362789374,5.33413680555121,3.44436555957943,3.42523566403746,NA,NA,NA,3.17873482649706,3.44278129381486,2.92042406881817,2.93147861706173,NA,3.13938948922679,3.65005776157629,3.18262947878383,3.32911348945404,3.13054125794667,3.50373948152301,3.56262260826061,3.37203080488243,4.17413198704849,5.11702750298888,4.17450148554597,4.25509911421929,4.50943838175125,NA,3.73426004578753,4.74028950373328,3.57702845708308,NA,3.50271356170496,4.1864274589952,4.03447018801983,4.08936898062176,4.41587259693198,NA,NA,4.28170647047843,4.64465985773526,4.62146024613203,4.54490446046769,4.55568103009194,4.5764334007973,4.31041468609261,4.10901752437356,3.99927646596073,4.11710054549746,4.17999627193861,4.09967738639053,4.48012852646073,4.43258430240089,4.60532821895636,4.09187277251041,4.34918616439633,4.46320545630318,4.61130046300677,4.77263480339367,4.54428234166897,4.55841352590116,5.00772215409818,4.41473815840215,4.52798953213218,4.50580476767139,4.50479155362431,4.73337066783621,4.58665238001688,4.98489758342143,4.59352177817673,4.58016453603995,5.1725880308421,4.47135622965785,3.6817334783856,4.01959805540004,3.94376081622587,NA,5.27299967612544,4.19318659768205,4.70528787331139,3.82580224193699,3.32205316757923,NA,3.42558612899182,3.35113640479111,3.27536392486301,3.65252749586044,3.74603039009154,3.49375876470315,3.18618534485829,NA,3.3864402941888,3.66488656866553,3.02531312793372,4.9689329087632,3.79600183545824,3.04185485013849,3.70418910327606,3.05204146710022,4.25197713884543,4.00133106354551,3.38473905927573,3.74233173238647,3.75830595129423,3.36792356672488,3.31857467772112,3.62659582201943,4.08166785662742,3.47233327952336,3.9901839997666,4.34123635595886,4.1562090999059,4.08994340777585,3.70193638423168,3.10055912328276,3.17488170358765,3.17005370956713,3.71976556777027,3.67091222758985,3.64983200947597,3.75515885084313,3.87900123866381,NA,3.9500903990688,4.12786029177003,5.05952595571004,4.23345400150508,4.133062838566,4.19872609330868,4.31112024108177,4.20628086603648,NA,4.36300268017216,4.68881197693613,NA,4.49515165027207,4.65457256263241,4.62664087740197,4.60063246212931,4.62961074377219,4.58745946424715,4.82690947309499,4.63017085885499,4.49535161610797,5.12947937581194,4.89380876365236,4.60228092613753,4.89793014629987,5.096412823402,4.75924339579288,4.88703363939876,5.04423716572349,5.33036060013745,5.31681166528265,4.79456472477967,NA,4.51008851809447,5.27985114400893,4.98186065470228,5.87691953376493,6.57960694471258,5.07105282997019,5.73750629277364,5.74148144981509,NA,4.66333048846628,5.21006777351043,5.17854217321063,4.84509439579321,4.31379960375295,NA,5.73630555464518,5.23884867835514,NA,5.12568831668411,4.45852434152271,4.37238196071438,5.11777833656425,4.4868386715566,5.0242923574485,3.82620413821441,3.62336553388344,4.13113163782759,4.14892105099393,3.78057392859035,3.60838211609409,3.33646850533605,3.3141685508209,3.80684251340982,3.38791401492668,4.70992559439696,3.70620851963473,3.02802235728509,4.33482520528756,4.89203238289863,4.04257411177549,4.0364722663925,3.53154532849282,3.96711116760747,3.3522798769605,3.38143625400897,3.24110108712255,3.08274770120419,3.68813284527143,3.06774730572872,2.94621005220528,3.00761104862394,3.17857955853072,3.56072480005022,3.62559869042558,3.71673344043678,3.35139241922552,3.49055053660625,NA,3.56122792753599,3.7410331301763,3.85811284189402,3.82916044897106,3.93912614861952,3.69389241036079
NA,NA,5.42584692995322,NA,5.21891726602361,5.3695315971455,5.18280796912784,5.86168407089757,6.06773374707759,5.36141820960885,5.84326700091805,5.87587205074903,4.93857018963879,5.41562655517225,NA,5.15400402890581,6.00385919045399,5.61010631240671,5.75195237297607,5.70416508186591,5.32164642082289,5.35953251513807,5.75705824066924,5.2906071872643,5.66687514131442,5.50885575935109,NA,5.3473129120124,5.42003608882092,5.48448269097324,5.04211266555904,5.48543772452098,5.5317793967383,5.58898795226158,5.23340312237821,NA,NA,5.10288157047602,5.00267087759193,5.06969152457843,4.67582683797104,4.74362405277326,4.47961318092626,3.9247437982901,3.48772604192759,3.36046171836627,3.17001311609816,3.00186485768637,NA,2.92096561539749,0,2.52634874840237,2.63470376160652,3.56947273479007,5.18254657554281,5.24792782291627,4.03180739225236,3.93748760518114,3.24524724895184,3.26893796404018,3.91643249130611,3.61682306211724,3.47657418354848,3.85174081568651,3.27940750034528,3.35421255209062,4.16162556745023,3.59043529641918,3.69024180735364,3.69772373435138,3.83194362082516,4.56962476034684,4.34001801272489,4.42259825398651,4.47648471192446,4.47391783953555,4.55899989584832,4.59903993320412,4.49882616630889,4.61379398853884,NA,4.61258005863069,4.45169879243995,NA,4.80330012949512,5.23152361181772,4.79887584098458,4.5931991114742,5.07063836674303,4.74039132196044,5.14962154312034,5.05449997524776,NA,5.16320891238406,5.09222556665353,4.64033993502569,5.55619406575823,5.46544199628298,5.50041280290863,5.64922167903708,5.88508323558839,5.22155860155137,4.83721123241706,5.39771906058083,NA,NA,5.86690666385334,6.19669003452715,6.19246929506246,5.93272193938324,4.76474534218255,5.95084840136907,5.89122214681272,6.32541752048312,5.30131291003966,5.83879667262391,5.56594234168813,5.41821612932551,5.79700594170754,5.711312583074,NA,5.27040751439021,5.19731903789618,5.29073655839153,5.35782306301585,4.93153762718667,5.19477990587939,5.00005908516277,4.93285815196579,NA,4.89376973183945,5.28935827644549,5.57799279587224,4.49078357058851,4.02239237084505,4.2559386084966,4.09055733135866,3.92840100972722,NA,NA,4.65483072678445,3.82290825592246,4.75309905390215,NA,3.1769766615426,3.30183077315859,4.10953926614385,4.10799993633734,3.52473135130568,3.56750136608636,3.17787094573872,3.88405482404555,4.76595450385459,3.41069005569967,4.0757064335612,4.14226000954512,3.74980727644573,3.76666299775849,3.72738816950267,4.06796403003952,4.8616057015953,4.2931417895395,4.16604636581513,4.51760922378963,4.39625839421823,4.88703881827944,4.98158707722621,NA,4.61318322470774,4.97965447299154,4.52865118316929,NA,4.92439693806037,5.45035885767934,4.95002933732994,5.65944442399474,NA,5.15883125756991,5.08216814911341,5.64454082794662,5.51833190722237,5.68864424109247,5.40758407463551,NA,6.20108410696588,5.35307083973587,5.41438860301413,5.31369839557942,5.25829366826172,5.49617267157972,5.56335654616783,5.28959176795381,5.42145323916489,5.63114409405503,5.49028812747684,5.37005303612442,5.60633189701046,5.58012935125028,5.66526955888622,5.36964715220744,5.49329295757648,5.52353777541556,5.29643580151888,5.40554778621569,5.2174890084585,5.50272506938672,5.10014745204076,5.67202977615415,NA,5.83551357721038,5.41672096761589,5.77108912976966,6.08976507477156,6.16411180836597,5.53427436095642,5.36787363840348,5.14258418035796,4.62461618479831,5.42493556832105,6.65380907429552,NA,5.46590713355401,5.15371089803549,5.46355312080427,4.58276205050347,4.63967539092227,4.06553547000806,4.07460254828909,4.12297230000427,4.31031365116493,4.41201432432746,4.13615789267753,4.37460206851729,3.80758404757554,4.49800896718232,5.0276440380031,4.80874541365218,5.79059917852883,4.76329161907621,4.70456106293167,4.76166667765018,5.28408834657578,4.3874876617992,4.01331009436987,4.60833354838457,4.58339181680393,4.43827662360363,4.43210178461928,3.97987035126874,3.93665554497575,4.0967143129687,4.45374671927099,4.45562148487355,4.29660541126236,4.44011811140709,4.21851772732245,4.75993967974765,4.2667613684043,4.69700275419195,5.15941448387716,5.36933309860749,5.44079200914632,5.25064095622211,5.64246911148964,5.52750960598917,5.51280417827612,5.37652925104346,NA,5.31718916111719,5.4552960695906,5.5050973026284,5.51676324801704,5.58153236669895,5.73301430013459,NA,6.20171831471927,6.25064089094582,6.06302815445284,6.00763861105561,6.01046336892994,5.8857414436432,5.77607038095165,5.71050732738768,5.76337735749304,5.85412540971966,5.90985604308937,6.15056758984204,5.89704883439177,5.56751318457892,5.45112765981166,NA,5.45667794760254,NA,5.83896750134481,5.83829450458028,5.54939229642504,5.63917028700128,5.7396645290214,5.73704744186113,5.53959796210626,5.36383065132606,5.13444405736228,5.02490941595871,4.9682731114112,5.22815666007469,5.08757601862014,5.0975310144498,5.23493606712163,4.82190231604951,4.99078183510283,4.82632144741966,5.11955133366817,4.89237366101509,4.31086386508663,4.3584067488721,4.11955686196474,4.34892530187232,4.1259916753092,4.27691231826107,NA,3.96881725771211,NA,3.6963318088314,3.48709859304641,3.06009187588676,4.05070209910073,4.08006790406305,3.93833597132798,NA,5.17618850715392,6.06255899441051,4.11960812468742,4.04452151695492,NA,NA,NA,3.91616650507746,4.57767743646991,4.20956272568256,4.10610016178635,NA,4.13553361061539,4.55188650917015,4.18753986600146,4.17377454229399,4.43537197967282,4.14854324054481,3.87176436497687,3.70059946947451,3.86240318611903,5.67160087601351,4.74966936778169,5.11390285547971,5.67659788334156,NA,4.79618228732161,5.61594948807527,4.83497510790021,NA,4.76854118212625,5.50388973018341,5.37978503037696,5.48477522532461,5.78522736907539,NA,NA,5.5543532565128,5.92887447409762,5.91746048597415,5.88085828221383,5.8476794311843,5.85301269456606,5.68936129385735,5.46964507224729,5.555533333103,5.55076692967868,5.52927452575916,5.57552543631146,5.65634494871703,5.58045907963714,5.88312185354247,5.39233280403488,5.55191963265481,5.5795486052065,5.72833300163798,5.89360687705434,5.64219686826792,5.65833152933026,6.0140388265175,5.54278941154345,5.64513340609543,5.54090529162897,5.61812985148181,5.70743329518069,5.58737060290631,5.94778353533343,5.80218740340488,5.62055696023484,6.07900288091565,5.49231167507755,4.63387456818931,5.04812495933786,4.33762527346055,NA,6.04741124114458,3.88734050053887,4.73299046386341,4.23374006508071,3.77498287387452,NA,3.14322936318116,3.61112118926054,3.71899299042452,3.76965855828362,3.43212180419042,3.4723468074902,4.23495861490629,NA,3.28849581458778,3.13322867588201,3.41567825858825,3.70777836363931,4.06437605723066,3.45281658935654,2.97578422753504,3.38107367032242,3.04962095825262,3.5746238280797,4.32145487993894,4.23376246387455,4.53291456393916,3.66753022385889,3.68878366724982,3.99148331429782,3.41154812460645,3.2803059311329,3.61281139143574,4.00249779882388,4.13222191091,4.46013434070865,4.09962762006291,4.34824057972759,4.12716971542052,4.04421825851833,4.79423920898794,4.94687047729359,4.61088044650559,4.9828385063359,5.19147989611657,NA,5.33138644801269,5.41791529426203,4.16947951194622,5.55938488495716,5.48139111167123,5.51587732026936,5.5481361561956,5.61793762744885,NA,5.68702994361409,6.01573313109933,NA,5.83524221711644,6.00693813215053,5.94215055383629,5.84750092753514,5.9214606993733,5.85962997630624,6.0645748326106,5.86136180567091,5.74257148950376,6.17769184595965,6.0561346793788,5.73856662761452,5.91773875555149,6.10416732701977,5.77260578825159,5.89347287994513,5.97397073098559,6.24457333599326,6.1840875270381,5.87097430543017,NA,5.77692872400647,6.2043950777939,5.89957708576052,6.69340570208077,7.4218193025263,5.9249788587347,6.57704514068275,6.59360030181527,NA,5.64286205134094,6.10907494490201,6.08935454977616,5.83917922939686,5.36490869653974,NA,6.53167552817203,6.13943324063248,NA,6.08800723797872,5.45697216074687,5.35655546377047,5.89755507968935,5.36064214311165,5.81213497242518,4.79079020421907,4.3908059300745,4.77067566819963,4.66110175132311,4.33722714540164,3.93729899716636,3.77756876154648,3.58906323540435,3.97411678061038,4.77753409772226,5.41477298719189,4.59801799085772,4.34462322245223,4.6609678887308,5.51124250463632,3.965205002936,4.18762185007978,4.09109831702916,3.5217688016898,3.79045957570847,3.37782584643545,3.90758997302747,3.86550107250039,4.21334558137852,3.91997315349314,4.14905241391401,4.0557587000053,4.28454225593038,4.78493052526831,4.68683608887108,4.91710455757918,4.85378780757024,4.89743537020535,NA,4.91982911732184,5.08165650323715,5.29711481748517,5.27692101569323,5.12558441592002,4.95137333645199
NA,NA,4.67685425300318,NA,4.24309521219791,4.68276748097899,4.37178703822986,5.22489924788406,5.587891122499,4.63381745479332,5.0898815577167,5.32342627556024,4.1005069680899,4.62938757243299,NA,4.58505244738803,5.32659059629324,4.92467426121381,4.8221663945303,4.76150614405417,4.30038200706379,4.74267927060388,5.19067318584925,4.231592823392,4.71304724467809,4.74372009318433,NA,4.53911899282168,4.5071348094574,4.62496159277041,4.12049554898987,4.46962010236223,4.46703101724793,4.49317053626957,4.18828922437993,NA,NA,4.00612412316782,4.02720242457409,4.116731874719,3.7309233108325,3.67949459585169,3.40768913748051,3.15763001501033,2.44882225784091,2.46884800574074,2.50795177223101,2.56164175995121,NA,3.02588416641361,2.52634874840237,0,1.87421941388714,3.76003240835713,5.466760322568,5.63409820552202,3.90370425373076,3.99715278363709,3.19987127247655,3.08669716088244,3.94605070318381,3.93900722425162,3.50215418319623,3.76972695033434,3.41157884359257,3.26742539795386,4.34848241560421,3.31621796373623,3.84520724684795,3.35519043551881,3.45470357461208,4.15303237714662,3.48801300227571,3.82541705253041,3.75500657808101,3.81654289561163,3.88248743412769,4.06675180769904,3.93518419575404,3.87675881328878,NA,3.74126699819103,3.77833839248557,NA,4.09205058028659,4.51217534474003,4.20035754400703,3.60416082740937,4.31020801627566,3.97497737744609,4.5299889678168,4.37303129152876,NA,4.42897591945756,4.27599396906873,3.57042107266959,4.83729995257731,4.7396338849723,4.81103117249184,4.92998113686813,5.20576343203866,4.39792736943742,3.67364693138675,4.52732720737318,NA,NA,5.02001852245543,5.36493680123018,5.2677267523027,4.99029103734087,3.67342786662696,4.97780552878609,4.94435898355952,5.32861073440476,4.16509300131402,4.78452146402157,4.60852892437848,4.21934336879466,4.73891158187427,4.73860162643817,NA,4.27096987716701,4.4278789578734,4.41557105001334,4.64040913047249,3.93271978928369,4.36085957104145,4.1218108920696,4.07816342305355,NA,3.95812197260488,4.14769243570362,4.71214665062265,3.45402144354847,2.98762333387765,3.71731494558361,3.26515264825061,3.09320990545106,NA,NA,3.50869824781722,2.69173852797824,4.01601201911352,NA,2.84375337513605,2.83659765529612,3.56314187819815,3.43150654137363,3.01052016585958,3.16001667186365,2.79573789535876,2.80436169284923,4.17135818448513,3.102534240111,4.15254584371744,3.95392059976132,3.31835661954221,3.48751650956555,3.07172032235541,3.47564265122945,4.32456533249477,3.72934275544666,3.66348360430593,3.85112051441378,3.64910994356134,4.1387991046824,4.17450618514987,NA,3.97992850923979,4.01852632855357,3.62241323553608,NA,4.13460381848595,4.59935931832723,4.02495761180281,4.88273249923107,NA,4.24675504034512,4.20452019961201,4.933862303867,4.78323698707004,5.06232518753389,4.69873658422572,NA,5.35929179854312,4.60966515125063,4.78939984510158,4.59796154663808,4.43120882098752,4.63076980273198,4.6413694699215,4.44929799026993,4.64955060666797,4.94195587093265,4.66926886161002,4.44010668830374,4.83982879951069,4.8910262397565,4.85586206869021,4.56593649122704,4.75692665107202,4.35525370281657,4.46110667908061,4.50154955738452,4.18696945792679,4.56779756863698,4.1485805964877,4.65684120550547,NA,4.59005505333121,4.06048331456917,4.62551307115753,4.98458019552334,5.30738674931983,4.54107655058113,4.33419116339316,4.04261805767794,3.33235914011478,4.39494092570188,5.611145616491,NA,4.44836960589916,3.969729371484,4.70752381275055,3.7184109174813,3.87388584891052,3.45621972487461,3.05144008763589,3.17243752329531,3.59977616769191,3.78470028458463,3.6571832494888,3.68880052997101,3.26155635978084,3.47456999027069,4.19756655599216,3.86753655514596,4.750566225569,3.76892458857093,3.83193331313848,3.8032926086288,4.66274843151778,4.13339651280887,3.48471254647891,3.62182816412275,3.77685920497496,3.59865443730268,3.73498066185375,3.31494045672625,3.36971943431591,3.45743369986853,3.58259841490428,3.68073389416762,3.40911306377513,3.73154237240101,3.72847011164911,4.40903394556369,3.70168144170823,4.18146943683832,4.62819156901883,4.61417857820527,4.66584117523757,4.40207660905604,4.8226369925623,4.65490966482682,4.59688880830957,4.44109239322455,NA,4.26427676811344,4.60118934175734,4.77988500729325,4.65615775268232,4.6419793704447,4.81844363098576,NA,5.3248018472471,5.42484797894732,5.31800024769532,5.11973947316676,5.10778775006451,5.04442451991222,4.95536242242455,4.81733354212272,4.88790855780799,5.0191825847532,4.93010780180017,5.10519841441597,4.79389667054147,4.44704507156055,4.36726678282196,NA,4.15634567229005,NA,4.55811813679461,4.68452630056421,4.27546805039355,4.40243640465024,4.54879429239263,4.6257185310777,4.3749003445304,4.22294226647963,3.93930424414893,3.90451640927219,3.8262409617982,4.21793657373897,4.05352444886998,4.14905637225037,4.34025165598303,3.86339731161685,3.79054553217301,3.61773419807984,4.35246020802774,3.93009868753705,3.37665192984363,3.33697614142514,2.92563167475055,3.0699116546802,3.01482315186413,3.45266493892857,NA,2.91611531095574,NA,3.94277291900897,3.67731905488141,3.82526964436153,4.49660319455063,3.30433084383746,3.9052927594177,NA,4.46953363627305,5.19942870863603,3.48527350992025,3.13804152059057,NA,NA,NA,3.21560314716979,4.06485068019983,3.55526455101134,3.37133345052142,NA,3.29363366300188,3.95551587230076,3.35802148835531,3.40364630630167,3.91026812950187,3.51806747261012,3.27629733864573,2.83141588166044,3.19599753118402,4.90252114116108,4.25029291008891,4.26277513409314,4.68398216939215,NA,3.8706208962528,4.75811299525641,3.94925538684401,NA,3.85451280728648,4.33701122333892,4.31745163496276,4.4881224538087,4.78949623799998,NA,NA,4.63407719115188,5.0585434785205,4.96321151173804,4.94945773800588,4.91947608005184,4.95482799072984,4.72993513782871,4.50106730216954,4.7878927337318,4.6713734413332,4.67135104410696,4.71682559736113,4.69924308739552,4.69149446057514,5.02019322122374,4.50779148975514,4.50694253582287,4.44179074575829,4.49439133519567,4.68977705370993,4.41925598237747,4.49107160802891,4.97810289548032,4.47347269599088,4.50696145468068,4.35662478150174,4.41225215345919,4.51704207159604,4.44351254053465,4.80227520126348,4.60096888184425,4.40331883918455,5.07106021093639,4.58337273332147,3.40332627599379,3.86626881699952,3.12444884877621,NA,4.96180639703829,2.93748600880055,3.76628096451735,3.22954640531547,2.95568737710808,NA,2.60231796572913,2.8436335823271,2.87094873013462,3.43659287588826,2.9423328821101,2.99416053652661,3.16454798941489,NA,2.68497302282541,2.48826421219426,3.16686111713731,3.95118184196973,3.23625994482735,3.13119508631236,3.12532414598189,3.03305625025511,3.41857954085681,3.45448748523084,3.24249815881991,3.49477521364861,3.77997698066397,3.03536174205043,2.95075849666713,3.30246738697396,2.96853349103812,2.83996429008571,2.97415295539364,3.13036368776551,3.21193947043305,3.26281486103009,2.9619709548975,3.49379965465783,3.15651014813406,3.14178578412304,3.86656861325598,4.03390547345054,3.53517643948442,3.95702256354504,4.20614558096316,NA,4.28242091077517,4.24953086101908,3.54702295576187,4.53725009053763,4.36097703567977,4.43846438798761,4.46213023859276,4.54501252564889,NA,4.566426157718,4.93297897152165,NA,4.79075501196091,5.03006969258272,4.93093028430626,4.77384804053416,4.79126415305682,4.812289042369,4.94991902568502,4.70042157432164,4.56079811854782,5.03581498674378,4.8662461692054,4.56848744838596,4.75815023567302,4.965739303337,4.65590585019553,4.8256994254384,4.95387767214278,5.22342365567854,5.23567245080811,4.67276054410703,NA,4.77651725986914,5.09757751211376,4.79027494283319,5.80044283863339,6.50583407582361,5.05025421086818,5.69657423637092,5.81908766382202,NA,4.69231899817366,5.26302633131626,5.30849728270527,4.9700569477011,4.51054460312155,NA,5.83806504721224,5.3919550128745,NA,5.1078898791424,4.42136110342936,4.2622579621664,4.86979083756969,4.27080885568225,5.03881023503321,3.94029112962814,3.35885633361892,3.84186735705996,3.93331281586269,3.71190646635153,3.28191297330545,3.33712895248618,3.10805120806189,3.3482491529078,4.16826442297158,4.60263470962175,4.03886706796461,3.81249860369094,3.74410929482885,4.49584772630582,3.66440337074599,3.49644899986247,3.1596055188244,2.89830504792667,3.03067415216017,2.99400725719162,3.38440353389936,3.05943413691506,3.34776004522883,3.0952105330231,3.40482764475973,3.48723183130993,3.62184166756423,4.03406024454374,3.72697273730336,4.18796990666901,4.13945320429268,3.99929740613176,NA,4.05024928732084,4.2156257451035,4.34905846726408,4.41449296706208,4.41703125768494,4.18035124055192
NA,NA,4.70865097458651,NA,4.38731975970797,4.73403350920578,4.40122039898324,5.2922470133822,5.60357860357868,4.6342775223029,5.30237367711963,5.45623227061497,4.04126324788973,4.74167058410173,NA,4.45274388378618,5.31960044007424,4.84336254539541,4.84987512747137,4.80286126558577,4.35965872096062,4.78835251626574,5.26595915621681,4.22456530338458,4.66693244981735,4.59613897714057,NA,4.33277510907215,4.29761744294947,4.52737494075247,4.04673150448929,4.38896942709209,4.31737631142888,4.41201634261974,4.04065452745413,NA,NA,3.95646416828894,4.01987096580421,4.1122687536087,3.70368662497786,3.60777560949034,3.35295841406877,3.15700183574675,2.86965981187764,2.65275590822348,3.21895089704264,2.59173401585733,NA,2.72449316357209,2.63470376160652,1.87421941388714,0,3.33729354937833,5.28300785205715,5.75025801946158,3.55682778049841,4.37073576914064,3.50671792973056,3.43508760617889,4.03381114872432,3.90367397438934,3.5324489660406,3.4658353358984,3.33783129230078,3.12713600609243,4.21303247289046,3.02212258376697,3.68286501770386,3.0463787953587,3.16751975905143,3.92155120850022,3.37397596251595,3.64335132247312,3.56529708007006,3.57901882085754,3.5885786537324,3.84389445968255,3.6541055371975,3.59978101531397,NA,3.56355830097683,3.65161000009692,NA,3.96815017836477,4.31733458947891,4.03942854388843,3.52970478795884,4.23990903998543,3.86462554104079,4.39113695847052,4.15823022364202,NA,4.33140410758746,4.13347646582082,3.51163514777702,4.75365451279332,4.67399587463827,4.69804980060703,4.74375033235343,5.15831238472367,4.26959666569878,3.64458353577653,4.50475740364657,NA,NA,4.9676178345584,5.43433543309948,5.3906208492397,4.98399405532252,3.69708796934042,4.90824507197522,4.78462948849813,5.46693000334229,4.12091355951278,4.76263634098166,4.47116391709763,4.16562398607727,4.75233484875973,4.76966839216627,NA,4.10199550435055,4.34425302177445,4.25794774934155,4.50444778177943,3.79035158208058,4.2208983940946,4.04630424769729,4.01075796307484,NA,4.03032847435565,4.34936828183629,4.64361907516857,3.59347137657387,3.10917844057711,4.17744712561621,3.57335734491501,3.07323020163195,NA,NA,3.38590260165951,2.64708380820828,3.69118539154081,NA,2.55117493049828,2.49663033582557,3.01521760566604,3.00625914892215,2.73333886671889,2.77375461639013,2.49381534067259,2.89338127071674,4.41518530589758,2.874493249244,3.99700369817323,3.65559563492542,2.97825388180554,3.16000831908785,2.82807238784537,3.04236490963523,3.97304762574487,3.42204870819674,3.46101647305713,3.48588887454,3.36938443037857,3.93856546934084,4.04587916012936,NA,3.82336568919858,3.89800412582948,3.56852440549885,NA,3.97304115212051,4.40720727182484,4.01102857189804,4.76590448366766,NA,4.22972792837195,4.20429365032813,4.75099746281426,4.62601939435354,4.95552275621532,4.5177528081154,NA,5.25074656692953,4.52129077661816,4.6160303515242,4.38440037059594,4.3214064278164,4.60980944730454,4.63659376348372,4.3742789891993,4.55249799264416,4.88502484813356,4.6064263349389,4.44196817529463,4.74962296533771,4.76892311371329,4.76220236882675,4.48131455459772,4.71723432610506,4.44771373058845,4.48976504618255,4.53268603062472,4.15051375538881,4.43507464010796,4.10442651068138,4.54502452004141,NA,4.7606913619229,4.35256513022469,4.79467655781101,5.07176002497979,5.37687288705223,4.69874915705646,4.29159110902865,4.01065649150953,3.82629760884068,4.53976499193978,5.68745903060861,NA,4.42947823685102,3.90365538523304,4.52665769119572,3.49900594316673,3.51202029907037,3.19546196570481,3.0263299835263,3.11260543584635,3.28354436466839,3.34926396270222,3.23601465568318,3.34952345233508,2.97855067498642,3.41033643501773,4.02197573590265,3.61170230822393,4.7321484913003,3.54633996665944,3.67670202969675,3.59871289539617,4.18994437251374,3.65832971153638,2.95719897446109,3.28654012416155,3.50704583918527,3.33448196758176,3.58697028022848,3.12850767772677,3.13357349268699,3.10625678256819,3.33909743863613,3.6623952989943,3.26699487521864,3.43328193955931,3.42298709133869,4.14266848168448,3.48108082473149,3.91821725438271,4.38644573902781,4.42543086430242,4.42976508914306,4.30527775878368,4.6363329885125,4.57560201311892,4.4023943187916,4.34287951043119,NA,4.15713753829989,4.46037871697098,4.57931050174105,4.53218746578412,4.59912248732187,4.73397627301171,NA,5.21032667852681,5.3426299544435,5.19513971757865,4.94286308480533,4.95391262682852,4.81384422920802,4.77955109393942,4.65751304992798,4.77415632031638,4.90170034007236,4.78785157346545,4.98173127163574,4.72839684981642,4.37651955812035,4.20017740997712,NA,4.14405756008202,NA,4.48534886626371,4.53607153883067,4.17946945005522,4.36403554169372,4.67324794259104,4.69507343910574,4.31533365506208,4.18734541558638,3.66980201967655,3.62315828657852,3.60759606993734,3.86423917138143,3.88583556122772,4.01609142544538,4.1323896548914,3.77206664284429,3.9222413044805,3.58293174880874,4.12521797094306,3.82153844759227,3.23033102209327,3.48318017648842,3.17162126161994,3.28994604869185,2.92592718603075,3.13144161440466,NA,2.95121650854441,NA,4.04130572811077,3.57761628394058,3.6922060890594,4.31083754293268,3.00213753034951,3.29626147433628,NA,4.48557683505353,5.36699441246579,3.4813380603984,3.11553054413837,NA,NA,NA,2.86927530252825,3.83055161855146,3.23783727713474,3.20395536593392,NA,3.14081837717011,3.89574370577382,3.27733930441048,3.2182434151838,3.7489053824385,3.58785527068691,3.32844407987595,2.93868814620896,3.40699504029014,4.9306703516266,4.1466311220065,4.08830104646282,4.5313108470856,NA,3.78376597953032,4.64811777397696,3.68072222355384,NA,3.74583112997775,4.30560575981769,4.27140649688433,4.40090856966362,4.68014178021077,NA,NA,4.54405724016686,4.90615417338927,4.82462929257768,4.76550585440456,4.73072657826885,4.75357043068472,4.53787277562381,4.35804900226919,4.52832260124321,4.46752739089984,4.49430624967832,4.50925529468287,4.646409089904,4.62943614034919,4.93712602904645,4.52373504603775,4.51960836475001,4.41892814658425,4.61758463178332,4.79945166802474,4.52925097024393,4.56923424436578,5.04514545509212,4.51987133358066,4.56905653283658,4.53684121439935,4.52641201954685,4.63955530420015,4.47139723697368,4.93125347003084,4.60233597781057,4.42151052495603,5.15841601079196,4.48094196001077,3.26328355122198,3.76177520897148,3.34714062064316,NA,4.99099048083844,3.25912018975187,4.03788448501702,3.4584937483808,2.95691054351391,NA,2.7143953743822,2.86419963548817,2.89200308945459,3.14939540711921,2.90747551461595,2.71348960615189,3.01024227051071,NA,2.77392585630789,2.59837630295995,2.7179526080883,3.88307655555763,3.16017772774088,2.86187721191347,2.87149802134355,2.7546598594324,3.37830090391885,3.4047385998921,3.16620124139317,3.45202497199937,3.77107397005564,3.09553627464662,2.96309453792841,3.26656278738425,3.15863060769062,2.89270900404456,3.27867725636395,3.53934825104244,3.44307359824189,3.28461108638044,2.94718644579459,3.27969704798985,3.04319781584849,3.05984012748852,3.67767678927761,3.8509044687358,3.50904114037791,3.81510610927504,4.0277715720421,NA,4.07791160125239,4.11108082990065,4.02125610939816,4.34665528476872,4.20553344613003,4.28552444565242,4.33379670731339,4.39006695276447,NA,4.4211847215843,4.79724859075816,NA,4.63059413844528,4.86422024650383,4.78560874474266,4.71046675381468,4.70949671624371,4.72922504283097,4.8817098800638,4.68831497978898,4.5596280607403,5.18581373752139,4.90868004374632,4.64103684118168,4.88554021167948,5.04698018119215,4.78814073201273,4.95229734327736,5.05960419372613,5.38972130951298,5.38691558063105,4.76505728233661,NA,4.6251809853738,5.23665557007005,4.99664498914149,5.90805473442213,6.58325608904654,5.06748488588892,5.78192716666688,5.85202311089502,NA,4.67368776520092,5.24508435023251,5.26918818757286,4.9108216823374,4.36393025108801,NA,5.76758998596863,5.32138742940573,NA,5.16616663346761,4.47159046431256,4.34299248609428,5.09413309900047,4.39749791550452,5.01500978268138,3.80673265409742,3.43118050254404,3.90443470337987,3.94432231733176,3.65605842222715,3.39641895177294,3.35030542185801,3.06998360127763,3.50617431888511,3.92570637730016,4.75571494914497,4.0027161366533,3.64026718345636,3.95963926124975,4.67678607922866,3.6782330467592,3.35642380148855,2.98590993152161,3.03998465875876,3.08183490657824,2.87718032514709,3.10103431818357,2.91324387604749,3.38195701818211,2.99903920264609,3.18557508624276,3.29691445083488,3.46032758138141,3.87745503197031,3.7346475179747,4.0918289976016,3.89965428620985,3.84122908505459,NA,3.90757580885262,4.06246417509153,4.13708979544713,4.20095165324377,4.25782889267708,3.985045389615
NA,NA,6.48451596703605,NA,6.2977451480848,6.55762019614138,6.28358678610896,6.94691770330235,7.14839493900982,6.01888791779524,6.60643910834098,6.7099217674044,5.86840468022307,6.43031682676429,NA,6.26572635129155,6.72432974484322,6.51882954401912,6.37619592058888,6.14771375125513,5.98029156776023,6.34853321998493,6.44446079750763,5.93850219551497,6.28803254828089,6.2665231218629,NA,6.0478499061941,6.04465304091495,6.02332640712983,5.91124569054457,6.22592328217616,6.27295974361331,6.25873195688182,5.94045227863473,NA,NA,5.79441600925355,5.81742587760297,5.74154829180362,5.41761855677773,5.39060160706643,5.17872466499924,5.08951960996627,4.38336835381983,4.59361238421658,4.59652241255962,4.44497209697322,NA,4.48709490907118,3.56947273479007,3.76003240835713,3.33729354937833,0,3.31779249924744,5.04862706361607,3.58964962619874,4.16282510081664,3.91706248018404,3.98895088131835,4.13931126880609,4.02503433116371,4.19330857986069,4.58243662451961,4.08125393224469,4.18595779491027,5.16334838290437,4.81928092374424,4.82819525427415,4.78960069244032,4.74396767180839,5.76922848668535,5.37806736869167,5.55706381760893,5.49620769748542,5.38161387837685,5.52372757434191,5.7268210559389,5.70610032700361,5.64991455928906,NA,5.60434191648746,5.71439137463779,NA,6.03216487651146,6.30617679204496,6.06257309643583,5.44576513832148,6.14446512081098,5.85283025417041,6.33127768685671,6.20849841263835,NA,6.17835474544139,6.12501398870925,5.39616541919909,6.64518028933289,6.5425603209459,6.49271847995457,6.6642305615428,6.73583643911273,6.18210058869589,5.440918278383,6.29062369063546,NA,NA,6.81897021144264,7.11719989154931,6.90892955904045,6.53714611486272,5.34796883277494,6.62607200710931,6.64248539094749,6.79844777096501,5.9392196453241,6.56088521514479,6.20275174579327,6.13986587943182,6.48907680762418,6.54646703320378,NA,5.98896630852607,5.95883116143474,6.12192964286697,6.28788871662214,5.72517455651036,5.80942833721769,5.55596843196614,5.60749430875638,NA,5.08978915066417,5.53256291520224,5.41497198504929,4.71805064610144,4.52792880403878,4.36793411903529,4.4655993916449,4.8728640108062,NA,NA,5.33453662366175,4.71954138142448,5.84587554507027,NA,4.05115791700931,4.09648442436752,4.53087973148174,4.74923613212026,4.10753178863111,3.92807288840339,3.69899283818333,4.52891678918636,5.24989626173493,4.13519689588998,3.48684917160449,4.15049111438145,4.1190506167188,4.54025029292153,4.65583541536437,4.74876930490998,5.80025751392162,5.46035560083596,5.33120081941182,5.48072970360756,5.25500738274967,5.75945652581182,5.84132076900682,NA,5.50417575320503,5.65797636194481,5.3955947952599,NA,5.79374406494892,6.28946084867147,5.84325331469677,6.53558461127329,NA,6.043725178221,6.06299576578187,6.41046095245715,6.50027233902609,6.71065154807538,6.17691342845496,NA,6.84678954389077,6.37659813212022,6.41129009737736,6.37179621379153,6.09672596286929,6.18420026313919,6.38826176490383,6.19906487219728,6.27798171452725,6.63108202531517,6.09940396638256,6.17030673752933,6.3810003986576,6.4573489356707,6.43457174055662,6.21205833298511,6.3120972764401,6.19060988632785,6.03288205007055,6.20979187685325,5.87429244583569,6.0793818833959,6.01261282604013,6.33600698813764,NA,6.13848839578765,6.07677446442767,6.47401042568295,6.78656305397197,6.71914035002911,6.03636041733873,5.86515366657292,5.6562708032028,4.80144960016547,5.78825253156578,7.01256677171404,NA,5.53778907495548,5.65828489547224,5.09112723068701,4.82991645592179,4.98819901692505,4.67499456180615,4.66474264170379,4.78310816101163,4.82164484103322,5.00010121106003,4.58816325445882,5.03731072420578,4.33381144406366,5.11866119498246,5.33923083353382,4.97453188220301,6.23547356997334,5.30344445009754,5.31283620106124,5.56548499277529,5.9079104273912,5.17015350090346,4.46486066188479,5.35421663527214,5.39600959514481,5.26635834412562,5.29749100521359,4.67131221754178,4.86520013074391,5.00886823433508,5.27721723601333,5.18309620450562,4.94950715645203,5.18000640870691,5.30805812094572,5.93276377895379,5.39523242232108,5.67627131567756,6.11219651434695,6.28135893391971,6.28986504464195,5.9675573778888,6.34384814259309,6.25202566188869,6.17056412020375,6.07120546399443,NA,6.15711863811581,6.19491368247957,6.37283822590149,6.44275770565198,6.41646362486568,6.47871999887377,NA,6.89169556104808,6.86252335865098,6.74450435810843,6.71634428423226,6.78695866359416,6.48879879422025,6.48766697639009,6.49917672369846,6.52747539498623,6.64739274673147,6.65560585860474,6.85516703687359,6.54540482583114,6.11376855131068,6.17089368160415,NA,6.08746384443299,NA,6.09648521332727,6.06755581509412,5.93807958084257,6.07796749068091,6.34943409678032,6.3549486094901,6.07445845552973,5.91011499633003,5.59815822555433,5.42842898317185,5.48630902317909,5.7058122149524,5.71517413873041,5.66710334245905,5.63915223793347,5.5541910528444,5.76320895889049,5.55647553343821,5.95296920977369,5.65911385479116,4.87870980983309,4.93758915566358,4.63997698800472,5.22014522366979,4.93735593709014,4.86987493700943,NA,4.56016447990181,NA,3.86575718615841,4.36242472450845,3.62716932335673,3.96363149897791,4.77914475912441,3.97815540940175,NA,6.01928928709874,6.825925475403,4.98571625052682,4.75383870053427,NA,NA,NA,4.29479091632832,5.56013198315564,5.3165372562422,5.05505472435023,NA,5.08723647798969,5.54583802142983,5.04662397568233,5.13262547259854,5.4695002329678,5.18141282188421,4.84702677437035,4.49006218510706,4.54822971101501,6.31546504552698,5.68039544793932,5.7356042143512,6.3600799798385,NA,5.61143557569079,6.13966379663656,5.7334881503064,NA,5.93836652534024,6.43047782752901,6.36648534513979,6.45881361518715,6.70217388180571,NA,NA,6.57081117833027,6.80778366398433,6.75811611647831,6.75032995755149,6.69835806112015,6.63715856050574,6.53547602516265,6.35522379022522,6.54393629168533,6.4462969664757,6.45023847373439,6.56233301487095,6.49242063520564,6.4519577704358,6.85638830053544,6.366385976842,6.32254041974133,6.33769619241647,6.43217148266842,6.62170016087501,6.3428257073168,6.26843591749565,6.58502037325471,6.3084114157696,6.26073718380087,6.31358757669878,6.31136947951793,6.33123745929756,6.126948247818,6.49489255971914,6.22219488456216,6.05317691407256,6.4987132242912,5.94211193712341,4.82025970734108,5.19848917563581,4.84797780222024,NA,6.58982262310168,4.39742079560058,5.13582443888147,4.97566290909166,4.62290159674073,NA,3.98801373180005,4.50737018502361,4.53275328354635,4.21094497314063,3.82173746521159,3.72029453391829,4.7430326893555,NA,3.94199291885456,3.6782924294365,3.93376194240462,3.50375314140223,4.33218370351096,4.07613472429904,3.56681018725257,4.1288051069875,3.80337731162903,4.29263346571766,5.04070491185198,4.90035458941713,5.34477674553345,4.73283719942082,4.67454519544847,4.98090131732468,4.02236326245253,4.08496513763891,4.44062677857868,4.68936094560495,4.8348576768781,4.87532971863209,4.55881765372945,5.20557567116913,5.07147822685477,4.91008336295236,5.59906943021625,5.84630787079025,5.43649197602569,5.7959522451238,6.01015023158866,NA,6.047681549815,6.1154419358063,4.79686272103608,6.34075279035171,6.17210816717931,6.26376938294735,6.24821108325309,6.35868385836425,NA,6.45301978134958,6.8175799393659,NA,6.60480805459637,6.85255472494452,6.75866240792715,6.54398926101827,6.6471992276283,6.62231667684898,6.75372478677353,6.51594085582628,6.37293238737555,6.82325815403877,6.73991136492271,6.42032530878677,6.59350465871187,6.82020413876511,6.41217959283479,6.45143349951857,6.56403808224317,6.89489298760471,6.92870512355683,6.50750426260872,NA,6.67888940734819,6.79789819546229,6.48982916102317,7.31808343715161,7.9400321662207,6.56907495312215,7.20254577364871,7.34830658654923,NA,6.22350316133611,6.62683158423016,6.72836253960849,6.42281047807186,5.96139377129112,NA,6.94653359215797,6.51644075452433,NA,6.73617134816274,5.99393260785959,5.85729748890603,6.39418659014535,5.96100544283836,6.35690960868561,5.41858296989348,5.0846452786326,5.36021750162762,5.32019103021112,5.09917803473818,4.94433060023812,4.85674045743706,4.653643491515,4.92098409770529,5.89609708787252,6.18332600133138,5.76381468400068,5.55755432054503,5.17423119061438,6.08404592841952,4.78579085017642,4.53935049099661,4.50275688770901,4.23234059674564,4.66869568114531,3.97346872992469,4.71573867876034,4.75468733199536,4.8295996682715,4.73569724731361,5.12452634877555,5.14033254908049,5.39327644429784,5.77102174509239,5.60441903792848,5.95424551178004,5.8242160215206,5.9459202995122,NA,5.99830972132818,6.16025498527717,6.2463493382575,6.29562799129842,6.11208655809774,5.93244825907427
NA,NA,8.05296553536284,NA,7.90683764542078,8.07790371903734,7.86331203468319,8.4044265237734,8.6131600807303,7.67413806126015,8.02055673768838,8.21490965486157,7.58152442245681,8.07013120765691,NA,7.99714921759869,7.87224162241198,8.14492377455042,7.96196454751442,7.99442507312563,7.79767475152371,7.99913091042729,8.29764971734299,7.83632264510917,7.85821549437609,7.9706416798327,NA,7.81560641680547,7.85947251392194,7.87150424070154,7.65897324306054,7.91893125625033,7.94891504084147,7.94739494574933,7.70821721946029,NA,NA,7.4801621585898,7.40477881017227,7.40230983405661,7.19982399537539,7.14615905931163,6.90227329083574,6.65482221797503,6.05568046229804,6.19748913429517,6.23160917083806,6.25752128566952,NA,6.45382052915566,5.18254657554281,5.466760322568,5.28300785205715,3.31779249924744,0,4.76327468521705,4.30199538867261,4.27972401554721,4.89378651314403,4.79110607423007,4.62242183709349,4.38287162672938,4.90059119938822,5.76454937341671,5.17280309342457,5.46995706645023,6.07914068854233,6.32912440699011,6.32943552581365,6.41737061918806,6.4285897558858,7.44673822003265,7.10179596315673,7.28252677180184,7.27817212045723,7.26787518673617,7.260626791689,7.39751251699491,7.40362502230388,7.43224216964313,NA,7.36071580848383,7.42635326531007,NA,7.63793100182529,7.95576256907607,7.73438204329653,7.24098355533088,7.76544661242765,7.54206595054544,7.92704474702455,7.85520259718054,NA,7.92801233915485,7.77023333757185,7.1566820233647,8.27794944754646,8.16033627512871,8.18791176947966,8.2905133625742,8.33921884951422,7.82675192349983,7.1691648074212,7.98155590765452,NA,NA,8.45612012244849,8.56336359685658,8.31575799237357,8.14272379457751,7.11886693290271,8.30688653125433,8.32649637023005,8.469452284959,7.67781238037541,8.24510366419698,7.99006158249189,7.87515457841086,8.15508726199683,8.26969211624535,NA,7.67872752362754,7.65742606115147,7.85478197231391,8.00920909751972,7.43899368758786,7.60763529211417,7.37461691664287,7.42903828390364,NA,6.76820414242642,7.23519793697161,7.02440658193037,6.37805956198573,6.34605809980316,5.33104254329224,5.64589332578119,6.69437072849723,NA,NA,7.21121388666223,6.48193141167461,7.61699673042668,NA,5.83512234081378,5.97485971082025,6.38401963270258,6.5140942213853,5.86031210698042,5.88771388062602,5.44355730174852,6.32829823210855,6.68732556486755,5.60075859272404,4.59387602305766,5.30414987730328,5.77034121377042,6.02799652075563,6.47187720989274,6.75632590505535,7.54693664926056,7.15642961015605,6.9594529189815,7.2383422045396,6.98444446391666,7.39482359983075,7.52695070530845,NA,7.17626405860595,7.33081548737331,7.09768198711499,NA,7.51741234222009,7.94532164535549,7.54336255425235,8.14954748099499,NA,7.832834880843,7.77639299601187,8.19322474699086,8.12733038045235,8.34924591488744,8.02650499432441,NA,8.60111301891344,8.06158047528699,8.12036109908212,8.09020875775836,7.84267739723253,7.95829559831087,7.99030478839673,7.89355498515504,8.02493029489614,8.33309990892115,7.91867502540167,7.85691436876255,8.07281292400947,8.32019382440148,8.139844532569,7.93241265776375,7.9589397261023,7.92169933985416,7.80572653118106,7.90732951999305,7.6687985367656,7.84003006086527,7.78198406129756,8.07317714138029,NA,7.90862392256274,7.62093519571324,8.05222976761313,8.3226368966895,8.2374517386742,7.59331785764799,7.49427780548524,7.30151523926594,6.13211801851027,7.20415807116265,8.40013662181636,NA,7.02342946844807,7.32469992626951,6.67807679157717,6.43548599580626,6.53000604562179,6.48599712057677,6.26275131324867,6.58409660775737,6.70359160222912,6.84420694721936,6.31684659398336,6.74531757341657,5.97510218248238,6.87504159020194,7.08434993357222,6.73712505578497,7.93099862974508,7.18864301337622,7.21971492762158,7.27169720251147,7.63009628004674,7.05584669985744,6.10755111277903,7.11186530007262,7.27968936106182,7.1497131450684,6.97119896015942,6.42580117660807,6.54959425728464,6.66810762093064,7.04373470061013,6.86347580875338,6.55729022812841,6.86742765539486,7.07373757669882,7.57864476332535,7.10015760134532,7.4059265647434,7.8245853057071,7.97893232767441,7.95870693400573,7.66579325198247,8.06126661582723,7.94208324182487,7.91171364832811,7.70850929061344,NA,7.78552874537336,7.93799986739069,8.10017468720099,8.13218896511341,8.15557222540807,8.17618738274079,NA,8.53015753751084,8.50808103279757,8.40295260891303,8.37715001149346,8.48166019264903,8.33529975932775,8.26743704061053,8.23383459014926,8.28208949323926,8.32080755368966,8.30794638752303,8.50380776551073,8.26154278785011,7.88639353762046,7.90237113466915,NA,7.80133863336232,NA,7.90619751883664,7.78485365920315,7.6776609521349,7.81686372855717,7.95900127748322,8.04019697778382,7.84753694768702,7.63006442222808,7.4037222171413,7.27749718870124,7.31582762977486,7.42746545341993,7.46337950353713,7.42914968519715,7.34690795528117,7.29970150068289,7.47460018425516,7.34987353188752,7.65697454521323,7.2492807477218,6.60149845341943,6.44031871308489,6.33531078317095,6.91823848562512,6.68780698024074,6.68344118968324,NA,6.28279373193527,NA,5.09624074983467,6.02515619199952,4.79449540160572,5.18613624556188,6.65537674338699,5.66827008911252,NA,7.52739334387603,8.20917166142035,6.52633116650189,6.59812426045527,NA,NA,NA,6.06016225551182,7.36875274846531,7.00641185225965,6.74743023434883,NA,6.83987871209319,7.23871766545982,6.8282238647182,6.87820785909159,7.20870881324017,6.6760849318197,6.52097955071534,6.16107295097231,6.10243603123857,7.63252483417329,7.11899112661046,7.51002571550861,8.08118564600279,NA,7.38627768975337,7.89267989261141,7.42603347469384,NA,7.6153281866284,8.10562240536469,8.09254475784343,8.17636914026939,8.35533416258937,NA,NA,8.22539242015872,8.41487140637935,8.35855528935604,8.41892649785918,8.34494960044962,8.29748915498926,8.22331504281207,8.09996696672247,8.27951834103475,8.13480449563863,8.15338072545246,8.26503495537423,8.11210123706346,8.02734410973787,8.51554929015492,8.05568852723025,8.06240590645037,8.04937142979693,8.14597954138156,8.2380382516807,8.01525831303289,7.9414276103329,8.04392610611682,7.88572015722687,7.89776294114198,7.90189689346031,7.85581771226535,7.93294396569914,7.73813893167616,8.05409473108817,7.93015578293941,7.69847314971971,7.86714232898441,7.34579122406666,6.45576463289594,6.86381837282446,6.33463850572469,NA,8.16199508590693,5.77130580020099,6.54939221011568,6.52483883082563,6.25334840145351,NA,5.52080299128751,6.14662692552538,6.16598865617449,5.83702425148299,5.22417269701778,5.39703550903858,6.43134299253028,NA,5.47589501863624,5.03201585214502,5.57202513081405,4.48214372690835,5.88781738995765,5.63170282651321,5.01971805346531,5.78395816627464,5.00623654824404,5.53145112749697,6.69116256304596,6.11493367714537,6.78618777648556,6.28268661129203,6.15678900707445,6.48513798043798,5.27481080178376,5.4623943293665,5.73378252786159,6.03229217684127,6.41615140709857,6.50590235222744,6.18475430991751,6.89402860936578,6.75657816998135,6.5892862375156,7.28058798707131,7.49691517797438,7.08368754550465,7.47962409055163,7.66728580784697,NA,7.72066718802943,7.7642669627702,5.9300528580007,8.04817858448145,7.84623638484943,7.92254222838096,7.95971393144217,8.05587181756885,NA,8.11603741094297,8.45258122337063,NA,8.26923099923738,8.49631083338609,8.44091505254901,8.15997396130813,8.28033231308188,8.34003593392232,8.43709967092367,8.20007139729702,8.07156442817888,8.43163874233334,8.31988531830851,8.05620574359535,8.15627186642041,8.42396417182246,8.05078942078938,8.05763038122189,8.13200587321661,8.4498085238203,8.50801833799047,8.14616765711695,NA,8.32319825867976,8.39326575278901,8.05297121088611,8.76379608890518,9.3830472480783,8.03133340341034,8.60528416835849,8.83663259987165,NA,7.83855028488461,8.30213189319159,8.34234536933329,8.07409650125962,7.69508323308016,NA,8.47455805047036,8.16530312056008,NA,8.30538788682295,7.69958496632695,7.45826860842475,7.82527993575002,7.53412058313608,7.91422168233136,7.00062295431163,6.64609742176715,6.91496294256883,6.82996699858722,6.624766998002,6.48508091752092,6.49310631749529,6.31606975981609,6.53471318205663,7.67950327587599,7.7315627702625,7.36542107045979,7.35184998505979,6.4712588983316,7.5803402292882,5.97330585995086,6.03434877955551,6.17723744747641,5.67327296451752,6.35189637047529,5.50763664792007,6.36534579928654,6.43789120484385,6.51882649943711,6.47217548954123,6.81392159619375,6.84102487386049,7.13905914394659,7.4531525793861,7.29199824607913,7.71441104719286,7.57745246117132,7.69575304246122,NA,7.74111867626976,7.87331699400596,7.97261118279759,8.0089712463845,7.85379077999972,7.70678496198536
NA,NA,8.41910562245671,NA,8.26593132151859,8.33930574949031,8.2506706699097,8.65946470492605,8.88392363962686,8.35882798616653,8.58072643290265,8.47095527243026,8.03434243567781,7.99476843676955,NA,8.30550080336193,8.85342025170219,8.62339067113417,8.58569542715234,8.6041467652255,8.36669955685963,8.35330546717949,8.73692258473376,8.3516304669655,8.56857405891338,8.56884781723429,NA,8.31986474190559,8.37265780850347,8.40025063163277,8.16719928780617,8.42189789321416,8.44872170303817,8.4379276894327,8.2425710098152,NA,NA,8.07129499188446,7.93718477758223,8.03469822251239,7.75576749806497,7.80060594375184,7.46675850490145,7.21942760008322,6.51651945563753,6.70747749150926,6.18395290870038,6.86580489832388,NA,6.98020578552091,5.24792782291627,5.63409820552202,5.75025801946158,5.04862706361607,4.76327468521705,0,5.57093498998564,3.81516591071633,4.48048962535657,4.32148800525895,4.34625420602277,4.15622223396687,4.86293423564646,6.64796830002532,5.25983462705296,5.90419034523946,5.63670337067562,6.3880348408478,6.6099874936322,6.95689917805697,6.90415664451448,7.93122843915432,7.6628609944566,7.79205286881419,7.80610248517271,7.86866263410874,7.92391062437198,7.99793511217039,7.91102283272662,7.93364214071067,NA,7.87037152092101,7.75428214290277,NA,7.9785688476747,8.40595077801479,8.09838602264233,7.80649648257001,8.19970626904748,8.01530455984806,8.30762121148908,8.23320890400838,NA,8.32902717158115,8.25978481904867,7.74297694393147,8.61316444027944,8.58044959453901,8.60006573928066,8.67528205066729,8.88354846255248,8.30894270137586,7.76800809739404,8.50196401886803,NA,NA,8.84210314277269,8.95266267664533,8.95178344149455,8.65494630164075,7.74549260223256,8.72460940315027,8.73976136635195,9.05725261973688,8.2236444042716,8.65444871709216,8.55146861249724,8.36764124436999,8.71672319711062,8.75950184505477,NA,8.30682455068078,8.29428994809789,8.41851364670712,8.53434960728318,8.01504417104025,8.31177359453993,8.12984641575655,8.06116735531029,NA,7.65346607996998,7.96584107797312,8.25116867034478,7.28619452987782,6.81717169128077,5.16776391690144,5.9804537281911,7.14789697258053,NA,NA,7.66754525240122,6.91335212364837,8.12387968618926,NA,6.4807607216145,6.47774368256484,7.10966556199335,7.22963901013711,5.9695793567371,6.41230866131059,6.07645667012716,6.90395297096645,7.50559984073421,6.52922384621997,4.73730564369978,6.05764337309687,6.33812101158933,6.06842952638986,6.7483932837796,7.35091717773738,8.20198554714692,7.73562990593989,7.36993073888846,7.85032170234305,7.59071522486713,7.98093817910315,8.15936190971164,NA,7.9463688250146,8.05436580117187,7.73296315390092,NA,8.1827928414735,8.49798961009775,8.06162733585652,8.77266400461684,NA,8.37816667985077,8.29789248458642,8.73935710983046,8.64790188445996,8.89218258675834,8.61711343788363,NA,9.16096856984601,8.59140981025255,8.70703193784271,8.52883925127865,8.43221981047541,8.60193554253583,8.61948897813413,8.46844748266005,8.53862718335498,8.7808035212994,8.57320657634087,8.51431049389291,8.71514157029878,8.83374701810797,8.77371200619741,8.66613441919405,8.76966454800656,8.64034248344545,8.47907715131501,8.51332249039894,8.34883151961242,8.55371161042613,8.3309468577859,8.65324596841027,NA,8.55738236766831,8.17442926212018,8.58007758959211,8.81947515854388,8.77142713604941,7.95937316037916,7.94558783939278,7.7484739167252,6.39828000953789,7.41781994731611,8.83984049159836,NA,8.02063586491959,8.03244881885606,7.93415215739148,7.48577383038808,7.62777728174944,7.42897973418101,6.88035368943719,7.17063704744737,7.4684771248745,7.60497154886071,7.12688762888572,7.35567920713365,6.51175059009781,7.71136419069188,8.00702825470197,7.63287854729184,8.76189631741819,7.95724077916078,7.82239557962847,7.74999713924672,8.54117278331288,7.31263477958516,6.48162246073287,7.69618277010346,7.83976568329986,7.68323966261402,7.66365630075969,6.92497977532649,7.04153918191858,7.15060902061487,7.52718498234948,7.43105262225254,7.14905327162492,7.57150862546911,7.64611873890501,7.77463023652974,7.47533359364288,8.14255316767063,8.44745338331799,8.54449490702386,8.57156318926882,8.3021266561922,8.63229031066451,8.53530599384251,8.52316041325975,8.3724661803136,NA,8.23311902431982,8.57656880422578,8.67958292263373,8.56048767540407,8.59699459154509,8.71809142148422,NA,9.22084799124853,9.25401342232495,9.12132715389981,9.03755826230161,9.03318797351221,8.96622088036145,8.9432986645325,8.78416666736987,8.80484869501916,8.86421213401919,8.83247744622966,9.0423095151265,8.85189958695621,8.56857360914679,8.50787667910457,NA,8.4065970332481,NA,8.58000508281597,8.68431637320743,8.36964896550685,8.457350673441,8.58052815997284,8.59244695593429,8.45401377435425,8.29407147465408,8.16290634030834,8.10065263076827,8.05018730116496,8.27609194608904,8.19716017380358,8.25874403629778,8.30683985138517,8.04331593001208,8.08426153765855,7.97159033873851,8.28732093209065,8.04187719219154,7.40299862281829,7.2400606288437,6.87494736376493,7.52191621088469,7.31228794817087,7.5065198000598,NA,7.03732112167141,NA,5.44246792219408,6.51074166029718,4.65691247538464,5.52297313945804,7.17118844857214,6.627465755989,NA,8.13908957097319,8.77593433468819,7.14953138931445,7.05097010641862,NA,NA,NA,6.80590211114349,7.85862508104715,7.66964131191697,7.51976060266828,NA,7.19111489682002,7.78461589759495,7.30074623108492,7.30442702439398,7.62280131284952,7.30091201346406,6.97667556511318,6.66145794503791,6.29069441172886,8.31534514018747,7.63017777422086,7.96120636142851,8.61427470950088,NA,7.91710208283649,8.48365332109064,7.84439429045799,NA,8.08922043328376,8.54493228867131,8.52284660909442,8.60497502463367,8.80934206865311,NA,NA,8.67675497436627,8.95016438958901,8.88430731507372,8.88469795945718,8.82217140357081,8.85032839140344,8.73784469089358,8.60159169383219,8.77761658120608,8.64074658320004,8.60799067345018,8.66786872586449,8.55653253690936,8.64137698194281,9.00668308794311,8.64317516411827,8.60029181979466,8.5825687059767,8.61145016033982,8.74455846958007,8.4982307570543,8.5127995763074,8.78195431426064,8.46380101054324,8.50170807841095,8.48947447218813,8.41646888817754,8.43537918191468,8.36608270774671,8.60115823963744,8.57569599832809,8.33328296408152,8.67960858507794,8.30574852876577,7.31191034677847,7.71349406057307,6.72235808276247,NA,8.61092290739031,5.9712593821263,6.7838928776942,6.94189116254482,6.63916320306239,NA,5.80193177226732,6.47370471956052,6.57237991061838,6.47965137842667,5.71945254318461,6.03680012261264,7.17365162427462,NA,5.85399175494924,5.289372432944,6.29837007495719,4.64805723396873,6.43485359052917,6.48784778697644,5.62015043531396,6.57549955412276,4.75508553591113,6.03171047117607,7.20543551970833,6.61230918164935,7.33600726778075,6.74241003228349,6.57492839727711,6.74138937731361,5.51355358098957,6.0324110550754,5.99481236431606,6.18989975141553,6.61995953821403,6.80817378116529,6.55427826215311,7.44859651840036,7.12256170519576,7.04406846990748,7.65123291306367,7.93979080054415,7.42936461542559,7.93587144766344,8.10898105669787,NA,8.27397454936332,8.2600961502933,5.7338789564486,8.51102185439049,8.35090125494808,8.38231723666632,8.38661623742862,8.5480181519383,NA,8.58111688595143,8.87120934511804,NA,8.71406745442638,8.91087099879107,8.83370724216847,8.72436718889021,8.76718404204922,8.8293572330349,8.89466856861109,8.69883817045883,8.55907604797132,8.93907787598617,8.81049495037081,8.55565630414391,8.63482512858021,8.79709678614796,8.53839283783779,8.6103120314761,8.65549981353912,8.96423744501404,8.85300566112188,8.60186065465495,NA,8.73321234263916,8.83143376818486,8.58075870052786,9.24489516194478,9.85928564551472,8.5992707919872,9.12040405925615,9.30450731382713,NA,8.37328771183083,8.77198202736149,8.8556446625839,8.63107274322448,8.24946097778554,NA,9.12389305685005,8.82266801579243,NA,8.81316838631637,8.2150279118661,8.09091928480684,8.44442338194407,8.05395351400728,8.50758296727464,7.52511241114328,7.20730993561366,7.37446594612352,7.33402233402438,7.16258207630853,6.83299179455885,6.87714127122204,6.57165962293965,6.71962156809447,8.1208418393404,8.21913299781217,7.8462467659404,7.9914277991523,7.22021958313147,8.09980282338489,6.84639703060713,6.64415976048566,6.77479798250304,5.91902447258777,6.82968902353504,6.12942756381744,6.86500780675375,6.88052655021748,7.05072295806377,7.01371677148286,7.2673812668843,7.39607510070118,7.57484449938662,7.97152381342947,7.8063051464336,8.28851093296369,8.18429942106349,8.17265446126287,NA,8.21181884809098,8.28794480866684,8.40036628238488,8.41331104216558,8.23363449656214,8.1767531686509
NA,NA,5.79305413973946,NA,5.50663765472539,5.86465030219871,5.59883159756111,6.33495739559653,6.60020105531717,5.73616544459618,6.05999170764212,6.18108680556251,5.21646001850887,5.63993292672825,NA,5.70493900563625,6.23579149865639,6.09008652041845,5.91708071173647,5.8582060555389,5.56501339592333,5.89613513063437,6.25585403412193,5.638747922,5.85876050107173,5.77243055855549,NA,5.49207844581361,5.5646922858506,5.66426395713358,5.37125401228907,5.66396818077801,5.61270788217178,5.63405830798523,5.33414027502612,NA,NA,5.24932870190081,5.26049314809275,5.33132493404007,4.94542053371222,4.87842097402565,4.62444008744993,4.39838911310082,4.0532284387061,4.06167826541117,4.55096924902945,4.26451695670859,NA,4.25437772772522,4.03180739225236,3.90370425373076,3.55682778049841,3.58964962619874,4.30199538867261,5.57093498998564,0,3.88441160326845,3.7548992778958,3.76117694594794,3.8412894214454,4.41761214029853,3.97687652317018,3.34184070199853,3.97025373226123,3.49514862631752,4.32609392962444,4.1645102194091,4.54468345216993,4.38170533043186,4.38717301377981,5.22946165481999,4.82883827761548,5.02351135875602,4.92541062542128,4.8955229339437,4.92800231723427,5.24488174146851,5.12142689187501,5.07092491027723,NA,5.00130922093861,4.94367224609404,NA,5.27036406442692,5.62970056497934,5.48822640456044,4.94159469975611,5.44161899883158,5.21935763496794,5.70540950743131,5.56559474668833,NA,5.79779207974634,5.52460584214511,4.90027972048195,6.0352276667494,5.96363680616077,6.03007832734921,6.12986183193624,6.32493496412052,5.67353689240098,5.07444727557927,5.83590233930346,NA,NA,6.38604509897665,6.54247840308724,6.38738890591555,6.04203445212144,5.01653182185653,6.24864686774757,6.24032343982583,6.55870539427105,5.4665479900449,6.04410470258129,5.81789493341429,5.6035108950773,5.99565323546785,6.17227201178224,NA,5.56371410358645,5.46736231106846,5.55162922033765,5.92058420479213,5.13363737683595,5.43864237779086,5.26402139916295,5.25784486137505,NA,5.00269649797767,5.28734043991847,5.60308082192842,4.6165115752626,4.30674906744534,5.23727452766555,4.53733469253122,4.60691201650104,NA,NA,4.9701631111323,4.31644593423764,5.24760821697342,NA,3.99938782805417,3.77696388588697,3.87928072682006,4.10637861874315,4.21664580882623,3.8803507667532,3.83074919693845,4.32417965541596,5.17625104347166,3.29836847816032,3.66215688190965,3.25257240449248,3.23685375681533,3.74113878250648,4.16936175183483,4.4611408307855,5.38416006181801,4.87338215033582,4.73660578869794,5.04072332217798,4.76079491840696,5.25992084185029,5.49783428189959,NA,5.01740039370886,5.19644639253838,4.92951839764326,NA,5.36305174079527,5.812714095289,5.42480901672743,6.2107419172948,NA,5.68762451084864,5.58193631288586,6.12770003159964,6.06371779499496,6.36211970558027,6.00014827613991,NA,6.66969587377992,6.03442489884279,5.99418924007408,5.89470407454017,5.7319476778946,5.93424332903407,5.98961814843635,5.79510307837056,5.86812050229481,6.25576877139499,5.91072179377532,5.82173172761019,6.10344279586893,6.22570839587026,6.20229683033987,5.94430046031379,6.0681371140252,5.90989747997203,5.78792349296208,5.87094969967825,5.51244955845579,5.80553640301965,5.56746599198553,5.98979638904005,NA,5.91137264340388,5.45318728109733,5.86997535289657,6.17466866411441,6.13432335668039,5.56691429950606,5.0587006298857,4.811253997334,4.34576372019567,5.39263844649423,6.09405857792295,NA,4.99384446412984,5.02842496169711,4.81193085189299,4.44891733851106,4.44887573530007,4.27673036537752,4.1395891971417,4.42691440623672,4.43976479415458,4.58661269374214,3.8811282539828,4.12529815996656,3.51423547163261,4.91015309253725,5.36797237889716,4.80059539292646,6.10348072293817,5.02279107058946,4.83172402551028,4.99385010506186,5.54984007062238,4.53933057718937,3.62884158474622,5.01234721058877,5.16386213094762,5.00327938275597,4.65678096674062,4.28629767330909,4.28274991078601,4.3696288616091,4.79824606714647,4.63813784449473,4.53249482052295,4.75222509650684,4.83927074413115,5.27152655746505,4.71279542052477,5.1979720350897,5.74485287253284,5.88365451133833,5.89487769198709,5.52831197623052,6.06847514009208,5.96442207312845,5.90451474288945,5.54219773121655,NA,5.49712627363095,5.8028053485156,5.91074925638276,5.94220690063077,5.98961767080642,6.03687132389675,NA,6.83882297820026,6.79428104366183,6.61427495542872,6.49383687171218,6.62503316947756,6.45623993191282,6.32612540790456,6.16574352007033,6.22150102162868,6.30637400494657,6.25355964241377,6.51829197834121,6.24260765829394,5.82388762310876,5.75158835586698,NA,5.63460684417896,NA,5.92913242459667,5.95297979611861,5.51656369656511,5.65399047274315,5.78761573988011,5.75299630318905,5.591570975297,5.41289702725465,5.14357707386695,5.03924355701593,5.07134157137127,5.3500088134807,5.24312226350829,5.22841525914451,5.07202297021623,5.11562486184475,5.33005935748012,5.04538239502261,5.58991762611976,5.44709121336895,4.50794508688492,4.55876281045405,4.501336224241,4.83430146146345,4.39492460845785,4.63829297818456,NA,4.22240979602557,NA,5.05285172182713,4.50234428016504,4.758666923964,4.58626113904737,4.33514099808626,4.29014941889508,NA,5.49236117408994,6.20757314042944,4.40744655378167,4.27662044808033,NA,NA,NA,3.85142367489895,4.89263375814605,4.59472048007277,4.52458816140228,NA,4.5202415194665,5.09468086118683,4.64660423488537,4.7567894253948,5.01252927155842,4.78910683748704,4.69374831478018,4.14533652070658,4.65278179261489,5.7589448599027,5.07562065265304,5.24975899560799,5.98187328524183,NA,5.38336826181691,5.72514722020311,5.30838937206684,NA,5.39643459695187,5.92587051474221,5.84613854715783,5.98535615106926,6.24245904274029,NA,NA,6.07529607228792,6.36239937524869,6.32868589634889,6.31802421684448,6.21706055915178,6.23237350535534,6.11825881300974,5.95156388372252,6.15658289060293,5.97407374551483,5.94729829151644,6.01895328816379,5.89599851198592,5.91268107846384,6.46954026518104,5.95137015647769,5.9670296617725,5.88263103159691,5.92543792751097,6.09459680206948,5.78427024680548,5.72461931638767,5.97588005023886,5.63541239451654,5.69985875841543,5.64826294677611,5.61087706343924,5.7110126692758,5.5340771448562,5.84045690431968,5.7528141785027,5.41625619901835,5.75190919046959,5.0762242155416,4.38119283009391,4.75019066927179,4.43375656206856,NA,5.84058934122247,4.4432919571203,4.90589087800242,4.5910726947497,4.20445964368924,NA,3.959907270935,4.18864104424717,4.1046735343645,3.77044749465829,3.72987731433092,3.49229687333441,4.05801002132284,NA,3.65137510386201,3.54030082223789,3.28821031944856,4.29712164355657,3.88672524439336,3.53329016348822,3.79073218296371,3.78192127981067,4.23962743271156,4.3165863188609,4.27494897295632,4.05714360585525,4.84085902437863,4.4122044887662,4.13027642473229,4.48906028210546,4.35973603991601,4.06792004745238,4.56789893202853,4.79937072961347,4.96417506873905,4.80857304513005,4.42748798152582,4.5868669138596,4.56190951636409,4.49280225792487,4.99561709995687,5.15012932499326,4.83184207977171,5.17035419157428,5.27900609760799,NA,5.44782806826861,5.45285964062686,5.37669330904349,5.74615658017688,5.50743500121671,5.61151450377145,5.63839126101636,5.79589973786134,NA,5.83384845638414,6.23907835957438,NA,6.04118808564292,6.29050198512522,6.23775427167632,6.0412530062325,6.12651134418058,6.25372943836623,6.30813322631461,6.05880901990166,5.89913291536923,6.33918285659474,6.18445890824463,5.84838168519593,5.95827910120291,6.19729571189661,5.83154621147024,5.89915421496614,5.94323985565052,6.31252654027642,6.40567017702408,5.9339793758468,NA,6.15711648339162,6.24457465687269,5.91561999128255,6.70487159636011,7.35097473306442,5.91040828608852,6.58255007161348,6.72213085853274,NA,5.55540164400517,6.17961225273266,6.216999518624,5.87673918637636,5.37109935878701,NA,6.5752265108961,6.13744364557665,NA,6.09393037650408,5.38989834859158,5.16138916458207,5.78998611905569,5.27641195456331,5.73138456167203,4.32148499943858,4.28655892305542,4.48252810427139,4.55342256522129,4.33852599245005,4.22533306704622,4.25967489984113,4.20599476728767,4.6590663269988,5.3260899922192,5.68656634065397,5.10260553513316,4.99974162828642,4.51194641553678,5.39458259760506,4.21274430855538,4.15527243479385,3.96018224668221,4.38656899867322,4.35405580185561,3.86185498664046,4.23072941344829,4.27862826306065,4.59831900172068,4.35032374338929,4.51625417891462,4.67047619821454,4.92059860397165,5.22416422789253,5.09716843428887,5.52930761145296,5.24352052936197,5.31728543742263,NA,5.36612091016458,5.55498316337025,5.69223019320671,5.74640857675206,5.58404611472865,5.38531274134822
NA,NA,6.83823193501405,NA,6.4097332223148,6.88357017133697,6.70183172009524,7.27506065028357,7.60054965169542,6.90040330288421,6.93727849158932,7.1654084721111,6.44936812249833,6.7161214496084,NA,7.01510222216766,7.39727801541791,7.18927225904912,7.02103251407462,7.04452755076093,6.80339751632978,7.06194104194543,7.36006590271406,6.83952996480868,7.05046104938654,7.05181959432425,NA,6.78366705253617,6.85424294762967,6.90994921617975,6.64338619779128,6.82202554169486,6.81410421891514,6.8156609439143,6.63877535264897,NA,NA,6.45852022233354,6.44811383166723,6.52531165562967,6.22805248670265,6.21056691206321,5.88931300530182,5.64673787431446,4.95448166394435,5.06067205074019,4.15826919524447,5.33290443313231,NA,5.45238912835439,3.93748760518114,3.99715278363709,4.37073576914064,4.16282510081664,4.27972401554721,3.81516591071633,3.88441160326845,0,2.47120578560861,2.54450231597592,3.10030479602634,3.15134357083294,3.65979792281206,4.7953178560234,3.78917399599978,4.16515067009236,4.62200625160759,5.01557371472057,5.33128942085466,5.45557264774538,5.54013614270401,6.45384951180602,6.05378722935541,6.2901902425347,6.22515313357195,6.24691742766493,6.3028807581973,6.48589256273446,6.37273455483163,6.34577629370215,NA,6.25467761473369,6.1042368091335,NA,6.44941862236141,6.79038073871011,6.62227651203278,6.1840135725169,6.61373625938139,6.45401992767526,6.86715254770056,6.73691532163336,NA,6.8440455008639,6.67969116614126,6.14287757025631,7.10238224156014,7.0218042880659,7.15652943561652,7.25443016429908,7.40596121292891,6.76296198857615,6.21901692214456,7.01073156045993,NA,NA,7.45785627517183,7.60131105671824,7.47858775374919,7.27820167790851,6.20567547755179,7.36897946988405,7.34961232506942,7.58260098493802,6.63479573564709,7.22399192244829,7.03978005375337,6.80287928176528,7.15689391356514,7.26359361089469,NA,6.75310294799216,6.78291877165426,6.86280629906848,7.1338505337548,6.40686414860569,6.78998648268091,6.59683438207832,6.49848692373308,NA,6.19251251123759,6.38961468068862,6.88957060981496,5.79557062350727,5.30238980621235,4.19404333761211,4.43245591640917,5.6087318165447,NA,NA,6.04110567795169,5.18932403522331,6.46805684233162,NA,4.81834018127183,4.81362437076575,5.49507916314641,5.58598486879396,4.77570383028018,5.06290849692676,4.70103585778035,5.35327592701533,5.9179516284639,4.5524992840406,3.48718237344315,4.55808849086574,4.74534131205583,4.76085094152713,5.2658044715391,5.78729748386729,6.63203399371558,6.0783859756733,5.93546047152528,6.25892430796056,5.95789669717456,6.37618486529237,6.55770042204348,NA,6.30591712548316,6.36599154168875,6.05009935842793,NA,6.58563340599755,6.97603701473575,6.45171406812761,7.2806190299465,NA,6.73615945957013,6.69836659470017,7.29813692526384,7.18377384552346,7.39710219461493,7.12933341927251,NA,7.74046744015541,7.11490589822437,7.2005449672277,7.00890113314427,6.88205468163565,7.04334082800744,7.06136454240063,6.90245470727888,7.0052021550983,7.31132461415778,7.06383151082175,6.91259605152113,7.2068986497048,7.3001220899004,7.34560744916916,7.14426235376359,7.22710816616592,7.09064905375479,6.93645471564958,6.96666652775866,6.77553452191477,7.0106225797594,6.69201201577871,7.13817001922141,NA,6.87270176719271,6.44896443273546,6.96637837841545,7.24180941479314,7.13165210630013,6.25416229497059,6.15120819223244,5.91973297694221,4.49983836963149,5.9138140535509,7.18179545086023,NA,6.1919233969423,6.31693416704967,6.54484080013524,5.96111879619425,6.12709521318001,5.79596662332286,5.24899054647654,5.60298362186066,5.83929692381969,6.0470170972296,5.55815714749599,5.72926790341118,4.963994385903,6.11202765904499,6.57274938529097,6.17120054600949,7.23367241486776,6.38652776494199,6.20610864011923,6.2500169884386,6.94531232675522,5.96123167554433,4.85864317460726,6.22199343119877,6.33978526529841,6.12335486734874,5.91756903929043,5.22877769611126,5.38702691093667,5.54384813320397,5.93608984590775,5.59811580774384,5.49688338561666,5.96119801862277,6.03529451211292,6.48678746345738,5.95447379269645,6.55684460310249,6.93480169029915,7.0208445139469,7.01724607673053,6.6682207215425,7.16572903242443,6.96534910269358,7.0139213948852,6.68430942575171,NA,6.67953227236801,7.01382842825929,7.10396372360484,7.0531717887501,7.0442767665643,7.15279244057041,NA,7.87789222459672,7.90549123029259,7.76498441393588,7.64935346045194,7.72738322337451,7.55506816520287,7.47747033227933,7.3045416778949,7.34185374993139,7.40733443200148,7.35028390907917,7.52840888743796,7.36065008537446,7.03058433442777,6.99434495499125,NA,6.84436595668409,NA,7.23377626890659,7.29559197078922,6.88932917177648,6.97097048495308,6.99764759787372,7.01898812653044,6.9738962140334,6.81585475105481,6.59086010704083,6.52751612484443,6.46428481609502,6.74667121318331,6.58075390515485,6.58487519424906,6.6576537909925,6.5645858064313,6.57199111265656,6.34097837431509,6.8397857420865,6.70996822684869,5.85016625775724,5.68158165836648,5.38805427114091,6.03660139671484,5.75112136682224,6.01255145492168,NA,5.52809687133139,NA,4.43858920290004,5.29435623105368,4.13875833154387,4.46843880835855,5.7288530066651,5.37888474026237,NA,6.71721796798863,7.24685247018525,5.57109616842161,5.37274804479395,NA,NA,NA,5.2205236733385,6.35415203522588,6.02713903786401,5.91800445388612,NA,5.76749324491049,6.33907747153695,5.83105973843635,5.88003291941662,6.2158639255222,5.68782900954461,5.44657858903782,4.96713355297774,5.08538177106516,6.66667990491095,6.08881377486865,6.46552123350794,7.09814705516763,NA,6.43372716880175,6.93091510736777,6.53269944963118,NA,6.53242118443302,7.01692680335255,7.01426813820592,7.12867685753501,7.34122012470073,NA,NA,7.20629920133107,7.4822749066532,7.426926722177,7.43683533536977,7.33432350982794,7.3611669153822,7.26880142788755,7.1381507688097,7.3202347546068,7.14181840359008,7.09710009458385,7.18507557885764,6.99204511428898,7.04225449708086,7.58519132920704,7.21087417300623,7.14344696132914,7.06501368110588,7.00410837442807,7.2338735635844,6.93462646954843,6.93089729107555,7.13255914786751,6.87421545831306,6.90760687790651,6.87076185959131,6.8101414082844,6.86173775706834,6.772105745016,7.04880515399892,7.00248671502512,6.71735519360655,7.07509444672648,6.7082074594618,5.81070638658198,6.25758998380968,5.20760402627145,NA,7.00516164112449,4.6423059013106,5.29597980640613,5.40042687156512,5.15779675292634,NA,4.3466202869203,5.03331956807483,5.09658501339763,5.17367066230878,4.0868535950646,4.70260604482119,5.65298195560234,NA,4.3972705478312,3.80316345423132,4.80236103746425,3.95067183071495,5.15669644972242,4.8912637001302,4.11957965103957,4.88922449840479,3.67962028127522,4.43787646594977,5.4771678327714,4.80830750211319,5.6842859805994,5.14247707091482,4.90911734177763,5.25472230029138,3.91042058686819,4.25966503856023,4.54485543352012,4.82485585806303,5.21923898321885,5.34586654777329,5.0862401092187,5.7838568214907,5.56635962295323,5.40802643182692,6.1702799932001,6.32892570480279,5.87691560696832,6.32919791979977,6.47405645528718,NA,6.72561048486123,6.69625273394023,4.74727480030751,6.95845114026827,6.75357406773252,6.84830458039675,6.89223160546452,6.98391587430324,NA,6.99438911679151,7.32474655725293,NA,7.1640508039095,7.38701542253988,7.33609717514506,7.19518985528391,7.24248755877232,7.38076501018269,7.43938767980044,7.20656685417308,7.07391981422128,7.49941458539759,7.32830412843596,7.00801560516469,7.11784736839372,7.33951737138381,6.99625715068407,7.05959660541341,7.12791098575084,7.47344957834041,7.54598277862446,7.09002643099491,NA,7.2345818865076,7.34370495060278,7.04103621048654,7.78544384897822,8.35890756743639,7.03308524160853,7.62408519421906,7.8161869608048,NA,6.78373928137253,7.34509836813798,7.36922276496977,7.05725308368361,6.68442588522827,NA,7.74918871254632,7.36831090192222,NA,7.33456659715121,6.69478636896387,6.48702548323844,6.80240336554203,6.50505925399411,7.06209854591529,5.94136268143412,5.53191668574783,5.86431266774814,5.89093472890851,5.62293297279957,5.12075191271512,5.27718815034052,5.06412544168332,5.26783747461883,6.62470931037227,6.7093588599787,6.41224631054719,6.39878943986034,5.42840723499016,6.36460331881528,5.16819384159585,5.15331118700138,5.26411898766514,4.5477373984724,5.33008510597736,4.76082821140771,5.37243816272102,5.35103894246351,5.56729424490898,5.51444998593547,5.73914826453614,5.95986799122502,6.10058093579902,6.48040110838804,6.27423592744168,6.80082087590856,6.64017272443551,6.61238871461718,NA,6.6539861942868,6.79658761092068,6.88707450456653,6.92873593087069,6.83376625827944,6.64430545816178
NA,NA,5.66360453928217,NA,5.32898127619879,5.76797788052382,5.53500040097022,6.18870360399487,6.47140955157895,5.80568554033863,5.94202162258122,6.14286410588336,5.23808396783078,5.72556640231127,NA,5.88943781864707,6.34123245296257,6.10831228798827,6.05904078083382,5.99838545591419,5.71823355519733,5.93773135075771,6.23108888238061,5.69192011991543,5.89500825854877,5.83288811779689,NA,5.67960272562152,5.76294079054712,5.81848174509481,5.5154647927626,5.70234741116472,5.6845107454246,5.7024777805585,5.50408922720939,NA,NA,5.32463587014129,5.3644599492051,5.49246381662941,5.17414011991927,5.15466679563943,4.83793932701904,4.66531650574829,4.01268557778787,4.0374678453377,3.63198072341023,4.37261911122974,NA,4.55274539060914,3.24524724895184,3.19987127247655,3.50671792973056,3.91706248018404,4.89378651314403,4.48048962535657,3.7548992778958,2.47120578560861,0,2.32220626688525,2.82391369652914,2.87756657357026,2.95170050270339,4.12515406697336,3.1828661720139,3.53410683229418,4.32222894766694,4.08648950454586,4.36650718160629,4.31147728489576,4.52191182358233,5.30164202178182,4.91190510263327,5.19626956744703,5.08865190756172,5.0903094427492,5.09733910399794,5.36897082951338,5.21326656286748,5.1590186901156,NA,5.05184332473147,4.86593310348374,NA,5.23897798218077,5.52989352786166,5.42825166183217,4.99821390964699,5.30322828522704,5.20902556525873,5.63192611234731,5.46785174727078,NA,5.65751618162625,5.43463623704493,4.98747251742743,5.89810770648328,5.776158256897,5.93976737915621,6.04459003182972,6.16894847938043,5.60554640527835,5.15518592626291,5.83022202447878,NA,NA,6.33267008078516,6.53464629336832,6.42053808766044,6.23809828021578,5.08959352899567,6.30855551720496,6.25748425177208,6.52925521395226,5.53738285016272,6.09849369934003,5.9040604496116,5.66186453577193,6.02724808384643,6.1659919559667,NA,5.75027033732658,5.74373731844163,5.82393485961736,6.12832355968971,5.29713371456438,5.73555670781183,5.54776202406368,5.49234108820239,NA,5.15709297142818,5.41492720519013,6.00689134007967,4.79162891002443,4.21350564917404,3.67900735708129,3.60162395232307,4.57310836445828,NA,NA,5.08633051804972,4.23406667919948,5.39087220543502,NA,3.96799432993486,4.02297112321243,4.82122297136794,4.74400712665095,3.92549309032438,4.43082498935719,4.04700491167621,4.38365602286442,5.19065134962279,4.02921396870628,4.05499832776893,4.37581052552203,4.05826137635573,4.19699420766086,4.38157987421484,4.8439983933773,5.63390175358656,5.12106252941491,4.94016055236901,5.21682983422999,5.02387083938555,5.41617878283126,5.60516250691688,NA,5.21934279351568,5.2946895634243,5.05523538430899,NA,5.52780972808823,5.89666321497445,5.33776604097756,6.19390040234525,NA,5.66617034222831,5.5836900346925,6.19522068066179,6.07982025729368,6.34418004629518,5.98434183461866,NA,6.6651061703623,6.00569985538985,6.02336301783233,5.82743245880512,5.69317539245114,5.90980802230484,5.93492314035111,5.76509570682955,5.83289739406732,6.17039291386874,5.90824898207924,5.78146364655418,6.18854708402598,6.24009078444628,6.30722384458116,6.07487937387576,6.22297764007616,6.06922088594841,5.98807917264148,6.02854008626151,5.71629970458836,6.03589605052154,5.66759477338261,6.02296032934505,NA,5.90343439222794,5.40210900039571,5.860731866807,6.18154933026666,6.16112570574473,5.19410953219801,5.0095250927642,4.82277852624228,3.99259684611376,5.05796256661423,6.44363873178865,NA,5.41521710107769,5.34637504315164,5.75678962215605,5.07762732119908,5.22571052565197,4.85202128575539,4.36618135109779,4.71360645074062,5.00074395222751,5.16530062850177,4.79854454156748,5.0052972368215,4.43847567942536,5.16454931546089,5.74421290277561,5.42923009481732,6.38180344972285,5.41605149173583,5.30571080015119,5.3386987542336,5.98226236121404,5.1834699952157,4.18183381044544,5.14147350566492,5.31711320204533,5.15357956430407,4.92865997072989,4.37446231976767,4.45655978801342,4.59673919802438,4.95520282281892,4.85945984935081,4.6723435045865,5.04873081125624,5.02501320477808,5.4517155177089,4.99665527267091,5.63550050231798,6.07265501353847,6.09058959533287,6.09240817535676,5.6872639453904,6.23182812291324,6.0569980165631,5.97251931491192,5.6405324517522,NA,5.63233018780782,5.9565619942835,5.9938615363338,6.03315242189514,6.01895957009552,6.15188700163876,NA,6.91480430348257,6.97124826739882,6.78288971307693,6.62249721768805,6.77248816402667,6.54667406781499,6.47608089053301,6.2355325119536,6.29271550846875,6.33538902296561,6.27500813861944,6.57750458179715,6.33905121934556,5.93892627729509,5.87421401166903,NA,5.74475214155938,NA,6.14836109422236,6.28167265910257,5.73048555252446,5.78871006799325,5.96564420109201,5.88917084212701,5.83685206478479,5.72409381710908,5.51007452904743,5.49943292127489,5.3864023012425,5.75323160834768,5.55279286089273,5.60053185694612,5.6589094375665,5.58660810733145,5.52903309201757,5.34463202259791,5.89697581834567,5.79869524333187,4.90981303528598,4.73776142569241,4.55338677671219,5.04282412640305,4.69342729844283,5.10562653667267,NA,4.52825800033565,NA,4.11998022579364,4.49127503865607,3.82634322872172,4.34897391509611,4.59363414491702,4.67482025988651,NA,5.569994030618,6.23403148110195,4.52182040004675,4.33140629542941,NA,NA,NA,4.36691512852281,5.12389309449436,4.90650736185471,4.88785376230792,NA,4.6295404023888,5.26316988956543,4.7271941642904,4.78836181617517,5.0951445548291,4.52630018795434,4.33032379652372,3.8829902928138,4.01785494348651,5.85188331899316,5.10598168251881,5.3843960579034,5.99876730007698,NA,5.31350238054919,5.86413904485242,5.47827967988032,NA,5.31787108828696,5.85631709264708,5.77799606200353,5.9172696512703,6.1609871634974,NA,NA,6.00100618054492,6.25882874461033,6.28001057644822,6.24722329930969,6.14082326062458,6.22435684304739,6.12941118034701,5.93348742971624,6.1554523943038,5.95537183145839,5.89199806139654,5.98920807161119,5.82604286884544,5.90482921715467,6.49406429390543,6.07294591010679,5.96314359956427,5.87796544778265,5.81161225059416,6.01252593365152,5.6902067603021,5.72931015894644,6.00894478669838,5.65365660858061,5.7367150034409,5.71873684524133,5.64167121285783,5.71453817167931,5.6237419470846,5.91202827362517,6.01019008875296,5.59750387992817,6.14597058632939,5.85910688376697,4.8572495057361,5.305591893222,4.14772961788869,NA,5.87859065245301,3.70730793818893,4.42179407315964,4.30702995380602,4.15827185161428,NA,3.38207299559383,3.95126248479144,4.03016261517007,4.10110651812053,3.37434671221447,3.70371751270628,4.57705966830074,NA,3.49428713680173,2.91718420722578,3.69723960580809,3.70459768521953,4.28587239567446,3.89464838828389,3.45549371120891,3.78278982024655,3.09846458651687,3.43100477685848,4.31097123319869,3.84197213864623,4.40789971389535,3.77693485566564,3.67464631244437,4.13547982837263,3.1150997152983,3.23702794344851,3.29960797913243,3.7596359098921,4.17924132321321,4.29883295276953,3.97261368837092,4.52475962437253,4.26379077434098,4.22201791183961,5.03544680040133,5.10908904206898,4.69010442323865,5.10563353601548,5.2524010939139,NA,5.5943707186167,5.56338449995559,3.94390391202377,5.80046163804692,5.59309936420289,5.684357125867,5.72822428706176,5.81338903306249,NA,5.84897580452927,6.25038309563152,NA,6.03600138089785,6.29185455954187,6.2081655994399,6.01211228123118,6.08593449323618,6.27678829464815,6.33902642713881,6.06146935395827,5.88166719450112,6.34081393430998,6.15671763829488,5.82890976825674,5.94916219246759,6.19216544510268,5.82097133776685,5.92448801554637,6.00888889787578,6.35571800063574,6.4189346531652,5.91821108192295,NA,6.14578126539055,6.18667497698515,5.91983055828648,6.70641712253498,7.34215991295768,5.86038544158375,6.47002625002542,6.58937425353347,NA,5.5208210558433,6.14789139360666,6.11706348328078,5.83765394947232,5.4060583833128,NA,6.69223960594804,6.27644169057766,NA,6.21000147837135,5.61037310703072,5.43686676093517,5.80204804624811,5.39357774307891,6.00677467578141,4.9803425094508,4.3755659992893,4.70134540468193,4.82851327666385,4.52243509023751,3.99522362601158,4.09336866434466,3.88101303122905,4.1471715125675,5.35448373817896,5.54717222291802,5.22097789453775,5.17705659850081,4.54756816364444,5.31277983706176,4.21950849697171,4.16038651989216,4.17030797148547,3.49735138617612,4.15011738906104,3.72837356508618,4.19147110061703,4.13881906657106,4.44765707339476,4.35959946795374,4.52624440788756,4.70330890930868,4.81637774716133,5.18363073004741,4.96190713793745,5.50787250881319,5.37497158539903,5.34095163218673,NA,5.36915037303762,5.57318341185259,5.68217374938963,5.70674366430753,5.53441602064399,5.27852352436982
NA,NA,5.74000509465068,NA,5.3672748103561,5.745339884193,5.5412247933923,6.20371823035309,6.59409970520151,5.86702762793113,6.13438859805557,6.32301286977841,5.2955350087104,5.70474041693771,NA,5.92956943572782,6.60593543057261,6.26339463969491,6.16055253450993,6.19207255171114,5.79490790295212,6.15897871652252,6.48877582325166,5.77386033433467,6.12448892523721,6.16521542715714,NA,5.58188104242773,5.61762405283763,5.72264408526389,5.4665542106883,5.66721636678522,5.5790072611318,5.47157178557319,5.27862990396633,NA,NA,5.13591080842419,5.18419963175207,5.34549427417702,4.93088735064934,4.81330068970487,4.48435341990766,4.75690628752636,3.7085963897087,3.90943752330105,3.64383021674345,4.32670614021757,NA,4.50637333007802,3.26893796404018,3.08669716088244,3.43508760617889,3.98895088131835,4.79110607423007,4.32148800525895,3.76117694594794,2.54450231597592,2.32220626688525,0,2.02081692508457,2.86751680903792,2.95357904824084,4.12693705550145,3.05308652260154,3.24752943073781,3.86935205967895,3.95263412489014,4.44333484058678,4.31038669230625,4.48416212500101,5.29324802426923,4.88852980776239,5.19584055652415,5.07753078795042,5.06136383232022,5.0304206155843,5.36050480730797,5.18665852998932,5.17520143840218,NA,5.0665185896238,4.89187861035878,NA,5.24849086040244,5.57092948069511,5.41436262149819,5.05944508306938,5.35967932490657,5.24544557209133,5.65209000435469,5.48702775942651,NA,5.70028324969396,5.43975155287238,5.03068052686127,5.90785738932241,5.81317406688243,5.99651734396031,6.0816543209824,6.31007060448802,5.52031968794646,5.1798280959704,5.91448952924786,NA,NA,6.35135562217798,6.60340988939718,6.55069423948455,6.31933248671556,5.21620659753467,6.39189406538608,6.34626585902337,6.68541079271255,5.60592215409462,6.21716438891034,6.10690289408891,5.77688643322925,6.21004849335722,6.33228795035683,NA,5.8480362069929,5.85995736614953,5.8909766360325,6.1384282829811,5.38295264476659,5.86458858676186,5.69768993674017,5.59255939992276,NA,5.39513118135069,5.55089239583885,6.09375816335211,4.95466672330929,4.32733873357851,3.75466789569564,3.8648823804176,4.65759409583633,NA,NA,5.09616374204212,4.23007357002173,5.37648683374404,NA,3.84447407525775,3.87388885302258,4.55627823606087,4.56790677099605,3.66231953616361,4.14999415902876,3.8170362883265,4.37710476560276,5.38978883953416,3.87520845511079,3.61006139586053,4.24623965128838,4.06257234458704,3.95756402931997,4.18242370093932,4.70869280137025,5.58257585937179,5.02816045569301,4.77941834073095,5.15013359620735,4.86908997020026,5.26922077742953,5.53430325821031,NA,5.07727440203232,5.13732082514503,4.90671137017545,NA,5.43010748177373,5.90196300617302,5.32088509713199,6.14762180953744,NA,5.57950141295755,5.48632657919672,6.12239988354709,6.06092694112609,6.33286407786899,5.95650631303289,NA,6.58372943890912,5.99252647627174,6.00635244975773,5.85440353818246,5.71962125008192,5.85068191971098,5.90770767139498,5.73322531098926,5.85076259880358,6.21930418763819,5.88018631585716,5.77723460736959,6.12425331423261,6.18730282249021,6.27865562187492,6.04368017130245,6.15599549490357,6.04465749126504,5.87157104703042,5.88244144616642,5.57586351264337,5.94851300865855,5.65796138392422,6.06479553123661,NA,5.9500126355092,5.41050796653219,5.91717943261239,6.25494154180226,6.32956758601496,5.51329276435068,5.36243957615453,5.14336957750348,4.12412590561502,5.1889248092313,6.53455199470725,NA,5.64476071780129,5.48733902394731,5.87688458199738,5.09505251540198,5.23785462546775,4.83373304907907,4.22811631756502,4.60857130597442,4.86413516901388,5.04028474783557,4.61557499495963,4.86597323202441,4.23438222874171,5.24830769591482,5.73524174078422,5.24304827399144,6.40017787832287,5.32834930878572,5.04397650948291,5.33146695633043,5.77119831341494,4.94827632057388,3.92479197653622,5.11549404824227,5.24321884775321,5.06840202530193,4.78808661098978,4.00728999038269,4.31473562740167,4.41775713549589,4.94786960320463,4.61013037201251,4.51499645345681,4.96005942985344,4.98483504258881,5.47945596752583,4.89007223609519,5.43841893569949,5.83420976260577,6.01725576945882,5.97221611132998,5.55357307455922,6.08173893441748,5.96302850420551,5.96163488615848,5.67942333435304,NA,5.50758655375981,5.87149339879041,5.98955505312756,5.91612280388968,5.94267193344816,6.07502442182829,NA,6.79922669289201,6.86089674184471,6.6927253478123,6.57354899414327,6.65816080143633,6.56514396305406,6.42931719334496,6.19724630297638,6.2684777080277,6.37345933518659,6.30867367930586,6.5953493485783,6.36031120291469,6.00699857699386,5.92911294243239,NA,5.79281953282123,NA,6.19780694669323,6.2794597842994,5.8006519611388,5.88689755685899,6.10604029376092,6.04340871010894,5.89658401958938,5.76480248804975,5.59519549977421,5.55669780264747,5.42097100582601,5.78406166000669,5.63637014686408,5.73363652316506,5.75599915107306,5.60611562299688,5.680374368721,5.44234631227152,5.96213616493919,5.78558455380887,4.92481835771007,4.88191073829459,4.58589239769489,5.09683349451767,4.74778455309019,5.17910947601227,NA,4.66606261308289,NA,4.34400353410693,4.63249616961839,3.82889463832764,4.49292864975861,4.76528585623674,4.7335802446943,NA,5.78213504155455,6.44604465142397,4.66791856623429,4.35067456150661,NA,NA,NA,4.18501343877818,5.41046422631249,5.03759026543397,4.97356644059271,NA,4.79823338324988,5.35342761506966,4.7755998269831,4.93984169507825,5.01486515651433,4.59027706835529,4.36622141110399,3.95868352877964,4.12412166622258,5.85440798538218,5.06777687737926,5.32109230896638,5.98043587460762,NA,5.09001913917717,5.73486821801522,5.35104203942378,NA,5.315112081097,5.84171636413837,5.78438802077378,5.8876940630656,6.14522438023147,NA,NA,6.00669690402754,6.26322787253825,6.27210478593051,6.26937748560283,6.15019150029777,6.11429784120066,6.0685242782752,5.94231423733135,6.1242180003052,5.93520933825078,5.88669426972174,5.92971739453786,5.80330118798806,5.99624157247382,6.49697533502046,6.09131956053391,6.03397469727943,5.99207864721838,5.95450205471741,6.17039002568789,5.91070286810819,5.95515651450199,6.22359678613523,5.84341029240628,5.92234314372568,5.87499536191096,5.74189933015424,5.75718365865379,5.75410145038579,5.89435246257642,6.11153928490539,5.75512133817915,6.23321205159433,6.01202461534906,4.95674714977402,5.37234200946122,4.25737161178005,NA,6.10971789635806,3.81916647604384,4.67317934479228,4.46808828564828,4.18248620278903,NA,3.37982077855399,3.87227932220393,3.92752917664361,4.32034318948606,3.57145582765908,3.84379645783046,4.64312096534288,NA,3.34176077467129,2.98082220429463,3.75874502047666,3.78596141149502,4.28347935500333,3.84437304860759,3.5521079897955,3.92246430502158,3.33088336823789,3.65235119134857,4.44160054560835,3.69820632614697,4.44673452304123,3.90499639890657,3.73293521161266,4.13697535351946,3.28858791949399,3.39183143839465,3.42650567811673,3.85692676657335,4.12963763247303,4.4111327706333,4.03598864154218,4.44791346563627,4.2819076516189,4.26234915490606,4.94208399610845,5.06450347838633,4.60206147692803,5.1070554304709,5.23881682889755,NA,5.53141578406898,5.51664502293107,3.90048035458621,5.79807458430187,5.56523594422604,5.65176674418012,5.75559752684965,5.84571192822374,NA,5.88360094312111,6.24555338854303,NA,6.07217086145895,6.31213241223855,6.24858938154162,6.09173918613663,6.16493467574625,6.31794433525197,6.37731387737615,6.13325067328672,5.99419729107886,6.48167325975044,6.26376163359666,5.96767320006354,6.0637333462108,6.31406300823953,5.96734768690778,6.05453953936546,6.07066386101356,6.40093703613274,6.47669048449837,6.01694412057828,NA,6.13172863770104,6.2803993273284,5.96334071964269,6.85486755275191,7.5282353048445,6.08147508593171,6.78046985467509,6.92516575388422,NA,5.79123940608142,6.47288016340209,6.45143643496177,6.10500903179223,5.71536159792151,NA,6.9271841018985,6.49303044598442,NA,6.42575375624047,5.85360771811693,5.62991713412129,6.10448466561071,5.65519185909931,6.18875272990766,4.98589514861052,4.4722257401949,4.84931061070324,4.88873834769534,4.60193685589305,4.0453832899234,4.20416222066328,4.00766100318086,4.24635873199703,5.42371338054212,5.68337928974442,5.40361257651558,5.25159482195075,4.812960405909,5.61072150279374,4.51593916226308,4.50024480320952,4.41704058545122,3.67404448111554,4.26998451633045,3.79749070762068,4.35309425322824,4.17177672632131,4.56715975083162,4.32894398626246,4.51287718781722,4.74076449045307,4.86594299046711,5.24379755008603,5.0878592316286,5.58621265684284,5.3597617569825,5.34349896871842,NA,5.42816048945989,5.58088180780219,5.68275611659761,5.67847921604931,5.62707641973538,5.3978636236328
NA,NA,6.45354168587673,NA,6.21740142012307,6.47065665256074,6.25607186774405,6.87845221120412,7.20134170302623,6.40984502455053,6.68869391942208,6.8574624976098,6.00116151646236,6.57377870842739,NA,6.67904020954786,7.0778227076621,6.83007303316193,6.76884061379564,6.73619450540335,6.39958424244023,6.7590547563484,6.99149681414309,6.39913562794175,6.60867375706434,6.63368872841959,NA,6.09709504252265,6.16671700973021,6.26129429651154,6.11668720736415,6.26410888354531,6.16959051455069,6.06397027942885,5.84863721355331,NA,NA,5.7337422769345,5.76794803363345,5.89797046508412,5.49599965668986,5.35119178861002,5.04382483853032,5.36861452676927,4.33040581029006,4.60896029629575,4.68850743960012,5.02554862656233,NA,5.18671848235184,3.91643249130611,3.94605070318381,4.03381114872432,4.13931126880609,4.62242183709349,4.34625420602277,3.8412894214454,3.10030479602634,2.82391369652914,2.02081692508457,0,2.56816582003556,2.89515969010363,4.12629610616906,3.37089287534164,3.69880063303829,4.29066587626659,4.69389987920563,4.74868972746046,4.81347129802187,4.98093299802546,5.97622294259575,5.63183466428351,5.91520530215876,5.77928508834294,5.70967552617832,5.63084368855677,5.97464376680129,5.8804175593361,5.88563978363055,NA,5.79005977396886,5.6511065166104,NA,6.0369436619059,6.28166952629679,6.18596677393582,5.76743634330046,6.06609091179065,5.94119533462267,6.3476294910985,6.19071897924996,NA,6.39785161291568,6.14535708635767,5.71367293122483,6.63569604928636,6.53034246305299,6.7046246184986,6.77122394077758,6.88848062595533,6.28825240851968,5.87542331186911,6.5994762323617,NA,NA,7.03265859986991,7.25640389689058,7.16119558336623,6.93577717441926,5.84331705876458,7.02251023223668,6.99312613188651,7.17786755378101,6.26018712242568,6.80154230209811,6.65296106086601,6.4037563857614,6.77833273393558,6.94638552833069,NA,6.47580842740321,6.49241081152873,6.54803620757587,6.88430830503018,6.05889853565101,6.40787904412248,6.22733309896934,6.17429889903812,NA,5.86764455995053,6.13120823483576,6.48492212278073,5.49343711810599,4.86593749051267,4.30328546853066,4.46120802670397,5.34906858146435,NA,NA,5.84817927047258,4.98367953495559,6.02916575458117,NA,4.31321746914396,4.47333934559235,5.14769187328106,5.18549968271439,4.45922038088853,4.69876469674486,4.35951958897221,4.9816991517432,5.67496355705975,4.04533330857821,3.55884934934955,4.27127855962988,4.35830222289419,4.52368897189291,4.96215434755483,5.372753789327,6.26998019095599,5.72632714982236,5.4863285260663,5.81451061379833,5.51262104978641,5.95103374787678,6.23337517878789,NA,5.6535515671569,5.79445078984831,5.60128539059627,NA,6.17132785063199,6.58385722328964,6.09727111592745,6.89654794353301,NA,6.40660712190373,6.26275057041905,6.82395734484035,6.75590194609024,7.07279742580137,6.68334159389061,NA,7.29585556002726,6.7375936179533,6.68595976619874,6.56307741211354,6.43598097981399,6.59544322113315,6.67530382126199,6.47101217855714,6.58872461523117,6.95255842709571,6.570417109662,6.50923691383541,6.85511859854961,6.94443189862597,6.98858410687493,6.7357649150056,6.77590463961369,6.69993955912165,6.54208085376697,6.5846561239401,6.21482732588183,6.56951440654037,6.37132559841625,6.66877223518946,NA,6.59083700644514,6.12236935737373,6.54283170910648,6.84966623790345,6.81442604061594,6.11508004482433,5.90677885781906,5.68581902641768,4.84390305509871,5.74773162202974,6.98396739953789,NA,6.25940070045858,6.13292372906336,6.3375623339931,5.60123859088168,5.71677315885244,5.29472683338331,4.70646991290161,5.15536585076052,5.39661557432486,5.49937429590079,5.03664130910088,5.31495843029298,4.66802783359633,5.8734847621917,6.38642088388437,5.78345890904618,6.95129427099869,6.00819291181756,5.72816039735121,6.01799767898403,6.28654348223508,5.48615392321056,4.26142321921041,5.79669101772565,6.00556854224013,5.84938191099181,5.29690162952049,4.56681641199577,4.82844731360088,5.01122858167019,5.63251104582979,5.29011087370427,5.17986080947551,5.60857188967816,5.65235061220877,6.23213447868499,5.63254023393188,6.10230586822571,6.50603193161102,6.70514486721471,6.62032956457157,6.18010149830944,6.75125402984354,6.62199931264171,6.58513307170343,6.30307343959091,NA,6.22036451439419,6.54526988860176,6.67984676520172,6.67734636390803,6.70539462620918,6.80109754616418,NA,7.52960114567756,7.57830330341132,7.40757204738293,7.26431955813498,7.37832342101478,7.21545756164809,7.08014559476727,6.84457173818425,6.95773202541529,7.01677720889945,6.96867515249304,7.25037614458253,7.03666167601918,6.63108249131727,6.58624344219624,NA,6.46504816192994,NA,6.8250273819445,6.91615243912994,6.40805329427124,6.50936192239724,6.72010777504963,6.66183673565169,6.50541018608378,6.38849776201254,6.15759121689396,6.12555463259669,6.02951095924578,6.41846792091428,6.27708679502885,6.29003718962502,6.20390682453465,6.19781069624389,6.30748327682673,6.06658748633526,6.51211177800614,6.2881396402284,5.39406962679969,5.30442869972102,5.16214166046067,5.69685351314157,5.28732251134077,5.66943342473475,NA,5.14163702866424,NA,4.65895477642777,5.11891482392718,4.16766338880375,4.61896293286038,5.3275147322035,4.96836745880836,NA,6.27406839971014,6.96831626370266,5.14595252774425,4.99383582559074,NA,NA,NA,4.55957433133206,5.97405826887644,5.61385238395226,5.58086448081253,NA,5.53098989428275,5.90669305944343,5.40809732950225,5.69519113498883,5.76814152766079,5.19795830414823,5.03846842235496,4.62204409278251,4.77447448721013,6.28198671506654,5.64072232980166,5.92974754047256,6.60965470501662,NA,5.77145194410871,6.18025662849753,6.07213325900018,NA,6.02544219745716,6.53614684343858,6.53237513151611,6.62971058880512,6.91601409126357,NA,NA,6.76459156634481,6.9386923318228,6.96627693977193,6.96370865581677,6.85255035751308,6.82397376134392,6.78007138899398,6.65780387585368,6.84726647332162,6.6773285334244,6.63643161900736,6.70164374747571,6.59060498490766,6.67975675184244,7.193371195023,6.78865839921192,6.67842731629945,6.6006284328472,6.57079316135389,6.74464605488075,6.51378087662983,6.54498295028833,6.69370485491892,6.45019673763888,6.51165674188902,6.51171811881292,6.3414497793563,6.39271078092539,6.36358234323548,6.48535013889629,6.69999005353577,6.34658951624016,6.65725918336787,6.45550393310921,5.48970437787038,5.89775600199797,4.88596321534486,NA,6.65614124065127,4.44863522438071,5.12566118878087,5.01007795413366,4.79652809638965,NA,3.98506390188408,4.55200372387698,4.54583213588272,4.67611945203242,3.96338565739266,4.25814075712725,5.15378669860599,NA,3.72618301618576,3.49213363497369,4.02014576443981,4.04897866982762,4.82977650796887,4.03185496549019,3.79339319166159,4.15932552776546,3.5382105864119,3.80109398226751,5.03438711384837,4.1380799431373,4.90735339713784,4.48180557848767,4.3872538868765,4.72343448205114,3.64052346896709,3.68982266518908,3.90382671912221,4.38472501179374,4.79572303367516,4.93371447835042,4.55980820599957,5.09546517235317,4.98855103521947,4.92336975826525,5.62160446017477,5.74687477774988,5.33868073970691,5.7686536544239,5.91097013423355,NA,6.19148460723995,6.15366203029426,4.55121578930005,6.46489808556103,6.196714736726,6.29589621381914,6.35525305738938,6.47486206636992,NA,6.51959137028912,6.89543673821059,NA,6.71428617364425,6.96404051549728,6.90855082535067,6.714162637999,6.79423022696288,7.00035997175805,7.02635188341657,6.74534475283844,6.58708937926924,7.03121163634887,6.85369200853924,6.5783858137636,6.66661167601948,6.93880086018282,6.5736148262215,6.6732530653124,6.69341426922739,7.01160406948462,7.10017792256256,6.61783938870834,NA,6.82972219250504,6.87231162304239,6.58872354047613,7.3463511900149,7.99136827790945,6.52889132758435,7.24735238308383,7.43491105715965,NA,6.24125045713091,6.8823264105939,6.88657592174281,6.59615365755656,6.1646919977508,NA,7.29716798146854,6.84809187828714,NA,6.92191067047782,6.28841305768814,6.00632613686379,6.4900559616229,6.12599265405761,6.56960923409564,5.46408502688805,4.93592747041,5.27784058048717,5.27445138506785,4.91697623693422,4.57989375396516,4.61241836494511,4.5426490843129,4.89429987911966,6.07542109686273,6.24425416221155,5.96686068244288,5.6718441632089,5.12617678712279,6.12396029326969,4.6627646531596,4.71634258207169,4.73271803969149,4.20754622696121,4.78251875463413,4.19569107361201,4.74510230812559,4.7669161129137,5.03801227978348,4.90926200847727,5.15120180081992,5.31168739333202,5.51471204482404,5.86671886924205,5.69866237246772,6.14655170391587,5.95899184107456,6.02753329711965,NA,6.09871473081957,6.2645534818149,6.35997884922094,6.36549275736651,6.19879783162663,5.97787700573095
NA,NA,6.51659991784272,NA,6.33961949614521,6.50367071603939,6.32619633342191,6.82748192304684,7.19279283065045,6.5112608037795,6.74587291898103,6.97773866474128,6.16855427520324,6.78779799958152,NA,6.73700558757474,6.89088956344658,6.75925367520836,6.8038435286797,6.87466936959252,6.55130435777442,6.8866917300903,7.16908141348643,6.51015285764108,6.68178405648531,6.67913209277918,NA,6.53979341592461,6.55241103081118,6.65306072353067,6.32236394433088,6.55554367532599,6.53761310684079,6.54224579013967,6.32799083984699,NA,NA,6.10296212741397,6.09021472425467,6.22613662563397,5.89525156042827,5.8534894334925,5.5271463504938,5.47671586530817,4.61150641398514,4.56841047085366,4.77915795551209,5.01879777790971,NA,5.12289719151726,3.61682306211724,3.93900722425162,3.90367397438934,4.02503433116371,4.38287162672938,4.15622223396687,4.41761214029853,3.15134357083294,2.87756657357026,2.86751680903792,2.56816582003556,0,1.84237408903821,4.10720817844604,2.8593559628024,3.48598672862541,4.22051251713119,4.54649201705332,4.43943618204061,4.64116831982786,4.95826389099893,5.93209324986086,5.66186347280613,5.96245649147627,5.84653798369571,5.7624724915969,5.75807247789119,6.04791998264591,5.89117762308635,5.92343760617661,NA,5.86390640525072,5.74741720137477,NA,6.13417588294458,6.30984495606231,6.1644037726883,5.81567747727573,6.07807204698909,5.93824713425452,6.27671196317207,6.10034493401141,NA,6.32494889234277,6.20723593196747,5.81242739806819,6.71994298214859,6.59928071699155,6.63784043225087,6.67347893783362,6.82029734833631,6.2787276280453,5.96550479547111,6.61362849396193,NA,NA,7.04998361935148,7.18012163804021,7.12458946736092,7.0264920023583,5.93229118304008,7.07062275838466,7.00238864120803,7.25764057826339,6.33991916375328,6.90889787956332,6.72235422993304,6.44230714039023,6.88257569221031,7.03275640934973,NA,6.57928662938181,6.53091129506162,6.63566367741919,6.91917580319814,6.19919707962709,6.57544171218596,6.34290901647972,6.29712696900468,NA,5.7795244570095,6.25270395542646,6.66010002286115,5.65521053129172,4.9958322311973,3.83283592703562,4.23876018091096,5.3657900350726,NA,NA,5.80167485784056,4.99124568675559,6.0001043861865,NA,4.32567005305054,4.66662720655795,5.33848274293206,5.3990848770313,4.4048794396515,4.88989215618703,4.49869078092991,5.06606202226219,5.75854764865235,4.32126135617345,3.82907593869654,4.49054931746175,4.61416330409312,4.64631425678807,4.91811711959082,5.29358053966593,6.22056822551512,5.61891521236755,5.46634761233625,5.71752352731502,5.4982007499197,5.92906753034942,6.12987209386477,NA,5.71540088574898,5.95561924929933,5.6600698502197,NA,6.10253247480924,6.58777611504938,6.04616091289645,6.7911904929066,NA,6.38639277910799,6.3143032098697,6.73754177667862,6.66939757891668,6.98662013141019,6.57252301795343,NA,7.21324072175682,6.68420442756367,6.63578684875616,6.44104595302836,6.32194231529084,6.5294240905842,6.65308504945052,6.40435429559917,6.5194072866753,6.89456222564835,6.50793224632362,6.55403362687778,6.80724748547884,6.90702019469539,6.93773010438564,6.67935465152489,6.78334035499344,6.76983461978232,6.67680679681554,6.76133885944923,6.35342978098744,6.73401671433702,6.44848689540757,6.73003550943728,NA,6.77546109005592,6.39102614193187,6.71708913016134,6.92215045034341,6.94864160858527,6.15208871443309,6.00021249541109,5.79340687550965,5.01051906083688,5.66585920786437,7.15620755384873,NA,6.34955859758231,6.23784549954196,6.49481687442917,5.73455598899478,5.81006091400787,5.50598418438487,5.02521604951132,5.30891875040195,5.52201716159856,5.71828163833789,5.39191723518009,5.5447912185697,4.85376260915614,5.88636702893246,6.46059907323967,6.06081578097139,7.08688581065011,6.07641609376052,5.852155747395,6.06316615277032,6.28998761298903,5.71750681156698,4.70823391219265,5.80787078653211,5.95403968301423,5.88733109130977,5.55017996452823,4.80507487614906,4.81905539186659,5.10847721993318,5.60771033214471,5.53569170494607,5.2067927340762,5.59319040990757,5.45471339747959,6.00951304991129,5.59700498530669,6.00193055917949,6.4479746460502,6.61075363486253,6.58220459129645,6.12481077074106,6.72815725828703,6.67502202739924,6.58788605564745,6.33656135950771,NA,6.22739506059061,6.48187288351038,6.57725350959052,6.61032376570219,6.69529172036874,6.71197359087515,NA,7.46797549690151,7.50664226801724,7.30890351084633,7.23125725557971,7.30676425655065,7.24146282625504,7.05198434633346,6.88288399084549,6.98074813442073,7.02069852617975,6.96964631745595,7.2854998929945,7.00975195338923,6.65296160198324,6.57510608064014,NA,6.50993551995443,NA,6.92126672205297,7.02095493778736,6.47770240879493,6.53871567432768,6.7950253773836,6.72513416527774,6.61707220182504,6.45892038042872,6.24238438387738,6.22640948620134,6.14843401768585,6.5123206672279,6.33103818645899,6.42680594508555,6.37930864188404,6.35428763538312,6.31320488904037,6.17917434112148,6.62782712246719,6.3513395866419,5.45396212512225,5.25530561640318,5.17311238382799,5.75781959905761,5.37999357596326,5.87710040361366,NA,5.28476452827734,NA,4.27228002261363,5.10799226223266,3.83731502967852,4.65385555130692,5.51872167309741,5.25996465053669,NA,6.24742113351382,6.91357315775278,5.28240020684932,5.38366345819357,NA,NA,NA,4.96984708627496,6.15549204154054,5.69433871524044,5.66869544850985,NA,5.5348922463542,5.95929523933464,5.53949151786381,5.60598736134637,5.82652598727684,5.26771642634548,5.07292585128663,4.65891577096225,4.75648601463919,6.32483455935569,5.70252344890635,6.08516482294641,6.59285776749889,NA,6.01321509264973,6.57185805707518,6.08625613584148,NA,5.92975539533828,6.52570685935014,6.5222611484557,6.64106647687614,6.87755460209539,NA,NA,6.71827239094239,6.81624752129238,6.89374064284544,6.9336430490492,6.83082361410532,6.83873190706755,6.79420966730082,6.69659824312454,6.80219657451139,6.65014252122747,6.60435180101517,6.67212303228227,6.61572290608678,6.64154358214203,7.21353749266034,6.75035074193223,6.71349327130703,6.63744307739359,6.69112947177709,6.83005915155635,6.60800243074624,6.62756077759297,6.81394497197894,6.51201737865039,6.58974964533589,6.62473380805461,6.47013402191864,6.50353943258384,6.48159360847404,6.75057981718793,6.73383868554978,6.4150465755505,6.9257108666255,6.61056187834145,5.57223233409844,6.03682047019215,4.8435699955814,NA,6.78561743603329,4.25464761798489,5.08116086896662,4.97554492071835,4.83503373372589,NA,3.96313823776255,4.66874456285223,4.68951128730506,4.89455431677951,3.82058028329506,4.45543299207867,5.29743329701486,NA,3.98236688702867,3.50651203653559,4.42909436572014,3.78410347287301,4.88653523301056,4.33671882340064,3.7565433272401,4.33335436244742,3.20333228307856,3.60691948011883,5.15829345414196,4.33611257654321,4.82499575898231,4.34189594409681,4.2680069599909,4.63078710582058,3.2586277519924,3.52510322257761,3.66343715327585,4.05732090645857,4.57203239184405,4.82865100816904,4.49793103648042,5.13078261896447,4.97111898326215,4.88415368909884,5.64896637220613,5.76384707578856,5.32824948918931,5.82661873674909,6.02808535272496,NA,6.29064812697253,6.29542526888391,3.99512272642504,6.52992380844863,6.34564741489343,6.42396764191312,6.5006276538997,6.51699268486337,NA,6.59398447516499,6.95775771514532,NA,6.73824849622862,6.98331708595789,6.92159505407926,6.70797363548431,6.78919253916742,6.9752528005209,7.03868665455342,6.75881041638887,6.61652630150191,7.10877755846892,6.92656001325245,6.64904142739128,6.75290238597166,7.00828761876538,6.66767611973812,6.770977479727,6.81519040381336,7.10434552482776,7.16604151273892,6.73186159452817,NA,6.86514034138805,6.99823237496895,6.71951483781976,7.41530735962597,8.07103493840738,6.6255393605717,7.25144302100925,7.42884176903634,NA,6.44320616646526,6.97602859778271,6.94612323689249,6.68076576462445,6.26895208680038,NA,7.33430666285491,6.94625857923126,NA,6.98728218446288,6.38426132601237,6.17973191283787,6.59886196946317,6.21789474985237,6.73231175173888,5.80930340256793,5.22484243189839,5.67754880061929,5.61315252407863,5.18790290685461,4.79422420781446,4.64064694395604,4.45656596028222,4.81343135260701,6.10057317047477,6.32653229901897,6.012190339099,5.8034987509011,5.14404088324373,6.13809632491581,4.68915878398839,4.71165136971881,4.81924856574342,3.95084492360186,4.7883199435944,4.10328061869957,4.71382697613952,4.81630209572541,5.01077849177542,4.9120987822433,5.15713135815584,5.24472495231748,5.46687584488069,5.86181040912894,5.69731564880167,6.17166364138347,5.99963926958095,6.0552736658074,NA,6.1100022883169,6.2608817425505,6.36058420393879,6.37326362396343,6.21889384574665,6.03774626118286
NA,NA,5.77469044795598,NA,5.57268587686584,5.71046612750281,5.53322435743804,6.13227365424767,6.47788411272949,5.71645268216715,6.03314103747037,6.20861167960364,5.34137410534321,6.01540524930898,NA,5.899874843736,6.05650111608296,6.01718718256132,5.90617694836695,6.04022431864593,5.69335510883412,6.07942957686952,6.38879051621906,5.67036653944654,5.82997005369407,5.89637703973587,NA,5.73608463834323,5.73935983656935,5.8655351583204,5.43654995539313,5.74634377595126,5.71883008792273,5.72930144454687,5.5008566611594,NA,NA,5.30020136132996,5.31161613701466,5.45769968671092,5.0777098545501,5.00586344051229,4.76052173988999,4.74143597527557,3.95217675324762,4.02641949943592,4.39859340376754,4.35064636021859,NA,4.47565906280545,3.47657418354848,3.50215418319623,3.5324489660406,4.19330857986069,4.90059119938822,4.86293423564646,3.97687652317018,3.65979792281206,2.95170050270339,2.95357904824084,2.89515969010363,1.84237408903821,0,3.22771421556932,2.52837237314441,2.83866621875791,3.55399294598061,3.71766945403589,3.75314744851332,3.85168714326266,4.16299599103095,5.1647750729533,4.86178693798887,5.11259023649599,4.99013928401262,4.96998971643032,4.94077161942363,5.22540673330785,5.13503394001905,5.10548997111471,NA,5.0538180445498,4.98633693852016,NA,5.35815519482475,5.54771166855763,5.36413531070062,5.01460713118833,5.28357423140436,5.09388931273143,5.44499323233565,5.2850385609692,NA,5.56645393377575,5.40968417151305,5.02450093147565,5.97931417947667,5.83967664294962,5.84857478513357,5.88913038109935,6.13293220715547,5.51054806141554,5.2169608389452,5.83865425751977,NA,NA,6.25513831265483,6.43804797152704,6.4040284930794,6.32917003364571,5.19754378089842,6.34948204239767,6.32969051191658,6.66065497423912,5.64278987333726,6.20060028539125,5.97926834451902,5.69029510140139,6.15110042511946,6.31024271116023,NA,5.83152584327671,5.73633374932538,5.80777598031332,6.19619945829964,5.4219574800536,5.81874440856322,5.57158699155824,5.5688463600722,NA,5.0559406570466,5.54022803388677,5.92595767376437,5.00213519043007,4.35770083991559,4.09322206296744,4.0568312578895,4.6544588406389,NA,NA,5.10840224669209,4.37227119403257,5.17157694817459,NA,3.72656058200867,3.99234329788843,4.46794725326811,4.59058863973768,3.75329345704873,4.16936289360983,3.97240287843676,4.27507603987451,5.20743677527306,3.64785371937797,3.98740082230574,3.95837638367953,3.89918244609619,3.91068509589988,4.21115704350269,4.61928209140793,5.44812973140898,4.90475430157738,4.73481066507006,4.89570382272678,4.64217086789514,4.99100805879169,5.28881670703187,NA,4.90769800605431,5.12633176046709,4.84144074950675,NA,5.22676196076539,5.73313436073105,5.19661529648983,5.90335593468984,NA,5.51572497916838,5.45917930546868,5.90003871004301,5.72378828539753,6.10780608714187,5.7571260768249,NA,6.36077043878282,5.86467242059476,5.79292779177857,5.66156959979201,5.55214751445522,5.73940355028565,5.84559610006581,5.59176691131343,5.68962161393773,6.0702065618662,5.74097121944438,5.75845272820289,6.03713515853593,6.12283607572988,6.16698922260999,5.88580548186221,6.03264139072975,5.99348917528266,5.95159337473728,5.97418328869236,5.55441255227968,5.98688724960217,5.61262748236257,5.89470914271835,NA,6.08302854560458,5.62608565088131,5.9189596611443,6.1574199605917,6.31414414991761,5.63225259421503,5.4083051928177,5.18884468200579,4.74149951733123,5.30298720068408,6.56914372307342,NA,5.81235845381023,5.5635866228159,6.01484998524636,5.09493107372859,5.07176809405078,4.6704789078583,4.32495852827292,4.54226186048327,4.78195121706221,4.89177931145474,4.58747573025997,4.7737885483418,4.16782806697599,5.04349457923535,5.61147572530967,5.24880807395249,6.31012569801865,5.25696670717617,4.99010110113242,5.1850101073019,5.44968720987937,4.90957016346817,3.97888961360086,4.97589544413268,5.1846390520892,5.10088919630442,4.68644058155377,4.00207183053913,3.9529244116306,4.26348338482197,4.72063025450711,4.70176139636993,4.35168128337756,4.70260737034219,4.63320999763369,5.1328825736974,4.8013065937307,5.18894475087917,5.56511223228685,5.73945055638469,5.69124852103032,5.28841435645557,5.86162196785852,5.81801234440072,5.74420288493214,5.52737269609303,NA,5.37077881999975,5.61389700527517,5.77983761416828,5.78102314150515,5.89229400662895,5.88369124044404,NA,6.68919989865398,6.72518703126187,6.47864838475993,6.43960243000202,6.546442275317,6.41829965293589,6.23066910080276,6.04540913898951,6.15089780603783,6.19194039315042,6.13391877841755,6.46413890332068,6.18115802187235,5.79866135617892,5.69751204493917,NA,5.69932798549417,NA,6.14758192108542,6.22407780799132,5.65056353167864,5.77021901032388,6.01772405830289,5.93795837068989,5.82681591236266,5.61291353041924,5.3868130589703,5.37088760643248,5.26927341298166,5.67263470323368,5.51844162173768,5.63622269091979,5.56010615112349,5.51336728323453,5.48496599678369,5.37113387534434,5.8663785421286,5.58265255851303,4.71882593175658,4.48939908240814,4.54078724701729,4.99997447904376,4.57966945034953,5.15965417296576,NA,4.60343921784656,NA,4.40423834642037,4.72358566112755,4.13021480713874,4.58586799585062,4.75514581003774,4.77969722012755,NA,5.46798185841996,6.17408218599739,4.54927829009941,4.67291983106966,NA,NA,NA,4.28072036054621,5.38099597322335,4.88490866369225,4.87839826894302,NA,4.7315062005311,5.18687964890357,4.71064932838632,4.80224303755169,4.85452826515255,4.38964079900466,4.38022162357129,3.97875727673046,4.26069137239352,5.46617882990644,4.98500558454007,5.26712469643163,5.71971770269552,NA,5.18713922354264,5.72861767407559,5.31688791461137,NA,5.14638055635653,5.72429817336494,5.73621370381358,5.87267510020549,6.1425918297883,NA,NA,5.88137864638634,6.05714750568953,6.11126936422937,6.1498474679285,6.06055692967883,6.11836015814981,6.06892869106033,5.90680512415365,6.0160134326193,5.86476969237407,5.83586567741284,5.8459658733069,5.92030010185008,5.87483376708139,6.4869247502404,5.9429837095639,5.88921472601759,5.80691613672799,5.96690006100589,6.08874235262236,5.85222133615042,5.82474772837804,6.1091108695283,5.72645065099063,5.8759121353547,5.88831311529616,5.72575879776149,5.7660803720344,5.7515714679039,6.00224872040425,6.06566034856833,5.69654567096043,6.25378248896401,5.90893586224754,4.82883718340156,5.27384561614598,4.28262368645506,NA,6.1635464097064,3.97451428787835,4.76063240827269,4.43941456653048,4.23123800922686,NA,3.44249386585583,4.07829091245225,4.07376071305849,4.3764319429102,3.39336623844446,3.99054570316053,4.54526731466692,NA,3.51630886334107,3.24209582822509,3.92530273775904,3.82248765938249,4.23799293302373,3.80899231436734,3.5454273517598,3.74734251718358,3.09354615368252,3.07613887785676,4.38398741993984,3.65341789532033,3.98304577028228,3.70951653714395,3.49373601701745,3.80087788776768,3.06580875587009,3.14843884900197,3.28644343061783,3.72972159503288,3.96242240910533,4.30832939926363,3.93867132497755,4.31123962105987,4.22265739199722,4.17088583565026,4.81340072791599,4.92030227335235,4.57171617721059,5.02421982021572,5.2170985374205,NA,5.50463204149774,5.51418950320128,3.97509230834312,5.75322281880496,5.58607154175219,5.65077514810724,5.74901537950962,5.73948054322095,NA,5.8004391161222,6.18588653718207,NA,5.96916457263678,6.20386458603873,6.15418270573186,5.97982007818647,6.03960902632259,6.23801840403241,6.29829041722353,6.00172784751824,5.86025506775645,6.40258871012342,6.18737855946183,5.90363978343139,6.02816545962149,6.27919158461128,5.97798665550369,6.10508320984606,6.1212579916491,6.40158436145347,6.40037955322895,6.01579436445837,NA,6.06080456151545,6.30706807590568,6.04591534305501,6.74719853220155,7.47880658672251,5.93576100211579,6.58117941678794,6.7248840515119,NA,5.72614833899808,6.33948846880083,6.3073533175949,6.03918002786598,5.57936805055493,NA,6.67769586558912,6.27879405511786,NA,6.28354536749326,5.67336695069028,5.49190404598853,5.99099453093076,5.5245691959851,6.04710249378018,5.11291411057766,4.58340205102215,5.0463383432284,5.01881410825732,4.48069107428046,4.19621229629036,3.87258946881026,3.68275654431655,4.12350845532975,5.23673468010633,5.5991391954857,5.20604468158369,5.06364591795232,4.64599278193002,5.52633746746478,4.24377124013767,4.23389030838505,4.20564900389372,3.62890277582178,4.06942906219106,3.40541626530442,3.85974779725551,4.00514028484993,4.27610850555581,4.10368865638871,4.27791974734231,4.31986649197762,4.57866385775146,5.00932092502408,4.88998224691548,5.38204439721794,5.08390035360023,5.20755458044133,NA,5.25513024428545,5.40599913587734,5.5175194988249,5.51761449447402,5.37835540418548,5.17771729236952
NA,NA,5.16256978068381,NA,4.83173121783697,5.27115162631197,4.93649785058821,5.78551174958585,6.14193031567152,5.21877030774855,5.61343493471883,5.79154922620044,4.64524220199374,5.46918698481922,NA,5.31396865263347,5.75022529316286,5.51553184564368,5.53500967846909,5.48792265963895,5.07589413136202,5.53437249534229,5.69916983461438,4.88391794691248,5.31134309380984,5.19494958727828,NA,5.01676828163929,4.98779300931404,5.16950070805433,4.7577576725841,4.99788775952763,4.94930238187837,4.98422973035413,4.71333859711915,NA,NA,4.6457482076031,4.77908257222487,4.93353938841953,4.49547352556588,4.35676637350338,4.17958633473454,4.29496228463444,3.78892664211221,3.55838952885211,4.61636642729143,3.81835888753915,NA,3.6349892345312,3.85174081568651,3.76972695033434,3.4658353358984,4.58243662451961,5.76454937341671,6.64796830002532,3.34184070199853,4.7953178560234,4.12515406697336,4.12693705550145,4.12629610616906,4.10720817844604,3.22771421556932,0,2.7969097756808,2.4560878041922,3.83398024687431,3.42716331261385,3.43436797688489,3.19002366869053,3.73580060542355,4.26982798750326,4.1652078483534,4.4307787030449,4.23827299869223,4.04759501001142,3.95469879396442,4.48608105392438,4.34768739801409,4.30697433668684,NA,4.30864687849328,4.29831037463694,NA,4.69083272295783,4.76286461894392,4.79127575678869,4.34636552148408,4.66214595559341,4.49264765431263,4.93425178932439,4.70672802864285,NA,5.07566447754712,4.72680648221752,4.36256966699645,5.37602551683757,5.22684244022298,5.37020959924967,5.38385598566529,5.6190975991436,4.9587027440962,4.69646547418255,5.26126708302025,NA,NA,5.7397040764235,5.97927174981077,5.91199711789675,5.77984179466965,4.63036479033771,5.73760919321767,5.69898734803699,5.97614087602877,4.98514723417291,5.48934188332204,5.26257861770851,4.92022758999619,5.40342734255617,5.60360886556419,NA,5.18986278367348,5.13993709096207,5.11622684507911,5.56531912477035,4.68516932159,5.08235936592367,4.92476038099114,4.93156692309456,NA,4.78540189801256,5.10658625839189,5.4995562592977,4.66996698824318,4.12130719424082,5.30941944749925,4.54240898091328,4.30449522541003,NA,NA,4.52380427422424,3.93144384326826,4.39920712164143,NA,3.41542760626352,3.63904072869819,3.73081332882493,3.903971463715,3.9324906419166,3.81759706982282,3.7959862917336,3.93035724002512,4.68988019200567,2.80176759411064,4.65413617529492,3.84148136073213,3.18013120991457,3.83621372787303,3.81060832363359,3.77797309604672,4.68640563658645,4.16660728350811,4.26543099362557,4.28806858151314,4.05275355440741,4.41684344483022,4.6718214001849,NA,4.07413905746976,4.28490402346751,4.2970000131587,NA,4.53787822402436,5.06252905212799,4.62603030044481,5.38335569791442,NA,4.87288651444838,4.83414377764192,5.28571431647026,5.30890834962267,5.5934254065297,5.09905327624728,NA,5.86335727207061,5.26607631851051,5.05035179683115,4.99378364087503,4.90789327616664,5.08696289945296,5.27332390700231,4.94652928526472,4.99921239680975,5.44377516143827,5.0383770254789,5.116073735023,5.3494110500261,5.47853956032365,5.5899130489957,5.2566362468422,5.40063920074946,5.31522324212835,5.26903044529332,5.38539081145848,4.83189042528558,5.31956701567072,5.0223124988415,5.25915244253188,NA,5.44178129678374,4.99470574273844,5.35990846747503,5.59467260599889,5.66072017324005,5.18731393738622,4.53589253459412,4.3323969900579,4.80740749911614,5.21284593580163,6.00831865008465,NA,4.97900229674882,4.76578755033052,5.21994002626319,4.36828455045812,4.40084221533254,3.78372591322337,3.92447413114067,4.08113940746867,3.99515071849836,4.02034212089179,3.88374510274828,3.96856924639622,3.56908270145114,4.38558757493898,5.17381898233373,4.64853091182747,5.70921658566893,4.49185114629194,4.24385103505194,4.55774742845239,4.4597945614404,3.97769972449996,3.36816988509154,4.41225754247308,4.56483854343314,4.52092595003752,3.98806006791445,3.78413888244448,3.5802770850619,3.71005301772551,4.1753018278585,4.22966477159153,4.18327010313871,4.22880853504076,3.97970496610482,4.52905467055329,4.10425474629976,4.44061065572325,4.9173597948273,5.09335338990059,5.06776849580857,4.67001907297021,5.35698164327716,5.22974657701777,5.14687565924883,4.90807093948799,NA,4.76090992882381,4.93923390929393,5.06282263695261,5.1651199120612,5.26389674251157,5.20881394971277,NA,6.07332630578854,6.12513249377366,5.87172188026574,5.84148493765228,5.94468189977923,5.79366628307568,5.57168083122271,5.45729271869201,5.56644453514675,5.62128946795808,5.55383140587392,5.90406324872285,5.59020436168963,5.18152787482016,5.04137410017119,NA,4.99978450595907,NA,5.50311955193631,5.64302367935375,4.94493017438485,5.07823502608608,5.36733060571071,5.33120982438189,5.16909931376123,4.97649748023101,4.59645770312733,4.5437551128569,4.47968013281112,4.90105067026987,4.7594038915959,4.85484132110675,4.72601494771899,4.78815963735583,4.77941939634012,4.65607655609415,5.26869962588143,4.96948951591304,4.11365161923711,4.18838792041536,4.37697604010787,4.5237595207761,3.87418085282973,4.48093202068146,NA,4.03295514525974,NA,5.10272694250625,4.61053773985267,5.00901271828368,4.84055151910086,4.12565033400098,4.39477367547883,NA,4.84432978862768,5.77184223114106,3.9985392048345,4.22303973373169,NA,NA,NA,3.64611803586362,4.41681391830054,3.90328888451104,4.13444369481532,NA,4.22953169423174,4.49666929609101,4.09116934686315,4.28474432372274,4.4160809015264,4.26720822985546,3.9933478310185,3.63613344762054,4.48774587985742,4.9332690997879,4.50106793014385,4.70108687748865,5.18716085574692,NA,4.6599451779198,5.21882451905051,4.69260400138463,NA,4.45147726388743,5.08045598495701,5.01401559102519,5.18364220915107,5.4569732440068,NA,NA,5.26615681169196,5.48138510806471,5.54821761851012,5.58422208870867,5.4276490878904,5.38407109660007,5.38914532331736,5.24787740951214,5.35405833235019,5.19697627694612,5.16590012646543,5.19407316712212,5.20606885812302,5.20640572541398,5.83873816445721,5.25128198585313,5.29852449979971,5.12603584790112,5.25159603131421,5.40438384094824,5.18509053191245,5.14485368628768,5.31813823228676,4.99507823517471,5.13876862217832,5.10604836027154,5.02160441870516,5.14734757517151,5.07040239333384,5.37524778510174,5.26774170725042,4.98462581952458,5.45721431065877,4.84727176528651,4.26037858222263,4.59346443657349,4.08254600460752,NA,5.41394400256672,4.34709684642919,4.88427904350696,4.2582766838717,4.0712777663202,NA,3.84540554532285,3.91197886294064,3.77678616636654,3.82341824629998,3.61860385126506,3.78729790541603,3.83348239005518,NA,3.46075244970878,3.61674112584807,3.11732271073055,4.79089116838641,4.17027517364878,2.98599860102297,3.59501991485977,2.98935132126819,4.05425127175323,3.63287906791497,3.72081393185052,3.49920930309669,3.85061691333266,3.61398720422916,3.46347794808922,3.93627442992081,3.96301278030426,3.40639848225509,3.92303513486976,4.29955143748957,4.43485105051934,4.30530582451866,3.93731469217444,3.64132777532795,3.77366174293968,3.79450151763481,4.28541818421229,4.18672734293445,4.0208686268926,4.27063364179605,4.41802079960866,NA,4.75098037964468,4.80073413911453,5.05650396530969,4.99857389406467,4.75344812092586,4.89724061432037,5.03779689696453,4.97323559809679,NA,5.04072610231053,5.46692267474997,NA,5.23777950864968,5.49587933601357,5.45324969688635,5.26034639384294,5.34855020729145,5.51425560097905,5.58864820492246,5.30915172032633,5.13037175542976,5.71962307548264,5.49605803953197,5.1761349045996,5.33011077926652,5.55952303648552,5.20528581743872,5.3406337518293,5.41637910959197,5.73972489991126,5.91542539291235,5.29912110561064,NA,5.40462562694175,5.64134546728182,5.31243764662879,6.12306396983977,6.80343834112583,5.33947904638418,6.05063709672964,6.14035745652489,NA,4.94709738441573,5.61537770991776,5.54380154516884,5.21480164008645,4.65705086675244,NA,6.06493143898129,5.51487949469465,NA,5.5278222489019,4.82860676245395,4.66660132644517,5.32546145460674,4.78685007153728,5.33956622549569,4.3813640166368,3.922191810452,4.40975076013128,4.38944023813766,3.89655037792656,3.77945585257478,3.51748133371913,3.62410928664596,4.20442496112787,4.56900591499751,5.14362782805758,4.59385656959947,4.06492966723871,4.02631148086503,4.889815057867,3.19771803181913,3.74230502126314,3.51537486123204,3.89108060761966,3.73878580380892,3.55669311893765,3.62176136845753,3.67493938767067,4.01609279971865,3.64293288715043,3.77332615251436,3.9003808361798,4.11446429243869,4.40496794355066,4.27892099084117,4.63855055789833,4.32517484941823,4.41816765375926,NA,4.49274949503468,4.73477917272498,4.81035828246614,4.84790596781517,4.74811261900736,4.48257683119767
NA,NA,5.64615360138337,NA,5.38267380335359,5.57417992069789,5.35540114075093,6.06820362926012,6.45196062817699,5.64574137460671,6.11349736182811,6.28050152848636,5.18474431187888,5.86012435974971,NA,5.7031394480035,6.17749368903454,5.87666441677716,5.93014355766468,5.97972098888881,5.58060473757077,5.99854281727151,6.24496964875073,5.37696691593175,5.76832667166557,5.81315440018486,NA,5.58816905641635,5.50055478882281,5.69783955135327,5.29965628722013,5.48645750188706,5.54049750327664,5.54661085559563,5.34772542257001,NA,NA,5.14485848432187,5.22264647493758,5.37874185254157,4.98540649417315,4.95511025778714,4.685631209602,4.69737372155473,3.89706655367172,3.83826571136556,4.25546329834133,4.13335900506614,NA,4.14850553533367,3.27940750034528,3.41157884359257,3.33783129230078,4.08125393224469,5.17280309342457,5.25983462705296,3.97025373226123,3.78917399599978,3.1828661720139,3.05308652260154,3.37089287534164,2.8593559628024,2.52837237314441,2.7969097756808,0,2.18355858796993,2.92809613528379,3.13824701514817,3.26904756991529,3.46195588195965,3.88731610346178,4.70654453084166,4.55694964022913,4.85476262056347,4.67143249896176,4.60374650368105,4.56605331862837,4.68541775600029,4.73464739036147,4.76991978324808,NA,4.74041712737379,4.71241550513003,NA,5.02828282207477,5.27174616538958,4.99145788845478,4.77279901002752,5.09176798020953,4.87690737742428,5.28613486524216,5.06227732832388,NA,5.30394945391563,5.1095896515908,4.75290024651839,5.70150591751384,5.58671117141461,5.59898100465675,5.65360293949581,5.87269995563568,5.20124328706603,4.98220570222147,5.58865138432028,NA,NA,6.01858500611485,6.29741913658956,6.25122178447252,6.04642653789135,4.95789534429117,6.04179813489762,5.96622464413103,6.42717970127934,5.37217809528198,5.94222258813129,5.75544245713413,5.37675151243098,5.89898898992063,6.01705639564569,NA,5.60509268486711,5.62617889629208,5.47535709358973,5.91422641795267,5.07188348878667,5.46061000640981,5.38631922512534,5.3437485252506,NA,5.08611260934056,5.44635750063587,5.86035391508072,4.91026649818047,4.19356074447583,4.09859562765706,3.95684739216344,4.45128405561605,NA,NA,4.88883763947682,4.08114254914656,4.96322617471711,NA,3.57042478979102,3.81624508838507,4.31165263304912,4.37552574094965,3.67292545263061,4.12876752914755,3.71206731038696,4.18400483114767,5.06505773851916,3.46333265542426,3.85209968755657,3.91581191681422,3.78362282394072,3.93209628523843,4.01785491432379,4.29925042432059,5.18573064859686,4.63759418271279,4.56187753775376,4.64463849816533,4.40224638114965,4.90526846451609,5.06294277203199,NA,4.68732625773365,4.78338684130048,4.67492531621757,NA,5.03738760140755,5.50453223946986,5.01254476997555,5.68285546619432,NA,5.29852779954957,5.28270122073901,5.75730656558224,5.65964555083518,5.90050636770054,5.40291299754811,NA,5.80015655416843,5.6268514928159,5.4783131762132,5.36178245140172,5.29494079120187,5.47883611875607,5.64547546345164,5.35039966469467,5.44331584486809,5.80584562921589,5.46935500144532,5.50238320544472,5.77342833633133,5.84378785824609,5.93761453450339,5.68963735732657,5.8655473954886,5.7742446647432,5.75412542552701,5.74651682285978,5.35859415445201,5.81018317224569,5.49470275818597,5.73741896005584,NA,5.87835856408568,5.41889505193291,5.76984261583591,5.99418265992752,6.1404436846289,5.39080520202382,5.15446750737883,4.93252599290823,4.53850970677939,5.08454254622426,6.40973851500144,NA,5.46965002559516,5.3060808705375,5.83103468891846,4.97486836672972,5.05334312407176,4.49755548016024,4.20718832822265,4.4037370247288,4.56998258012334,4.57231298154281,4.49633681142553,4.55187289160803,3.89943275983008,4.85128669373557,5.51715522426811,5.09377399991209,6.12029213992149,5.00405892766772,4.87269359859484,5.02942698818769,5.32072470132328,4.66418902208242,3.97594361625185,4.82636665735753,4.88862675639895,4.85212344371612,4.61550288652765,4.04008342854613,4.06781342090285,4.22740708103975,4.62215600222099,4.621466210291,4.36959167935781,4.38517276165309,4.50422776666942,5.12692535922961,4.57253863644746,5.01683239189176,5.1417415914976,5.64041777081318,5.61742225702483,5.16591935566466,5.67340044783736,5.66242992215767,5.57560956070345,5.40314506173064,NA,5.17501554528647,5.42105783324599,5.55712334849463,5.61923925715775,5.65924523584902,5.64383060243216,NA,6.40519493493029,6.51078612893685,6.32782271471412,6.15690500044621,6.21464549771092,6.03170361298327,6.02842350419077,5.72933441439134,5.91966619338424,6.00844105848605,5.9259200115511,6.25871924103115,6.03922073354299,5.65103834115572,5.50717705436167,NA,5.47848886727219,NA,5.9675525629773,6.10104448403325,5.49857938278627,5.59142801955045,5.86361900039674,5.82457541963593,5.66772825563299,5.52425066988688,5.23865987871311,5.19186526369979,5.00974250049902,5.4924573342045,5.34700790310164,5.49164979191316,5.5378037534087,5.40277926772278,5.39932850643586,5.18227745967703,5.70044041932608,5.48338216994628,4.51567394920312,4.48028082321857,4.37795037368452,4.89780630206593,4.41885110911053,4.99382891501686,NA,4.48172035335438,NA,4.2733196695123,4.42831862558222,4.01549709441122,4.3433693515648,4.63236212398876,4.6441105231186,NA,5.39366599883457,6.26263907862191,4.40086594718709,4.63613845205409,NA,NA,NA,4.21902068375493,5.07720639531649,4.58342410169409,4.70506340515549,NA,4.5639885231677,4.94215454601653,4.50258106555724,4.69358903591132,4.82064931778472,4.54741359685864,3.99998081309259,3.7896739076823,4.09830613594964,5.32444379208146,4.72087278231514,5.13266874421179,5.66994923003457,NA,4.99342050439707,5.71729945053136,5.01603436769809,NA,4.89905298071569,5.47622788822429,5.45156885241289,5.5574268833236,5.79689977677072,NA,NA,5.66947884495911,5.88685865799661,5.92731662754469,5.9104055197265,5.8059634785558,5.78952203348874,5.75325728952799,5.62724148711848,5.74068668779199,5.61831636728604,5.56776298562987,5.59360187071725,5.63966322745568,5.73466848252968,6.23523319626564,5.77534072538733,5.77703882510067,5.69516114988075,5.7484508991273,5.86474155381528,5.65596190381845,5.63965407815682,5.90074059775418,5.53290363490505,5.64542025539612,5.61484682604267,5.53599762364576,5.64031766600764,5.59781095643972,5.89237582797776,5.80599679568388,5.54448454454245,6.10785706636165,5.66971727667376,4.73809616503277,5.15401453076675,4.10738369598644,NA,5.91525305335214,3.82521757796365,4.6500408454172,4.33480197370889,4.11480110100904,NA,3.38055994452778,3.90009798971528,3.92804286930711,4.13839750524219,3.35234544260222,3.82376807151145,4.46762215258741,NA,3.44211445017877,3.11791451984786,3.75819087758461,3.9094174813357,4.27977430217216,3.6838128977049,3.37927558393545,3.55801238676461,3.25556730683224,3.22525800240582,4.29572904216688,3.88757058043869,4.16224513951421,3.69917242917222,3.61005699485386,3.99922395738883,3.15551384418161,3.04151560338832,3.32627830617151,3.80738843410716,4.06746912080694,4.24179245761674,3.8655812190714,4.11127134526295,3.99750351119039,3.97211180670982,4.63035328675884,4.65417276997738,4.31091865489496,4.73276484206188,4.91082665841592,NA,5.22459280084489,5.2444593806985,4.05487907754006,5.44190788565324,5.27207178814056,5.34853798331503,5.49545639674062,5.45596733422719,NA,5.50950680544142,5.85853166737201,NA,5.69793664475447,5.92082491580836,5.8668199896387,5.70706990578861,5.77037339688943,5.92355528731687,5.98981632154115,5.75228449787999,5.60022944882501,6.15992875305775,5.93030426108646,5.62604458891425,5.80533607172451,6.03205831458067,5.71300536662124,5.84885234094234,5.91628182325382,6.23249700223443,6.29217181510235,5.80134890617191,NA,5.52752753222339,6.11568631326997,5.82230907627298,6.68643007711827,7.35978589490424,5.96830978598272,6.61673024882858,6.72334131256771,NA,5.63741526703335,6.17178292896741,6.13858935659787,5.83904518527049,5.39806698583173,NA,6.64291379744732,6.16967880396719,NA,6.11772138331716,5.48482303004723,5.35374600716354,5.84643163119064,5.36173924942478,5.96860838579439,4.98237215846654,4.45652130401201,4.93353118018053,4.90250045571027,4.57480246881119,4.17702047900847,3.99708586914173,3.84837239697375,4.17807960098038,5.12036497955794,5.57237716126563,5.12593067432581,4.89117658365329,4.3757729629153,5.3483182080581,3.77351964498296,3.95879737044457,3.98390702993537,3.41183133429453,4.01306131841195,3.55521966618991,3.98687456528972,3.96567677154437,4.297150066981,4.04415441229988,4.23473363942147,4.37603547032721,4.53856604074641,4.92009904265424,4.74566052015469,5.18767028106125,4.9737886103456,4.9938601793071,NA,5.01977352800697,5.21235551285717,5.28527190055951,5.2944080381618,5.25638255215653,5.00348517422055
NA,NA,5.1441780506398,NA,4.75807445528763,5.06998329976458,4.69423166197,5.68993067642412,6.04639021178705,5.13156337290794,5.78243253883504,5.93488299186482,4.42202660359044,5.32025017521271,NA,5.10516701884718,5.84280765045747,5.55519404771973,5.41595569750281,5.44071954119854,5.00336539143983,5.49408074773972,5.88852633191444,4.99372123732543,5.43276903896117,5.39153233373593,NA,5.18527559077189,5.13815665423589,5.32963038727648,4.79265938444834,5.08566125932654,5.08697030841075,5.16405768477006,4.89667524734028,NA,NA,4.70768488568478,4.74923786020335,4.88893856224003,4.53782038574913,4.42085073750143,4.2520589146141,4.03626971923497,3.62252341766541,3.37918038724363,3.99713444256238,3.59422301209765,NA,3.38578482035966,3.35421255209062,3.26742539795386,3.12713600609243,4.18595779491027,5.46995706645023,5.90419034523946,3.49514862631752,4.16515067009236,3.53410683229418,3.24752943073781,3.69880063303829,3.48598672862541,2.83866621875791,2.4560878041922,2.18355858796993,0,2.54675451636317,2.3473140087174,2.89778677747391,2.77935188161872,3.05033348357743,3.69800614912758,3.81218510171795,4.05662936042955,3.9030219294477,3.73406348771803,3.75783979050336,4.13943867600362,3.94281205637825,3.93137395348311,NA,3.97132429635971,3.98163151952159,NA,4.20094076321055,4.52008780283875,4.34578722499757,4.0597203710975,4.42373488854019,4.19336512125177,4.58288444954239,4.36763510594,NA,4.80274603909198,4.40425772905346,4.09902418395552,4.89112233182346,4.80965509805363,4.96641250015019,4.98000389848555,5.4629916426141,4.48106144564629,4.40122512293982,5.03327012651176,NA,NA,5.40988783805465,5.85216861028345,5.80068325430233,5.48435986332092,4.42723137141179,5.58104575985412,5.49150230145988,6.04861339976295,4.86091162094163,5.5483753904988,5.28478864478839,4.90516241018445,5.5008081497894,5.62810886411142,NA,5.01112732397414,5.068967051155,5.11906690830829,5.26645664144354,4.46861721894666,4.99371579515337,4.86247400406363,4.77719995163677,NA,4.75093053144475,5.07868697633659,5.44268922724841,4.47187476694552,3.78373793034648,4.70533079397318,4.0886099819541,3.92499219905512,NA,NA,4.23469424797311,3.61412203223392,4.20594376690728,NA,3.07057843800767,3.10522497513259,3.47993159385905,3.51398570146616,3.39809119128261,3.45904170641069,3.13220274593896,3.61526149858447,5.0252113068162,2.67143443731502,3.95259971754528,3.59541588697343,3.02069345767538,3.30150820341152,3.23400805229977,3.45396145771054,4.37673627376734,3.82135427487011,3.81888031393439,3.92336956899355,3.69561350964984,4.15045681374819,4.3841887859857,NA,3.72723344984843,3.96560072041085,3.93166396802611,NA,4.22963061218215,4.8134385860799,4.34013101097314,5.13522323569269,NA,4.60049355964343,4.5711998203732,5.00999262413662,5.02089846220319,5.16453259381291,4.80151684490414,NA,5.53443311211886,5.03553095516724,4.83005265241862,4.78152635498941,4.66712371216819,4.77102646859593,5.00173681594811,4.64848888108354,4.69208303834261,5.13682180639969,4.65672062752835,4.81246742963836,5.07639387812718,4.97476124053043,5.21098770678325,4.94405838144009,5.09820132271535,5.16788520671063,5.04102703096857,5.19537901656773,4.71017114673072,4.99372898634562,4.82315425076235,5.15549455468541,NA,5.33065638284226,4.96146632606932,5.4004838598679,5.67722908859899,5.8150587627696,5.26738852478256,4.83976145183841,4.59278518153609,4.40944245554428,5.08528998839435,6.15658894226802,NA,5.16683354991803,4.86590620423011,5.24885307288999,4.28605229282918,4.2726844079446,3.76587515149979,3.55923981008019,3.7614035417804,3.67049883163039,3.86307349527754,3.6378180487361,3.72162311622922,3.11646496497476,4.24411332284734,4.8375122089635,4.31204621646785,5.53251690724742,4.20204371051332,3.86229788064583,4.42690782830728,4.35429915735644,3.74427342474963,2.92816758413985,4.24536864287904,4.21079692464443,4.10325063811094,3.6366961625089,3.12935209561128,3.11461299540418,3.34248617059069,3.80291093262241,3.66749005457709,3.59353459300305,3.78094713523396,3.61542535733592,4.21386182361792,3.73567283019554,4.11332828195537,4.71166680602906,4.93606277332653,4.92249563903552,4.42992160987374,5.02963644872599,5.03795271650592,4.99788997822681,4.70452224483487,NA,4.47800993310491,4.6379049720652,4.71326299942786,4.8452840981951,4.99982901546562,5.08293974578986,NA,5.90375664338282,6.03624787438732,5.82547772412183,5.70078977876581,5.77942326365347,5.59061647148258,5.34174053571413,5.23536921980954,5.2793614999668,5.45545535211673,5.39846471132146,5.64929872686101,5.4924661831698,5.1617037500961,4.95462602850335,NA,4.96056638271504,NA,5.47956445114188,5.56542747219159,5.02793823233279,5.18204760591736,5.36991602004338,5.3388368938767,5.13723030043805,4.98295191632136,4.66950733175521,4.55470471708085,4.61050522496218,4.82167865079501,4.73103813935483,4.84558159813741,4.89350157645033,4.75665165618947,4.86082870783239,4.56542082246196,5.07731543252098,4.87250663214007,4.04739134578807,4.16235776489172,3.92149469080786,4.33481346153898,3.86444074544802,4.26277680152396,NA,4.0051501592387,NA,4.6986962865356,4.20129894467817,4.3562514451047,4.57610885966327,4.05943673930281,4.24205034691828,NA,5.06683424635651,5.89164979011755,3.98609658906106,4.099846471783,NA,NA,NA,3.85974575423597,4.52246684244091,3.95112873076258,4.07485253452281,NA,4.02137755003108,4.47455113684649,4.0201134345671,4.18215688630475,4.08261830915887,3.96077331076917,3.62971480189803,3.39077366704808,3.9576943611139,4.75889425082853,4.23178818778745,4.58575461707258,5.14914611094359,NA,4.52926014379876,5.24944339190434,4.44224953642588,NA,4.32258102972209,4.99288932508756,4.86804444992369,4.96609820784035,5.22511680146029,NA,NA,5.1318851199015,5.34117651243346,5.36060897643569,5.34553673884855,5.23954976959612,5.12706032867211,5.16434181400932,5.06047228186251,5.02226960760042,4.96077951617944,4.95558001362032,4.94071003961657,5.14082715502877,5.24024564123576,5.64949347437641,5.29170379614829,5.33660187314061,5.29651677716575,5.41202695526686,5.52838872469061,5.28960142238849,5.25437367163621,5.57086569172163,5.12157758574927,5.22073470508694,5.23186817915632,5.13695469491502,5.32254142137841,5.18511734656776,5.50929622307119,5.37530337890993,5.12692758060096,5.7641035692499,5.23232623476338,4.28759299623946,4.70056046445651,3.98186083095499,NA,5.61200012113585,3.94741769008884,4.61301742057817,4.11510776904524,3.6838387201219,NA,3.36096627778049,3.64517700811467,3.66515502553953,3.80414437801519,3.51629231771665,3.53253839354579,3.88226607639936,NA,3.07200057381272,3.1157198735396,3.09775422727914,4.27517215942375,3.90947068113365,3.18263952336733,3.47689217369196,3.23856522371898,3.71664604541683,3.38882246676551,3.81851295553856,3.23654694179391,3.63191562210836,3.29849780615259,3.19381284383009,3.5931099781302,3.49814003191098,3.10896529237524,3.51204185467081,4.04631287325998,4.01288164807027,4.04713409408265,3.62839977615339,3.26940377606711,3.41197013521117,3.44088086430955,3.9956857201962,3.86355035669938,3.7567002465947,4.06141852241856,4.09787170850414,NA,4.53611267346506,4.64873108070208,4.56225340619472,4.84572826827744,4.68847135435126,4.73920855218249,4.94287947152894,4.89444148074002,NA,4.96774735572697,5.33127686692214,NA,5.20503618717704,5.37760765965122,5.37837991170245,5.27772166493552,5.33445912447183,5.47673577511265,5.58375716246356,5.31287072639996,5.1660061361722,5.75144063055328,5.52345627705721,5.21360633311519,5.42872246705628,5.64216428440515,5.34906787811697,5.48975767735456,5.52941217914073,5.86394066820068,5.92440403093811,5.39686980752856,NA,5.2320204008982,5.83204291884353,5.51995744910957,6.44392600908445,7.14728221410428,5.65391692237457,6.3587797409995,6.46715921491572,NA,5.31074392914249,5.89973155625705,5.85345942093455,5.51211924023635,5.0338329488443,NA,6.3721326389433,5.90392879385822,NA,5.74483324013686,5.11056571349659,4.92827681128944,5.61566571587962,5.00412652433197,5.61316778446938,4.2882389170912,3.97202493796379,4.36274863013155,4.47238981484305,4.1966584020458,3.8637661990248,3.68831192553775,3.55295765435258,4.06190412046303,4.42888850942804,5.35371019809749,4.708633396082,4.32767331460712,4.28087075480812,5.15222984426257,3.8417281989522,3.94051097788583,3.73883527672034,3.70058634629262,3.82204712436787,3.29974429019345,3.57491838272818,3.4653916570571,4.04521078927148,3.61327131345351,3.6085890614836,3.85408988349567,4.04769890084663,4.3443474050224,4.3322620282698,4.7429952595681,4.22354435278839,4.38711840944577,NA,4.50419166261784,4.71029310537906,4.7257106002846,4.67138608849723,4.73711879399887,4.44353654271248
NA,NA,5.99129937392732,NA,5.6893814286506,5.87206372090805,5.66093355997411,6.49574499326212,6.81214093173382,6.03941392004825,6.71236505298466,6.71219719890613,5.33542681765324,5.68213692892568,NA,5.72089073463265,6.71498048736007,6.34522063533113,6.30927564274438,6.48109575046456,6.01861266848534,6.26371966894395,6.7152162618121,5.94417370169584,6.36933757096646,6.36934278246729,NA,6.16045728231063,6.10811829635713,6.24995710862263,5.71128181911065,6.03736766622248,6.0629279412918,6.17136917369877,5.95470627118711,NA,NA,5.78409715185681,5.7406407856416,5.87861303536319,5.53402623128659,5.54084534837383,5.39777262078136,5.07970314294529,4.90711916801808,4.61275254275935,5.07829008789582,4.72117912073386,NA,4.52337921669482,4.16162556745023,4.34848241560421,4.21303247289046,5.16334838290437,6.07914068854233,5.63670337067562,4.32609392962444,4.62200625160759,4.32222894766694,3.86935205967895,4.29066587626659,4.22051251713119,3.55399294598061,3.83398024687431,2.92809613528379,2.54675451636317,0,2.68265710723905,3.24741229721755,3.73025871475425,3.65710581406784,4.45380693311524,4.67170551718995,4.89054738658087,4.83927438270821,4.83623859305366,4.76662089125863,4.90908014680302,4.69988969961909,4.94507115864207,NA,4.9765207883849,4.87315411780148,NA,4.94916903552642,5.521415904325,5.17091369702389,5.1421149419518,5.36503889041559,5.13174584127413,5.42856669124584,5.27224743561004,NA,5.72844477668101,5.36296471175021,5.12000641328302,5.68913144698589,5.68804162075552,5.78727363926423,5.79573636554986,6.34073816748813,5.34868633315764,5.37247871296803,5.94811371379656,NA,NA,6.17182599637094,6.55849373069488,6.80718711022711,6.40938255185916,5.48444039522753,6.38702847562994,6.15351871450285,7.0339647981355,5.81740213584095,6.46272091230981,6.2854981661131,5.84922089812223,6.45768591220031,6.35595512677634,NA,5.94767049208931,6.00866642420915,5.98656149750234,6.03648476081562,5.42327024815186,5.91833223939207,5.843917990694,5.7415186210096,NA,5.90563225739695,6.16433449008602,6.41121319283439,5.55714316996588,4.98573239064589,5.54694013845705,5.12196900365536,4.93827953582316,NA,NA,5.42632597613446,4.75904164390936,5.2941363879548,NA,4.3132634345291,4.20153767866216,4.37753053941129,4.43197357812071,4.2895324230409,4.17990079114983,3.98266065134875,4.65740580348698,5.9643825689965,3.94745429381233,4.42639930411837,4.15224142813851,4.17517703789128,3.62432304446325,4.05382739146165,4.7197155326985,5.34050911893876,4.63523951019367,4.32060951392364,4.84749858351865,4.67163674296836,5.05324058531623,5.31708998841144,NA,4.88351510399594,5.07004199178227,4.89818881840399,NA,5.27678596643538,5.74407831898485,5.40491679919729,5.97371437595932,NA,5.53766247738486,5.50089348983275,6.00429579574891,5.85856024414586,5.98852590448153,5.7864787199174,NA,6.52071525613097,5.81893575626598,5.75967082166741,5.55677201984775,5.64912734003764,5.82770234692915,5.91529079198501,5.58128585336101,5.65619189988049,5.96449928484313,5.7795036204433,5.77047849539769,5.91804830481813,6.01078161960133,6.03599793190099,5.97504761566681,6.14631312225819,6.17947542723935,5.91331846902308,5.83786760710844,5.81220888142712,6.08466986170449,5.79534669284928,6.15576747274987,NA,6.46068096460495,5.94597928682353,6.46931837648155,6.67917745739681,6.97664613355431,6.49390348907598,6.01113812043187,5.75915711763832,5.54430997956499,6.33017939422901,7.20737734061651,NA,6.23404561844598,5.96344176604436,6.37518787599157,5.4929960074677,5.42768896930878,4.88322191591436,4.64929782414056,4.77397049896928,4.92419609638702,4.91123354333658,4.72996107260715,4.72145114787725,4.15862196630528,5.27515987223222,5.58075869202872,5.09761772873892,6.39889592122598,5.28668933587172,4.76720868983013,5.06742346820208,5.42965934248005,4.42182497193595,4.01424334504333,5.22412936880204,5.1103945319086,5.01543413396113,4.76455742169213,4.37084724836047,4.20517433983343,4.28673913103962,4.75915294414164,4.74811174969946,4.58596337190035,4.82687539188458,4.58744029997807,4.96658166162779,4.45999771428114,4.84805009986554,5.2078804457645,5.81894766302626,5.7618056057492,5.43832992258594,5.8424173419327,5.89022749254488,5.96004348918898,5.82885017723641,NA,5.29900426327145,5.5861089725942,5.68221627466041,5.59437705433206,5.78156511991368,6.03384080785858,NA,6.71082792338043,6.84329275656013,6.6647983876363,6.52970385113604,6.45763426746698,6.35319457141281,6.24026692649153,6.02243040313833,6.14534402962279,6.36663216598374,6.27384222514972,6.44143214908674,6.42404482041881,6.16452559367601,5.91115942048931,NA,5.95916967152783,NA,6.41953489945095,6.44879700551139,6.07075836263897,6.21307420091627,6.36772025402131,6.42420013382728,6.15467600157475,5.88363207071299,5.74529585954107,5.69420546986604,5.68553776072765,5.7534712239484,5.74234230479228,5.8907741421626,6.07074174642794,5.67588572772038,5.89699760631468,5.61231438961794,6.00542938962968,5.91252508690824,5.21443362050955,5.31333289784118,5.19114266965971,5.47679517689685,4.99696009345615,5.25933456398196,NA,5.22619102480371,NA,5.40028991424151,4.72088081612165,4.86361326795693,4.82867807002837,4.96134410637101,5.28039979950425,NA,5.99563290183386,6.8706928705495,4.97436106307538,5.0903953651669,NA,NA,NA,5.12427690458369,5.43017379555332,4.94471380305308,5.19807432476514,NA,4.76517082946194,5.12240451896679,4.88750047725574,4.98678896755037,4.77264242488493,4.87837409021909,4.7053470872418,4.59271690155441,4.87768772712745,5.70536170690777,5.02824058900321,5.49372216270758,6.24289183301475,NA,5.52620950971779,6.1725461858446,5.20372824724105,NA,5.34701415759814,5.93204994578278,5.9076989904531,5.868319247988,6.12585392501301,NA,NA,6.01194127254961,6.22688199208265,6.2378304538142,6.18670164198304,6.14682751617835,5.9757648683833,6.08436999846796,6.00365071036949,5.91281945714234,5.89970313694245,5.88640793211481,5.84952932882232,6.0739713174411,6.21023204091774,6.45237389709383,6.23999831189592,6.28481238989583,6.23251103852032,6.42425488442119,6.56863638326839,6.3403416100621,6.34945131841685,6.61693979167228,6.20148374078656,6.33714732608718,6.28265907247205,6.16335334778775,6.33587324726519,6.22031214044044,6.49691787254519,6.49504094362404,6.20356936418781,6.82855208731714,6.30203671872403,5.44075556726006,5.76835552144534,5.16496429157926,NA,6.71574114590174,5.05988740769857,5.6679347388454,5.30112820716275,4.7394892916838,NA,4.24178700255033,4.59813684171531,4.69595629648685,4.69313972814039,4.44241744621703,4.4288827792698,5.00418832097392,NA,4.26748044425165,4.20226036166723,4.25306056827136,4.81294315179402,4.62450589531264,4.38868440657829,4.33031138307831,4.38780983843006,4.27484233620909,4.46908046283842,5.01439565390226,4.45355045266372,4.82356671587018,4.57855548433622,4.38270705968297,4.40745829092516,4.48684242942252,4.29170074039333,4.626583677975,5.19379125613135,5.19313359671083,5.19499285579365,4.7930978606795,4.48140103703351,4.61399717602963,4.65594965704176,5.01024717021889,4.9962429781787,4.87136461674766,5.20648389721296,5.22748358445923,NA,5.58959149877623,5.6975807168859,5.4966635040428,5.87419769330096,5.73214591180719,5.71120402469713,5.91478859030264,5.93171678688724,NA,6.01439721797967,6.2852817604198,NA,6.18438357222637,6.29996093199643,6.31284472970874,6.23783285573331,6.27542174074281,6.36081435889396,6.45433008079995,6.29038271806244,6.18613268608288,6.80929379202735,6.52579590948354,6.25332965491213,6.46617488562228,6.61718949028687,6.44486154872903,6.58340025178542,6.62869404100673,6.97311688438007,6.83062900647706,6.42073269897228,NA,6.12516180754797,6.80592174369829,6.58783351417053,7.41035480896996,8.05142706433592,6.62842837832481,7.27036194849676,7.38303869560496,NA,6.35539400944733,6.84963839806761,6.84395912327988,6.5592107316298,6.12032607443719,NA,7.27758136610408,6.905359654869,NA,6.7530425314061,6.16121030496694,6.02887238356406,6.61928077942726,6.06598651843796,6.64222119285525,5.07314153151848,5.214259918602,5.38659166485289,5.58545879015554,5.36538458606308,5.0183041206156,4.86715906103233,4.70581462105413,5.13338770110758,5.37924612286531,6.3506484967109,5.57916250558732,5.49044755582579,5.56891957990753,6.33303332304677,5.15337034896566,5.2196337851842,5.04443184995747,4.77257242029953,4.94721276629356,4.34817211405465,4.55152853102396,4.56870328009638,5.13303278020156,4.71668068496359,4.64278812062696,4.90111395647505,5.02916466626349,5.33399467546455,5.42380686431683,5.76115636895381,5.2607976862159,5.42233496998373,NA,5.53023634329282,5.66293864239035,5.71379861613941,5.60263657669439,5.61296043093195,5.50857897481397
NA,NA,4.3927202541389,NA,3.98981607906763,4.28016768715305,3.95532302625357,5.00261383016717,5.3058843852702,4.44222477707393,5.34047993750793,5.48161987186139,3.71564231707827,4.47845438350386,NA,4.18077193910039,5.26174336531436,4.86828715715642,4.76779964847067,5.0167348625928,4.41847405248085,4.79232169033872,5.33534120647484,4.28041580978179,4.78100836748719,4.84644916613145,NA,4.53451630215564,4.47727048785505,4.724406087604,4.02683868005334,4.41620016497761,4.40952156651172,4.55887978043597,4.25003859802958,NA,NA,4.12918237054492,4.15389997189585,4.33372251079727,3.91554876514059,3.89168990412305,3.83024189848145,3.41380142767307,3.6615048533921,3.36365978585083,3.99532656827653,3.31011128650531,NA,3.11677364337832,3.59043529641918,3.31621796373623,3.02212258376697,4.81928092374424,6.32912440699011,6.3880348408478,4.1645102194091,5.01557371472057,4.08648950454586,3.95263412489014,4.69389987920563,4.54649201705332,3.71766945403589,3.42716331261385,3.13824701514817,2.3473140087174,2.68265710723905,0,2.30332718718545,2.02700932376539,2.11817447662229,2.8879726510599,2.940087566043,3.03148195524749,2.97987418309718,3.04475261950742,3.0628175948429,3.26339190368996,2.92828605267451,2.97606211776718,NA,3.08637065209079,3.1580267926894,NA,3.21096803613014,3.73507836199297,3.36264612417601,3.2595284748341,3.63683016855929,3.34055340190381,3.63770605934866,3.46269381912567,NA,3.94912345556271,3.54574534319761,3.34163611681438,4.09235343717215,4.00402938493714,4.09215309672211,4.08525458777165,4.77438857894817,3.66972599764919,3.69469607213287,4.25958969303708,NA,NA,4.46551551353653,5.13392698477642,5.32991208448956,4.95467678598268,3.82215157398798,4.80490359362184,4.63442165226456,5.6506472724351,4.22681028520388,4.92039173127383,4.68305633899151,4.23665720936491,4.87488294221025,4.91632438678335,NA,4.21183934390749,4.35142735548052,4.39298673734751,4.33846478921723,3.64274970232771,4.26297342451249,4.24328914536834,4.06834542741413,NA,4.53183832492492,4.7417355716909,5.08551194993326,4.14806710292101,3.50193933165576,5.04041726181496,4.14768380300806,3.27558791055121,NA,NA,3.67954590797592,3.1392363396904,3.57825950796392,NA,3.18671840695697,2.9535460239831,3.13808820747783,2.94063462754707,3.33667153497396,3.18892534698758,3.01335236345953,3.22029435527035,4.99973978473897,3.10354569897538,4.78510540803818,3.8296685405095,3.05030719463185,2.96151716312215,2.69337612675595,3.01442121257596,3.49082680489983,3.05834306305376,3.08275893219572,3.02702265554773,3.08302560563071,3.38594247576287,3.56177230205885,NA,3.23871933285642,3.43065381063354,3.21366939630607,NA,3.35330046270732,3.93108171052634,3.6256188699713,4.24207164360486,NA,3.81080213400769,3.84353823253295,4.26009647150471,4.12571893950382,4.14844327801917,4.01226255009738,NA,4.94240563610436,4.02537949167824,4.04861903351356,3.87691953044541,3.89241318900564,4.19062760346895,4.25212590208288,3.84273454471659,3.94408101594624,4.22108037418431,4.07782950061728,4.0460585372739,4.30987182975331,4.33851022312596,4.40887742241207,4.20268554521774,4.52375188816394,4.54915260665553,4.55415162192664,4.61857861578276,4.2796078257096,4.53954353776569,4.07241085541408,4.43546567594444,NA,5.07082954081663,4.55261948946063,5.07357555816952,5.31188300716084,5.77891465704963,5.28238675995531,4.56584279749654,4.36051096609626,4.53089286517778,5.2449198315358,6.00059739454998,NA,4.74393542430708,4.29705365026979,5.05183675426883,3.91573954693718,3.80509673384378,3.34324096959766,3.25187945853409,3.21484276834206,3.29270911869189,3.41960242410909,3.27278983039063,3.2717906952941,3.06372261122484,3.5318281545581,4.01008828837188,3.67721640721934,4.83315728984244,3.59952847749678,3.37700604474159,3.49814367799205,3.99594069751225,3.3714193359457,3.08066723052038,3.47246229146095,3.28744493734519,3.30740826769896,3.14599597390748,2.94261565403433,2.74772473526467,2.85412498693674,3.03680940806001,3.2229339517589,2.90681184649966,3.10128186277524,2.9491303371064,3.49558740922299,3.04357297812641,3.42544928055543,3.91549682329657,4.05989940065709,4.15456493526352,3.91568406311546,4.26725017713289,4.30853627296238,4.29814415681576,4.08449214146616,NA,3.69819414234072,3.93446778492215,3.90790298436487,3.94483553466189,4.13516628576185,4.34942245847995,NA,4.99541028123864,5.15881167934421,4.94664816036672,4.83817890902612,4.83045707320347,4.72739405366172,4.56037303268474,4.36801197118655,4.40035512096943,4.63329683801928,4.55362873357628,4.91561204634557,4.71854579420657,4.54034819296622,4.13302984171607,NA,4.27978931743719,NA,4.89686016531386,4.90415176177825,4.51328123922601,4.6565531600383,4.89992031127228,4.97232404528292,4.66653844027978,4.31326661867425,4.06558295003153,3.93241752420087,3.94095942926625,4.01794577561068,3.95740055874275,4.172122427056,4.46069227760101,4.06813605850353,4.24145459549377,3.88292247706944,4.36024880748667,4.31352587948777,3.75714441308718,3.93333088715423,3.84255424567659,3.87822293374048,3.35254453299879,3.65630768370651,NA,3.72021831702381,NA,5.04670908246579,3.93712150251043,4.78050874550839,4.84710618110901,3.40503415285894,4.37366631143329,NA,4.616499001855,5.50494663383246,3.7354202343405,3.66016329707294,NA,NA,NA,3.84199835718285,3.78640343510262,3.34419399354649,3.44241806801428,NA,3.15393115659458,3.76330895017797,3.31370097101501,3.34932815518156,3.11670165357577,3.41135182981628,3.27174303788289,3.27937733211187,3.94967047034688,4.34935256173345,3.62515211149918,3.9632076888911,4.56118022200313,NA,3.82355672886461,4.68228532155928,3.52012215069548,NA,3.57576231195227,4.21983700479465,4.12606242106654,4.13132863069161,4.38562588969759,NA,NA,4.23245949208481,4.61104977859137,4.54141472605612,4.50516266361717,4.4388003411672,4.39762306401931,4.35787778492229,4.21219020799845,4.11711476953558,4.13347416195929,4.14684425457059,4.16832625136267,4.49331104553373,4.5668838577269,4.86011471439747,4.62049549567305,4.63529347838836,4.65683435996418,4.94473358117136,5.06323458188535,4.82818777390259,4.80917768203044,5.24239388223432,4.65174420537731,4.8442748747833,4.81666613217433,4.68820985663623,4.89408538018223,4.7767078136077,5.12827125941784,5.06352803858489,4.74268283473794,5.56555903539474,4.96958824871204,4.02019160691982,4.33454875191228,3.9574739102699,NA,5.36955600042229,4.13470353033879,4.67666297334093,4.0191284118139,3.45049298054255,NA,3.33344548062576,3.41607398555151,3.4729357719442,3.85965768207665,3.72334975340189,3.57949677798712,3.52133084292205,NA,3.51237185191186,3.5182403278992,3.38608685710407,4.77723222857279,3.62614249514795,3.43527612907504,3.91666604403692,3.45594996785918,4.2175416047222,3.93805059388078,3.50050555726034,3.54431990752576,3.67128053351479,3.37267860679565,3.1709516514647,3.3032491218095,3.94608792093964,3.52183654272814,3.81786649568066,4.32999172367897,4.12516454973762,4.09436946991781,3.6415357939897,2.82974421117503,3.02068814077531,3.03202648203976,3.27103335488314,3.2497568850908,3.25142806719424,3.5095682678993,3.50904307120048,NA,3.86980025115921,4.06577556524428,4.87142966072233,4.16963131103819,4.07782533636271,4.04921209396897,4.31492284368332,4.22682085997135,NA,4.31643450134627,4.67989009150101,NA,4.517744366315,4.64399445874322,4.65844638859552,4.65590656631186,4.66929998711545,4.72568576227146,4.89954832155435,4.70347930533741,4.57540048047294,5.36264166144688,4.99389414032788,4.73208945298838,5.02652071118386,5.13800774395644,5.01723377208245,5.20430633514454,5.28427186460038,5.60802344468958,5.44083679249745,4.95393091838095,NA,4.47171707457282,5.40440041080698,5.19111916484933,6.11968547819468,6.81104050575045,5.23712776410524,5.97033540005237,6.07498785419577,NA,4.92099722652511,5.49216434046071,5.48189753074074,5.14806795818132,4.63481634241844,NA,5.93603691297156,5.53215834249896,NA,5.36004890643903,4.76494909466523,4.64492573707723,5.36386072899998,4.68059700354133,5.43239295531735,3.87225465918276,3.78986932550776,4.19298416016156,4.42599538552645,4.13752053013506,3.83205185785466,3.69295046263493,3.47721020967458,3.83179289790383,3.63484795166823,4.9960832455987,4.03682188847647,3.98070949999062,4.5084071371165,5.08128941275157,4.30009215368696,4.26275640788382,3.82147311369865,3.8610182117593,3.61633984380191,3.40216978973433,3.34024127601863,3.05985508333413,3.82641922129929,3.19790699016751,2.94325588013427,3.34934822119296,3.31394984277627,3.61494165328363,3.78186797923705,4.20300288456949,3.53897884341554,3.66440395910683,NA,3.81536279087232,3.917089966827,3.9575698578497,3.87884932681849,3.96800738885489,3.79986777084567
NA,NA,5.05625049402293,NA,4.94328238979786,5.04479641266437,4.7597014902442,5.58568558134212,5.86649985299289,4.85243920519445,5.59349556708969,5.69659931025644,4.51829685068948,5.25890644077861,NA,4.80155751840027,5.50683936757612,5.32910746157259,5.25042462672164,5.40748467786329,4.85338492865039,5.4125104466426,5.48600246500964,4.82688848427956,5.19157523455434,5.13922238662718,NA,4.98100981827779,4.97726703307269,5.16519702823064,4.55084000356561,4.91915901644673,5.00113169886578,5.14704438273903,4.78078834167811,NA,NA,4.64017267393764,4.69479688547708,4.78932264542779,4.29752662907845,4.37639827111624,4.25045740386127,4.00212454039688,3.90634731506891,3.74038661802206,4.54957457751691,3.58548534249958,NA,3.41670781920586,3.69024180735364,3.84520724684795,3.68286501770386,4.82819525427415,6.32943552581365,6.6099874936322,4.54468345216993,5.33128942085466,4.36650718160629,4.44333484058678,4.74868972746046,4.43943618204061,3.75314744851332,3.43436797688489,3.26904756991529,2.89778677747391,3.24741229721755,2.30332718718545,0,2.25355074802383,2.62200328926252,3.56607163981377,3.70977018115725,3.729442835855,3.66961044845375,3.61559011153992,3.72357765965747,3.95885675784461,3.65748474203819,3.8252923189092,NA,3.94359077829088,3.92475625176078,NA,4.26315749970301,4.55371661522306,4.2756084567736,3.96128329916785,4.33410376892819,4.09278173876173,4.49217100552643,4.3151412402871,NA,4.60988203884019,4.40999135735653,4.04450852031417,5.07671138293488,4.85269551416404,4.84593894837265,4.88006355288997,5.16100613928428,4.46276966970565,4.41840472419965,4.88955155507272,NA,NA,5.33924655027801,5.74362956071212,5.77733927561721,5.59306809406403,4.34740283526681,5.50795942723237,5.07021776006981,5.95190016579113,4.75908796597564,5.45127243310458,5.07646798563684,4.78727503420333,5.28049488564541,5.2397923778759,NA,4.80743168496002,4.6422427694802,4.89771954872792,4.76254357735158,4.35807160173422,4.73870687958369,4.59233082596722,4.58120106500086,NA,4.7221746812844,5.03601908763838,5.31013747227085,4.5271331852172,3.85658248370228,5.23590017519871,4.50369930205418,3.89435767790271,NA,NA,4.30530721096558,3.80974264360487,4.29998413491913,NA,3.49847129985707,3.70537895953922,4.03107237259571,3.9218856919412,3.87448710602351,3.77375655944053,3.61180342238662,3.81041022805009,4.99634741029696,3.32284241378498,5.11575751290392,4.20370022582156,3.67835981716399,3.89263880093278,3.55927878776738,3.44081711154378,4.12926763619344,3.73050951844863,3.85057294220145,3.73893712345517,3.85323432119936,4.14920138494756,4.14396505548084,NA,3.64637146123172,4.03757875822326,3.95159258680873,NA,3.99066591600666,4.67343384361686,4.20572524900655,4.86899164242199,NA,4.49106966792553,4.44892839163957,4.70378033497845,4.75931535358378,4.78969651741677,4.46833731573392,NA,5.43882161790236,4.77582039088912,4.64270623039961,4.65481125477534,4.54124960951431,4.7240385127912,4.97959845281259,4.57268929670123,4.66370965194336,5.04711621605877,4.61298256323843,4.76040583435091,5.02712546808358,4.96801234432152,5.04994782006177,4.69521523277289,4.93510101886842,5.09037178189114,4.9819312358161,5.22021994066217,4.67619464852136,5.03342550716925,4.71807863681377,5.07980561466372,NA,5.44784749295923,5.17718193573161,5.51557452981233,5.77170805672969,6.17648854403399,5.69789557515672,5.1628740924765,4.93886071531175,5.14460188315536,5.72749218593601,6.5025602184252,NA,5.20921786105283,4.87361993776145,5.44766336517617,4.3549133555016,4.2747210086879,3.6480002601895,3.86963172623484,3.82209128702045,3.81884333553644,4.04169043110081,3.8878709323153,4.07987249550172,3.82883879465738,4.40276002054696,4.89897949778526,4.51937146048688,5.49984135356137,4.33796990354393,4.14253545618775,4.32862611217805,4.6144941624838,4.1185916015161,3.88300802808732,4.36462665866238,4.09847440080926,4.23778538161211,3.73789960801023,3.46776716990031,3.38323430652239,3.55201751965601,3.89330062535007,3.85881889010504,3.58221257875769,3.76906572941535,3.43949446468727,4.03601760614633,3.67391175537843,4.01227052034801,4.61463070939454,5.02449809311675,5.10753691385111,4.49783087682805,5.1742366605033,5.03238844507334,5.01458690578969,4.60707641062597,NA,4.5589559075635,4.63867806208554,4.60298968151237,4.91611827569614,4.95974559693121,4.96136329919264,NA,5.61870738836483,5.61440537164666,5.37635255811235,5.44132163469766,5.53787490003702,5.34464678137198,5.03267789821118,5.04566524714785,4.9889050375911,5.27767051907145,5.25194222394995,5.63561860308732,5.33351477920656,5.05340528141742,4.8049755951213,NA,4.93912421113608,NA,5.45285051710965,5.48331653119935,5.06694751724635,5.18069311379126,5.48809916548282,5.51217990126562,5.2626734092436,4.81186681505425,4.70844117508353,4.5812711344284,4.53330181830271,4.78941269104098,4.60942833862477,4.74619767666043,4.88049031517528,4.57297005366873,4.82328962405921,4.47566535411289,4.84333173230518,4.88778547569797,4.04256106082516,4.15612009629142,4.21021082575967,4.3824043611196,3.93196192862054,4.21440088403462,NA,4.14212319877523,NA,4.83052820506668,3.84904561935971,4.8227343377145,4.55124338235194,3.88705757226858,4.4831259967611,NA,4.90528269329711,5.73252988183038,3.89216306763978,4.11336457985841,NA,NA,NA,4.11272298405628,4.41000916126775,3.69570914445237,3.96400040732914,NA,3.78974386046375,3.57978412127661,3.75175386101054,4.01536293475064,3.47934533617845,3.47804159389364,3.62676615379763,3.68686279912141,4.3723786360226,4.89947967985543,4.00253563958455,4.58060998811091,5.05806877738453,NA,4.30551918462859,5.02722646276891,4.33377246222384,NA,4.21007765343994,4.91369990787364,4.86649283877501,4.87419162157325,5.11553450186395,NA,NA,5.07833243711056,5.14371573927826,5.25563796967775,5.22326727679182,5.1584454720924,5.17447629081,5.14408904202266,4.98335245638375,4.98854603690479,4.94551957444317,4.84909241386931,5.00677957726778,5.14341024011544,5.01812141757333,5.48482488117563,4.97261645718159,5.13129163315927,5.23978676786782,5.43171910032,5.54274049085169,5.33631504243983,5.30574763234311,5.60646711681884,5.19647022318687,5.34218986796428,5.37888241733953,5.20831116067344,5.36008424256625,5.30689641614798,5.64557643391391,5.49891335450959,5.33990700230403,5.86501140959735,5.18301692591441,4.53951271034132,4.86957623052923,4.46296129890941,NA,5.99517532515986,4.58882350545511,4.9936735869466,4.39436655463573,4.02503750747878,NA,3.63417952978017,3.76055121656501,3.779512236076,4.15270584110321,3.9773051302513,3.97936136578517,4.08735736010393,NA,3.93244323939114,4.00131434505659,3.77066443251565,4.89416530020912,4.25026416451758,3.58596300746698,3.91204382596597,3.44368662945844,4.12169276054671,3.90006590744778,4.08590451445245,4.11659928742446,4.06586608480171,3.64670382505753,3.60734369444821,3.78319379760775,4.09514097907331,3.55937342191265,3.95121706979304,4.52319187450215,4.43825974646958,4.65109048895285,4.19957690344363,3.62896821932456,3.79897638928512,3.74408790424429,4.16705807760324,4.16631435035171,4.08230686622469,4.35464881855602,4.47321349999402,NA,4.71783527142569,4.84230966347401,5.11755510907947,4.9789617256188,4.83866001340608,4.86520502467337,5.05261551491503,4.95627724419347,NA,5.09354809189664,5.47320939396568,NA,5.23358480861358,5.4237895899632,5.38992938372309,5.19789142545919,5.31324904823004,5.42615783016924,5.55378223812897,5.31631941490028,5.16730489756836,5.82551150034712,5.58591699188505,5.30858203904208,5.55081764416608,5.79708332775482,5.50676499357715,5.65827487569629,5.75575492768955,6.00148276699813,5.95528581661008,5.51016678118213,NA,5.24948810130812,5.92318861480392,5.6531824519717,6.39689795871458,7.13328671058107,5.60418221271174,6.23670588598161,6.3320713660033,NA,5.30698904590048,5.81607528552964,5.78088232785684,5.51331516317446,5.02525208386523,NA,6.17002594104554,5.75609147466197,NA,5.73412042858766,5.08735121945782,4.98614765704082,5.57769983605095,5.09220334596254,5.7089201412921,4.46283576241795,4.23415682755791,4.79024814357725,4.86713335488199,4.36271888280185,4.12126383119286,3.78010263742433,3.69407271314188,4.06918220403967,4.20844122864416,5.2187732302092,4.40286421606299,4.24340460250269,4.66534015865689,5.43531103464706,4.10909889002916,4.3628796481802,4.08305358538494,4.10078713162878,3.80523525230171,3.55163136064654,3.61037303803637,3.56591741033217,4.05079433543386,3.548029748644,3.54608342538773,3.55083838013186,3.72256325642291,4.17595896760712,4.21829883089194,4.45319554573204,4.11007243894642,4.30516589651508,NA,4.35686821008753,4.53419026943829,4.66291487372493,4.65712043983536,4.54182031320453,4.35516913541309
NA,NA,3.9446603606253,NA,3.71528449758055,3.96080300654986,3.61099378144354,4.65121173940342,4.95586999789594,3.96032493055207,4.89474815434339,5.06667626575886,3.33262365917613,4.35199825135185,NA,3.741369064827,4.82641804000958,4.35654175393173,4.41442398253472,4.58815941227654,3.93070474055661,4.55947845928613,4.90569260317911,3.79161194603153,4.29999464962019,4.26284433101497,NA,3.94943723081847,3.97201710513402,4.29515276729843,3.54429186065821,3.95965749508021,3.91630892951993,4.0497733455573,3.67669565923144,NA,NA,3.55064707025954,3.63401118263176,3.81380333356747,3.44768423975404,3.25531165987041,3.24695694928086,3.29633674942355,3.30193408008241,2.84414752623048,4.17446153327288,2.91118561624311,NA,2.71730867187606,3.69772373435138,3.35519043551881,3.0463787953587,4.78960069244032,6.41737061918806,6.95689917805697,4.38170533043186,5.45557264774538,4.31147728489576,4.31038669230625,4.81347129802187,4.64116831982786,3.85168714326266,3.19002366869053,3.46195588195965,2.77935188161872,3.73025871475425,2.02700932376539,2.25355074802383,0,1.80663460098098,2.08537113194206,2.55189379329827,2.80187631591548,2.66930066058285,2.53331304495413,2.45014996335112,2.89331156661363,2.64727960146927,2.59551742544766,NA,2.6634969579811,2.67226863734451,NA,2.99392508622326,3.14484231350077,2.99436925076852,2.82273824921265,3.01165749889223,2.83191337109658,3.21162326008264,2.93899587045029,NA,3.45118316154541,3.05647278619714,2.97252669739139,3.80547213482789,3.61856505814775,3.66665349839255,3.69497589590219,4.2018342501315,3.17209610304199,3.36861919977658,3.84321613188809,NA,NA,4.15124140145491,4.85540126037082,4.97354350846396,4.71911943141504,3.48103046870769,4.57971684934403,4.40805552222889,5.20324191496485,3.89710508542968,4.59691195764982,4.27539559696967,3.85218381169848,4.49036086019407,4.64876371868119,NA,3.87175886336009,3.91566985462632,3.90272800635365,4.04780947613718,3.39597994662457,3.95290041124981,3.81308789373387,3.75599760653076,NA,4.04057272634826,4.33841182377764,4.59256487341335,3.90472331869143,3.2475846556731,5.09321102081754,4.30606728083767,3.04457926407981,NA,NA,3.1972340564308,2.79935388878132,2.99053215042082,NA,2.83079014315842,3.2071769088905,3.34089372184356,2.93121309943804,3.15877647803991,3.26115155089741,3.20205456382091,2.88734743071444,4.56027506790188,3.01283851656821,5.28671129471968,4.38998045051272,3.30073564458066,3.36084509225004,2.8116483604458,2.59820735764089,3.12209295982292,2.56217374955163,2.83887342094575,2.64144310343543,2.78801290611077,3.13254580986668,3.20390206023654,NA,2.42088128262706,2.70829148804274,2.94295596416349,NA,2.87927661504098,3.6021717981465,3.07306928810072,3.66793954762055,NA,3.27030373346428,3.16680978508978,3.60268433382018,3.67177308224926,3.84619586370209,3.31475565054145,NA,4.25606031402482,3.61117672778789,3.38784717548079,3.39286859994778,3.22209195528294,3.521813739214,3.67000539851154,3.28340662093862,3.39560632169077,3.86258433296207,3.45598578915845,3.43510447487784,3.87178744637755,3.8139786346387,3.84285455006156,3.49010089806551,3.8143777771673,3.87252804193269,3.92506834587241,4.15560839517558,3.51984625106306,3.95125950363939,3.61721317320073,3.95305043729164,NA,4.57747173074011,4.11345671380976,4.52620091676786,4.79377868482824,5.41576812168252,4.97938441988721,4.19083737314076,3.99187931522357,4.67323336932977,5.18439981906589,5.71288797331144,NA,4.33879170462725,3.85167258602688,4.66068122291618,3.44308483700207,3.34329686957422,2.7883075735189,3.10366789138084,2.98082522020386,2.92521135482967,3.04099777256602,3.18693610265798,3.40763567839308,3.46570337745735,3.32990019545385,4.02903070257034,3.68476852941007,4.57183259563398,3.13640415526226,3.12939186915789,3.45908034151821,3.23384347218577,3.52240380217786,3.29059991924261,3.12589927242109,3.0060279529726,3.11350921715931,2.91917301656615,2.8021819974052,2.58026221694972,2.5439993010591,2.85909569620582,3.26705586777761,3.00755654084774,2.78627595110107,2.4669541839492,2.98728707369277,2.72711126896996,3.03160647673352,3.73288063079802,3.91924307156295,3.86145529459348,3.4365313784069,4.14643546087074,4.18991316579247,3.88629028361486,3.69974783056094,NA,3.4379063351353,3.42019387178103,3.40979199091432,3.69537821600589,3.81757946808606,3.88806506568257,NA,4.32455061779142,4.45192293495524,4.27374564548422,4.20793702909991,4.40586313508795,4.3311339124789,3.9201553806042,3.82634045846472,3.92003715061437,4.1603947885244,4.14357632625157,4.45782798796682,4.21956607808351,3.88188565340057,3.49744911157412,NA,3.70486302982215,NA,4.43416878828227,4.45955157360631,3.8451818167116,4.0007563696262,4.56315591497639,4.54252325807588,4.19827558096477,3.98070941063422,3.54745052676331,3.44541624358473,3.38487117592053,3.63754610851352,3.59561004586311,3.72896883129158,3.89488622413411,3.54700585987699,3.93774314041847,3.52185020659484,3.99402567472645,3.93777504930231,3.21846120752364,3.3738442644268,3.60215931117066,3.37370899712067,2.78114851295496,3.32113197860674,NA,3.21536053250254,NA,5.00769797046422,3.96091985552478,4.85025028364328,5.11672789049965,3.17235083681453,4.15913152717745,NA,4.0376840089533,5.1668479008607,3.41716592090541,3.43145418969699,NA,NA,NA,3.25184002431517,3.49870399241983,2.62925708865779,2.89937706216489,NA,3.02771856919554,3.4521509695092,2.96828614610636,3.12346249149823,2.78413834216236,3.16057794684685,3.15768723200977,2.94689430308849,3.96901809658133,4.39751968074561,3.59341389250029,3.69963258017988,3.81149840329585,NA,3.21264471836613,4.23210804359861,3.10124559274036,NA,2.86412984745951,3.51835317624924,3.48476758966466,3.43722172055323,3.68298529365419,NA,NA,3.61583186794668,3.83754213426659,3.90678377626243,3.87726427890513,3.81809354127332,3.7558633352585,3.7595948784307,3.62088782326963,3.47154260864843,3.58705245593977,3.5544964406834,3.62785226783515,3.962007207065,3.94416961918508,4.15529311059742,3.75305859384808,3.89308147787347,4.04177485014974,4.33407641419855,4.40826005812993,4.26369170938217,4.31615696784868,4.76711328035179,4.13777233688993,4.40049815468292,4.44326467100427,4.2956212892338,4.49956414766805,4.45140432649516,4.81608400183986,4.57057182829961,4.38079911171363,5.15918440336414,4.4192872809663,3.512912077977,3.80623998610516,3.64195453605417,NA,5.00213515974206,4.06803258693322,4.62826740596692,3.67366105968081,3.22190484396953,NA,3.24280429670074,3.1469248530134,3.1249949149564,3.72205782371611,3.57348292392785,3.46930838216806,2.99171781083476,NA,3.46050656173062,3.61653942307598,3.16484393214844,4.91292842317338,3.66092671289417,3.01313029870984,3.90543261005049,2.93664147756509,4.22830648816801,3.63484691545229,3.06480948012752,3.44041531833866,3.17350483979311,2.82462928861946,2.81379454694737,3.13901181906392,3.81300343944644,3.15108987695109,3.47849191534479,4.07854531793744,3.85426163550359,3.87130203705286,3.32093551463481,2.33293625353353,2.63784668982673,2.72199012885683,2.9897488365947,2.74884230156935,2.91696422953848,3.03878253426552,3.1158623363611,NA,3.30411405805388,3.55144914526898,4.78296495266268,3.64960270676967,3.58059034775461,3.59274779705339,3.90297113349125,3.63784547028961,NA,3.77220611760527,4.19097132826456,NA,3.94771867629086,4.11961322989958,4.11820523079068,4.00391605713059,4.07061566783889,4.15511804537247,4.3688231264295,4.12714476801385,3.95992570223969,4.82407314710084,4.46630677290917,4.23484480065105,4.55929326043264,4.76536281090468,4.55116285873852,4.72187435777781,4.84694513673673,5.10564375030453,5.04618386010601,4.5072885941927,NA,4.0436582285887,4.98941153103361,4.72587743544457,5.65346749102327,6.41603080151589,4.78392072725552,5.51470398758481,5.57069949550965,NA,4.40807810009889,4.95135340355128,4.92484800255314,4.64501109846222,4.04100714278242,NA,5.37751248684115,4.89977332622519,NA,4.89946310299734,4.36655580464195,4.24519140254996,5.01434615131263,4.39109157545859,5.02387305283079,3.89539565313564,3.4746323293265,4.10207172651022,4.24485086616325,3.6507670850303,3.49251503445574,3.19078358555774,2.9776996337438,3.34341638768036,2.90458346724841,4.36161670029156,3.50082191630577,3.04560479014785,4.14389437104103,4.76223295851076,3.80084661981697,3.82636766782483,3.302658008039,3.63412355672238,3.01578288470297,3.08261594466888,2.77259517750823,2.52693832489945,3.26464547464724,2.5337183158117,2.32262622407276,2.43864728813016,2.51215894484535,2.83617156432394,3.00956590015998,3.24340232008662,2.69040788671405,2.93850082851696,NA,3.03988021923593,3.21501788103708,3.28202690105648,3.26658354992035,3.33094949533963,3.07226456485683
NA,NA,4.21889317020372,NA,3.86076874299606,4.15043534180449,3.86530015880837,4.88945670881601,5.12310097981492,3.89364898557639,5.01981821264256,5.09858398518999,3.20757359667715,4.06970603164149,NA,3.68109785368049,4.88906008677853,4.3989599061433,4.27853147470181,4.35301464514354,3.83591428610607,4.27120449945941,4.93491486739161,3.97960880417795,4.46622926868481,4.42240984558209,NA,4.16919738128631,4.21032013287518,4.44981785728618,3.64267102925482,4.15695913490988,4.25842590580449,4.42942089553976,3.95558470446309,NA,NA,3.81716137039199,3.68505102624506,3.70814378445777,3.52833937134153,3.36929226069434,3.50667078365457,3.12417208011172,3.53996614264821,2.90544302738803,4.1280612382347,3.02276612507673,NA,2.95207260513658,3.83194362082516,3.45470357461208,3.16751975905143,4.74396767180839,6.4285897558858,6.90415664451448,4.38717301377981,5.54013614270401,4.52191182358233,4.48416212500101,4.98093299802546,4.95826389099893,4.16299599103095,3.73580060542355,3.88731610346178,3.05033348357743,3.65710581406784,2.11817447662229,2.62200328926252,1.80663460098098,0,2.22879429846114,2.50207756391681,2.56669929736451,2.55751169345453,2.62156929677968,2.74629551847091,2.84115622564369,2.72657054466718,2.70169778600392,NA,2.82152731697503,2.81780347624919,NA,3.09223329184485,3.66100796047387,3.22685120688232,2.96817391466185,3.55755936794098,3.10650972601983,3.63333481497252,3.36960184717285,NA,3.76988799576724,3.38256358450073,2.99675516728509,3.92365336831719,3.77383174128871,3.92971148463649,3.99455059208841,4.50166957085713,3.55545898157188,3.30939571321143,3.96178691646103,NA,NA,4.24786044533656,4.93107438279764,4.97392808294536,4.6172897601425,3.42116253413936,4.56312352763999,4.38663465595187,5.39038394341413,3.84437282926184,4.79395061877468,4.32592035569283,3.96202689513582,4.6569745622931,4.59418514694625,NA,3.64279283636332,3.75612977823714,3.8959050563158,3.71919161638814,3.34661665182235,3.74871772739347,3.55015089029667,3.57994169640233,NA,3.95760826148849,4.34261678921655,4.16570648297626,3.60966760767216,3.15564885710216,5.37982848886599,4.56363637658231,3.00202152339538,NA,NA,3.52108230088539,3.21521641543842,3.47104533937424,NA,3.19073647227848,3.22527684033749,3.23117130524607,2.82406357836858,3.13489180148442,3.02585072826421,2.87415728646648,2.94497113788691,4.99721685764366,3.20313925964827,5.205390728256,4.24588657432419,3.40424260848553,3.43837357823642,2.86601064897662,2.89382262790838,3.40889226727806,2.7977302763297,2.72450215962573,2.71744672844718,2.6114143456203,3.19495070930384,3.34820365427317,NA,2.59775269809323,2.97689464736727,2.85663700584874,NA,2.96800400545694,3.86143830172258,3.41074524011481,3.96893150571835,NA,3.42749351367821,3.25308582360892,3.77470377141369,3.81420337365201,3.90677174880794,3.49340069890345,NA,4.49259008253871,3.59702636379368,3.63927834343842,3.55297910340092,3.43798064242506,3.69062422947288,3.86002162059892,3.36283534245516,3.4967373494217,3.92844657236316,3.52860375676924,3.46139824301189,3.88678344702293,3.79164914795888,3.7485579094404,3.52175502491018,3.68534448171543,3.80836867120234,3.56271310700436,3.855855493775,3.49187163313277,3.61383490239335,3.41031476581135,3.99568724459909,NA,4.41959624777371,4.1831139229757,4.73553372949947,5.07843850381905,5.63777886664028,5.33272443294721,4.60257956270116,4.30646258367345,4.82578563266904,5.56995610641748,6.04128156272372,NA,4.53151916235293,4.03780520641215,4.45453558340222,3.28681657351548,3.10616387123148,2.73653212783296,3.10976851591799,2.95529495652411,2.714963211591,2.80238661435308,2.9202596059493,3.07461418989716,3.21996594837322,3.46891106780311,3.42998643333445,3.10420513884846,4.39028106994279,2.92181699278206,2.82673866706906,3.13626130096643,3.52196081565359,3.42905724366616,3.35053954434936,3.40817290698136,2.93152855831391,2.99527540523534,2.92315507661419,2.87227364188352,2.66174456004374,2.84732874169008,2.72955182899909,3.11035138038309,2.88029544314276,2.68114540077037,2.61984409096122,3.12372103334409,2.55466792945256,2.88708771542118,3.51152110184789,3.94284120152568,3.82206014709472,3.48556772673101,4.00930344361431,4.10126523969065,3.92698380016794,3.84381129375047,NA,3.47225984163733,3.52521487998113,3.56689361054509,3.67774734639034,3.88058877532754,4.13216409683628,NA,4.43065761383096,4.57178430914152,4.4183096289345,4.32926547149741,4.28606600085847,4.14679561540447,3.75285578959552,3.76427228373287,3.88159623438247,4.24339285959991,4.30096489916904,4.37110799312223,4.24693462584521,3.96825408158006,3.67804244948004,NA,3.82658058857054,NA,4.35626633290544,4.32696513513843,4.10003646941755,4.23474028314006,4.46400951308013,4.56546908116356,4.13714229741585,3.78973617184437,3.55838576369902,3.38265870673674,3.47001042727217,3.57970017852662,3.59652528656172,3.66803214994216,3.95174494281248,3.35442772709962,4.00884952846243,3.6001469674613,3.86138547204724,3.85589779806903,3.21637590910922,3.62027391321726,3.67686674759268,3.42242781102422,2.98034992565735,2.99470214557683,NA,3.5181387759646,NA,5.19168814631129,3.90901347710629,5.04823556171667,5.23521045781791,3.2324837789324,4.30233509995697,NA,4.42272680985144,5.37736461189072,3.5258525383216,3.36121455504585,NA,NA,NA,3.57330162581283,3.46685810305352,2.96349947902761,3.08044725026075,NA,2.93354611809168,3.55472193157031,3.12923556780101,3.153891192008,2.83188607119451,3.25577242325155,3.4463918319062,3.19820270409271,3.94102143204231,4.35179485256744,3.79630013388118,3.75994666305914,4.29235286119726,NA,3.55060854563473,4.26729549991025,3.11913789573192,NA,3.30395095062693,4.04117650954136,3.94015872600198,3.84371835117915,4.1018964519971,NA,NA,4.08035585163401,4.34644661570356,4.28261230650088,4.23409515457686,4.20205635371391,3.91063733231396,3.9394859413382,3.86097930226983,3.73517759880593,3.89131769306663,3.93225786320394,4.01857964217796,4.28108416355714,4.29933429803241,4.29281280010503,4.04012978025547,4.22988462438534,4.36485279744832,4.67428500040536,4.77904946838445,4.5578373234288,4.55531020561346,5.04646540445563,4.45414258834653,4.61063157093465,4.69120100057167,4.55706353188972,4.85277658950972,4.66070806178343,5.0650279887057,4.78448011901521,4.61971592502467,5.38626153976839,4.65413478515306,3.78891137583084,4.10255658287418,4.07881537761313,NA,5.36549483632893,4.38572073329161,4.82935495498168,4.01868787949505,3.33679790021704,NA,3.4828892459246,3.26145771228784,3.38620722294873,3.80205317155526,4.06504278322751,3.51998545419092,3.19951102985223,NA,3.49549770167922,3.84256700229977,3.48221762794734,5.1518384631059,3.56335647469641,3.45407788922055,4.17503543047509,3.42877615732704,4.46293425684945,4.22330586411455,3.48027838679354,3.78671424666981,3.7186013690315,3.32202752004451,3.24745583142859,3.3632650075382,4.35958554342001,3.81689756185186,4.0507137373748,4.57870183202572,4.21435090691134,4.28766251114129,3.777154529166,2.84411718895388,3.10522425722113,3.07298277787573,3.28175413556503,3.19646897779643,3.26033360583164,3.43438043576354,3.45579654830508,NA,3.5663143431456,3.87713117298782,5.14822331318108,3.9318316971774,3.92904011622355,3.7959427684205,3.98486074907839,4.00364815201206,NA,4.14863133022556,4.49412710750841,NA,4.34774172089245,4.45110313544225,4.45805238083871,4.47726826037724,4.5000743987743,4.38941061006853,4.64364988190429,4.42507618094712,4.28998791436628,5.04236079284772,4.75933959931683,4.51634922871691,4.88197771810176,4.97157792703978,4.82134061010022,4.96777816791212,5.0870870630116,5.34462727730623,5.18185664325757,4.76709747519365,NA,4.29682401134854,5.32723439333934,4.99032094447068,5.98815469297119,6.75254529074709,5.06255239518428,5.86625382541425,5.91449524811856,NA,4.78472200643272,5.27334242761082,5.27163662186251,4.95581487789908,4.40254322155251,NA,5.64601681737604,5.25871969448576,NA,5.1586942198351,4.56849164534014,4.46786676446669,5.23346767787395,4.54750318584491,5.14521784760716,3.66825983705034,3.68011297514117,4.0290466015595,4.28146196726201,3.8861415995331,3.76777161389671,3.68339694151511,3.4703152343244,3.77223465069813,3.15976961540133,4.78025704689159,3.66143513112539,3.40830297700735,4.49727366675359,5.12316499676312,4.27669666756847,4.28303702882942,3.71579201495331,4.09523890031696,3.45021386611738,3.38989378973337,3.23922279863735,2.90712671528276,3.73628736925927,2.9843843199086,2.74102692078332,2.84956051409538,2.94958422738503,3.23999660185776,3.52778436225933,3.65506438040386,2.94557310760908,3.37703080824232,NA,3.47945077835894,3.58656192865458,3.65680773520156,3.60423512296906,3.55709293452393,3.37807690741243
NA,NA,4.09208721593596,NA,3.47641276161075,4.06517383251609,3.6642539689574,4.97340407002406,5.27070035561908,4.16265504457611,5.28324494461185,5.3487183731452,3.01583015224433,4.13967429031836,NA,3.5196606489749,5.17691313079161,4.61825976321412,4.53212496397258,4.74683068864117,4.05259684107981,4.56396078277561,5.14669154894225,4.07748844029917,4.61899575703022,4.53123605203863,NA,4.31387519219741,4.33437120439151,4.64505909065207,3.77440502362054,4.20795524871942,4.19422784546139,4.35781638664291,3.97614687487687,NA,NA,3.87380425483527,3.86003257517079,4.06145506935643,3.92506839115363,3.68744280127312,3.82147523116102,3.71052737498554,4.1329877870429,3.34818494378982,4.79037639933429,3.4874348343955,NA,3.16312338170922,4.56962476034684,4.15303237714662,3.92155120850022,5.76922848668535,7.44673822003265,7.93122843915432,5.22946165481999,6.45384951180602,5.30164202178182,5.29324802426923,5.97622294259575,5.93209324986086,5.1647750729533,4.26982798750326,4.70654453084166,3.69800614912758,4.45380693311524,2.8879726510599,3.56607163981377,2.08537113194206,2.22879429846114,0,2.47989768761518,2.66012469009664,2.63634717945984,2.43275620742737,2.42294153484039,2.91243048011275,2.62753827240901,2.42388379427536,NA,2.59205521322499,2.4751269511814,NA,2.57219668826438,2.89209229121142,2.7641435575103,2.94563177325442,2.98757317723446,2.87024533891214,3.22839129987501,2.85147516304603,NA,3.68847007967618,2.87996768802366,3.11897912391911,3.11685574754303,2.96831226604154,3.63412923930587,3.64871105762533,4.48939151607927,3.00842782759318,3.51763278169536,3.95686277219662,NA,NA,4.02235071080523,5.03341290136507,5.111552316207,4.7722739054768,3.78325623192864,4.74799890362212,4.4484261188095,5.50344641089363,4.0584342296142,4.84031356452137,4.52365178221391,4.00401878992981,4.82361240724684,4.82101513437033,NA,3.86555429543801,4.06445734842552,3.84514207339363,3.74029510419223,3.4298975216159,4.10248434674349,4.03491141912314,4.04010175875024,NA,4.60084235564584,4.85319669648351,4.90907606446935,4.31191588782108,3.87083642365049,6.16778822154951,5.22584863549784,3.47465417061082,NA,NA,3.49982741541289,3.3739429095494,3.18763751629164,NA,3.71111290857465,3.81781612629052,3.78309132022809,3.23888941174072,3.9190822997806,3.84548686969011,3.80738069373209,3.3883278219493,5.46653488768907,3.9287236781704,6.27768199451047,5.2756904064389,4.1001320966324,4.15640275190106,3.40028611792953,3.196163588112,3.20024161698594,2.67125945957211,3.0266744889981,2.85259675711881,3.0214012147225,3.32288843736057,3.36424822684488,NA,2.35074555344885,2.7967188607872,3.13835240322032,NA,2.86412803159961,3.65764663559515,3.27597502687496,3.63732321569454,NA,3.13214099290393,3.09833004998925,3.74926317507694,3.83291054927752,3.74872121548185,3.27856926811508,NA,4.41003292316123,3.39301115624131,3.066377194405,3.11978706435182,3.05927164924365,3.37531694604869,3.47865231756531,2.94198187710785,2.97173486904223,3.51384358314815,3.26846996862712,3.1684057894918,3.41034662004168,3.22908764024842,3.20765352257341,3.08528302682298,3.31692808231597,3.64356006896881,3.49683352544242,3.82381317363495,3.47595729761289,3.54384262450291,3.5862073916735,4.02659336565329,NA,4.63870733116676,4.19767797882689,4.77139058774724,5.11749336837625,5.83376419903026,5.58293392855284,4.60428734973171,4.36040789096239,5.41533064736482,5.99429503717921,6.24490080697451,NA,4.78718614669452,4.21023427913573,4.87928159355179,3.7678848215982,3.5480650867112,3.16945286374082,3.7710207718368,3.58888161691676,3.34686919598501,3.40682868751209,3.73157369747792,3.75174129972519,4.14423147262735,3.73601295724613,4.12256614628659,3.85902823785785,4.75305144489781,3.12375751562688,3.07633705770782,3.56979717564499,3.12047703056187,3.87753679286085,3.87399762955356,3.53015216860673,3.02868012021491,3.15510482602363,3.25661409839142,3.61149208656962,3.2672898458647,3.14807708197279,3.06153853949831,3.62430743018456,3.6895697908424,3.16360221989099,2.78533615651943,2.81101784600662,2.67189636883178,3.0581004768444,3.84118668630444,4.09026566687461,3.91305578981739,3.43258261483204,4.18684792865602,4.41812219485169,4.05555455989663,3.98157129931094,NA,3.45806233996394,3.27371593056694,3.18902640408751,3.4927255425813,3.74544418261449,3.96190794326739,NA,4.08281724875594,4.52176268758927,4.40301973474939,4.26861283548073,4.35352262480899,4.30936787993666,3.73140694159312,3.74416789390517,3.8053630941723,4.24433846311842,4.25465474033946,4.27383965786704,4.16486991514022,3.9441631606571,3.59057051469694,NA,3.77613396422779,NA,4.49646849962559,4.47239256599764,4.02935085797286,4.20132320941486,4.60044802122411,4.66116413009218,4.22851489004997,4.04155947415037,3.6969141734442,3.64399329085271,3.67857091108069,3.66931290947025,3.77048811966179,3.87102398476445,4.27640058029717,3.64597658802255,4.24579092522581,3.82393324825243,4.25061419443041,4.16655442661586,3.83250357777337,4.19708223196375,4.3489413695647,3.86027649779766,3.29178772144046,3.5430972133695,NA,3.88989216859398,NA,6.10518660585867,4.86399503530708,5.86368868072086,6.17398621119507,3.67223544779934,5.09397811676015,NA,4.44770083428289,5.56745277855331,3.94813519316495,3.89054746298065,NA,NA,NA,4.06876130707648,3.39152803917292,2.90608365284346,3.31285773435564,NA,3.40325636604813,4.09808297109797,3.44441207696827,3.59731331228639,3.11976617205697,3.85333581570591,3.9159801785861,3.72396977342352,4.68968525043874,4.9390360478989,4.2137896500208,3.88569850845329,4.33187089936155,NA,3.51776829787727,4.48506149610241,3.31421712507164,NA,3.00713404415635,3.68479051772149,3.47737458378177,3.29113568774663,3.52752305305299,NA,NA,3.60776763598565,3.98920653098924,3.97027569366301,3.89825188444729,3.84034527803876,3.28099189083687,3.50216911351293,3.47843449622363,3.00108079370154,3.44468358553453,3.48401401774131,3.4439932555337,3.93624586765204,4.09285707956809,3.66361157406144,3.74004628666085,3.99992753909278,4.23181514890076,4.54842168281646,4.60261711558703,4.46955588079838,4.57931754865462,5.09980214225705,4.33923420953139,4.61260609722244,4.71566952593635,4.62450381284942,4.90795023038759,4.71814377903352,5.11616807695902,4.67274095164948,4.64397955038451,5.57214382988438,4.76317973095039,4.03577746214443,4.19587959626428,4.40274946490949,NA,5.47941586117908,4.93412731044132,5.41775255000791,4.37071591103397,3.82376545181831,NA,4.22902907709455,3.80050758395068,3.8589667069745,4.4624929771164,4.70301670413676,4.28312032713781,3.52131111239242,NA,4.23590343643691,4.55363963658549,3.91713156026645,6.04410813943711,4.36381121954531,3.92164177395913,4.9206372119092,3.94382670404452,5.38097648012645,4.89860583399341,3.69531235429323,4.1881646860692,3.88789538925446,3.65858701970075,3.63663600136529,4.04997755673963,5.04971219371658,4.40593258479006,4.62241549486679,5.12872831632883,4.7524193847878,4.71031050172491,4.20702463154325,2.65568219383177,3.14349527501523,3.26704643495274,3.28068923653194,2.7502152548895,3.29953580385425,3.26870219789297,3.0551101250734,NA,3.3581766955232,3.74544306367051,5.77714254353074,3.71793004510397,3.71436505634706,3.62162068599597,3.96670851591847,3.8326179127308,NA,3.89724315552282,4.3118373170462,NA,4.20000919218402,4.22094198317583,4.27318873692283,4.20562236028516,4.28540639007008,4.10764336357079,4.49672675394038,4.27594766456235,4.19520897275064,5.00358516916576,4.56464781827673,4.3881063082461,4.75914992900471,4.89628502427276,4.76741723639002,4.95918392743671,5.07504266202452,5.37099612791562,5.24282665709664,4.68371833632248,NA,4.15370245287431,5.27212170739313,5.02272752340172,6.11661415228131,6.85380445912376,5.23169863595041,5.96380338296919,5.95892507673012,NA,4.86801704730346,5.44485896981912,5.35035419259864,5.02694391579051,4.47201283713138,NA,5.94681120387201,5.50258722318191,NA,5.26962033764463,4.80263743026373,4.73468601175617,5.50632655545118,4.81333080495654,5.50542715524182,4.21938001238836,4.03866512175043,4.49108574530014,4.78261081336595,4.35119702964461,4.22099182352036,4.08818609097929,3.94608448796652,4.29000355256712,2.83955501689927,4.91165044373662,3.82393847807878,3.11788207330963,4.9625738892638,5.37942390149604,4.82678568581803,4.84292866201229,4.18483857179149,4.64538345656036,3.88581842723052,4.17235899593916,3.78738566944734,3.27003771135765,4.17465648308785,3.33476857965172,2.89663816609466,3.11365147026938,2.99586593452297,3.08578949347434,3.45952120624348,3.51477509797447,2.53780182773307,3.02612769496911,NA,3.22514891305555,3.4636613752216,3.47520197736362,3.38817102210823,3.6131600474461,3.34552230607413
NA,NA,2.9383082898652,NA,2.55809684470396,2.8763624628638,2.41321261315988,3.70396006253168,4.1233404221248,2.88566636301655,4.05018140956905,4.23346442071612,2.10970183231941,3.0785352282742,NA,2.72164499174837,3.86552147625555,3.27811090760861,3.30997971688045,3.58650327675125,2.91169601106562,3.49523229451131,4.14959291845232,2.80233775734659,3.40323515462594,3.40153249013091,NA,3.32449392262289,3.09950609309235,3.47034291943951,2.35410870282191,2.98982815647638,3.08102622059193,3.20842575622322,2.89187939010244,NA,NA,2.59845421563442,2.77533804444159,2.88618397496086,2.66762837490916,2.45634562860174,2.7257203494704,2.54571843294855,3.16888664945648,2.69064683916226,4.04607847349294,2.93432721264064,NA,3.04278463437641,4.34001801272489,3.48801300227571,3.37397596251595,5.37806736869167,7.10179596315673,7.6628609944566,4.82883827761548,6.05378722935541,4.91190510263327,4.88852980776239,5.63183466428351,5.66186347280613,4.86178693798887,4.1652078483534,4.55694964022913,3.81218510171795,4.67170551718995,2.940087566043,3.70977018115725,2.55189379329827,2.50207756391681,2.47989768761518,0,1.55705268977952,1.13144621352597,1.27922546083524,1.43224338897569,1.75260660882845,1.47558556783484,1.45484048730301,NA,1.13029031467348,1.72040836148267,NA,1.65335232902148,2.43517448280778,1.98584937749621,1.3668707943265,2.13921151041486,1.4791971492079,2.22234364329362,2.07680489137361,NA,2.41089223354685,1.83984078851696,1.49347272307481,2.73105350910949,2.58540230768957,2.63159581465317,2.68438400818079,3.25775275835765,2.211251788716,2.07444162539548,2.46955414310116,NA,NA,2.99941142801856,3.59348756728411,3.85495508207812,3.48403751883749,2.2590344849557,3.44454787830006,3.21919252479854,4.12424483001754,2.49752208061235,3.47214828797375,3.19674185382198,2.57412459028535,3.32887616466142,3.37892033334501,NA,2.51454156145351,2.88095266179619,2.95744045623812,2.97109129654252,2.01483649912098,2.82587796480365,2.65768585139035,2.73118433863431,NA,3.45412156423998,3.5933307775715,3.83287979323873,3.06408694395633,2.77038578399162,5.22385565307878,4.1502088460343,2.39986049513412,NA,NA,2.62451228361594,2.46720950174119,2.88189725268099,NA,3.23821393608101,3.22859020946458,3.20754716400476,2.60636654760594,3.33827159029677,3.23077349101781,3.30723157703124,2.41353766270262,4.48915551346329,3.50758660494036,5.84230176319334,4.68244326253179,3.55675824035111,3.81437720660811,2.80797482033083,2.62047322462727,2.89953359993099,2.27191123586748,2.58304114179569,2.18975769087523,2.31695308906995,2.35082226108358,2.42550093616128,NA,2.44290448146482,2.13612962283884,2.05562494907136,NA,2.09616319728153,2.74987534697025,2.46078904786346,2.95178143925753,NA,2.14126468787059,2.3398144886153,2.99710755469525,2.78480305207071,3.04977157247553,2.64870756662821,NA,3.36305966310527,2.43873379863332,2.81027535724846,2.39712462020722,2.10583699872287,2.46616979314951,2.6746843314759,2.14747054449816,2.52130628986809,2.81738773671127,2.43331770449064,2.20024073206431,2.76100859224784,2.80236830878115,2.64405159416438,2.60402100406352,2.8268817312147,2.72062104774684,2.77460647014197,2.97179699536552,2.59329288278197,2.98315083210629,2.44995626868739,2.87744279717401,NA,3.37251021920554,2.83303545203359,3.6423843004955,4.04359636796672,4.97450892798259,4.70659625130122,3.73946299676862,3.36550982204517,4.44285149121515,5.09872947601031,5.25118734994923,NA,4.03271690139878,3.08344436607904,4.13160289256242,2.86503772263621,2.94753615605203,2.49493617404234,2.86742028121697,2.76708630141373,2.66845329046163,2.79236939171671,3.23187410442815,3.27120168192023,3.58851976631578,2.68603957465075,3.16308247336588,3.02926818953068,3.72705728301137,2.10602247316631,2.47399734211421,2.53201740922207,3.35297045087498,3.77296664916588,3.62956229813278,2.55702265216978,2.05195266337354,2.36104856812505,2.71818887615559,3.13217703131395,2.7990637012147,2.87682677050584,2.22519259774173,2.93377057221363,2.7960922968906,2.60189701134304,2.60709970175015,3.09998167835793,2.51549651248658,2.82378891636203,3.39900504002524,3.16641070090823,3.20616430000756,2.8638835444121,3.28390424304446,3.32114486955495,3.00532398132001,2.7422330415408,NA,2.22436806180393,2.59245343069733,2.79413895330768,2.58564399882566,2.73461975479694,3.00345576843092,NA,3.76384541159259,3.93301328950595,3.66455159312524,3.392414151879,3.43084163691725,3.38442542115801,3.20577957251588,2.76786200626715,2.90261486696335,3.10785717255305,3.05551104096049,3.2411049854441,3.32260239894557,3.01782376859344,2.5370752430335,NA,2.48503008530467,NA,3.42333806123829,3.54469170020511,3.07908461993942,3.11995707543623,3.27983981086877,3.5563642224023,3.31702066588642,2.93713286340281,2.54079452759895,2.51563803876174,2.44547892195113,2.51112482591624,2.38617765878252,2.65762148272247,3.28164324888129,2.68331446718774,3.02495979193698,2.69504499886422,3.29401491520348,3.23599770111923,2.82949905558311,3.22643041587129,3.44376218345918,2.94088082510566,2.09703728720362,2.55389412198825,NA,2.92480132649143,NA,5.43098240251976,4.06647666560525,5.51344190916975,5.74650616127946,2.68733317910095,4.59684078456061,NA,3.36824667029065,4.44755938549731,2.98737140602145,2.87376413498406,NA,NA,NA,3.46152418765393,2.96280043998806,2.57530699373436,2.65332576718176,NA,2.3391673324878,3.26374876349946,2.4506041785625,2.75392577641609,2.53479822151165,2.79620983188647,3.04094107275373,2.92930441519529,3.87107350639128,4.4374900146943,3.17331565002178,3.09764979145886,3.58861032902358,NA,2.81175959585387,3.71482410664176,2.54059955914865,NA,2.24334763499588,2.95454570170961,2.68316230460141,2.56305077201463,2.92895184547078,NA,NA,2.66873164664108,3.11947661063449,3.02759242216691,3.05534628907997,2.9392488058214,3.11944294673524,2.92003466175017,2.64191017654537,2.7215599193082,2.64711309569473,2.56510107915758,2.7867761636248,2.90365818834016,3.0448548597853,3.23473703244697,3.11674545488184,3.07761931210214,3.28757157471783,3.51342823401817,3.66379956304784,3.44268642096061,3.4630901333813,3.96442936181265,3.20142383352172,3.38874486620622,3.5023400693125,3.3673888412452,3.65600674691519,3.51990442791315,3.91436582506322,3.83050220865705,3.54372842400562,4.52208905097436,3.89943643526691,3.14843062803568,3.37852720104409,3.37154621371411,NA,4.48098102338115,4.00704721388117,4.41175368167258,3.31541129981434,2.98272748876637,NA,3.49364496530326,2.94828884990267,2.91620195589607,3.84202278347081,4.0741680427411,3.6952766807497,2.56116376634896,NA,3.59621948501504,3.8651462875641,3.44866225984695,5.54290413236676,3.47178454136134,3.31568686423771,4.3990051128271,3.36563219200689,4.93106664400322,4.25714046735817,2.48707339778689,3.48556462992554,3.17334151649464,3.01206288286215,2.96068770964006,3.44551259187531,4.38618882935283,3.76526690583673,3.80732893388484,4.22466329635558,4.04752688714569,3.8439480513309,3.41407795044165,2.17366698852995,2.30261017514685,2.4674103236366,2.39935932257793,2.22236470932817,2.2364744816241,2.2909618228567,2.40186342416854,NA,2.45284545742697,2.57758326565012,4.98398805566641,2.7327709762655,2.46918054048102,2.48958356002428,2.81824694040777,2.70292036453983,NA,2.80985992700945,3.36474530085423,NA,3.1873676630227,3.30596462648262,3.30067499717781,2.99799556350043,3.14487373521296,3.28979674404894,3.43362240995303,3.14823323133501,3.0307297964341,3.91998097596537,3.49845473215214,3.20656765191653,3.54324692514717,3.78276726404327,3.60518333432296,3.76904472910562,3.91076674565256,4.25253764095486,4.08660985125159,3.44922039054382,NA,3.05983754409883,4.03465762351727,3.85662805943363,5.02348411835712,5.72498160464144,4.06601801710934,4.81462106338265,4.88964120281415,NA,3.67509634977572,4.29070364821952,4.19724079858518,3.85321080443134,3.31072917130415,NA,4.77954219976165,4.31809009738308,NA,4.00768645219473,3.6155356683864,3.4322440743984,4.21811243040042,3.50623060223826,4.44294985758139,3.0688452483004,2.7231370341068,3.40845947800052,3.77339295553144,3.41901303438225,3.35111715971859,3.32043881148559,3.17861541339587,3.44345122870775,2.3561831040632,3.90784769619815,2.93824360609372,2.82008336582031,4.04283566933383,4.3475496890459,4.2085737173797,4.17129602036937,3.49890088545645,3.81708398632374,2.93359804458522,3.48135331502418,3.03700816349775,2.33801909949943,3.10492769816568,2.38574482332451,2.19102033716006,2.4661653823365,2.13407001005899,2.09026599942655,2.20526231654052,2.59767625102455,2.05109046685062,2.15205873034557,NA,2.2869485578571,2.50221525015954,2.59427557578584,2.60265611383039,2.66102560556836,2.40951770615987
NA,NA,3.43626609506086,NA,2.92647900507941,3.22135092160481,2.92855657668272,4.05904858760888,4.34506173020097,3.09408930291882,4.29213723536063,4.46204043567242,2.55608296181512,3.41956161548217,NA,2.78436314883467,4.12030650056473,3.65166665104697,3.41665194293315,3.71193735081752,3.11386658164803,3.56142931504845,4.31328573764438,3.19582895532147,3.6476689867059,3.72798653380453,NA,3.67985962316802,3.49041116016759,3.8026748240667,2.73518620140847,3.39659701454391,3.52563626096875,3.74252037705373,3.29520450179749,NA,NA,3.25160662188946,3.30743899807367,3.34112125344193,3.04454812504362,2.92855799182254,3.25890973907682,2.64871004744908,3.47590122766377,3.06763488675586,4.27371760330348,3.13969846933459,NA,3.20322802583521,4.42259825398651,3.82541705253041,3.64335132247312,5.55706381760893,7.28252677180184,7.79205286881419,5.02351135875602,6.2901902425347,5.19626956744703,5.19584055652415,5.91520530215876,5.96245649147627,5.11259023649599,4.4307787030449,4.85476262056347,4.05662936042955,4.89054738658087,3.03148195524749,3.729442835855,2.80187631591548,2.56669929736451,2.66012469009664,1.55705268977952,0,1.02526322806806,1.61733185183783,1.89813875496604,1.715885007483,1.79587016854838,1.5118259876896,NA,1.65387686045299,2.0310033016762,NA,2.12329592632939,2.92003533566482,2.20121656451441,1.92815516219844,2.72908173424496,2.00998730920517,2.64507189825572,2.47198450695987,NA,2.85726178876641,2.42619576999315,2.14333365895766,3.10104820381874,2.98262157769002,3.07341419415459,3.23737799685818,3.91977908525432,2.77249309418023,2.56122072720031,2.95327617193602,NA,NA,3.3717042126688,4.0265897130979,4.2023871474614,3.82772768345352,2.69596902010038,3.76261959843168,3.72964954936862,4.6879388136178,3.01855354539221,3.95270695846989,3.47811384654132,3.15388803144797,3.78985541387008,3.74497238754268,NA,2.52601953588137,3.02429711984149,3.17971528716274,2.89732006371972,2.37799215986146,2.81842672562766,2.89676667357116,2.99936944353462,NA,3.74309815403374,3.90316783975095,3.98375696462246,3.44250481459023,3.10531222840568,5.57937760547885,4.53320715079829,2.74167886410412,NA,NA,2.92016518666936,2.89449796908067,3.08629747171232,NA,3.48895159219936,3.41275189910277,3.3793695914973,2.79710238232119,3.61699986786624,3.33349255931366,3.40492377993659,2.73875663400969,4.69133513600629,3.62969758403606,6.02765274335002,4.8654055981535,3.69293198940034,3.93356006402833,3.05525335687225,2.71471754115298,2.48286410371149,2.44751259077601,2.77268435955237,1.98488458476433,2.32229824820699,2.35968860120697,2.42631215018474,NA,2.60011981684526,2.60987123280029,2.19947683487038,NA,1.95109075509498,2.86105162582931,2.69840628078901,3.06249858896069,NA,2.45329514254073,2.72237585897756,2.88317552645016,3.00813738539303,2.72756442499099,2.91935268902962,NA,3.77927295338829,2.65343293540538,2.93425244109787,2.79063870907563,2.59885696042929,2.97811835110012,3.10575801052312,2.49604729091175,2.89137773252533,3.10166713514988,2.94339455245665,2.53940254568265,3.09068543033765,3.07849524635707,2.80745697288267,2.64367588124033,2.92578512583273,2.89016130660111,2.9357353387066,3.14700079646429,3.020587958153,3.12987350511529,2.6334890889433,3.19782169373643,NA,3.79638904199065,3.43685042228653,4.12128979526791,4.48819237973677,5.33377685793381,5.08637390317911,4.211200541844,3.87287114780605,4.7909914168239,5.47421114433543,5.64338224384996,NA,4.40861620408456,3.48422653868991,4.38833430165319,3.01418404612673,2.95552721583319,2.49863248949262,3.23695685611802,2.97127446683993,2.52717576880751,2.6634738210663,3.02109991023593,3.32557693091127,3.63747717283659,2.94866402782769,2.96872202676277,2.9040636763347,3.84134697457031,2.3843053440821,2.79562672846942,2.88947357068819,3.62376316782464,3.98710534092191,3.91279478268968,2.83923275146385,2.36682991605087,2.56533739015398,2.54718292334806,3.19304096485302,3.06141228164785,3.09952197798121,2.321133256824,2.61861719754353,2.54230292378516,2.35111003968271,2.64209204760231,3.14398696153114,2.50602847199302,2.74886480128389,3.36176835558036,3.05390922775803,3.18193522250902,3.16532629138706,3.3621227919313,3.3435109334046,3.2176238161653,2.97996406957627,NA,2.69272816925439,2.86176864150362,2.81062941253983,2.83170470762036,3.1008791300566,3.32225382836668,NA,3.68764451133847,3.96250594605892,3.74207555900715,3.70065818441127,3.69554577001601,3.44800719645321,3.16382857913832,2.94666245069558,2.95567560384131,3.38172386151376,3.29271171687898,3.54004534414457,3.4809557846589,3.38993259893206,2.81750973428282,NA,2.93422357320997,NA,3.6906380165795,3.86097860289108,3.60739715463601,3.6741795329938,3.5448677783969,3.90598379295164,3.69713513030383,3.23957926113146,2.8643893882645,2.6635379175009,2.71234408577087,2.78577655934263,2.7078499661154,2.96315872466114,3.65203539146334,2.84281393967323,3.36367052167486,2.94891647061276,3.14836161687796,3.26815428227572,3.15898862353119,3.48780587514435,3.64141274331839,3.18024274516591,2.48480447989077,2.63138152213619,NA,3.2425121995525,NA,5.66115556285897,4.13071748249974,5.60581861479023,5.83879484765799,3.02425902104749,4.73738113195809,NA,3.74432721558869,4.70938427296273,3.35784781529096,3.22969748942041,NA,NA,NA,3.71846580096949,3.06805283162578,2.88541496566314,2.71242735309512,NA,2.54675878486194,3.43504095020579,2.62643901369423,2.87708244070405,2.59882996790933,2.98687992899588,3.32428868048391,3.26568546255849,4.09116480453925,4.57111493343113,3.33210717106879,3.3974965989041,3.833029772875,NA,3.0515854971868,3.66569312094033,2.88373391572907,NA,2.75987329832508,3.33912236906667,3.1290204425394,3.08936742281329,3.36958147777459,NA,NA,3.17381862123972,3.6851805882554,3.512562269438,3.5378477559893,3.45862161688547,3.54515938423101,3.37588090673319,3.06740398725381,2.92002244173256,3.11226706068346,3.09017376782827,3.26913264031562,3.52069832007527,3.35889567483278,3.43128479023736,3.36443615301589,3.47223739580604,3.65488908473452,4.05145453066037,4.1768268021729,3.92353860144109,3.85112478730508,4.42775583332636,3.79085731187876,3.92337235676394,3.96802133279164,3.89921053610055,4.14909148124482,3.98514868983314,4.38579643993047,4.21975157278467,4.00896702921743,4.8836314276945,4.1139017129602,3.56408135470484,3.7366042395475,3.89844221056886,NA,4.99989748964401,4.41536137107397,4.78313176847535,3.75978360921494,3.32948193812692,NA,3.78831684703027,3.27369880867739,3.30870736105189,4.04406456475749,4.33994065179741,3.91176965638905,3.02701975101708,NA,3.91395144495785,4.18357176476482,3.73420044239466,5.62826277893153,3.76491984925005,3.71479359175959,4.64844807966013,3.72159432084417,5.17432547366342,4.55541622729646,3.01842255444937,3.98122460261394,3.68681122142482,3.5439602662071,3.42482188731441,3.85090047630967,4.68700441410581,4.15934410347214,4.24447730991951,4.56367668890087,4.31161733743087,4.26963506923978,3.8557539789414,2.68590015588927,2.87810291517384,2.9864336988522,2.80484001288586,2.71334819146446,2.89767664809598,2.9457660379032,2.93923893185192,NA,3.02264653115819,3.26592793799722,5.27893548973667,3.2834351118093,3.21003518034253,3.18068454403702,3.37403731095499,3.32391990872118,NA,3.41219424399472,3.87008178475287,NA,3.75244790612425,3.78111896376076,3.81559612527916,3.73622954242656,3.77822168135059,3.80267783440559,3.98494821101125,3.72184971751504,3.64667137278611,4.43947973285835,4.10703772471563,3.8383454841569,4.17153618323037,4.35801989392116,4.1829982682635,4.37464736396465,4.44135488060992,4.73251361938078,4.53565343808602,4.11238077926876,NA,3.46456945075467,4.58599231264046,4.35715174134569,5.35485637058758,6.10355023832293,4.44791722966168,5.15122659441545,5.1947701780848,NA,4.12019901383567,4.72314883396689,4.64028587212566,4.35519094139145,3.79851485048851,NA,5.13876672628872,4.67327065856199,NA,4.49113654705785,4.02798326263436,3.92403104081041,4.62980010803974,3.9851465087735,4.8047772789312,3.51470813570657,3.28415856360851,3.80794501571381,4.14334010012442,3.74690337875173,3.74583610134337,3.62404211352342,3.48559917727281,3.73780369373039,2.57105412026816,4.23098206230133,3.26172273914368,3.1390959354151,4.40236257084429,4.72354142561873,4.48316215287547,4.50351613182542,3.86475202045815,4.20540455001052,3.26675309709072,3.71133908608624,3.4670357091355,2.84895617551302,3.50420617055324,2.82129476684964,2.60237624449627,2.79120118668956,2.55694227097776,2.65968750943777,2.87251385641631,3.17056421645451,2.43853818744617,2.75231869012947,NA,2.78474021305747,2.94428557120009,3.09946058839308,3.08419741108739,3.18574649236978,2.93516424638839
NA,NA,3.02072897412916,NA,2.54282616793214,2.81507520172691,2.44644864218823,3.6702269216574,4.00902281434483,2.77647654577879,4.04296177087654,4.21571420575444,2.11492541829704,3.14517335836524,NA,2.61790042924568,3.71369030983645,3.29437501884779,3.18505346111139,3.42460151265222,2.74353314674885,3.3455614959984,3.94833451572888,2.63678440312149,3.22711008729406,3.34708235217175,NA,3.28190206968128,3.04195960772365,3.38628197908846,2.29289863186279,2.92171828642514,3.0835523638708,3.26487936980745,2.88255352658553,NA,NA,2.75724628257474,2.92419967725378,2.95870346365269,2.67394438311379,2.53082141141371,2.8821587279148,2.52862595717991,3.24907201135301,2.88583737563828,4.18861450566386,3.09253346124764,NA,3.16401192878195,4.47648471192446,3.75500657808101,3.56529708007006,5.49620769748542,7.27817212045723,7.80610248517271,4.92541062542128,6.22515313357195,5.08865190756172,5.07753078795042,5.77928508834294,5.84653798369571,4.99013928401262,4.23827299869223,4.67143249896176,3.9030219294477,4.83927438270821,2.97987418309718,3.66961044845375,2.66930066058285,2.55751169345453,2.63634717945984,1.13144621352597,1.02526322806806,0,1.09425576348475,1.47942365570981,1.55361175518172,1.47252612500915,1.16393249021353,NA,0.995081079122023,1.65406900148651,NA,1.71951212275179,2.42280743128331,1.8158816770065,1.25476572689583,2.21246754714466,1.44697909306843,2.20393856681049,1.95431821787003,NA,2.31322674406097,1.85907105166181,1.50614113865897,2.7314723171584,2.59877840594913,2.55849320443148,2.66337239126798,3.34328863651307,2.31162147871992,2.12189170846146,2.40801269872149,NA,NA,2.90684426344891,3.61174456528893,3.79504103892986,3.39905803350617,2.17791625272888,3.22614558987349,3.19989743849921,4.16624996960871,2.50125179492918,3.43944449016506,3.02822216961212,2.60859165300734,3.30817879815205,3.37828835693394,NA,2.42605393198123,2.7633627970871,2.9419012823411,2.83373323551449,1.94941504818724,2.62482742479822,2.53772399487306,2.60298149127564,NA,3.39586286419671,3.56488600672064,3.73786647541571,3.13448849183306,2.78432566345488,5.37936625202724,4.25409646752757,2.45481036173937,NA,NA,2.60674435910476,2.61656777246229,2.82135241381832,NA,3.25855892716423,3.19725572870608,3.13562817105772,2.54207858915809,3.37823317487986,3.16128788928188,3.39818557594255,2.45537243981906,4.5417223319667,3.47971932006764,5.94505981397804,4.73167164708508,3.5116685922712,3.92730798469622,2.94190661662219,2.56206561762471,2.61982773843446,2.33813495717251,2.69810829372626,1.90034003940553,2.09047172854335,2.14803755492427,2.29603394783219,NA,2.35863916736112,2.25971131107774,2.00843185449767,NA,1.84646076793104,2.60032094378586,2.33623274888318,2.80631232402825,NA,2.12842535527329,2.36072650543893,2.65657615012575,2.68846640126321,2.6413431401425,2.52922984902866,NA,3.33116322350669,2.44322662477571,2.6368232570677,2.4135651430683,2.13706407444939,2.51699311088335,2.74590183246243,2.16645865834408,2.48756232760044,2.75435685158537,2.51911953015976,2.28068243924709,2.81937285325083,2.84071984597678,2.71158660810156,2.48776583710097,2.77676509523571,2.76056312524156,2.84401088645119,2.98772941929611,2.59343334670192,2.96834028318889,2.33456268299789,2.83311433353789,NA,3.47578996913786,3.00736742609242,3.68771953295669,4.0518701338753,4.96447192750204,4.7617577155268,3.80380956824747,3.46777177119761,4.54912981080908,5.20272080075172,5.33169634433161,NA,4.07341689475354,3.15053002698911,4.2296754287483,2.9462424132474,2.93371046393337,2.41412048145405,3.09446291082876,2.83479601501668,2.52425324280082,2.62553454825007,3.01944988098675,3.21202662913811,3.53584349439964,2.77821684281522,3.04921664405182,2.97089855567315,3.69608480443672,2.28553113043674,2.66199401056178,2.69095522613385,3.4456381224789,3.85153907179272,3.73940223956477,2.66451025384545,2.16126868600334,2.57768823330379,2.51597521278443,3.02577625591688,2.86918419137481,2.94314600080167,2.31221882881349,2.70056876208488,2.60011489016399,2.33775021836213,2.55155747947902,3.09094306711084,2.59143642276166,2.82263427088942,3.36469817515993,3.01324691371898,3.18541703485323,2.86937637806108,3.18532748597615,3.12717443724229,2.98333206411927,2.58254067980043,NA,2.29670181456113,2.51531085944276,2.65211695791919,2.58298212589697,2.75963906234669,2.91539119438919,NA,3.59873905233094,3.83416559112403,3.55765612448408,3.41129173995721,3.48060512253702,3.21092450183606,3.09351129600824,2.62108811386888,2.67697483737089,2.97709574694651,2.94923790072545,3.3313726083795,3.25604587227238,3.01957755697615,2.46169210857319,NA,2.54273990947517,NA,3.42577849255821,3.60083816801895,3.16364886086361,3.2163854355856,3.30517413955247,3.63039230743846,3.3856551653178,2.94080563556405,2.53429289758642,2.37737476431337,2.3050414271865,2.47450181749943,2.28852242617432,2.5872746779982,3.23768879953398,2.70580969603562,3.08799375277791,2.65559728616295,3.06129837751164,3.17555957189089,2.80503075089313,3.21000320285149,3.40404896912201,3.02199782009332,2.12545226570901,2.55364116959869,NA,3.06561799153906,NA,5.52957730770769,4.04270450464932,5.63684379742591,5.77350928960416,2.76964669745868,4.58843163370222,NA,3.46143738811592,4.44601322993617,3.0696854662258,3.01628538110959,NA,NA,NA,3.52233768360461,2.91268579063513,2.76207186148363,2.66643562578228,NA,2.41857238240894,3.25306558817356,2.434566003288,2.82842609427108,2.39358476367039,2.77849736742961,3.10901041278832,3.07578075206597,4.01287788662552,4.40651685950345,3.03424148451369,3.07992020455455,3.5321381068483,NA,2.7162704267892,3.48818332674919,2.64470179727554,NA,2.37356941583981,2.93574412543842,2.7220210666852,2.65218260779547,2.99465359600667,NA,NA,2.7727025950064,3.30308278087636,3.15536182761813,3.12239401880293,3.02024927272003,3.21848494393535,3.03340140764557,2.62908217788408,2.66773491096642,2.69134281888943,2.64630322388163,2.84329899457796,3.01298066972636,3.00184955058496,3.30109128904842,3.14551020802519,3.09065965863488,3.25308891570574,3.59795002778008,3.73989531083716,3.48569150889974,3.46894668323865,4.03954895206207,3.40463114509045,3.54285408779795,3.57571590556181,3.45086496763047,3.74240151244119,3.55712125122368,3.97539029889326,3.86461506012556,3.59051739351844,4.56418369865159,3.8595046447701,3.26641128219528,3.418306634574,3.55383836517861,NA,4.58763927914035,4.20228047517343,4.56250483405587,3.52213249685293,3.15353593003416,NA,3.66600633666919,3.13008073670641,3.0920336918734,3.9260207234165,4.18526499135955,3.79613462935957,2.71555801484697,NA,3.73290565255153,4.02849711815092,3.54802798580079,5.60436347853933,3.56696744387262,3.46015002939077,4.55746935165601,3.48124673087683,5.0902611811148,4.37730732150117,2.61348159230007,3.64251674352566,3.27120593412246,3.30191633841688,3.18081920456389,3.63961915536631,4.52357694004042,3.91430988463563,3.98332350085144,4.38119390163105,4.13019040077935,3.96126909874123,3.5709053189019,2.28624540528315,2.4660403816727,2.55023466164635,2.44662643038044,2.23497025756768,2.3869049211826,2.39969629179001,2.43814536100206,NA,2.52863073691732,2.72921712261554,5.12672777743058,2.76586109669344,2.60961028429663,2.6387119581431,2.87502120516938,2.77144117077887,NA,2.87435142435688,3.36984604583632,NA,3.24781649937465,3.30427129144338,3.31271790084018,3.17540057746327,3.24705943124084,3.39444424630868,3.48633522847574,3.18559086305679,3.03552087298806,3.96129161179389,3.59621099241015,3.31191492252604,3.67635600191402,3.83876065688683,3.68829755604228,3.90189831311565,4.00112959092753,4.31127368999798,4.15076281326366,3.57721821905035,NA,2.91727458725589,4.08598821790697,3.91408031793775,5.02967667810479,5.75096897106979,4.08198741436864,4.82689820929788,4.90370193810119,NA,3.7009460650039,4.26978431460442,4.23829852641314,3.88826130765049,3.32000705283013,NA,4.69956663396667,4.22965308865801,NA,4.07424787328656,3.63908375509136,3.50387993089037,4.26436233786783,3.6105515968868,4.47741389316052,3.16487697639223,2.89056511332664,3.51147799488946,3.85752064963427,3.48011501246821,3.45906071079908,3.41525624882226,3.26849634281212,3.47285747621405,2.22992813143175,3.91388164208766,3.04618057246182,2.94491302466844,4.1698575493335,4.46666112769033,4.30904601063485,4.28037002889045,3.60234829632512,3.99020893850582,3.06235035258925,3.58067159377497,3.18797962844921,2.50369424813467,3.22377599305187,2.50913952858585,2.25688248277911,2.5678418242779,2.20912171357488,2.27947278366944,2.41048987080011,2.76321303643106,2.06929429408052,2.27804247944083,NA,2.33213089627516,2.52837654446033,2.60693083056686,2.58896834064181,2.67157285423396,2.42007328500158
NA,NA,3.07112652092012,NA,2.64738126508561,2.92551869637226,2.51097772478757,3.85050242540595,4.19696894075589,3.03174258723822,4.20694592442795,4.36062526911753,2.19280208587722,3.35358108138302,NA,2.84662422852318,3.96539832051894,3.53610436096095,3.5081656605135,3.66444466323707,3.03450742236921,3.7185234824229,4.18474746914244,2.95478806919359,3.56960937054706,3.56748873134099,NA,3.47016295325631,3.29081551483299,3.66133699994687,2.63712014433222,3.18721896872658,3.2692557323895,3.39422258751212,3.04085254763933,NA,NA,2.87244868797604,3.09285150028746,3.19847991253696,2.87434703226342,2.65795419794911,3.00092131368406,2.86082319406737,3.34601871182773,2.87583991350984,4.29686744923793,3.15274881738411,NA,2.97057076886886,4.47391783953555,3.81654289561163,3.57901882085754,5.38161387837685,7.26787518673617,7.86866263410874,4.8955229339437,6.24691742766493,5.0903094427492,5.06136383232022,5.70967552617832,5.7624724915969,4.96998971643032,4.04759501001142,4.60374650368105,3.73406348771803,4.83623859305366,3.04475261950742,3.61559011153992,2.53331304495413,2.62156929677968,2.43275620742737,1.27922546083524,1.61733185183783,1.09425576348475,0,0.927103246168666,1.59428634785291,1.40873343075105,1.31336851374528,NA,1.08427792819758,1.57734809974222,NA,1.61075837148662,2.14834293053043,1.81034727482179,1.57993894438805,1.97591836747812,1.49338077593074,2.14490056170716,1.85928453209281,NA,2.40662044510797,1.74319653446282,1.82645061986849,2.57423256535625,2.45577493426436,2.67347951843121,2.71137050543466,3.3382649194768,2.2397611031685,2.48996983274024,2.74465362752945,NA,NA,3.25691697535989,3.92711339897188,4.12464695524033,3.73525536633245,2.62619539158428,3.70218720045583,3.52798839359881,4.28254829607767,2.85219724524155,3.7575005334461,3.43303875293934,2.88867588797673,3.66231683938532,3.82535607110697,NA,2.99341748102427,3.11689145441336,3.2340509224229,3.17154926577936,2.28460225408782,3.09101476262292,2.96688372054565,3.03873308643577,NA,3.61806752515101,3.88136238735951,4.07161609181494,3.43557843558635,2.98277688285068,5.47720568020974,4.39978032167732,2.67685976356977,NA,NA,2.60532074974357,2.70767626744825,2.79952840844287,NA,3.20987002255825,3.23370515168282,3.23872910138449,2.61586181728294,3.4990100259977,3.24399279974191,3.43753742278275,2.60045872565425,4.64288653672954,3.40069713474824,5.92466141089539,4.73877306395106,3.55365442480928,3.97633423679594,2.89919970947259,2.39699044100646,2.79404550782284,2.34474491750819,2.71897669673325,2.16302477647135,2.3126318353565,2.41337130262092,2.57210539903354,NA,2.15928442250324,2.05066609250268,2.18497932612053,NA,2.03388727572611,2.85526464015094,2.50541445390813,3.03997610211642,NA,2.24418796433463,2.43180626891658,2.70139172317758,2.90162406674019,3.01063607857077,2.38544116173954,NA,3.29616084083313,2.70852252249708,2.60784546468042,2.45304248915175,2.04019547620875,2.25248331741067,2.76453409652496,2.2101835655446,2.42707909053979,2.90279638982811,2.21399791825664,2.39047793247154,2.8146483375209,2.76129352423454,2.79994405989211,2.59835632566016,2.8112448590704,2.99409821826459,2.94699835749106,3.23483922237753,2.5314349381001,3.01414232763448,2.62917585602495,3.05815283581338,NA,3.42962034249132,3.17653555392272,3.81692975001037,4.15876594242573,5.01805417895692,4.84499055599323,3.8143701302222,3.51303119385695,4.71074598700654,5.26038454813829,5.37904262826202,NA,4.19906824114082,3.38241243591253,4.40080669545796,3.17695489642867,3.19083251806569,2.54152634298324,3.1861962348336,2.9790700791651,2.66408842012472,2.82012677943235,3.31301892609515,3.32540437083698,3.65386034890085,3.03091465943826,3.47157080372448,3.28177792067607,4.03439191953266,2.31026984960552,2.60112909756037,2.9831062800282,3.25950365431196,3.8092695277611,3.57242457800455,2.83249670183479,2.25176824362836,2.68038343471621,2.61353964672006,2.94099303956148,2.7070964514084,2.86730522644821,2.42375830736984,2.9427940341204,2.91442970831611,2.61481087014011,2.64656886888379,3.09363803230262,2.66756892310621,2.82049274288207,3.45860421757248,3.25007310123783,3.368428944304,2.81518597097469,3.37824931601577,3.44167339450726,3.08486668865092,2.81450113439834,NA,2.44405316671881,2.58673733369397,2.68624204096431,2.75995758684725,2.92761554105024,3.01609614165046,NA,3.85245742881706,4.04950592261569,3.77043122815053,3.59271018985581,3.74068923873743,3.58911883674615,3.29562244655689,2.95938432431877,3.03942625725905,3.3112929136108,3.31612900063827,3.66034245576631,3.62526525665045,3.25740821840495,2.75497272499016,NA,2.81559531320618,NA,3.67239097536972,3.8707043358109,3.28525846275416,3.32797871163123,3.68475220977559,3.81675766080559,3.55267432775346,3.26596535241813,2.79066954407657,2.69235243104565,2.6633983702071,2.81881542187362,2.66273761705761,2.91457093535544,3.41938674531984,3.04378456380336,3.38597870465875,2.94363143304459,3.44445785510284,3.36657279115773,2.86293319911303,3.27696533549843,3.55604507911379,3.23274076947588,2.26824256538914,2.83961289867576,NA,3.13779590271432,NA,5.58811462290238,4.22964487513016,5.61434213005286,5.84171176949082,2.92471427874314,4.63807323165801,NA,3.52399317011529,4.6551253224974,3.12727912992278,3.18476130507034,NA,NA,NA,3.5357726514684,3.06760056352505,2.81990816376469,2.95793599312166,NA,2.73218716274212,3.49814668338718,2.72821662576358,3.06014271744786,2.69403403905558,3.05265336018235,3.237254147801,3.1051564230255,4.11595171428778,4.47170439928233,3.2322003398123,3.13223631115055,3.51298732962582,NA,2.93779170932635,3.69573508327367,2.7494182075233,NA,2.38884440394711,3.04238238401367,2.77480587743194,2.66495399673341,2.97732467449663,NA,NA,2.83338059194824,3.21119736094058,3.2124518244919,3.16963381634166,3.03951551502857,3.09377022936239,3.06088825664655,2.80566343385144,2.65138043066577,2.73642202472697,2.70729248830458,2.91907082093457,3.07806252298643,3.25803740642534,3.51835183613921,3.32979027091165,3.33083330729001,3.51030116886588,3.74919823394954,3.90261091632057,3.67125324091187,3.67003202974491,4.18782565805477,3.52556091128709,3.64181733031373,3.76334596335013,3.60083500900119,3.89117528537858,3.76709888222982,4.13155683029473,3.91532615988747,3.75310980435221,4.65546035110786,3.98812518475749,3.35951614002971,3.54075687071708,3.62195872981542,NA,4.64072580448231,4.28057225187159,4.65390896786687,3.54375037563586,3.20003110093242,NA,3.73240153425259,3.28039363663632,3.19392239555738,3.90086798533894,4.19244726995847,3.82752776917696,2.77770186263868,NA,3.66339809589437,4.01971986599834,3.36431838066179,5.59232850468952,3.68599710621392,3.26499604640454,4.47688642429748,3.31733545731373,5.02045161667502,4.21976901477452,2.63498262498234,3.50691395771613,3.07816441963572,3.17599910913545,3.1084575550041,3.60072447055732,4.51623720389849,3.8264384301452,3.92732756415676,4.3860745259244,4.17163085084782,4.03818330195256,3.60193152341673,2.11224338611408,2.43800276385042,2.58836988142213,2.45336108285101,2.09107075718553,2.39789029015808,2.34919187050421,2.30856513739891,NA,2.51400053237169,2.76066939686626,5.20593514648725,2.84665432879567,2.62714506824947,2.64910572304224,2.97887149474455,2.80149355798591,NA,2.9430584968343,3.48344160283231,NA,3.3346183546558,3.41501552443074,3.40920271259824,3.21350635634542,3.34993377230216,3.51319807685081,3.62032855533268,3.32097112210798,3.20714468418461,4.09835673018942,3.71262120990763,3.40003833698184,3.78502798090277,4.00406939041599,3.80905220665257,3.97910558205813,4.07763775080623,4.4012754785965,4.309939125497,3.70125546381132,NA,3.19832939496399,4.24313603987846,4.0532623802696,5.12727105370532,5.82930461012265,4.16209701042806,4.92572174829986,4.99355026528916,NA,3.77407986394282,4.37152596574492,4.26769790632762,3.94267902239767,3.36018774189861,NA,4.84318875637977,4.30441887574097,NA,4.23430306160011,3.78462812526199,3.56476215448866,4.36887725752165,3.77113056930345,4.53842138602776,3.28696021598055,2.86935845851585,3.55401324723039,3.89258889896105,3.43553320883342,3.4160190135492,3.31093984050942,3.26425367943737,3.57510900030225,2.26210055783317,4.02766095826192,3.15530504862974,2.82368104797989,4.15805152415506,4.50379467221722,4.19790424642021,4.25053607767995,3.58796231055709,4.04163334940851,3.10895128139082,3.58377947754731,3.17451522676406,2.54501959844016,3.24612982979201,2.51381755923685,2.24814382564215,2.51259731426242,2.22622905762563,2.22669680612642,2.44090663528927,2.71150175603926,1.94647212908631,2.24203556051099,NA,2.37024576869486,2.62681169439027,2.68400932627083,2.6697337939304,2.76057276529211,2.47431730071681
NA,NA,3.11969521665044,NA,2.73483012844948,3.06106212448957,2.61372310606284,3.98841898423742,4.33206850980355,3.20598860350927,4.31031177538182,4.47035002486137,2.30397039593514,3.52481375593574,NA,3.07997055075254,4.14832872215174,3.66988187770078,3.73314241477187,3.84189903961189,3.20584998547916,3.83351878991472,4.33852037348803,3.13699236717115,3.70408219252899,3.67229494975473,NA,3.53768583161491,3.35801871902,3.71223881152839,2.77176848575243,3.36707887198763,3.35353152096927,3.40993560679072,3.07138154789177,NA,NA,2.91764388774152,3.15561503055348,3.3316051622526,2.97828394292797,2.708685003363,3.01138792110669,3.05223105707868,3.41473036243312,2.89407580124728,4.41952427616419,3.20979535773732,NA,3.15731987645174,4.55899989584832,3.88248743412769,3.5885786537324,5.52372757434191,7.260626791689,7.92391062437198,4.92800231723427,6.3028807581973,5.09733910399794,5.0304206155843,5.63084368855677,5.75807247789119,4.94077161942363,3.95469879396442,4.56605331862837,3.75783979050336,4.76662089125863,3.0628175948429,3.72357765965747,2.45014996335112,2.74629551847091,2.42294153484039,1.43224338897569,1.89813875496604,1.47942365570981,0.927103246168666,0,1.63170799191669,1.4479760940825,1.55788982144759,NA,1.35133194467866,1.68830797012776,NA,1.72835239042325,2.08790976718291,1.98850724444743,1.84449365102813,1.98363753831655,1.66535771906223,2.20706021279168,1.92738894393886,NA,2.64979060932758,1.74749602569135,2.03372014987361,2.57670482591685,2.43048946903225,2.82126905402712,2.8195279819577,3.45365947581516,2.23154496804334,2.6859893986934,2.97943950061867,NA,NA,3.4251296456946,4.08159743611621,4.26825362170735,3.86342333842471,2.79831618659862,3.86605513288943,3.69282156452779,4.4219344412232,3.01946330005504,3.875933066468,3.66751869415789,3.07321535176383,3.76052763092941,3.95337375108048,NA,3.19218906998007,3.32581498542026,3.336666837751,3.45500825656757,2.44772665649052,3.21501096720852,3.13999001302034,3.15654467915695,NA,3.74285920290058,3.94598878099925,4.20382641597346,3.57471221963953,3.0686590614246,5.45703684175602,4.41068138056563,2.86957660244823,NA,NA,2.98794914578508,2.77280860351465,2.84550395169001,NA,3.18284275847231,3.26961356703544,3.29113886182539,2.60609184423583,3.50171444318894,3.25119801301926,3.48010983544868,2.65276007380104,4.67583702831985,3.38772833805996,5.98436920681324,4.75087943110513,3.63933861952697,3.97529605969029,3.10066718921366,2.64640046234056,2.8844045958019,2.35578334794345,2.67270425982728,2.28287053416695,2.38689604647942,2.51899861898754,2.73871512610215,NA,2.05814017984069,1.82944675444341,2.19939730751772,NA,2.2564212342038,2.95650647591296,2.62530143828914,3.09514569037164,NA,2.44453951270458,2.51604835786949,3.01935645846391,3.08551399152469,3.25145313786615,2.62337397642014,NA,3.58289341388787,2.77205430313473,2.64098318982029,2.51486924855567,2.19241876299108,2.50055485497523,2.70409760752128,2.30407248570209,2.56244432195692,3.04901866618188,2.42652964274087,2.43167788365684,3.02497055518854,3.10218584313845,3.07756536947662,2.82078139476611,3.05206135877227,3.11641586614001,3.21869164168154,3.37227657632156,2.65407873037301,3.23594023853076,2.83971514486349,3.16122859196662,NA,3.65356829748516,3.15873997102706,3.76866001280391,4.16957563392326,5.0012119917379,4.8298704701165,3.77954764575978,3.5315329639625,4.75884668314565,5.24802436983209,5.37726749158037,NA,4.26266924441012,3.49551890937553,4.56798377314005,3.3714313719545,3.29965780857378,2.63875248438863,3.15231574495224,3.01101882006143,2.93530044573296,2.92226876997479,3.43241400665854,3.42442420225714,3.80315956202542,3.1266735266968,3.7416508795198,3.39809534760065,4.09643123742729,2.57942764769111,2.76934112229396,3.08321485150117,3.05086510999199,3.76068319362625,3.56499452525594,2.81375087306915,2.50253662344621,2.8381339356102,2.6984687010842,3.11624720891683,2.7978416474214,2.79084940932991,2.58183611998884,3.14250255945591,3.07281704442008,2.81536267262076,2.76163531851084,3.15775591405783,2.77576094226391,2.95341912693518,3.50656465597555,3.39467032111665,3.38429473334698,2.86516618666029,3.48418967657941,3.5193484110981,3.18148657863416,2.93521812108318,NA,2.44444260027162,2.68293424065089,2.77321237493366,2.86990631956644,3.05388860375587,3.20676579930843,NA,3.91804763534259,4.17422356272746,3.92120659893009,3.68634383475931,3.85086653160668,3.76707032949769,3.40264364267234,3.08482449255405,3.21649326876305,3.40626948020599,3.40745203812289,3.76351692916614,3.75632098716784,3.33316860332223,2.86173165362511,NA,2.92496603384501,NA,3.7261860939518,3.89108531349213,3.25651795896799,3.31936452643598,3.79868149321293,3.86347785085183,3.54851844848156,3.35054849312945,2.85318809104206,2.83167433965911,2.77931287262733,2.96918984732854,2.88571129663447,3.07025363254584,3.4491923420912,3.17342283877122,3.42334750005149,3.06641838544708,3.56301066266558,3.44253693019942,2.94930183700437,3.30188489782257,3.69951819511557,3.2991475477139,2.33157601473034,2.96559241441928,NA,3.14899118495677,NA,5.62238276111459,4.32232211699579,5.57516398890583,5.84724248297658,3.00564037845933,4.63125519812935,NA,3.50740095777938,4.7309037328805,3.15660014351126,3.26618100578618,NA,NA,NA,3.48964536667508,3.15302602414742,2.82017200755975,2.98550770631304,NA,2.83116831969018,3.57555368888824,2.83692034736948,3.11005596645287,2.74228719063448,3.07724940852596,3.2463696436605,3.05439314315388,4.07326187593545,4.34349649617922,3.28020640344675,3.1256430391351,3.47366319090121,NA,3.01618281318796,3.73444221946049,2.77419798917037,NA,2.37002208281483,3.06168816256552,2.83026968276681,2.66194854905093,2.93874398191972,NA,NA,2.81542410440612,3.11109910081681,3.20126770718164,3.21607352150355,3.04156278448048,2.98474251191989,3.02785194690644,2.83590818814314,2.68824271027716,2.73670026211439,2.72567075183373,2.87641824414728,3.02969265255454,3.36158677623941,3.63052097830185,3.3298931036397,3.39292025034269,3.51933441223853,3.72627625834876,3.85886212431812,3.65543370041633,3.64748173263745,4.16671972253691,3.43644336166826,3.66264226207763,3.75830131849233,3.58786058956031,3.87236287394098,3.78269644279811,4.13927193799237,4.11961628921081,3.78308059184004,4.66987651032901,4.0759226754618,3.33933546707231,3.53380412347239,3.56473017381962,NA,4.61016431537181,4.27543080896232,4.6583350493061,3.51792941512783,3.19651211617511,NA,3.72374001025425,3.29496057858142,3.16737213594839,3.87552052642003,4.14094948461056,3.80354628316168,2.77332565529727,NA,3.62559220597376,3.97023789732327,3.23545350264446,5.56715158568301,3.71823019706429,3.11995917291637,4.39184027112135,3.20138813954906,4.97623249847712,4.13456665115641,2.64225890698156,3.400405224176,2.90831310664283,2.99274497017869,2.99830231358735,3.53837253172934,4.44357473600163,3.72119143484913,3.8450347507079,4.33550752022615,4.16164780234321,4.04136995063245,3.58094220774165,1.97342732665873,2.42836045606884,2.60606894364276,2.49691831550018,2.01882423605652,2.37591551450477,2.3158863001888,2.25820741948609,NA,2.53003451130966,2.74067723493693,5.18939400268277,2.84658491049055,2.56899644607654,2.63513623543574,3.04917774851475,2.87377492438876,NA,2.99283978979632,3.52856988403728,NA,3.38187010302871,3.4554149140222,3.49145014670607,3.20811935334367,3.37514718308767,3.62845158616329,3.69557872509758,3.40465580984503,3.2742408598454,4.11823425104425,3.68721082108925,3.37891708532357,3.70906277194127,4.02906265856388,3.81740953326783,3.93469064667628,4.01529070454231,4.37965747961713,4.37869263771942,3.68371253196752,NA,3.33006681701028,4.21725107221778,4.05729415678153,5.10985411854472,5.80781657946616,4.13917605448576,4.91203167783897,4.96809687382419,NA,3.75884863314157,4.3771254109656,4.25066362229743,3.93253315960032,3.30981558780791,NA,4.84733395907782,4.28698656402312,NA,4.24247516115503,3.79872072366767,3.54072545275194,4.40497000271125,3.82692515591863,4.51121076865243,3.27852841232986,2.79773209528555,3.5213405806916,3.83700935244572,3.34557008244309,3.33419445262648,3.21351016823331,3.21638177082511,3.57423734221027,2.31529454395563,4.00240171587391,3.21455097768076,2.71024497372939,4.09795469947477,4.48568376199752,4.10974480186319,4.17729127567442,3.5388721783276,3.98932474189189,3.07219644115154,3.56324880928266,3.1692229435183,2.53941966140085,3.23592910820012,2.47864178981504,2.21587166129586,2.45855340459569,2.27433584411086,2.21915469079908,2.42220692035031,2.66986949039909,1.89583001671098,2.20253205405457,NA,2.36637837389803,2.66541656658305,2.69492353190898,2.67906365632277,2.78054276852047,2.45649227107922
NA,NA,3.48679949285366,NA,3.19636597707149,3.20841621159135,3.00720088009695,4.15789535105381,4.39979319697645,3.37088547870992,4.6110156320906,4.80036645678634,2.86895452956252,3.74676369375134,NA,3.14457212589187,4.25505671557885,3.70515265555169,3.75930147399979,4.1103581429269,3.48884950188597,3.7718016732458,4.54472095555765,3.32126582311977,3.79666241337926,4.01027115147401,NA,3.86855403002582,3.61144917534042,4.00687107618064,3.01072168942456,3.58679837882542,3.74169143049358,3.88648604720346,3.53854183278054,NA,NA,3.31771584699327,3.46997539253417,3.52046569249271,3.23359457135299,3.14111127640242,3.43933648796429,2.93626943623431,3.70089782659604,3.3116484194025,4.51635050075439,3.41828908143422,NA,3.46497290581324,4.59903993320412,4.06675180769904,3.84389445968255,5.7268210559389,7.39751251699491,7.99793511217039,5.24488174146851,6.48589256273446,5.36897082951338,5.36050480730797,5.97464376680129,6.04791998264591,5.22540673330785,4.48608105392438,4.68541775600029,4.13943867600362,4.90908014680302,3.26339190368996,3.95885675784461,2.89331156661363,2.84115622564369,2.91243048011275,1.75260660882845,1.715885007483,1.55361175518172,1.59428634785291,1.63170799191669,0,1.4346839456774,1.75227217221519,NA,1.82913125504741,2.12706476867705,NA,2.03741959199253,2.8990869005899,2.18426791170659,2.19711893378495,2.61960042683551,2.02070631049566,2.56162975081148,2.49430054264815,NA,2.87567321109928,2.3835294636155,2.37006286235462,3.13471970640383,3.07598890350806,3.04783898752862,3.20270503528744,3.69539642827183,2.69804355412053,2.88542691828755,3.05674905669316,NA,NA,3.53763367717672,4.11321229660026,4.41337813366296,3.9879974685286,2.97254981902121,3.91300508918596,3.84939646214557,4.73385165958578,3.33840537497376,4.07984797632204,3.77461670279411,3.42731591528998,4.02310371609433,3.95277853695637,NA,3.04215879639706,3.41633027627959,3.40742534790754,3.36095669074566,2.59401394671492,3.02955362277466,3.13257375324008,3.23665138789467,NA,3.91841832618286,4.22213407506329,4.31753706400046,3.72001826069846,3.43397700288264,5.73343313799441,4.71129640140708,2.96402153169641,NA,NA,3.28736340807777,3.14310698341496,3.33277866903111,NA,3.72825425099424,3.58552396151146,3.54453866711461,2.87793664938516,3.84026674292754,3.50123666114147,3.53458263365731,2.88383051541913,4.90332776164789,3.83151220203211,6.20346885637115,5.01077158526216,3.98587134636008,4.17551041518115,3.35520493786558,3.07128780957181,3.16186545780733,2.71839131511844,3.03073988109323,2.55769246481511,2.72238804497175,2.73881082676462,2.97772560930994,NA,2.70284029590197,2.65141179625574,2.59931226512337,NA,2.42279183379184,3.20380313659082,3.06013981105468,3.29618371091834,NA,2.81901129092524,3.05409196751727,3.2348897191814,3.33303590182519,3.24807908683322,3.02930188313682,NA,3.58061762027797,2.95949449296285,3.18064648616282,3.03912207798994,2.81935549418808,3.06887069387115,3.29269036936474,2.80951584972816,3.11060338995648,3.372148943138,3.09607771193941,2.76794086442854,3.32770964086535,3.40046803792858,3.18926228598259,2.97223836077617,3.18819931564808,3.25497148389405,3.343158483336,3.50472577777705,3.18917323335459,3.47593578613338,3.00623992360415,3.49265097142232,NA,4.07051574447128,3.63287986494206,4.31048026466466,4.61270493504001,5.52170547705147,5.29396942095253,4.38980030351534,4.04323122799043,4.99847424899459,5.67543073048573,5.82510558383115,NA,4.53580648159133,3.7865237383235,4.6924864341767,3.43935182876604,3.38886692326715,2.7653637476617,3.37334038133329,3.1743322222479,2.96323329001144,2.93496795259856,3.61745914356474,3.65555182122533,3.94997922403637,3.32606499603369,3.54466655018521,3.41206830177647,4.11935697697966,2.74393367344101,3.08739885085041,3.20843443830706,3.91456087388812,4.38013948112952,4.14051154797422,3.20646366850444,2.68606784681579,2.98049203018695,2.96888278054387,3.44088368046312,3.26839230417881,3.39761163590325,2.86936124571624,3.25478834482232,3.17367487759221,2.55528835341879,2.97516135260544,3.55715436600452,3.01135748286828,3.13862299095051,3.33371028200908,3.55868885673982,3.63877289927707,3.40035890522323,3.65238970309756,3.78439314201488,3.57585195453947,3.35230247051358,NA,2.89801019395262,3.11839535463855,3.09010002752162,3.12418143070678,3.4514187365738,3.53607968769822,NA,4.04701190962206,4.38426472462398,4.10865638299126,3.92833131435599,3.99558119349931,3.80936165727733,3.72450737422459,3.25110082445433,3.50128708235722,3.68409454986541,3.6161794238362,3.84705729920689,3.92870282034049,3.72367053439173,3.20289116632214,NA,3.21137917639074,NA,4.09500895442621,4.18351395252832,3.76148953040033,3.84247045583409,3.89466065325023,4.29918381395711,3.93400263466268,3.63596405128121,3.12398594490456,2.96454252591698,2.92025217452534,3.11088210599262,3.02710315231653,3.28190139310392,3.86325503401107,3.2611615427851,3.5813827708646,3.19333663393245,3.51859790732844,3.61689081794775,3.25659068616261,3.56341601013927,3.81699625177153,3.42972491274098,2.61673876206212,2.9820855018106,NA,3.48192314841661,NA,5.78683974841778,4.28165612102717,5.69625552622371,6.03256642364639,3.33110786801167,4.92618189439056,NA,3.9701459552174,5.10219918576073,3.60525709147018,3.65770749904593,NA,NA,NA,3.97453792116682,3.30201103339107,3.17206660783665,3.24995932577197,NA,3.05297154408236,3.83229248913111,3.10227495415019,3.31128660683189,3.07931148914054,3.39826222664569,3.58859521403401,3.55992011266627,4.34162663545576,4.8668632402563,3.40309187789164,3.62248464702564,4.11132711721316,NA,3.36534341165318,4.04782799836266,3.12865555066984,NA,2.88980856125317,3.52874818926592,3.29828564533651,3.11358811261015,3.41290693285289,NA,NA,3.28549821881593,3.57663082912055,3.59279473399304,3.61539001023664,3.56953773137793,3.77136425076291,3.61547105729022,3.33164225510583,3.27986295397567,3.32765690607484,3.30918575036708,3.42515701699668,3.64411361228579,3.60400766834085,3.83592784448191,3.76197709381417,3.76497085714337,3.84541090020482,4.21565961536977,4.33366873832132,4.1305541001826,4.12372953076765,4.66683831171737,4.02128223872308,4.207161596912,4.18137841772259,4.09245435969687,4.39541721473415,4.24548535193154,4.61409366921987,4.54374898913914,4.27012934346951,5.17536770257424,4.43229853552489,3.79160304959038,3.92039107072538,4.08907571349377,NA,5.12931989184456,4.54421096869232,4.99906808515448,3.95258513291198,3.54775446320903,NA,3.99393145267721,3.59962201253682,3.58893810884415,4.21073526822705,4.53082348095021,4.12722906137028,3.23069509353264,NA,4.09477388603729,4.3719402718353,3.73861843238351,5.80159711319713,3.97686921164413,3.63240065289069,4.67406799512635,3.70053427087029,5.29078033014033,4.55617768117318,3.23743217852408,4.04407255789773,3.54162032042159,3.46999194749026,3.54182874531303,3.96596485211518,4.83552266069076,4.20954848778703,4.28420455419384,4.74495790838319,4.56613381361045,4.4086379334462,4.01696404162938,2.8327992666798,3.02649032123709,3.05670620279879,2.98405047666321,2.84015258934216,2.98882220205545,3.01817619676995,3.06198384393668,NA,3.11947348793336,3.32956240284925,5.49646105867863,3.41284826016447,3.28192419816364,3.26362511519244,3.53454191430355,3.4198618203055,NA,3.48369399059227,3.93988182511478,NA,3.85402846731338,3.90896870967031,3.91900026719046,3.70313074328785,3.82771800390784,3.97777305601803,4.07352071000421,3.84494724305488,3.74492954033608,4.61065234994782,4.27070018981685,3.97941468909941,4.32277809286076,4.50641498169008,4.36161608264446,4.53456925431897,4.66084217005688,4.95116851858386,4.75138283526783,4.24614860378385,NA,3.34505178268737,4.76291036527368,4.56822022774822,5.63996547827943,6.32445314530254,4.6733214295918,5.35874780268734,5.4330544928785,NA,4.26050246780805,4.79940774558311,4.72596630440194,4.42811273638141,3.86556963723262,NA,5.19913608149132,4.72432789803725,NA,4.66956196124543,4.25415380709191,4.09604856631712,4.76325211685954,4.23940849763085,5.02527847397944,3.68580229010936,3.43758440940056,4.03743237093324,4.35019797189947,3.95285642352018,3.85186124781769,3.73841055801028,3.60459378723265,3.87592519082984,2.88280857430667,4.41152869261701,3.52976656642958,3.30901699461408,4.59158638051023,4.94203908377036,4.61098273693819,4.57681867497811,3.99127459384833,4.33375374376062,3.50105590390472,3.85498954064757,3.4877740651932,2.97945595022221,3.61901270829015,2.98021409878139,2.80229713184921,2.94930747850501,2.70950382303154,2.78184087676266,2.91256762675855,3.10620234556344,2.58739537580959,2.78084822133495,NA,2.91049535552094,3.11584322262506,3.24965974875663,3.22494827518227,3.24339814844264,3.05555749122479
NA,NA,3.32320422385573,NA,2.93506576668701,3.08327558172887,2.62345730576636,3.94162726307969,4.3113179510204,3.33431829645849,4.60601290117015,4.77278965976276,2.66891039221065,3.67174673007002,NA,3.13542014347105,4.31668189033782,3.78576980974298,3.87726823155386,4.09621351404085,3.40266634612533,3.88174422034135,4.47529660798528,3.14116090583041,3.73211258369734,3.86096019113874,NA,3.59134309871716,3.39550600306918,3.7993979264768,2.81385524855837,3.33083248699416,3.3567169855195,3.5372992627066,3.24918814136514,NA,NA,2.98927611380011,3.18059798288662,3.27310587065589,2.86779168811626,2.9009384390794,3.10992053553176,2.82068453404753,3.56483689392489,3.1459814092348,4.40020684447886,3.31317948244812,NA,3.22501724512997,4.49882616630889,3.93518419575404,3.6541055371975,5.70610032700361,7.40362502230388,7.91102283272662,5.12142689187501,6.37273455483163,5.21326656286748,5.18665852998932,5.8804175593361,5.89117762308635,5.13503394001905,4.34768739801409,4.73464739036147,3.94281205637825,4.69988969961909,2.92828605267451,3.65748474203819,2.64727960146927,2.72657054466718,2.62753827240901,1.47558556783484,1.79587016854838,1.47252612500915,1.40873343075105,1.4479760940825,1.4346839456774,0,1.31460418625755,NA,1.37371508795138,1.7358722820373,NA,1.68379325456598,2.37895412568303,1.88111555779735,1.86394226521845,2.26330576967067,1.71308525452513,2.17544318381772,2.03977880295093,NA,2.52153620695303,1.962966609185,2.07824802513286,2.82210505499103,2.76993607016397,2.76764802103983,2.68140884100442,3.5804563755579,2.33354907830931,2.70649857782443,2.87639463929006,NA,NA,3.1943146925443,3.87073709006637,4.2576307455363,3.84984837368957,2.79283227229743,3.66183326875225,3.32829948090376,4.57688898542014,3.01635680781161,3.82413039410938,3.5732296803749,3.03487941448236,3.79310848269012,3.79979861738449,NA,3.11646264677448,3.36514571308574,3.47163562815376,3.29982598877368,2.42472606158803,3.2930019279157,3.1743260331815,3.05724922277872,NA,3.95061625871213,4.11545654886195,4.3947104345911,3.67529682743848,3.27513404259002,5.60977800758072,4.47914140697213,2.76054419959037,NA,NA,2.96285711099126,2.78345212384597,2.92235863575311,NA,3.42235059666179,3.35601741816929,3.27516230717904,2.71929990682864,3.58073321740626,3.36080638835036,3.58522601617912,2.82721019396688,4.84108959468925,3.74167450738855,6.12430201457096,4.94596517386664,3.77583124586815,3.98589062153599,3.01914590608182,2.75907731796532,2.8906967262597,2.32492413282935,2.73255261811633,2.24354682582484,2.57096687529056,2.5749978906528,2.73075657328198,NA,2.63761804473094,2.45524773922065,2.42262673084775,NA,2.35247263742915,2.95497939028635,2.7516205403132,3.25511523200062,NA,2.53792431172823,2.70768278118183,3.03001533258992,2.98134733105263,3.09482775903158,2.81920693364143,NA,3.7123808648249,2.79398699658126,3.01160708353639,2.56810439532776,2.4016884166236,2.75076645245484,2.99988099580987,2.51577773815969,2.74933063435884,3.05619919825214,2.80103732237392,2.64472248936094,3.14275682394249,3.09876992690673,3.09691701621805,2.9171296991938,3.27184112357794,3.28658310830257,3.41815347380718,3.5315793931114,3.03410506494144,3.53180726848388,2.83173100796746,3.29727575752797,NA,4.00925911798726,3.51288390946199,4.0819275276518,4.36430875065703,5.30780635064102,5.03108238713748,4.00015277639951,3.67950473355213,4.86929588603782,5.42327332177394,5.62307161303317,NA,4.28928143298467,3.48270592742719,4.62173622729782,3.34822754539411,3.32471320064102,2.84200941136655,3.29008449368724,3.07592272873866,2.95198862654672,3.04950762872822,3.4746923881647,3.44666447498593,3.81342263071739,3.1127911676197,3.65289084902182,3.40809266428691,3.99747162662405,2.66506743340906,2.87309848649116,2.97544816239964,3.63147680054943,4.06820656987061,3.92349300897962,2.91790285569916,2.48123991605967,2.8441917851082,2.91828832500774,3.30779236341209,2.99924632481975,3.07102052938963,2.7388527575174,3.15493951943574,2.98169528634964,2.91609670417598,2.71148408994757,3.24195393386409,2.768132032714,2.96726258641743,3.54156864473948,3.4179360433652,3.49772053200645,3.21251556993482,3.60114609429047,3.61034253593095,3.41704215354751,3.03974815496377,NA,2.5312435155527,2.81210350847305,2.88157273295081,2.87746778953852,3.11668218142064,3.29721885215432,NA,3.97933633567437,4.20513164079529,3.91297984072211,3.72065804811448,3.80138500817399,3.71968287044608,3.58555470842803,3.13141914056461,3.18768243164521,3.42887946239011,3.3626965488984,3.72837626832914,3.84942188451514,3.48981593976978,2.96354982651746,NA,3.01400666495726,NA,3.97564812271897,4.00460266571273,3.50365019749641,3.54160804472339,3.90784672177949,4.11477778476026,3.7511998227619,3.42552667581869,3.00108931447103,2.91151422596171,2.91269778064968,2.88563682923029,2.78757753869877,3.08644068444975,3.64870286350744,3.08861471206345,3.45143454504323,2.93272970112321,3.43335961685072,3.62261302931093,3.1467365181506,3.55511101846649,3.77214346968455,3.33551350147607,2.42068750061765,2.88894488256648,NA,3.34156379801538,NA,5.64979348393441,4.09998528458787,5.72978760666707,5.86413100357304,3.02732332671614,4.80597648448525,NA,3.85813997682622,4.87805009492465,3.377142282137,3.33882893882738,NA,NA,NA,3.7777981387154,3.02179579671109,2.89921271993864,3.08299336112723,NA,2.64910791141821,3.41728899371971,2.84960825479338,3.18269428654253,2.73856707549113,3.08319455878802,3.2814803732953,3.36825874790621,4.27426476149419,4.75541713584351,3.25026136310776,3.42747906451582,3.77440176477727,NA,3.07056355769461,4.00912954308674,2.78481637112754,NA,2.41144148220335,3.08229713817339,2.8853903325772,2.72964869815539,3.02556912132227,NA,NA,2.97106898288697,3.23952457958379,3.27048519242337,3.22010046715918,3.18598165532892,3.34835437232263,3.24581765787167,2.99394201448811,2.90697363521159,2.90850122948054,2.88145304924684,3.03089281760722,3.2864149374307,3.41524771363095,3.64692329119583,3.575795728727,3.53707839230843,3.6253821829963,3.94846128091842,4.08476310276798,3.84619820781464,3.86275139982346,4.39527774865492,3.74265002084734,3.97035645086769,3.9200884501247,3.72243758017917,4.07383063970997,3.96364537440386,4.31964468839,4.30802383063366,3.97404758531577,4.99571102870577,4.32003347524171,3.5635349926134,3.71540247010726,3.79637038777482,NA,4.79341317901649,4.39431324092614,4.74613729429526,3.75720148181716,3.42293918522217,NA,3.85797229618058,3.38976452942956,3.33981153908946,4.17975052959396,4.35230661366828,4.0663415982887,3.02576281445222,NA,3.98607179873362,4.21557601813606,3.65386721684483,5.7992569339851,3.88291117674766,3.56354157129728,4.66523673209851,3.64860733924308,5.21806125709242,4.55161141726081,2.97576854355942,3.79896426829704,3.43746616032274,3.38931623414854,3.36298867418696,3.78868861568593,4.66899265125681,4.01533154394456,4.14815547125996,4.58927898594157,4.34327083349858,4.13144302210433,3.70866548677591,2.37182625464656,2.54756100771365,2.64808706942696,2.56580660264646,2.35782469143017,2.5385878817365,2.53091142909516,2.54664013463619,NA,2.78432627081705,2.98919256834856,5.35172884609614,3.02004016267265,2.86330304216706,2.90276879427456,3.27804650605411,3.05141436131948,NA,3.12812227953448,3.57763800277581,NA,3.45962549053294,3.49862527120316,3.53165266409719,3.38852680525633,3.46432913576714,3.69366608259874,3.76424408396575,3.50147109233445,3.37321150328287,4.34440745818778,3.92094877966349,3.61706834316467,3.98483828734265,4.21011616795129,4.0428217478849,4.20234874706373,4.36437987452135,4.68189059219187,4.56316034008593,3.9148966812288,NA,3.32342355211006,4.43435925385603,4.32320986895087,5.4452855015881,6.12264567599707,4.46738406134111,5.16066990463195,5.24303634191961,NA,4.00462944351517,4.58042327920299,4.57925955979091,4.22131489478075,3.61805355810737,NA,5.06151602225159,4.58403832178402,NA,4.46078233505559,4.03780942840461,3.88100754635395,4.67494728863938,4.06882143526842,4.89617111187996,3.36448776011146,3.20963279547783,3.8887385925612,4.17998645734656,3.84408163212781,3.70202816443504,3.63412066815967,3.46710162588438,3.72443982642317,2.59500167188422,4.21154793469553,3.29549390392997,3.11793822371286,4.40771678818166,4.720262909775,4.48121071228283,4.42641432387982,3.77623352900208,4.17689024532348,3.36863160489191,3.8562696510124,3.3476949186438,2.77288244017185,3.51642436089934,2.83359444231852,2.51636884614232,2.84358651460423,2.51581186515135,2.59088264027552,2.68822679238659,2.98813975518442,2.42267798207294,2.46425403136516,NA,2.60149411672786,2.77517054277341,2.82728258851747,2.77073202626263,2.97076650271669,2.76498546384442
NA,NA,3.1821135206491,NA,2.55352086770231,3.05808656120889,2.59366881151363,3.96021367811365,4.26462076320132,3.15803170388999,4.33686370607134,4.5862510324105,2.28244647521085,3.55478804472153,NA,2.91095474360852,4.11024551291086,3.61855288551078,3.49790681397053,3.76552112458733,3.0852969810249,3.6125347050135,4.2022693846816,2.89084434810428,3.43139245174113,3.4706426946591,NA,3.28148897022871,3.17352934417233,3.53278478744372,2.65336089218915,3.07649659503467,3.09450567200343,3.3283706675556,2.94364984100798,NA,NA,2.83339010147453,3.01682351784777,3.15852551686474,2.8680543322451,2.71057516909192,2.99265541478897,2.73903770604339,3.48302491969752,3.04671776721713,4.35614590200078,3.26676076861326,NA,3.22139750257414,4.61379398853884,3.87675881328878,3.59978101531397,5.64991455928906,7.43224216964313,7.93364214071067,5.07092491027723,6.34577629370215,5.1590186901156,5.17520143840218,5.88563978363055,5.92343760617661,5.10548997111471,4.30697433668684,4.76991978324808,3.93137395348311,4.94507115864207,2.97606211776718,3.8252923189092,2.59551742544766,2.70169778600392,2.42388379427536,1.45484048730301,1.5118259876896,1.16393249021353,1.31336851374528,1.55788982144759,1.75227217221519,1.31460418625755,0,NA,1.00703685247391,1.48479013987631,NA,1.61163693848091,2.03033528025512,1.8034676246899,1.46756243771299,2.18602167426593,1.70698966075999,2.252940736487,1.8670953144564,NA,2.55484968060337,1.81782419517959,1.73531758143912,2.53507182987799,2.42820842823565,2.73333200720279,2.71722536345865,3.60716399127196,2.26843124080998,2.27461503520373,2.73827588406056,NA,NA,3.14309182368619,3.93339695883597,4.08297608925881,3.66170114225656,2.45338623668276,3.478258358102,3.36032325668948,4.38794898140015,2.74579219648938,3.61499422741594,3.18015226268378,2.76035112837015,3.47558296680739,3.62298965442183,NA,2.48691920588775,2.95759921614506,3.11302409852029,3.06488846722714,2.23127499267983,2.99383293630164,2.85994199822278,2.88240350073608,NA,3.65578971636197,3.80130081924541,4.02317892114154,3.39874658644525,2.99704045494171,5.5665818171868,4.42047145475863,2.55735703372612,NA,NA,2.58520634160642,2.61991349356679,2.62909245613089,NA,3.33990075326215,3.30502323341997,3.20725702737855,2.66142451544231,3.47856678864335,3.383854315074,3.57210169240116,2.70240318825979,4.753827641174,3.64723621599563,6.14426099967434,4.95561541640932,3.61113190579664,3.95835966052109,2.96309349735182,2.58422492988728,2.51908454472908,2.27309341602929,2.7610592527723,2.00130589492202,2.22680507780448,2.32507937979146,2.51693965065361,NA,2.35709398846654,2.27106991918024,2.30370219571213,NA,2.03004378262159,2.69975960404169,2.452248742346,3.01966783861257,NA,2.17702983976819,2.43387672107469,2.84661989272748,2.8378569029089,2.72009192804575,2.57832067285789,NA,3.57712797623497,2.53044750340905,2.59480627533742,2.3361389921497,2.23060318384817,2.57338783784462,2.78020961577674,2.10450523976914,2.34426715866801,2.75492651721282,2.55303814582997,2.25403123302861,2.81233095973445,2.62107069320915,2.7032014635988,2.4092984107305,2.81867651703269,2.85845445519148,3.05517027245085,3.31794912713826,2.86334927420699,2.93015223538167,2.52901298090742,3.02882652119275,NA,3.68633213856569,3.2277613080238,3.88841710104783,4.22605936820367,5.0920912009717,4.81591895083564,3.70064100513726,3.36463101094934,4.69098149687848,5.29121701757251,5.43307481114314,NA,4.22823055456457,3.29165589689911,4.35510291854141,3.03628267213471,3.01379757037353,2.66413315500863,3.2248491895939,3.02622387855627,2.64698007132979,2.78503653050881,3.23541360655265,3.36065702852219,3.77595505836846,2.95511112581128,3.30016412623642,3.19552411095593,3.94613139418333,2.32797999155846,2.78143371369216,2.87766405798607,3.3729542452812,3.91704292994535,3.76461258668648,2.72580114333464,2.36248443633522,2.5398254381189,2.69466464201467,3.19456208303346,2.9717729675533,2.96057626238593,2.43054838657682,2.94247560861074,2.89707645676102,2.55376949592784,2.56830956635585,2.96383168548241,2.61255224298613,2.92146944281512,3.5438628862135,3.10916273529288,3.19473269401232,2.99986837239222,3.4455144368076,3.56026781836297,3.26818886559315,2.91143480878854,NA,2.4729833760775,2.61469140781934,2.54607728066903,2.7128731507813,3.01180401501336,3.25307853764827,NA,3.81638977078139,4.18098079755806,3.91196417231716,3.70847642825176,3.82353826407605,3.59616339170248,3.29537343138707,2.98542770132759,2.97941705911073,3.27823505931271,3.18841063098918,3.41673260353893,3.44970399305556,3.21206715908818,2.601551642008,NA,2.66293206099158,NA,3.68459281029102,3.82361695779876,3.31535136521057,3.39341853721209,3.46844442826651,3.79324130161326,3.51976914519058,3.22588968214308,2.58745318872399,2.44442638204883,2.52697799659978,2.56685052863106,2.49243673840592,2.78480897246501,3.39861612298761,2.89511215675829,3.24080986819303,2.75653325262711,3.25399707626709,3.3308779698465,3.03027158561272,3.40475361190487,3.5846750999683,3.17806594144288,2.27890152440842,2.74240107259572,NA,3.19193975402206,NA,5.70608170502218,4.34148282951117,5.77808089938478,5.98417140683924,2.96610980637488,4.70616034838485,NA,3.68571309757047,4.63065244655293,3.27462444007151,3.17644593652694,NA,NA,NA,3.59517122086067,2.81115480301676,2.62126673485198,2.72771993354012,NA,2.58582996292285,3.50460771286403,2.627098827666,2.93547109739155,2.6332140170122,3.06399245725363,3.23872840993262,3.22788643899057,4.25177521818313,4.55532090997891,3.29773731739914,3.22418198671122,3.54744616619011,NA,2.74587941272608,3.74497922133362,2.63820619007897,NA,2.3020976892659,2.85951359835083,2.64592534745908,2.56199226932086,2.86606089916467,NA,NA,2.8902752658566,3.30817804177612,3.24386719671139,3.15356084593359,3.04852096388113,2.98413500490513,2.98662004588293,2.67625184183791,2.46948167007616,2.62523713159718,2.61884618664931,2.74450214607228,3.04533931564204,3.07807862680714,3.31777576490737,3.27846748055056,3.28874528493224,3.32630003838755,3.69931426964854,3.84323231669435,3.59747909822958,3.65635692157958,4.18074816535408,3.53587511592292,3.69527240053062,3.72943097033424,3.59602827224997,3.89636683114427,3.70653521651545,4.12400423815442,3.92894220168662,3.6861115062135,4.71547201559989,4.0443499274909,3.33940993138139,3.49437353030798,3.64518641816987,NA,4.55784992890448,4.31130449212209,4.70949613024577,3.63530404457426,3.29485443648709,NA,3.84142922187532,3.30282824796951,3.25525995322358,4.12728668607791,4.28016409263059,3.99789631860779,2.83120151602931,NA,3.90223467119096,4.17350485075044,3.62900661018742,5.84473917298821,3.81396326959368,3.52824530548087,4.702339631504,3.58529291219584,5.22325327361923,4.54381789597652,2.72093272554426,3.66883528814749,3.34740925645422,3.38199387761102,3.26383595216071,3.75085522226696,4.65331674513325,4.03020424053329,4.1227018532389,4.56032587379423,4.29135569338094,4.05669460605364,3.65520565200537,2.21384733060376,2.49052658961706,2.5945953252617,2.46970762991326,2.05239497489811,2.46036979095144,2.35853326262116,2.2108269824981,NA,2.54193404474205,2.81907222007921,5.30821089346303,2.7648254704433,2.64936141385264,2.68411779224471,2.98654325796421,2.83401694527825,NA,2.89479455523563,3.39909337508324,NA,3.30555791244634,3.34400863321746,3.37394201255184,3.29995563764489,3.35730515282533,3.47156128250846,3.56509163647552,3.30652614816626,3.14070024302684,4.0720893933329,3.6613896064578,3.41868105019541,3.80415210960676,3.97100930841445,3.80139512140231,4.02653983449514,4.13787730384446,4.47550775389537,4.4109272944071,3.69385345549668,NA,3.10167134337544,4.23521950223891,4.0680238272661,5.20929376785237,5.91026859711879,4.19471231782663,4.95840323483876,5.01742414118235,NA,3.73629249245336,4.31913674832113,4.30927405372444,3.96363316924564,3.32859491468148,NA,4.86874550309059,4.39776971504648,NA,4.19482613062129,3.81177135748187,3.68250402251874,4.47419418058976,3.76735678601806,4.66839199031533,3.3595222918411,3.07093075114821,3.7461425879289,4.05433025102842,3.62695086186212,3.57863971908615,3.5504380258666,3.34836242257476,3.56700933627715,2.1106989096178,4.03335074520349,3.09279183630739,2.84937293073948,4.33274750283725,4.56493812819168,4.44638630565097,4.3637516878329,3.6557373333851,4.13971846913434,3.21027180433717,3.8034129282188,3.28585777433676,2.56273220284669,3.43218615866842,2.68792869280402,2.29387037247631,2.70185292192029,2.32474786445967,2.43826525463556,2.58814953303217,2.90380471972881,2.05150612368237,2.22384041770833,NA,2.34761406178832,2.58154790295452,2.60245242184462,2.5778716004874,2.75325026674759,2.46731569837486
NA,NA,NA,NA,NA,NA,NA,NA,NA,NA,NA,NA,NA,NA,NA,NA,NA,NA,NA,NA,NA,NA,NA,NA,NA,NA,NA,NA,NA,NA,NA,NA,NA,NA,NA,NA,NA,NA,NA,NA,NA,NA,NA,NA,NA,NA,NA,NA,NA,NA,NA,NA,NA,NA,NA,NA,NA,NA,NA,NA,NA,NA,NA,NA,NA,NA,NA,NA,NA,NA,NA,NA,NA,NA,NA,NA,NA,NA,NA,NA,0,NA,NA,NA,NA,NA,NA,NA,NA,NA,NA,NA,NA,NA,NA,NA,NA,NA,NA,NA,NA,NA,NA,NA,NA,NA,NA,NA,NA,NA,NA,NA,NA,NA,NA,NA,NA,NA,NA,NA,NA,NA,NA,NA,NA,NA,NA,NA,NA,NA,NA,NA,NA,NA,NA,NA,NA,NA,NA,NA,NA,NA,NA,NA,NA,NA,NA,NA,NA,NA,NA,NA,NA,NA,NA,NA,NA,NA,NA,NA,NA,NA,NA,NA,NA,NA,NA,NA,NA,NA,NA,NA,NA,NA,NA,NA,NA,NA,NA,NA,NA,NA,NA,NA,NA,NA,NA,NA,NA,NA,NA,NA,NA,NA,NA,NA,NA,NA,NA,NA,NA,NA,NA,NA,NA,NA,NA,NA,NA,NA,NA,NA,NA,NA,NA,NA,NA,NA,NA,NA,NA,NA,NA,NA,NA,NA,NA,NA,NA,NA,NA,NA,NA,NA,NA,NA,NA,NA,NA,NA,NA,NA,NA,NA,NA,NA,NA,NA,NA,NA,NA,NA,NA,NA,NA,NA,NA,NA,NA,NA,NA,NA,NA,NA,NA,NA,NA,NA,NA,NA,NA,NA,NA,NA,NA,NA,NA,NA,NA,NA,NA,NA,NA,NA,NA,NA,NA,NA,NA,NA,NA,NA,NA,NA,NA,NA,NA,NA,NA,NA,NA,NA,NA,NA,NA,NA,NA,NA,NA,NA,NA,NA,NA,NA,NA,NA,NA,NA,NA,NA,NA,NA,NA,NA,NA,NA,NA,NA,NA,NA,NA,NA,NA,NA,NA,NA,NA,NA,NA,NA,NA,NA,NA,NA,NA,NA,NA,NA,NA,NA,NA,NA,NA,NA,NA,NA,NA,NA,NA,NA,NA,NA,NA,NA,NA,NA,NA,NA,NA,NA,NA,NA,NA,NA,NA,NA,NA,NA,NA,NA,NA,NA,NA,NA,NA,NA,NA,NA,NA,NA,NA,NA,NA,NA,NA,NA,NA,NA,NA,NA,NA,NA,NA,NA,NA,NA,NA,NA,NA,NA,NA,NA,NA,NA,NA,NA,NA,NA,NA,NA,NA,NA,NA,NA,NA,NA,NA,NA,NA,NA,NA,NA,NA,NA,NA,NA,NA,NA,NA,NA,NA,NA,NA,NA,NA,NA,NA,NA,NA,NA,NA,NA,NA,NA,NA,NA,NA,NA,NA,NA,NA,NA,NA,NA,NA,NA,NA,NA,NA,NA,NA,NA,NA,NA,NA,NA,NA,NA,NA,NA,NA,NA,NA,NA,NA,NA,NA,NA,NA,NA,NA,NA,NA,NA,NA,NA,NA,NA,NA,NA,NA,NA,NA,NA,NA,NA,NA,NA,NA,NA,NA,NA,NA,NA,NA,NA,NA,NA,NA,NA,NA,NA,NA,NA,NA,NA,NA,NA,NA,NA,NA,NA,NA,NA,NA,NA,NA,NA,NA,NA,NA,NA,NA,NA,NA,NA,NA
NA,NA,2.66441499586392,NA,2.22128152375964,2.54625472267937,2.06633164912525,3.47071800713214,3.83052231426766,2.81783723205162,3.97889795753343,4.20941418445776,1.92859359395666,3.10742243982157,NA,2.63682837080244,3.76798184749782,3.21338134716231,3.23102450851418,3.49707472368518,2.80161846506196,3.43097321322156,4.01338260075789,2.55635033692469,3.19493692507156,3.27729849591114,NA,3.14300206532772,2.91965945636192,3.3082978808803,2.24787766820039,2.80855628232106,2.87414102427707,3.00664227024484,2.71432500186867,NA,NA,2.55067636994844,2.79184977034146,2.92434888976106,2.67166716154549,2.46307546423752,2.78963298522745,2.69017093958444,3.2849030337428,2.86239491533416,4.2007736716901,3.17179092867474,NA,3.28157008696114,4.61258005863069,3.74126699819103,3.56355830097683,5.60434191648746,7.36071580848383,7.87037152092101,5.00130922093861,6.25467761473369,5.05184332473147,5.0665185896238,5.79005977396886,5.86390640525072,5.0538180445498,4.30864687849328,4.74041712737379,3.97132429635971,4.9765207883849,3.08637065209079,3.94359077829088,2.6634969579811,2.82152731697503,2.59205521322499,1.13029031467348,1.65387686045299,0.995081079122023,1.08427792819758,1.35133194467866,1.82913125504741,1.37371508795138,1.00703685247391,NA,0,1.36168605828125,NA,1.28032123104075,1.84534706944219,1.44472171543114,0.941794373835806,1.66491353721364,0.992398054950356,1.74330995221586,1.42310267826298,NA,1.93920011847974,1.20849242327855,1.18900265379597,2.2599382912362,2.11379995352836,2.15148396779796,2.16873883552441,3.0370886103434,1.85019408146354,1.95674196991918,2.19681982844778,NA,NA,2.66124375248678,3.47304185865363,3.68450575409227,3.28044447320014,2.12380742204336,3.17855995682599,3.06967726408473,4.02214059400765,2.38429124469764,3.30337195007022,3.03086560102475,2.39267943655877,3.18079437609264,3.41818725113296,NA,2.55507784004794,2.8878443993055,2.93051416789536,3.01269021826466,1.92628979820885,2.88696787713821,2.68925594269512,2.67799594230637,NA,3.46758486364212,3.58518177960882,3.89976937045593,3.19276791526022,2.80945007969813,5.3329081321631,4.20602327770427,2.49233361715793,NA,NA,2.5200346975071,2.53133338884127,2.76943319241001,NA,3.32920088421674,3.29194904069765,3.25852585093064,2.66800649506856,3.4417878919245,3.38984724846978,3.60018800026605,2.54659601563853,4.62537341417941,3.65930685341655,6.07919814394815,4.92100436209968,3.63315816962754,4.01179166324557,2.97611476728334,2.66927917819084,2.83983539108184,2.35143374218325,2.78979074881814,2.1442746980506,2.29336487829178,2.29970642770175,2.45214356554313,NA,2.4175010038832,2.05480044085344,2.16722640720473,NA,2.05661520693674,2.49967608411642,2.18366668756177,2.72733740042498,NA,1.92781063131096,2.19326098576535,2.6809718729727,2.58715732533931,2.72199437183329,2.3727301206236,NA,3.22126885846422,2.33102622621176,2.48639615209593,2.06076121837414,1.79828421311079,2.22356764679159,2.39882201715097,1.91459856254522,2.223150354256,2.48445360614557,2.24894038806267,2.0873996714766,2.6396947653107,2.67505705258232,2.66711175059238,2.51627325150554,2.86245366958725,2.79564602427928,3.00846328112012,3.15091483376603,2.60204129715317,3.01584280304539,2.40461720949297,2.74178804576377,NA,3.39448587495496,2.83502407316021,3.53788594102611,3.87272194667326,4.8424238370275,4.60388144474763,3.53835311123393,3.21421108802867,4.49932056433483,5.08800202900479,5.19519170226656,NA,4.02957009181338,3.08146522280532,4.26590823843007,3.07657799464021,3.14519997271152,2.67095977662738,3.14007172568563,2.95443579098836,2.85042698249372,2.93802252553375,3.36431236987512,3.40728451402425,3.7668516169327,2.77310055885662,3.3470147634813,3.26554670350131,3.81130623483689,2.32009131738314,2.80867630747374,2.8046888315568,3.41777877956568,3.99124766902441,3.76299798244795,2.5781407269694,2.2481722269569,2.6865278079559,2.78024971167949,3.1991699070569,2.9467767440756,2.93790028517249,2.39800387454287,3.01487394856026,2.92923318257691,2.6792167854561,2.72571972581585,3.18503508206072,2.77029941486696,3.03765090130534,3.54561069717828,3.08823722475414,3.19032866672294,2.7709896205433,3.19960329216905,3.24200221963908,2.86543934010099,2.5776492352592,NA,2.12352030945741,2.42207493122084,2.51305352325445,2.41892981883315,2.57115607229453,2.83598318848218,NA,3.61288973525444,3.91512071377694,3.63933967694706,3.34533308019019,3.47090418386158,3.35144219048457,3.18286754777834,2.65495631725489,2.68427207426835,2.89262491991987,2.84355910114815,3.25328009616789,3.28705337561877,2.93499570883582,2.34351887420283,NA,2.40164616003338,NA,3.42033218368351,3.58714259445865,2.96574597090494,2.97772812579311,3.29229689632324,3.52836514478672,3.27991208891876,3.00319374299586,2.49766821912036,2.4464456434361,2.34271142102929,2.46242497576773,2.29553710435044,2.6343143163551,3.26960119445161,2.80766377558526,3.10279360857508,2.6420719576413,3.28739542665472,3.29113478923446,2.90621964366676,3.26382765228028,3.47985090171966,3.04924427610059,2.11617976331592,2.78259105765298,NA,3.03368904096182,NA,5.62831214721059,4.29282507562892,5.73484309912354,5.97136685555856,2.85696762900113,4.70319750423173,NA,3.3554876829607,4.41485642112334,3.10222347659886,3.00599275321347,NA,NA,NA,3.50762093581156,2.87708490741378,2.724692374369,2.74771815141065,NA,2.51156901232855,3.46442815547341,2.55060429624679,2.92974629939655,2.63666915032986,2.97061248701156,3.08064226047263,3.01841127487794,4.05617283418206,4.47173070637179,3.13285245576974,2.99979484166048,3.3259438354074,NA,2.64069230209668,3.59329191769134,2.5134817644167,NA,2.07317281267076,2.6221993361181,2.39275102425517,2.24713548837441,2.59732395977536,NA,NA,2.42059267605814,2.88388583077508,2.80044412786326,2.72961035607376,2.63645482820662,2.80854956482949,2.66322394215594,2.31048668912316,2.34188800339122,2.27804564862633,2.23693356915095,2.48131855553354,2.64917138161249,2.84545386705769,3.14942082859295,3.03872999113063,2.97897007063348,3.16592641033379,3.3649571500655,3.53566760413213,3.28029901443406,3.35125912109727,3.8817331192914,3.18657010219128,3.36449450770864,3.42043682998196,3.23669194740551,3.57204532222624,3.3988098674639,3.80870925753436,3.74081010884657,3.3866230227991,4.49341068908732,3.89955872087616,3.1343670706682,3.29624669559976,3.36506672392777,NA,4.33349000244413,4.1084576142029,4.51881295733113,3.39546650942576,3.10976826266376,NA,3.70163946572484,3.15158576936082,3.10019897566284,4.05541786219786,4.18208801678113,3.90433909772521,2.66959843914417,NA,3.76790938303808,4.01567098439194,3.54637122090017,5.70861599951921,3.65745536403203,3.44167619122783,4.65177944702758,3.50283728296469,5.18564511280451,4.3960717293932,2.42732229039372,3.52848762421097,3.14913647589627,3.18641083568242,3.08704620626946,3.62683458323691,4.5121741857525,3.87192741771803,3.88809761729108,4.30570059949892,4.07159558312417,3.84859282216038,3.44685495355702,2.06808433072707,2.20427395209241,2.39226199132314,2.1804143316032,1.78423860575763,2.06364026794919,1.94579733303219,1.95259811539028,NA,2.12269585396535,2.31852483428705,5.04130010871829,2.32943361026954,2.14889117090789,2.21169290237124,2.55258376106209,2.36858986868838,NA,2.45717969973134,3.03983653638531,NA,2.90263251400356,2.95891930570153,2.98664446575361,2.82270115598341,2.9177973989438,3.14515434668082,3.21848617168334,2.88422652946397,2.72217112853612,3.72002875751731,3.26042934507708,3.00339721346324,3.41138903045066,3.60032360822747,3.44632206685929,3.65829804666214,3.78408446367519,4.11893360383405,4.01045816059741,3.30223825511918,NA,2.70620902236265,3.84075253289436,3.72411878696712,4.9126614476034,5.61877844891726,3.93032909690777,4.70486393393949,4.80210418359188,NA,3.51856507157099,4.12629663133062,4.09569091268272,3.74674080897821,3.14106683912628,NA,4.6523002180303,4.15506237748195,NA,3.9809754976607,3.61848388214651,3.43233474223268,4.20283820361265,3.56131763147178,4.47468171250237,3.20614550810544,2.75699896252547,3.47320652194596,3.84174900617474,3.44337588113598,3.39195503044303,3.40297717877261,3.23146508629548,3.41779993390131,2.12126583737355,3.78619172156167,2.99859629476774,2.87068801628826,4.11222715292796,4.35368745880173,4.32039520229304,4.24118865098012,3.52763150967722,3.92766464629414,3.05006036133315,3.67671015729778,3.1881855927813,2.40940286641935,3.21582941678726,2.50751717011979,2.20760039869913,2.59807823701783,2.1455805783126,2.00437280658681,2.17163820410709,2.60588140632038,1.89998222837035,1.97174657670388,NA,2.09144102795015,2.30292140117212,2.33342800333183,2.32304350960402,2.50814495142395,2.20130372593577
NA,NA,2.63574214024686,NA,2.14628631334069,2.68406599783463,2.38669540531972,3.63281499776118,4.01702302104672,3.28384105669121,4.058011895414,4.29503625308118,1.95684272866849,3.05167352494827,NA,2.93021724173089,4.21738597863256,3.59448780507613,3.74308011133822,3.92875556055125,3.22700100413818,3.63470715593312,4.18867152197006,3.10524402613354,3.69093932300097,3.5303990500358,NA,3.35013914471488,3.39166526138126,3.71469603162991,2.84346774336711,3.27052367647124,3.26169907992445,3.39266476013951,3.04069273018764,NA,NA,2.97037277479774,3.13876678274741,3.34011039159288,3.07831350309251,2.83672706642653,3.06183373166723,2.94260855333864,3.44432827595484,2.72484531934605,4.0567546435328,3.24379946190315,NA,3.30565877456878,4.45169879243995,3.77833839248557,3.65161000009692,5.71439137463779,7.42635326531007,7.75428214290277,4.94367224609404,6.1042368091335,4.86593310348374,4.89187861035878,5.6511065166104,5.74741720137477,4.98633693852016,4.29831037463694,4.71241550513003,3.98163151952159,4.87315411780148,3.1580267926894,3.92475625176078,2.67226863734451,2.81780347624919,2.4751269511814,1.72040836148267,2.0310033016762,1.65406900148651,1.57734809974222,1.68830797012776,2.12706476867705,1.7358722820373,1.48479013987631,NA,1.36168605828125,0,NA,1.53587907001964,1.93876649967296,1.77063326028488,1.82045818007539,1.76710126129613,1.6696306569506,2.13411753816896,1.72164727053174,NA,2.58453186911482,1.81957942932529,2.0505355141308,2.33056944638296,2.22092071153785,2.66623070066215,2.72568564022359,3.44596973781136,2.3153544260872,2.64156197901048,2.93217740792409,NA,NA,3.35544377000151,4.07823105647443,4.27914977663738,3.93617979598347,2.81930734280586,3.85160339720194,3.71612632270798,4.53236491279704,3.09228013924725,3.94191060789991,3.69098431344761,3.10259220990071,3.80212543938497,3.96902291833125,NA,3.09364829739595,3.24730617043225,3.31789166581428,3.37211217839101,2.60979519390531,3.40019461731862,3.2469905525224,3.24981695645613,NA,3.86705970061072,4.01272056457441,4.28609403572069,3.48328788669743,3.13123136969403,5.52047512300993,4.45833104653222,2.7995026095075,NA,NA,2.86213025940154,2.76421182366719,2.85598390880483,NA,3.43345750361982,3.45794379451953,3.44892250272703,2.97101715885433,3.53551303656759,3.58514928534561,3.74431427981582,2.91038727820778,4.91709620077577,3.67812016904334,6.13549883361586,5.06252719714982,3.81438949689845,4.00248442098916,3.01125547943438,2.84684814269732,2.88827307284342,2.44008861234462,2.68371808129689,2.31722924896046,2.40568508251308,2.61510218731685,2.86949936062547,NA,2.4261304736818,2.40882782353305,2.34312902609457,NA,2.27159020092055,3.05667527934887,2.55048993480595,3.21610211178023,NA,2.3119021367863,2.24819772698047,3.03371536378882,3.10002894026693,3.24016462312019,2.75295994787386,NA,3.75098917687425,2.69336330197302,2.49400323199386,2.24334043726891,2.1372085942646,2.57905926798231,2.70876747406403,2.20575749817567,2.32984097863105,2.87942922567105,2.64231452211037,2.38949909575887,2.89048087735253,2.89868220691234,2.97712179954822,2.8196800535203,3.123899658708,3.22698186387573,3.12037042073739,3.26804764141364,2.90096720051786,3.23983148377526,2.7380210591376,3.342214288862,NA,3.74368236407635,3.15132810282201,3.84375999542224,4.25300479042769,5.00238290229285,4.69668275914028,3.60720874135539,3.33456902637623,4.6040747115402,5.24085195659024,5.3784423931934,NA,4.12684424955981,3.30357072853061,4.54388839169121,3.39174194196085,3.44182730857438,3.04567895560641,3.46424209688336,3.33198970648729,3.11804771063724,3.19295550341531,3.53663509204079,3.50683056823706,3.88527820790718,3.27397528670682,3.70537150251629,3.53505854987731,4.24705504558322,2.66689516272341,2.90607951778862,3.14055254877113,3.4577719547268,3.98478576141517,3.83313212108012,2.91015922634505,2.53611071871933,2.77318353295102,2.85789240779354,3.2368942930142,2.94168979104611,2.96189417759576,2.66253313065032,3.06235592499763,3.17189643904977,2.79458276042138,2.7250508083332,3.09881838304813,2.65908067763503,3.05884836675984,3.57458060572476,3.38359457762665,3.35115764439814,2.96092076384516,3.58340869471463,3.62178083942221,3.32631138565608,3.08948045666897,NA,2.50381866186056,2.65643726251206,2.59864522593309,2.717593599982,2.99244045410099,3.20818944270279,NA,3.99456123778999,4.34703777675497,4.10389978101485,3.86102399469707,3.96818335425475,3.82844910964188,3.43408086014312,3.16495838538818,3.21489091260305,3.49297543995593,3.48873390888964,3.81172596360278,3.74709884687544,3.40844181764997,2.87950703024022,NA,2.91397536795138,NA,3.83853089013509,3.99715928281974,3.38793918543067,3.42781244770684,3.74691711702063,3.90654406473617,3.60531619026862,3.42970808578852,2.92948891287862,2.91117133740101,2.83370300380781,2.93628395725094,2.87727192996124,3.21342066854563,3.63279375361547,3.20619446488514,3.54054312871,3.10868868970416,3.56670962896601,3.64450900087025,3.17623609628799,3.52945781474481,3.78769901033913,3.39024408896145,2.54685175010485,3.13408419455587,NA,3.34001171275992,NA,5.78133336871545,4.46140884960606,5.74746530609983,6.07276733197808,3.17674225470321,4.84080113775896,NA,3.58563765948662,4.65550002153886,3.34513700535891,3.20428089580227,NA,NA,NA,3.61063579616393,2.93162730601659,2.8193404877608,2.99212737893154,NA,2.80953638309967,3.67000871135558,2.86142223721413,3.0644773373343,2.77691893253788,3.1691727532495,3.41690739064558,3.03339009640656,4.14068699392248,4.63927701856011,3.40692289382611,3.26690619830916,3.63384579673333,NA,2.94342643877453,3.8322283083696,2.69776511162859,NA,2.26822398455589,3.06849200191723,2.6619862552537,2.55056990622345,2.94944921327114,NA,NA,2.94544106801839,3.25193802366217,3.25328700189599,3.17609515511881,3.06749552311132,2.97552032119227,2.97424593263541,2.84447346923748,2.52727228716298,2.5250498831675,2.54920277253881,2.66504263004596,2.7893444970135,3.06994622271344,3.45859212757737,3.33389805375496,3.36836899913201,3.51620325955721,3.65995671454847,3.90301812111219,3.60766497621389,3.74357266950769,4.19069277372235,3.52548506840626,3.70042567060976,3.81358894415596,3.63669929420432,3.89038280511705,3.74017035552363,4.12365838717518,4.02352222870365,3.66772218116795,4.66170168943756,4.10003643012634,3.41626829718881,3.61253286821623,3.58080272097723,NA,4.47839526601473,4.30590117198333,4.71852931671408,3.60236231009505,3.24709586437862,NA,3.85177074848855,3.29435345475056,3.23747187414037,4.18012150192941,4.2619353168665,4.06755062952096,2.93207052152534,NA,3.77270815110104,4.04610408409716,3.62901996275936,5.81184801125806,3.80876180684351,3.45800523764482,4.74086841926003,3.58643069268658,5.14883346133637,4.41538490072825,2.61114874970993,3.45965546415266,3.08780135271343,3.22818320948688,3.06407425071572,3.66107403924723,4.653356192273,3.98889282704278,3.95695370261259,4.46001821242024,4.26709036476091,4.14443669336488,3.69043788703047,2.17379146515118,2.51073277250802,2.66929981323561,2.58590886439465,2.05976076015656,2.37428086711458,2.33827746314528,2.22966159730198,NA,2.57356564568994,2.81517594839823,5.18600854212861,2.83306385675695,2.70278058702046,2.74112956750924,3.05188359996347,2.90804651997848,NA,2.99265480501781,3.51088234896704,NA,3.33781973749605,3.43952489344071,3.47197435282838,3.30810195185352,3.41903389349085,3.56636198313229,3.72045609175954,3.44036455086949,3.29023220277259,4.19716572485676,3.75914798112329,3.46689171628507,3.82242020500383,4.01470948009008,3.77353445191386,3.96083232935091,4.08847719363929,4.37597833718881,4.40463283137398,3.69365479441992,NA,3.24123104129028,4.2016013919081,3.93921559867575,5.05657672131387,5.78512013328614,3.97563547046904,4.83550029853819,4.85367200416195,NA,3.68688364017371,4.25447078715071,4.14506509382706,3.85511119463469,3.23627385511241,NA,4.8575402288264,4.38477163202403,NA,4.2738012060729,3.92491092637559,3.75019379192406,4.39286570878687,3.84949577025091,4.56634336085778,3.33333987327479,2.92669189549998,3.56450235524448,3.83040613611096,3.27993666285122,3.13911946588761,3.21688795508835,3.14061567241877,3.3782123672774,2.03453217619347,3.86625821676473,3.12697562964734,2.82977476365368,4.24625984270321,4.4733475993529,4.34453262842282,4.36326108009824,3.66843636576913,4.03691314313219,3.1288202894353,3.65415368266935,3.14615480704191,2.4557494643383,3.35691975725483,2.63171951260464,2.27299285751965,2.5814120410595,2.18149274716309,2.16706761844913,2.4448582240171,2.70501780386277,1.82869382223738,2.11821905384322,NA,2.23663952120699,2.49337254432205,2.65401562305788,2.59220783035701,2.55649706169374,2.21214340588673
NA,NA,NA,NA,NA,NA,NA,NA,NA,NA,NA,NA,NA,NA,NA,NA,NA,NA,NA,NA,NA,NA,NA,NA,NA,NA,NA,NA,NA,NA,NA,NA,NA,NA,NA,NA,NA,NA,NA,NA,NA,NA,NA,NA,NA,NA,NA,NA,NA,NA,NA,NA,NA,NA,NA,NA,NA,NA,NA,NA,NA,NA,NA,NA,NA,NA,NA,NA,NA,NA,NA,NA,NA,NA,NA,NA,NA,NA,NA,NA,NA,NA,NA,0,NA,NA,NA,NA,NA,NA,NA,NA,NA,NA,NA,NA,NA,NA,NA,NA,NA,NA,NA,NA,NA,NA,NA,NA,NA,NA,NA,NA,NA,NA,NA,NA,NA,NA,NA,NA,NA,NA,NA,NA,NA,NA,NA,NA,NA,NA,NA,NA,NA,NA,NA,NA,NA,NA,NA,NA,NA,NA,NA,NA,NA,NA,NA,NA,NA,NA,NA,NA,NA,NA,NA,NA,NA,NA,NA,NA,NA,NA,NA,NA,NA,NA,NA,NA,NA,NA,NA,NA,NA,NA,NA,NA,NA,NA,NA,NA,NA,NA,NA,NA,NA,NA,NA,NA,NA,NA,NA,NA,NA,NA,NA,NA,NA,NA,NA,NA,NA,NA,NA,NA,NA,NA,NA,NA,NA,NA,NA,NA,NA,NA,NA,NA,NA,NA,NA,NA,NA,NA,NA,NA,NA,NA,NA,NA,NA,NA,NA,NA,NA,NA,NA,NA,NA,NA,NA,NA,NA,NA,NA,NA,NA,NA,NA,NA,NA,NA,NA,NA,NA,NA,NA,NA,NA,NA,NA,NA,NA,NA,NA,NA,NA,NA,NA,NA,NA,NA,NA,NA,NA,NA,NA,NA,NA,NA,NA,NA,NA,NA,NA,NA,NA,NA,NA,NA,NA,NA,NA,NA,NA,NA,NA,NA,NA,NA,NA,NA,NA,NA,NA,NA,NA,NA,NA,NA,NA,NA,NA,NA,NA,NA,NA,NA,NA,NA,NA,NA,NA,NA,NA,NA,NA,NA,NA,NA,NA,NA,NA,NA,NA,NA,NA,NA,NA,NA,NA,NA,NA,NA,NA,NA,NA,NA,NA,NA,NA,NA,NA,NA,NA,NA,NA,NA,NA,NA,NA,NA,NA,NA,NA,NA,NA,NA,NA,NA,NA,NA,NA,NA,NA,NA,NA,NA,NA,NA,NA,NA,NA,NA,NA,NA,NA,NA,NA,NA,NA,NA,NA,NA,NA,NA,NA,NA,NA,NA,NA,NA,NA,NA,NA,NA,NA,NA,NA,NA,NA,NA,NA,NA,NA,NA,NA,NA,NA,NA,NA,NA,NA,NA,NA,NA,NA,NA,NA,NA,NA,NA,NA,NA,NA,NA,NA,NA,NA,NA,NA,NA,NA,NA,NA,NA,NA,NA,NA,NA,NA,NA,NA,NA,NA,NA,NA,NA,NA,NA,NA,NA,NA,NA,NA,NA,NA,NA,NA,NA,NA,NA,NA,NA,NA,NA,NA,NA,NA,NA,NA,NA,NA,NA,NA,NA,NA,NA,NA,NA,NA,NA,NA,NA,NA,NA,NA,NA,NA,NA,NA,NA,NA,NA,NA,NA,NA,NA,NA,NA,NA,NA,NA,NA,NA,NA,NA,NA,NA,NA,NA,NA,NA,NA,NA,NA,NA,NA,NA,NA,NA,NA,NA,NA,NA,NA,NA,NA,NA,NA,NA,NA,NA,NA,NA,NA,NA,NA,NA
NA,NA,3.02366037955921,NA,2.56221820987573,2.77460947744107,2.36527784188961,3.84384585374518,4.1697044174638,3.41377846048884,4.50265610305888,4.73099769113696,2.26230079758447,3.28012168578908,NA,2.87168161423983,4.45699735279641,3.85484599949365,3.81670604156185,4.19021680103965,3.52667565082318,3.89492630481657,4.68767422764302,3.35815647156285,3.96348062537435,3.96181336096689,NA,3.77982668493766,3.63078102554528,4.00417480391905,3.00670372725537,3.49644268436407,3.48179960379949,3.62462176966068,3.38091379605749,NA,NA,3.22881657643196,3.36363054668251,3.59561245797809,3.35854296898793,3.21609547421484,3.46131336811973,3.12129737053952,3.85820830721599,3.3549017122633,4.49326433388903,3.57296223167604,NA,3.57430107057324,4.80330012949512,4.09205058028659,3.96815017836477,6.03216487651146,7.63793100182529,7.9785688476747,5.27036406442692,6.44941862236141,5.23897798218077,5.24849086040244,6.0369436619059,6.13417588294458,5.35815519482475,4.69083272295783,5.02828282207477,4.20094076321055,4.94916903552642,3.21096803613014,4.26315749970301,2.99392508622326,3.09223329184485,2.57219668826438,1.65335232902148,2.12329592632939,1.71951212275179,1.61075837148662,1.72835239042325,2.03741959199253,1.68379325456598,1.61163693848091,NA,1.28032123104075,1.53587907001964,NA,0,1.72126178234928,1.22937978551775,1.91608912438948,1.7727606112268,1.57364561938455,1.83132542179814,1.61346750401895,NA,2.52903213203427,1.4185523828979,2.11467476309674,2.07392000782663,1.97941143767426,2.41255244623213,2.45616942240365,3.46971248433326,2.0368191787188,2.69554060286676,2.88012998882467,NA,NA,3.0804342548789,3.92507498298895,4.27206310665149,3.6537074223945,3.0083986438989,3.80211040305391,3.64967203124687,4.66818870350062,3.13115726812059,3.98938237358616,3.85628944736815,3.20947176398045,4.03257955311618,4.12306484623888,NA,3.22262298574824,3.61512507830562,3.52225073653384,3.41672730136747,2.52880244633432,3.50778681667709,3.51702251523001,3.41815577002926,NA,4.23625132207707,4.38481293851842,4.68076630769562,3.89398804582817,3.4699206927363,5.75961891788948,4.65787789508119,3.02871135164204,NA,NA,3.03325509210663,3.02698335159145,3.18030933179172,NA,3.84720572923668,3.69236310179766,3.63724200983211,2.93211920278499,3.91157798671034,3.8688546157879,3.90872624171773,3.2080217210572,5.24032588502501,4.08572724788605,6.38682569507053,5.23541171360773,4.03739952914199,4.24780518413855,3.31858499921564,3.21488148628665,3.2540828656067,2.62930406680653,3.00438830449656,2.69844696896086,2.90017147350781,2.85831741119941,3.1077451666079,NA,2.76416447611388,2.61154273997527,2.76520093426847,NA,2.59286894200722,3.09477790334552,2.79605283294897,3.19282721363567,NA,2.46859251718866,2.72370026733061,3.13872399535631,3.20767549604249,3.18008168642677,2.86311455591564,NA,3.83522999557544,2.83740157891835,2.81514252787232,2.43551764554702,2.36525443350854,2.7231424109819,2.76527195397578,2.29732233641244,2.50395656397907,2.81152758547016,2.68666467995161,2.59489369736936,3.00654543366833,2.96774825604743,2.99830994299112,2.95741303986865,3.2793012407806,3.42914900441051,3.44920726580678,3.51921722156822,3.15231534092037,3.41730623132921,3.06831673520424,3.42548976206298,NA,3.87801333026857,3.23360788153496,4.10901687139582,4.43367318934563,5.29570035624083,5.03839759004548,3.8850962653796,3.61352120125797,4.91287253975521,5.49834400048489,5.58672969114926,NA,4.46431273943964,3.63253543729081,4.78371875550528,3.73018015050513,3.74613755938808,3.25422542890074,3.43308618813897,3.51024300710022,3.44980723914256,3.54902142803189,3.8914544653417,3.79925001261784,4.10415932658553,3.38895124549523,3.93484866492515,3.85197363129214,4.52293299387029,2.90875847258874,3.26847116839103,3.31510244017285,3.76299584845143,4.26006109071524,4.0285244234857,3.14791651282022,2.79407010876679,3.18022277130321,3.14254428411697,3.54583179331066,3.28216715446587,3.29361973991381,2.82148107901414,3.43782685847492,3.51074796299382,3.16495066538625,3.07510646441789,3.30257725877643,3.04920854745973,3.33074698008737,3.76999702154662,3.56233356951186,3.63165842183645,3.09954821474214,3.54419348873456,3.72261156683604,3.41319003114273,3.16485168608913,NA,2.5322262139049,2.82040836156032,2.70172305858681,2.63604327803747,2.93735104340829,3.25075068681053,NA,4.02731674962846,4.4148749384792,4.18963718529274,3.87452070176753,3.99359362259796,3.91606070740943,3.62954889661921,3.21315660304386,3.26962965536086,3.5758850405649,3.48191523133931,3.74460166700761,3.8004649844299,3.59778258034205,3.04394894580948,NA,3.16233491738444,NA,4.04974200652379,4.23078550838774,3.65798670073751,3.63965011634303,3.8515666831791,4.09310943922934,3.84726200250484,3.63900565741712,3.26901531939656,3.24108620136953,3.10858408041135,3.10457373718185,3.04089368482223,3.35085834883116,3.99805900270708,3.50715325955167,3.76943072149968,3.2814630614524,3.89842699358153,3.85999155459576,3.62151760846997,3.93852953638042,4.06821538400694,3.64127479881381,2.82179078810315,3.43635922880437,NA,3.66931624225263,NA,6.10475162888072,4.69410361459578,6.01850696588042,6.36323973401094,3.50811945734274,5.24988435204249,NA,3.8808078158675,4.9410069565492,3.62584582981694,3.5907829711357,NA,NA,NA,4.06643358305014,3.17159162279022,3.17253830436146,3.31053192608177,NA,3.07454453284157,4.03130431402125,3.19167096492343,3.38156030070396,3.07213175027324,3.54788452963288,3.61720748685339,3.5001148891262,4.4654843269631,4.89183346399294,3.52358545923453,3.40874592045916,3.89687296039343,NA,3.20199981799882,4.0883438109103,2.9034857094538,NA,2.5276947089859,3.17735624140035,2.8186737355056,2.59540889395088,2.90297100095614,NA,NA,2.80635029547947,3.26405339015264,3.2154156780223,3.14613242723022,3.00429228393445,3.01635881935305,2.98748535963835,2.79717637301417,2.60693545530925,2.60201752796222,2.64541089259228,2.80686425019316,2.98148618740184,3.32731078358126,3.5045579018808,3.59959799314365,3.63819051618182,3.79878350628761,3.96761596723868,4.15121366411257,3.89842574251354,3.98243210761844,4.45467717878804,3.66394149928888,3.88469744654795,3.92470702669539,3.81194427104599,4.10678119120228,3.95964720807285,4.34449876255988,4.29451962593735,3.93081188694685,4.99564800023998,4.46032555962459,3.70245694693245,3.84186617089515,3.84539449112204,NA,4.69832379631622,4.50444763144166,4.94806619389765,3.8579200023933,3.53039291236167,NA,4.11878146125266,3.68042739951476,3.67184105676515,4.48416932827245,4.61702038698386,4.34549642783791,3.26764586679301,NA,4.15249767002028,4.35961084114907,3.85865067711351,6.04823908079354,4.09197894456276,3.82536108972329,5.01577938044594,3.93918611234168,5.47579839113529,4.71962055885139,3.0134458677929,3.79141727308718,3.4322981023733,3.4377959093155,3.39081767810052,3.90284612718284,4.93655612421895,4.29203536449987,4.29629111356657,4.75918255329653,4.56999124414016,4.39249258506736,3.97075183922557,2.3821213042774,2.66232451845998,2.84304883052837,2.60386129467973,2.09943441400286,2.50826741017145,2.45239849835435,2.22494269559837,NA,2.56712470435706,2.86179665795432,5.44643358174779,2.82842326954579,2.71831559583139,2.67128170982246,3.08989902172656,2.95899725818776,NA,2.99125049009569,3.52601217112459,NA,3.42019210306853,3.45374177416136,3.50914581357287,3.35609554581841,3.48076761475272,3.57653548405057,3.74286032122904,3.46472201974449,3.36987101559963,4.28370120903321,3.78561308127206,3.52279936837536,3.8950106986561,4.05944213946012,3.9475659026467,4.13792823369258,4.24151899908307,4.61272420769309,4.46265919260862,3.82816419439233,NA,3.17887548132913,4.37161908700375,4.24596725842162,5.4182083677327,6.072941712375,4.41368449231859,5.19178297914353,5.26522940518388,NA,4.05042443856536,4.70450128352104,4.62891624158856,4.31670675514244,3.71847834987852,NA,5.26394294921668,4.77182307700748,NA,4.55851258905493,4.22338127662193,4.01198157233008,4.73647215398091,4.11631794040126,4.97578320431701,3.51740594961467,3.2616346169843,3.81642471754144,4.23248977698529,3.92542907186393,3.74495496888551,3.7854325312,3.67520646393187,3.91040253281298,2.47039334033567,4.30839285285465,3.442188751459,3.27406357487105,4.60674300336413,4.82941986180534,4.7797510382418,4.74192152399772,4.07117476801147,4.38979336984472,3.63691548676097,4.12967339534338,3.62822057911773,2.90193069207075,3.80260859509324,3.08051187865114,2.65821658816517,3.07815847416776,2.62171941553853,2.48914554312828,2.80295419676188,3.15077957182513,2.31001753866404,2.42249210255419,NA,2.61378797501126,2.84014613563555,2.86025871528267,2.81293792857283,3.03327813738568,2.74948480849711
NA,NA,3.32351893952364,NA,2.71576402850359,3.31272496480949,2.82736968736106,4.21701183649834,4.56646646732221,3.85051347152717,4.77631575140095,5.03511626210871,2.62288535455523,4.05709666258765,NA,3.62859187511464,4.73189772913799,4.25273772914522,4.24461676402855,4.49094129814818,3.81235901147103,4.47263859907629,4.8778581939641,3.51097360143795,4.10484536794131,4.03592724104474,NA,3.84547925692182,3.76842611581984,4.15007774334628,3.33079406516515,3.6133403759374,3.51685963188572,3.6340227534393,3.41913987513496,NA,NA,3.36847968966886,3.62380193310375,3.91893294139323,3.63655291508737,3.42104189217341,3.62114635567307,3.73776451343214,4.1483811354457,3.63304529321617,4.94142021173351,3.96399481380656,NA,3.88884704540773,5.23152361181772,4.51217534474003,4.31733458947891,6.30617679204496,7.95576256907607,8.40595077801479,5.62970056497934,6.79038073871011,5.52989352786166,5.57092948069511,6.28166952629679,6.30984495606231,5.54771166855763,4.76286461894392,5.27174616538958,4.52008780283875,5.521415904325,3.73507836199297,4.55371661522306,3.14484231350077,3.66100796047387,2.89209229121142,2.43517448280778,2.92003533566482,2.42280743128331,2.14834293053043,2.08790976718291,2.8990869005899,2.37895412568303,2.03033528025512,NA,1.84534706944219,1.93876649967296,NA,1.72126178234928,0,1.88301994825452,2.34192445326623,1.764526389728,2.06747889196424,2.20433447405203,1.69678407056053,NA,2.85990874554924,1.69892188401697,2.5578538040221,2.33315415887431,2.1302292059576,2.8522513733959,2.73980557196179,3.62761579434909,2.30023582510912,3.17585176776457,3.36779959339758,NA,NA,3.63440416560856,4.45123864253143,4.66530926278375,4.3337396198541,3.39017556707546,4.26451991278756,4.03336414379143,4.91903161039923,3.51280801794643,4.28013092213678,4.09760375427742,3.43815167668485,4.21943044447942,4.51781604646802,NA,3.76028100522591,3.9923509143372,3.93147356789136,3.98582337449626,3.0456751818635,4.00113840349788,3.92515894073801,3.82773416088126,NA,4.46214816766812,4.61690622777282,4.99260408081561,4.27631110456736,3.78108009641715,6.01198132501182,4.8881020022354,3.41593638011724,NA,NA,3.23362127039905,3.21190898219903,3.1169358611729,NA,3.93329222950532,4.00423751041264,3.96251928328291,3.43525955710346,4.13886278811617,4.25513656013375,4.42992429468802,3.49937138668119,5.45921867783331,4.31955964634098,6.73395148867353,5.65407450027078,4.32337811671997,4.64197503626364,3.74547193298792,3.43739838739654,3.34379976423991,2.95602607227228,3.46299987944113,2.9527900877406,3.17309689541354,3.11682323583491,3.37814129574664,NA,2.91609497482139,2.74125458730223,3.17992294575016,NA,2.9430860123157,3.32984615997451,2.94973309033399,3.46477195582507,NA,2.81600819225433,2.9578437783427,3.40679788269178,3.47391241212883,3.45320538588893,2.98868326874508,NA,4.11658770966001,3.17669617389875,2.66630083503555,2.52903315094459,2.4944053273532,2.86139016720413,3.0106380699938,2.48968130853626,2.50811566950461,3.04909626732122,2.83450995337063,2.83657775545519,3.3130999477049,3.11891929779233,3.43940364103535,3.21168768166403,3.65102089567115,3.76839063895955,3.95739873261214,4.1674205158077,3.40629819605616,3.78832623804355,3.47890818637931,3.60719504117733,NA,4.25693068530187,3.7016791178258,4.27070479318477,4.55986327042471,5.34699151746725,5.0763880963155,3.83921049827227,3.61425694476477,5.16454634112674,5.64458071629937,5.68376022649849,NA,4.59173588030439,3.82124542860477,4.99431209667361,4.06659938150092,4.09308562222438,3.67637005982574,4.0332055454079,3.95009239087929,3.81983604993367,3.86398778461965,4.20875777975258,4.1565380952786,4.54477979962603,3.70485699128823,4.44486687724739,4.32204016687623,4.79781502727556,3.31021776995869,3.65404506185847,3.7264302166715,3.67326800917233,4.50848346026929,4.30850270283586,3.31875544712779,3.14236680528071,3.50867120833205,3.48897217931283,3.83263909476251,3.54633286604567,3.41629012751923,3.22014214550788,3.86322193717748,3.93670367703588,3.549975914886,3.2859327910059,3.49344539237482,3.46053571663875,3.77742398653555,4.25921122529838,3.8426703008959,3.80701281302674,3.27423136109545,3.95470414235859,4.13156168240372,3.66887807532696,3.40457006162641,NA,2.92803796650185,3.01598813765661,2.82232066096786,3.09844514946554,3.32526208039311,3.47929655628689,NA,4.28946958329116,4.644562327713,4.41812552945252,4.13679391589332,4.37854691390169,4.29359254397494,3.85553765697435,3.57188729209056,3.55945538236221,3.8209450708214,3.750188124805,4.08946929724536,4.05698134010367,3.75378336536774,3.18157579358669,NA,3.28311537071014,NA,4.24322797000889,4.46303255808792,3.66856038071306,3.62225400319302,4.21199360268777,4.26312938357062,4.04852873853197,3.93985122163296,3.41175610926371,3.43993854959224,3.30363748473792,3.40513862898205,3.32880935253243,3.61315987621466,4.09658600769025,3.81723399012437,4.02915379586048,3.53738376895222,4.22858479574171,4.22069299770701,3.84954893177487,4.14536261626018,4.3785031664719,3.97489850540687,3.12769044006935,3.87097926883752,NA,3.90428295182322,NA,6.36816335443487,5.21330492726687,6.36402416144338,6.6755801483162,3.8501353297815,5.47800109628153,NA,4.05705392938442,5.10198651850645,3.9547787108034,3.8760171160217,NA,NA,NA,4.14168384179011,3.5449042875873,3.36578421902862,3.57174801652522,NA,3.44773681625722,4.3035415644815,3.48882245918254,3.74376210213878,3.37297276986973,3.84730602650903,3.86860120322003,3.68321620884223,4.86134493601584,5.10901005415267,3.94772948695491,3.29314230470163,3.3592807350223,NA,3.33022707332911,4.36772895412627,3.2112837172241,NA,2.56898298969052,3.16926408568932,2.73498902092121,2.61032802908318,2.87630445588381,NA,NA,2.97576155084053,3.22959752565599,3.3593802226784,3.25347119506615,3.12408913118458,2.91773247904491,3.12417180342024,3.02868780041267,2.63295534816671,2.65078959193714,2.70813967569928,2.83507328789678,3.02685861894614,3.53304250335489,3.89381406581961,3.69890720531907,3.71220597745336,3.89583444362872,3.96566869999151,4.17207333340339,3.93650360042417,4.05459749541868,4.4806901385524,3.76911376391987,4.00565357043945,4.12737749030008,3.92637976066613,4.17522166398635,4.05679109398252,4.43195560267228,4.36993728875352,3.95831395346662,5.10370734957114,4.63552020070013,3.85651815973214,3.98910215325841,3.96001235828469,NA,4.75536562660966,4.71913479546386,5.17803735470374,4.07978565231791,3.85221672576004,NA,4.43573428075126,3.92264124404119,3.85523149605694,4.80246159035175,4.75776822367935,4.65548626587683,3.4547996869159,NA,4.44880724871232,4.67252141190374,4.13086614635821,6.37086056440986,4.4799311399511,3.99195039247805,5.30107068141217,4.11071496504159,5.73537427540034,4.91223577334094,3.14389311660082,3.96112863639079,3.43484074780657,3.57112680672333,3.59614834902202,4.18636135569643,5.08362331670317,4.4135029174296,4.40527371483497,4.89607158623409,4.71233653801085,4.52043465242467,4.08763460021681,2.43378316578563,2.8863823522332,3.03514931606117,2.88969105024363,2.03337651783975,2.68607927918022,2.44898319508151,2.19581563466989,NA,2.68303874422215,3.01015977196607,5.59222527208324,2.89365142157343,2.77122654611672,2.84475474843654,3.29402044400374,2.97362633965984,NA,3.05382495118513,3.60408214100303,NA,3.33665702460863,3.49070123251529,3.52663227998097,3.3359522435261,3.46596798573,3.64925848641738,3.81472027468193,3.55267239364387,3.35955767150961,4.31941133156827,3.77891935040738,3.55701968913784,3.94287739012341,4.12787968863093,3.95194210334919,4.17580356116931,4.28329748066653,4.61021110816103,4.64817327822856,3.84950688274399,NA,3.39893359120657,4.36372866058551,4.24188626494875,5.40157352665004,6.07397239433662,4.41861328033856,5.22254422350519,5.27963529834255,NA,4.01767277962375,4.66133573454186,4.61163049145976,4.31407832790586,3.64900970669837,NA,5.31849420625513,4.80662389944351,NA,4.6627110058779,4.31422554581788,4.16028195436415,4.89208648843883,4.2810699637912,5.12323857573304,3.97494574867216,3.53236522810839,4.20774150586611,4.54553128807693,4.08563113407745,4.00597453465526,3.97888143130724,3.87320712689821,4.09345108656151,2.48557094003935,4.33386892158944,3.72123901077474,3.36157211855015,4.75664426624319,4.92904774979355,4.93117510159523,4.83670599067393,4.14885708316503,4.52375950583907,3.77346791129367,4.38143043848235,3.83849171448548,3.1017335725685,3.94452368068612,3.24158227782878,2.83780799071565,3.24284844531706,2.79600019327413,2.65098800305058,2.89011189550113,3.19211911713013,2.34176828288106,2.44668636412257,NA,2.66058921010616,2.95111811583873,2.9067697655599,2.88965091917686,3.07212785705913,2.72954984353527
NA,NA,3.00528110048709,NA,2.66541079250625,2.56323027358661,2.22665060508451,3.59800984603932,3.95552705477095,3.38250078696844,4.56393454957481,4.77941404970628,2.52836564921812,3.50462920995462,NA,2.78742417011429,4.29871007869668,3.74108159610139,3.7581009144088,4.16693267872786,3.51869491859055,3.93906040384842,4.66377893141621,3.21115805762667,3.83401965051001,3.94877546569718,NA,3.80259190283555,3.57164406396677,3.99227510815251,2.92184841257358,3.46028927093104,3.54554306833118,3.66440352320046,3.46908060962184,NA,NA,3.29844765524151,3.43046248348926,3.61942304841222,3.36489669852835,3.27829314931027,3.54823849398612,3.2585649109473,3.89701483848965,3.40547511098183,4.59152019369834,3.64459393433411,NA,3.61479643084826,4.79887584098458,4.20035754400703,4.03942854388843,6.06257309643583,7.73438204329653,8.09838602264233,5.48822640456044,6.62227651203278,5.42825166183217,5.41436262149819,6.18596677393582,6.1644037726883,5.36413531070062,4.79127575678869,4.99145788845478,4.34578722499757,5.17091369702389,3.36264612417601,4.2756084567736,2.99436925076852,3.22685120688232,2.7641435575103,1.98584937749621,2.20121656451441,1.8158816770065,1.81034727482179,1.98850724444743,2.18426791170659,1.88111555779735,1.8034676246899,NA,1.44472171543114,1.77063326028488,NA,1.22937978551775,1.88301994825452,0,1.95295407058431,1.75751676530084,1.32829866715036,1.43756135496994,1.30429444992723,NA,2.07742503799279,1.31515229493967,2.20707828608733,2.13983628346806,2.00730076018058,1.95534882199739,2.1074580265328,3.23313609017845,2.02202725625363,2.87651357871193,2.74274829514223,NA,NA,2.73197360215213,3.8037462062089,4.21034211163006,3.75621406536267,3.04149283121876,3.70060446520124,3.58238129816725,4.67340239161624,3.20492390278682,4.03246634677475,3.86304642761791,3.23476323529218,4.03075455975172,4.14357521410307,NA,3.4218847880204,3.61872851021994,3.42335061399306,3.42147557377791,2.65295346885445,3.56271356575826,3.55915269719062,3.45698577942491,NA,4.2274691840648,4.42891810343587,4.74946364284007,4.03030251318627,3.59732715385506,5.76595320151213,4.73246225091211,3.12484695988646,NA,NA,3.19595034764227,3.23651442967801,3.35611708848244,NA,3.97144982847693,3.85835018567328,3.82802457751426,3.27201245087886,3.96287574408191,3.96763122638409,4.06533509420894,3.31011159132951,5.2659489708976,4.22403918749628,6.4595690622317,5.41071036994633,4.159219958031,4.27528439412135,3.3648373540116,3.26533103972197,3.25415746727504,2.73081381462849,3.04992121015633,2.66706150718639,2.93042081790465,2.92337582018386,3.07734523141025,NA,2.84935394712441,2.71959304273007,2.76254266767047,NA,2.55899754500354,2.95540200966754,2.70246818389912,2.92238488355797,NA,2.35810620165788,2.65162574196179,2.93084489295105,2.86886660219935,2.87772264119073,2.62480144233563,NA,3.55190508108142,2.69211239975151,2.60667265399346,2.20538131148971,2.14254730971496,2.63419293530981,2.7046167477988,2.22358218963357,2.37998128722894,2.55310770596136,2.57284261794778,2.57328258890221,2.95713087874293,2.80649095456911,2.89455406447265,2.86005926976954,3.28975547979025,3.42428520143602,3.47068575456897,3.49798642848423,3.13527313743397,3.54055245146046,2.94873320516072,3.31211164079724,NA,4.07403872679502,3.50225170174669,4.1100093848456,4.41613991268102,5.37546721427083,5.10693659542547,4.03469693412456,3.81589873326845,5.0700370296357,5.56008359424619,5.63544586869191,NA,4.55408614861605,3.72377420832056,4.90619837384062,3.83328670740804,3.82396520524091,3.31835751046012,3.7157790955337,3.60908533845121,3.54470532776288,3.55372906415778,3.95491049904638,3.96596047066215,4.21285918074357,3.3544918939852,3.97079752235722,3.97390072419525,4.5101313620626,2.95310818891347,3.38368681058202,3.43457154973437,3.87495966454121,4.39945650670602,4.21746539753949,3.17727980561679,2.70058468781707,3.26296221500154,3.30869154973503,3.62486709133674,3.42539500301031,3.44010904778006,2.96747495307916,3.55135789995506,3.54050792643033,3.11828824942893,3.09955451712841,3.39603165714489,3.08805411843702,3.29576729746494,3.58974142917165,3.42559625215319,3.55257887955574,3.01780122755685,3.36704613812771,3.65444184915366,3.20429076032832,3.13129223561883,NA,2.49554685165909,2.65683362343616,2.48215076670999,2.4664568682253,2.69116190932538,3.09638233197548,NA,3.77160486513215,4.1093300368769,3.84017097486437,3.54232976487228,3.71472518247127,3.71939652034008,3.54285721698582,2.95299499906612,3.0629887864418,3.3332050715384,3.3308113660999,3.73972907706324,3.80711035157156,3.51271497742144,2.89809943068717,NA,3.15000407404779,NA,4.06131025801748,4.18821470163325,3.62151202670261,3.59642741006631,3.95327576662766,4.12456761278087,3.87412763337026,3.62946948084238,3.34026427426167,3.27569666652254,3.06982225537025,3.14856445355759,3.07514813467536,3.45907882754575,4.05436443638272,3.48797744654735,3.88702584328563,3.38095148926769,3.94258575836193,3.98087316530841,3.6323848324012,3.89699211838005,4.08154127705736,3.68302456898249,2.9096066466361,3.54821790116309,NA,3.65910383701411,NA,6.06415159984318,4.70999797162852,6.10332735903654,6.43269445678154,3.64433317986306,5.27401021173977,NA,3.83104538458954,4.9280202832584,3.75293337987344,3.76041608275444,NA,NA,NA,4.11865871797128,3.18843487014916,3.33610478043398,3.3836920897483,NA,3.17156914371242,4.14954386078702,3.25661785265553,3.54586223422972,3.16116258294584,3.65963097397825,3.57384883067409,3.62564802812526,4.59288642361467,4.96988215874514,3.55294265391463,3.43149723186173,3.81782416149318,NA,3.17010887643439,4.03529031645785,2.94104712757287,NA,2.46931581719573,3.04504668176661,2.71323651507304,2.44074412935578,2.70224776718571,NA,NA,2.57537752383842,3.05888361213448,3.02498542243443,2.91109038323564,2.87798296915985,3.02549657221817,2.81725021160207,2.65209294847175,2.48298750782233,2.53101105797507,2.51978043861521,2.73500631784476,3.03933193301539,3.39264675530165,3.48033941420598,3.46623377207519,3.51691859907873,3.81680825426228,4.01610923235574,4.16681793193217,3.94775969798546,3.97223875503221,4.52416369122775,3.70833106082964,4.00058397596815,3.98602453566428,3.85950629245757,4.13912784827034,4.06135452776555,4.37855519591874,4.35353201507373,4.02004297435098,5.12272451719241,4.532226458153,3.75848733214093,3.84001462765077,3.91360466239398,NA,4.85037347225189,4.55084328768525,5.05319856058194,3.91430584015924,3.6683440459859,NA,4.23769706450178,3.80670407877041,3.77535165000857,4.7143515224347,4.6543728911721,4.54357670831324,3.38668605859364,NA,4.32190600854976,4.55498548770185,4.1451636901235,6.05042380578294,4.21891916968265,4.02752764663608,5.1609270794206,4.13471011037832,5.60972968814698,4.80180695509509,3.17319235087016,4.08259590116993,3.6025835112546,3.6140262622811,3.57703788281848,4.03413416875608,4.93086054129133,4.36686880696172,4.35146321521308,4.72723076685204,4.5261721870301,4.46464077760481,4.05767209860385,2.64266969679989,2.82257194654472,2.97749458641131,2.56958796219674,2.1293334242613,2.588089077831,2.45805343754319,2.33075540653354,NA,2.56292658950068,2.86308773144649,5.35010624565779,2.65499702552177,2.71615603528764,2.63392557541952,3.07628987789118,2.80736707842121,NA,2.86368898116865,3.3771561052748,NA,3.26558354946224,3.23147923428588,3.28898386590047,3.29012414268093,3.36448944653527,3.42744174218153,3.65940420461865,3.36356636448713,3.26186720745343,4.2278395429186,3.73180703958653,3.49538730841954,3.91459086297097,4.06775043086662,3.98540840776078,4.20228986710649,4.27070199908597,4.59734483292506,4.28145062015792,3.88499830842714,NA,2.84529231210693,4.36626690409188,4.28016945948635,5.40587573273174,6.11393983423355,4.44804666166039,5.16378104308947,5.23864696794468,NA,4.08120920686382,4.72882278756409,4.6422795227338,4.39742472013807,3.79593385658193,NA,5.23735839287651,4.74459020175396,NA,4.68525807391592,4.36193419378268,4.17842907527526,4.85695645819122,4.31600096449383,5.11983894163628,3.8189519373739,3.49379237044207,4.1281126462102,4.46870282923193,4.06666825769756,3.96233362559828,3.87357368047872,3.72089971225955,3.87867328386654,2.55829259093122,4.23302408282775,3.47599154913388,3.35457328399423,4.67948106522558,4.90967962500391,4.86342713460523,4.80811282264274,4.15588536015306,4.38716134865954,3.64209999231182,4.1334561808769,3.72916179847932,3.03029511479245,3.829709164597,3.12606661277855,2.72780173140916,3.06257453071995,2.62043445153841,2.42372174703192,2.79197753688823,3.12576271064338,2.32811797527734,2.47110022663636,NA,2.55268663952048,2.7059516219021,2.76635748753131,2.76204898301652,3.01350283969491,2.71743818764802
NA,NA,2.66516831758874,NA,2.36129727216922,2.58948066577778,2.13714333778608,3.38495718703071,3.75440096368584,2.62947012816985,3.75417634704105,3.99948558721929,2.04045934657139,3.05818188014262,NA,2.65620845478149,3.38032372552164,3.06328068370159,3.02523624746583,3.18840795231413,2.48776695981169,3.20463145511389,3.70051540761882,2.26776415015815,2.79494574920743,2.95828588855456,NA,2.88828122392908,2.60184210192889,2.89030823610793,1.9042619637486,2.41251264302529,2.57682238247785,2.72609964891205,2.43503574467377,NA,NA,2.27494787798092,2.6029383926046,2.66167264912027,2.38851732170059,2.20338153312523,2.50223723231496,2.50861046430949,3.01995382002888,2.82179710508763,4.12204221412262,3.09602189991562,NA,3.3044389779779,4.5931991114742,3.60416082740937,3.52970478795884,5.44576513832148,7.24098355533088,7.80649648257001,4.94159469975611,6.1840135725169,4.99821390964699,5.05944508306938,5.76743634330046,5.81567747727573,5.01460713118833,4.34636552148408,4.77279901002752,4.0597203710975,5.1421149419518,3.2595284748341,3.96128329916785,2.82273824921265,2.96817391466185,2.94563177325442,1.3668707943265,1.92815516219844,1.25476572689583,1.57993894438805,1.84449365102813,2.19711893378495,1.86394226521845,1.46756243771299,NA,0.941794373835806,1.82045818007539,NA,1.91608912438948,2.34192445326623,1.95295407058431,0,2.04178255129572,1.31052518906571,2.1105701608649,1.88941250408491,NA,2.08182732767916,1.67292817599226,0.638882905091731,2.66411718542513,2.54588244206884,2.34885273223655,2.45282872480209,3.01753724341258,2.10041087143967,1.47622558634746,1.88674022892149,NA,NA,2.65791003823699,3.3896054325462,3.46073441919635,3.06183356329294,1.41714324545517,2.85630371993536,2.79961875995626,3.66725999439843,1.99163274386193,2.88066917672793,2.54795408040496,1.97141043422338,2.66803856689449,2.94495870179848,NA,2.26683937998605,2.48978467024537,2.70461113726367,2.94346133154751,1.70996189397646,2.5160413423181,2.20194468957892,2.24584039693436,NA,2.96952773010725,3.00462021274432,3.47145008997934,2.69348343085866,2.404104649961,5.0588606047837,3.89442865954615,2.3457478487639,NA,NA,2.38775256149977,2.41932855906633,2.92515293770721,NA,3.28723199356688,3.28089527527398,3.29002437435314,2.79373295252387,3.46417722438264,3.3592900749329,3.62360965831657,2.35098411671648,4.40994001045575,3.68014993185687,5.9858901366031,4.84142166051214,3.58903233669544,4.10541373085031,3.05915352428114,2.74989475817932,3.07204159042334,2.70293810700138,3.04440071877463,2.40507506413784,2.47752656634846,2.54865795972297,2.60090983092867,NA,2.67056043024515,2.36206614550609,2.2814268271434,NA,2.16304744832238,2.60138273192429,2.199294428186,2.86925129252422,NA,2.16051537380995,2.31585118262027,2.847491078864,2.68328876778722,2.94456605903414,2.59967660717173,NA,3.23654596464524,2.53383731779719,2.81907430850028,2.40639086542155,2.032113592059,2.40153665189585,2.60625873567042,2.24939331708981,2.5219993704294,2.78644828061837,2.43458323990068,2.24256454713375,2.82928265297784,2.81200162010435,2.85131381145177,2.53842498075736,2.90970862853596,2.6747861698634,2.96724627330012,3.08421388356989,2.44839993860624,3.02160725426057,2.28804235018805,2.57129868545564,NA,3.18100185554882,2.60254390193305,3.24722234393005,3.61082184704573,4.64962253830814,4.4178284800336,3.44337410616867,3.14873781920243,4.25191264680374,4.89172713051319,5.03044212542353,NA,3.81724781049177,2.85571358423861,4.11474507223953,2.91437141294991,3.03694069053886,2.66916919460832,3.09659712061928,2.8928867809857,2.85718877047377,2.99826562714658,3.29040451642567,3.39278097500786,3.72551486911096,2.68329830516681,3.26225021179086,3.19323762170663,3.63687575380744,2.35505068175988,2.8152944603111,2.68313654952475,3.58612509929822,4.11323790150108,3.85219802343917,2.56640299448486,2.32956041766732,2.78850170184135,2.93626983053358,3.25147903097933,3.09036173941386,3.10904250214814,2.54807979549744,3.04931097305249,2.83600214012524,2.73440949466253,2.87401237404909,3.41480763218745,2.9312547806262,3.20713732102932,3.70404170008011,3.23021358844183,3.3799494641773,2.90722394512554,3.37981919275656,3.29124929989973,2.88675994266829,2.48862369633063,NA,2.19069541625427,2.59949046850035,2.72122646820726,2.61768665415928,2.64536693465593,2.81810022181178,NA,3.66387597132649,3.86741593921037,3.56341818256086,3.25493359571017,3.38997658621172,3.26676527357956,3.23354675083939,2.62953100961867,2.63556696534238,2.73946500800174,2.71115247583378,3.19465952023081,3.05023497968887,2.58184129968051,2.14385754364092,NA,2.1399654904889,NA,3.11982939447352,3.26176358097875,2.64920431786267,2.69786065438882,2.98820583335103,3.24401067765932,2.98130255602085,2.65111600704233,2.2079471888267,2.16237882545765,2.013243492159,2.31046795315944,1.96665054231114,2.338489527682,2.91434871153865,2.48142162276401,2.74949728110388,2.34072027698969,3.10808679190271,3.19106272273205,2.68613257147416,3.00997706728141,3.15531601763706,2.76804790973205,1.92465154797822,2.61444151097488,NA,2.79891536140602,NA,5.42134035412739,4.16003634136573,5.67740159952728,5.80835580266066,2.66226569254172,4.55523316930801,NA,3.1903065511629,4.14076129553359,2.93696846956225,2.74597778560358,NA,NA,NA,3.33816130517673,2.89491843934831,2.70223949020325,2.48467781679796,NA,2.29199632560545,3.22830435368199,2.29150889086131,2.80939106349483,2.60647891690631,2.74311901134259,2.92674092962916,2.89633236967607,3.88154450630713,4.38582891154051,3.00061619616582,2.93602598805565,3.23232751682974,NA,2.42477735860026,3.43114061559909,2.51652244756209,NA,2.13583500368904,2.54015143014506,2.3890693054463,2.33740208520959,2.75951876096704,NA,NA,2.42379735833904,2.99664171587688,2.84662895048562,2.77603733664396,2.71154595171202,3.07704619503456,2.73551225939221,2.21114605381121,2.56727246915983,2.38556298069823,2.27232954314294,2.53002178949193,2.60084974788919,2.6750527570961,3.15693939810028,2.84021081749089,2.56823658949088,2.76728773662568,2.99979282080312,3.15033082975988,2.89090644324768,2.97646300032769,3.59248822374937,2.93149093276912,3.08091611516557,3.11054430422034,2.9364413999644,3.24595756073883,3.0336386082933,3.47112234550457,3.35506393587295,3.0837451644548,4.17064145307658,3.56790089164006,2.81482326260741,2.98441346356344,3.09227968300309,NA,4.17748490829348,3.87802903819595,4.26371368783705,3.16883779908869,2.97070627654257,NA,3.55900545915433,2.988176390536,2.86436889151077,3.92705814941991,4.00943499411334,3.73919100061291,2.42496723934165,NA,3.72321856041073,3.91408569230826,3.58963428720099,5.58926121764659,3.44636443536035,3.42390426639262,4.57319336015977,3.44556284193439,5.13517336050696,4.34761374374408,2.20053667732591,3.54839268507076,3.18225957796132,3.17872422000107,3.07324287163414,3.59712426862432,4.35115359717654,3.75637690659054,3.73884342347943,4.09179215274903,3.86150213533892,3.58382364145792,3.21576975418748,2.19794866535944,2.1362763085203,2.26216182730456,2.19859157570598,2.00995894756674,2.01563193556193,1.98325038954561,2.18018022066504,NA,2.13801472154999,2.21448146698773,4.81007283945169,2.34534360705444,2.07489756559889,2.18048163357597,2.39583927581581,2.26150485437563,NA,2.36010024491839,2.96977087662929,NA,2.80929378463389,2.95693775840802,2.92422261095967,2.63371446633788,2.73368252352971,2.98078054881386,2.97065100881523,2.62096281071815,2.44388819109119,3.44759560781073,3.04191209859096,2.81899938116964,3.20580711708241,3.38283974004179,3.16674586697215,3.43100295292091,3.55362207013805,3.8546035895545,3.78093501510443,3.03523935288932,NA,2.57287267790631,3.58777346304959,3.45835237042477,4.59547238809745,5.33522002566685,3.67412720659356,4.43333885284266,4.58889967027026,NA,3.26615611991517,3.86687658127996,3.85956149080871,3.47003169940528,2.91626875502796,NA,4.34873562688847,3.92144263802757,NA,3.70650183704512,3.29038889242004,3.11185458925883,3.90421425449382,3.28342675607158,4.23932855902684,3.0683096130798,2.55997894238952,3.3269063178616,3.69257791126753,3.34276133319912,3.32474885611525,3.34664306894446,3.14955925599162,3.24328710492384,2.31453392689004,3.535699917055,2.86418579485506,2.88267469457303,3.89580886105259,4.15784849191657,4.21325948162108,4.04410723981774,3.33533128629314,3.72072865254925,2.81980146701542,3.52206230496857,3.0870412394929,2.26250453834615,2.91602560850668,2.3265846817069,2.16383651811039,2.53615837987009,2.07676091121507,2.04062323741788,1.99620808138933,2.50928483389364,2.07513924799858,2.0290460683731,NA,2.03526304576552,2.2172540575346,2.30818486350124,2.33623715932109,2.43873681968819,2.15058602586865
NA,NA,2.57439523158999,NA,2.5301681126744,2.5395314633464,2.13190156840735,3.52618832679604,3.90210818710498,3.31708766093707,4.22944570005193,4.51362784440557,2.43502157727817,3.5482411457553,NA,3.16509469156419,4.21247433756593,3.61227433797717,3.89840939100894,4.20893787260759,3.54995668539711,4.17590732065034,4.60951512635532,3.30760551658471,3.890140597597,3.86245294672407,NA,3.72836496341276,3.57912138842742,3.9261424578765,2.95628473171415,3.44278105709519,3.41290320013387,3.45428263101594,3.29342033100007,NA,NA,3.14987233678965,3.45981008476071,3.6898276052602,3.33858238455877,3.1646125788698,3.43467504619816,3.54635306666876,3.86247737593431,3.37626520842759,4.72608156361605,3.78360731535978,NA,3.88381150549766,5.07063836674303,4.31020801627566,4.23990903998543,6.14446512081098,7.76544661242765,8.19970626904748,5.44161899883158,6.61373625938139,5.30322828522704,5.35967932490657,6.06609091179065,6.07807204698909,5.28357423140436,4.66214595559341,5.09176798020953,4.42373488854019,5.36503889041559,3.63683016855929,4.33410376892819,3.01165749889223,3.55755936794098,2.98757317723446,2.13921151041486,2.72908173424496,2.21246754714466,1.97591836747812,1.98363753831655,2.61960042683551,2.26330576967067,2.18602167426593,NA,1.66491353721364,1.76710126129613,NA,1.7727606112268,1.764526389728,1.75751676530084,2.04178255129572,0,1.38462863528032,1.33915284693286,1.26326532683227,NA,2.18387645487067,1.35967163592797,2.23718339561924,2.22015961872987,2.04451066931722,2.1845502073412,2.26668533920482,2.81410612624246,2.04140501725788,2.9495954409622,2.82419514119665,NA,NA,3.26732517129377,3.89187006287023,4.2468739916494,4.02661244214481,3.13755694964096,4.05933419801579,3.82365220199761,4.4496754975145,3.3208164187541,3.97333451565893,3.89693301973925,3.23275525560109,3.93602450039629,4.24798377227621,NA,3.64666159728219,3.62206518036143,3.48088755948952,3.72950034265981,2.81553088796897,3.81589336190593,3.69830890762531,3.66790231459758,NA,4.20503358930281,4.35501940576174,4.84627094679169,4.04650200434231,3.6081394789392,5.66235813595154,4.64741203094285,3.28308219630816,NA,NA,3.28638917267425,3.19575333354448,3.32135577392384,NA,3.91830058789788,4.00434632107848,3.95610946661183,3.47375525001669,4.074400010512,4.13725606796479,4.27736073962912,3.34927227007692,5.20432363157778,4.21665173828897,6.59312468358914,5.49544811796619,4.28023073214806,4.52674131201078,3.62051653541806,3.41717264078868,3.49494479617228,3.00576125370845,3.40434135965139,3.02934168921476,3.16712742161794,3.04773167093177,3.2651725681834,NA,2.83362659753637,2.62715912642089,2.86932460741109,NA,2.77309405750823,3.14671494522164,2.7171765918622,3.2058993383456,NA,2.6111989871394,2.65729767826427,3.22631779711194,3.18988315822152,3.39889277907833,2.75742265589454,NA,3.63529983102987,2.90790048161637,2.77511623753215,2.53686887685851,2.17784585052698,2.5095396361112,2.70106524788906,2.41572285885709,2.51057030661277,2.95955388560591,2.67017756810965,2.60824064186841,3.11591088163611,3.22142245433927,3.27613190062543,3.12385531202786,3.54393584265631,3.51526025158894,3.70854833139842,3.80570892603971,3.16587062428465,3.80652901707097,3.24075511428345,3.44710523578386,NA,3.98352968932448,3.44185144356134,3.99589873540773,4.30522099388527,5.21536656306854,4.93387909317176,3.82921626602535,3.61316563761555,4.98159327205782,5.41893579687325,5.39843874122486,NA,4.42976730855615,3.66544432461915,4.93256591661264,3.94865558415038,3.97866615913349,3.50206965466326,3.85341964266711,3.741542561011,3.7021452353884,3.78764494956206,4.16650698765228,4.13305300016417,4.46075352730347,3.65135838716478,4.34968171654786,4.22671174066429,4.66327679711461,3.23237484287541,3.5332939149239,3.63277199530633,3.88631826585608,4.57175867027866,4.28883016996294,3.24552991667284,2.98957332021623,3.4364451198294,3.4125992272787,3.69937603241094,3.38632485492614,3.41473608395759,3.18463204565211,3.72761203106949,3.73023021746464,3.46876432326248,3.27050759227329,3.55677644294189,3.37872397871487,3.61831145032513,4.04707948891278,3.81142392226848,3.84771792190933,3.11992194580956,3.85527552077199,3.86329979714058,3.4353101441841,3.09198528126633,NA,2.61396186516546,2.78866692303718,2.7810809666968,2.86751401475242,3.06356632664275,3.13359683405006,NA,4.10138250052354,4.28910748028278,4.0839376786084,3.86172357868111,4.1442544870864,4.13535977385305,3.76546741891929,3.3597692123433,3.3860233047701,3.50401946196515,3.45322180534599,3.9731070044133,3.97874856471032,3.5771537509458,3.01057525799878,NA,3.16249044311471,NA,4.0790066495034,4.30550784362227,3.49140483761037,3.366157762983,4.07956666921479,4.09566507799882,3.9237562139466,3.73545421274815,3.38325805832007,3.4484752917672,3.21975051690964,3.39020566273168,3.22601793078111,3.60899450224312,4.02933946557397,3.7256157078492,3.90490447549604,3.49872194310206,4.15021314730538,4.15730052331153,3.65974140622038,3.84024593702093,4.23868967121781,3.85466839707595,2.94683541070218,3.78899234510876,NA,3.64910279563809,NA,6.11607509815101,4.91141236315944,6.16880772736091,6.48422289297596,3.62565036129747,5.29997405139436,NA,3.58762796778028,4.77803411135469,3.68462387656444,3.70353290866217,NA,NA,NA,4.044719643637,3.42961313673119,3.31831583572654,3.54507406665549,NA,3.29756936810923,4.1151119318325,3.31523352575557,3.60515053094063,3.19196523456275,3.57282772864006,3.69992606679263,3.4700297193641,4.53965148676658,5.02460433797412,3.54373959705348,3.44532212328687,3.79718885239638,NA,3.17863874594216,4.06199094137303,3.0753858843473,NA,2.32308130217539,2.95020273283625,2.64759833789484,2.45165601864257,2.73013608651891,NA,NA,2.52040166934378,2.66559942393983,2.900545798914,2.92402610432713,2.7324772673265,3.0804873174109,3.01682541179778,2.83228269211057,2.72957774646569,2.56978121548146,2.52115215424011,2.69115578835221,2.76319875727739,3.22666285461099,3.71759765765915,3.49539452299069,3.4495930541474,3.71323756486919,3.7854425178872,4.00732266613922,3.78261201878843,3.87128162778145,4.35212924107992,3.5836665527196,3.87013486341517,3.86007477833968,3.72756046402978,3.93346268776954,3.93679118232397,4.24670149173015,4.29560629032203,3.90218345728924,4.97728732032298,4.47286806231239,3.71638623959321,3.81981083181304,3.74875642750826,NA,4.6767929567727,4.49924454354056,4.97642174101998,3.80583119579121,3.66161470062299,NA,4.18553594029484,3.73283529381345,3.6708059971746,4.61299412254802,4.57812294576543,4.49355027936845,3.33343950842541,NA,4.25250262143439,4.45995229467618,4.03193310294985,6.0594449520313,4.2214332914128,3.84642749891884,5.15087100157347,3.9887705472403,5.55074092681242,4.63871623256352,2.92777271908503,3.82272722020622,3.23490782971703,3.2817268758833,3.36151419723294,3.92083393385389,4.83793863179585,4.20040596289446,4.10891954887922,4.53517558097736,4.42080497743295,4.38939251808861,3.94110155199333,2.45884652725671,2.69586960960816,2.87761198410897,2.51047286942008,2.06626266008438,2.46105984918205,2.28562416657393,2.23143079890894,NA,2.57731765732821,2.7681853327853,5.24383393807916,2.77545882570018,2.58856309521336,2.55465412035644,2.99984952983947,2.75772331604968,NA,2.81694637033277,3.46409642754576,NA,3.21840210963058,3.29837826798036,3.3254576875536,2.89780933821205,3.18988425235556,3.54981934149822,3.67022166370261,3.26459143166617,3.17267985309398,4.17600498197826,3.66864717338768,3.42731589571185,3.71834769936066,3.96222965146827,3.82789479500901,4.01209319167673,4.10204171289994,4.40340935827668,4.27530473147238,3.70025609689565,NA,3.21577653148542,4.15705997703422,4.07286577615017,5.12396697768976,5.83918727573821,4.14865961162074,4.88369658268534,4.94427994432938,NA,3.80052724269856,4.46395741626995,4.33593202055907,4.08625987686644,3.50190336210162,NA,5.00288430589173,4.48062024666977,NA,4.43060093878961,4.17324294546705,3.96315259140963,4.58439078815755,4.12187502891514,4.9557526140473,3.82247908913435,3.18673415321187,3.95659567150474,4.30523439457482,3.73394447555752,3.63494441995371,3.5350247903751,3.46186818102495,3.68998716546741,2.49880284295297,3.93161921318595,3.38757976694793,3.2745419591026,4.49023471713264,4.67645796536194,4.68922153613599,4.67294585488962,4.0052054383113,4.22081901701031,3.45362968055607,4.03302444723735,3.54420114406872,2.87599370890171,3.59119149857611,2.94896388898697,2.63063360520232,2.90576722208156,2.40973327337045,2.10035918005016,2.41835007946785,2.74723388451877,2.15440311279213,2.16049711492882,NA,2.40825266723856,2.62364306828998,2.76153499377782,2.71624356859634,2.80730095575,2.53387717785584
NA,NA,2.48775273935417,NA,2.38772366379049,2.14613598702959,1.86525449897988,3.08913983920933,3.47911833692758,2.69008656185738,3.91453646083854,4.1497476568429,2.09858620736809,3.09526606655278,NA,2.52822208132285,3.65358978745483,3.0356808678247,3.19235110343204,3.56551479562564,2.95412484032915,3.52137767969103,4.17856486987358,2.7363442122339,3.36511828571972,3.47320782733049,NA,3.40910776676994,3.13675663299141,3.50043046487685,2.26923538203849,2.99867534390493,3.11855589629129,3.17907233883667,2.98801480419089,NA,NA,2.77630868569169,3.02093347382167,3.12512894131714,2.84202371808275,2.67048054295311,3.05152538409497,3.00351992988654,3.46671389849733,3.02830989086045,4.40887017012808,3.38497673032504,NA,3.52302809355474,4.74039132196044,3.97497737744609,3.86462554104079,5.85283025417041,7.54206595054544,8.01530455984806,5.21935763496794,6.45401992767526,5.20902556525873,5.24544557209133,5.94119533462267,5.93824713425452,5.09388931273143,4.49264765431263,4.87690737742428,4.19336512125177,5.13174584127413,3.34055340190381,4.09278173876173,2.83191337109658,3.10650972601983,2.87024533891214,1.4791971492079,2.00998730920517,1.44697909306843,1.49338077593074,1.66535771906223,2.02070631049566,1.71308525452513,1.70698966075999,NA,0.992398054950356,1.6696306569506,NA,1.57364561938455,2.06747889196424,1.32829866715036,1.31052518906571,1.38462863528032,0,1.18752284753633,1.17232272550939,NA,1.54581569012132,1.17067640521172,1.55920287038857,2.30928129848493,2.18509959668113,1.73908711323614,1.8793799325227,2.63894377433419,1.82153012083239,2.35384119752331,2.05421256790994,NA,NA,2.4955487799762,3.16958008996854,3.64025712945746,3.34739959574892,2.42144762661587,3.29617065751039,3.17831843939097,4.09492334252805,2.66236263746317,3.44079951742512,3.27549194450389,2.60720595845798,3.40847548697673,3.60548383865943,NA,3.00149278189181,3.10577732927642,3.11647634625786,3.28852553620512,2.30198578861536,3.2213950867112,3.0058236297172,3.02351963137266,NA,3.6824671453984,3.84407271643087,4.26432357256586,3.54237224207994,3.17740493897751,5.45030215967518,4.40906602660879,2.83394037788341,NA,NA,2.95054324627431,2.92504517321545,3.19141321895364,NA,3.67610919898909,3.68789490226576,3.65913867067703,3.11825038812964,3.80216387181277,3.71158265213787,3.89471492197435,2.8467762884969,4.80468564269074,3.95676213840729,6.29966508742855,5.18013561271823,3.95466305937767,4.22705682634505,3.25301675179131,3.0494123930986,3.31290229226358,2.72409124819893,3.03673283680645,2.57416947910666,2.72519937931877,2.64552628049765,2.76988260188889,NA,2.65431046403746,2.36949284720855,2.4091665468706,NA,2.32209606375877,2.71440884252763,2.38856804885858,2.79133039051352,NA,2.12282846784957,2.31983683331965,2.79154134321206,2.50402961006821,2.84881359568015,2.44671906864472,NA,3.08686201208552,2.43733026720828,2.65665700234366,2.21677162950646,1.78758570566615,2.23536622698497,2.48406842344527,2.09689631040696,2.34732094332422,2.5425120441824,2.26216200123992,2.22456476654193,2.75060693269265,2.80898846181963,2.77995107033213,2.67238134139756,3.02030253723773,2.98182609268216,3.11267503078045,3.21990709210752,2.64061603134599,3.32837782587843,2.49384439530116,2.80064881454497,NA,3.56401119476449,3.01407853755334,3.57071064389241,3.87709601550851,5.01266324022884,4.8044400199054,3.80457892665926,3.49274047193016,4.73515899379312,5.23527506175925,5.25688163113429,NA,4.22101696876569,3.31109951887898,4.56612135760239,3.43759653814205,3.52168591824617,2.99872052927151,3.44224793321015,3.25697854939061,3.22960351030537,3.2951416827499,3.76583292755387,3.79992608820223,4.08376081429033,3.05980991563065,3.69371336713996,3.60933413009246,4.01495614913276,2.63840860037446,3.03656596755053,3.07314888429866,3.75315898984221,4.33229417411669,4.09067703974625,2.85673438101784,2.46105302521007,3.01268567464082,3.08516098867252,3.42680726260646,3.15130985615366,3.21963031188382,2.69419354682658,3.31910678459661,3.16295986139724,2.94959410392918,2.97914594434529,3.46487494395448,3.00573299736561,3.20807610680653,3.62397596848732,3.32195393081187,3.42495704405443,2.8785100529,3.32279733826386,3.3777282317996,2.90059354262308,2.67708713947935,NA,2.1464330203085,2.49627140188576,2.61203229862853,2.4183618685254,2.55040444055074,2.77484879398871,NA,3.65430564963924,3.79620869214228,3.46288951521634,3.24849848866606,3.40983753721192,3.45642799067229,3.32897893623593,2.69088188587685,2.80866261229871,2.8504540676741,2.87387148048515,3.35992360615514,3.42004656130373,3.02202882664311,2.41067303767859,NA,2.57227021907252,NA,3.5892028630356,3.70677633706448,3.05357114868531,3.0263584916951,3.49252369360334,3.6314111703365,3.44087775635455,3.17556675416626,2.82833550465694,2.82920206283927,2.64975690257573,2.81771735814204,2.60301221402908,3.01085531914548,3.5545139192989,3.05112638813813,3.38552779391063,2.96139020111011,3.63095391313589,3.65558742823682,3.1779007614951,3.39772526539927,3.71942117029228,3.27733112683015,2.40455727954577,3.13935167900899,NA,3.20240406906443,NA,5.79994479732337,4.47950551602554,5.91771777967229,6.17547771679528,3.15849912125474,4.95545947890243,NA,3.22653814672897,4.44316619445126,3.3005742198116,3.29323866170374,NA,NA,NA,3.75922205451362,3.15147297965847,3.06263984822397,3.0694316316038,NA,2.75856180384644,3.72058697760529,2.87145141119694,3.2370745879148,2.91942549147331,3.17584385650963,3.35763709620972,3.2356353991682,4.21213669032992,4.69416707103645,3.17560244316464,3.04143875278036,3.41252047226283,NA,2.89951913260301,3.58275464309383,2.79503596055759,NA,2.17042675406041,2.7728471191538,2.49558784542802,2.29583432694855,2.57276842626956,NA,NA,2.20642848087108,2.65039503001927,2.63586746364131,2.58821792898885,2.55301485085671,3.04886794543765,2.69449137461792,2.35819145109113,2.53140530174172,2.36605514149542,2.2845993379465,2.51505423991093,2.67706636129273,3.02376084396827,3.26415076604308,3.06782234942772,2.97652708183837,3.31379500809467,3.49187011459688,3.62788339138047,3.42497032690597,3.45068916763742,4.03930039815727,3.26476924654795,3.51544837625368,3.53316447877486,3.31142165901087,3.64532547371444,3.58807767847976,3.89923759378473,3.92652389302956,3.58246613693627,4.66238730000202,4.06190464780964,3.38055747881273,3.44561920041656,3.55215548577778,NA,4.56104882828311,4.26098032758254,4.72884142253962,3.53951177005436,3.34103797220991,NA,3.87632547496303,3.36689352625793,3.33148808403045,4.31404360412742,4.34529855911039,4.18240009147388,2.94803609720843,NA,4.02411571715912,4.25565763928861,3.84123123912765,5.74650282153158,3.83374544745141,3.69557263674807,4.88927960455791,3.76324878857093,5.38365553142081,4.4677648385517,2.64149499454943,3.78399762958549,3.25022693734182,3.22143977127497,3.22608092393387,3.69260405650312,4.57620087410076,3.98168926944016,3.95068724027792,4.27493393738761,4.06615996405438,4.03431413294064,3.6174810080629,2.37193256312497,2.41370698752369,2.59792324244916,2.18627945034866,1.9904111534964,2.22040373463743,2.08729841494335,2.23169552072975,NA,2.27242474248502,2.39011470784472,5.0042491431725,2.4113315476849,2.28583107731872,2.25458508698921,2.61787105325856,2.37182686473461,NA,2.48163003235287,3.05676660825536,NA,2.89627071519189,2.9481212230656,2.96931531939642,2.68968787415863,2.85366270560184,3.16205756376784,3.25509081449046,2.85129000509875,2.75504385308507,3.80296245693506,3.33270195500509,3.08943693375493,3.4385787467866,3.64488632993769,3.56267035566074,3.77640317475828,3.85643537972144,4.14134506351272,3.82021824319056,3.39766196674885,NA,2.6776204785476,3.88900074055496,3.82592206791929,4.89734967870184,5.65095004566083,3.96767158286535,4.64742032240046,4.74085572500521,NA,3.62005384945033,4.27601511971407,4.17002796157375,3.90141511100636,3.33778752812503,NA,4.70804743389423,4.20070724956474,NA,4.12919824686433,3.83729582964152,3.6373984030973,4.32011788856138,3.79678047988944,4.67270570950367,3.4924793187265,2.95870172507918,3.69294568848347,4.06658010311603,3.55772173362,3.54912597816178,3.39997705177593,3.27813807359292,3.4820365052896,2.42128943164441,3.71929820304226,3.0531611519436,3.09532721770613,4.23657208199664,4.48113684495018,4.45509686036906,4.41839526882311,3.73833829152331,4.02367901846401,3.1176304013238,3.70065905231557,3.29236570428009,2.60978179042891,3.27850791397767,2.6474661629524,2.37371316198177,2.5808328726602,2.14416682245511,1.89602077042769,2.13339018296489,2.54511882250007,1.99977158626282,2.05785260088506,NA,2.10532003707055,2.25209690890513,2.40631015065194,2.41046778347224,2.51085025088685,2.26584548510066
NA,NA,2.82231489763167,NA,2.86787498915098,2.42965493692371,2.14247234289822,3.45714249085186,3.74464098488332,3.31660543060906,4.51034119490159,4.7610240853159,2.72148779186409,3.69574522434838,NA,3.11378430190261,4.22392619678864,3.59401152722601,3.83648203682521,4.28476982245591,3.65800770221681,4.10149411720495,4.80981971735072,3.37393190839612,3.98086464881979,4.06818765177658,NA,3.96556081825201,3.71132921695306,4.0982665253303,2.92358102613297,3.53242865658957,3.58881983104869,3.67291162401376,3.54960830166876,NA,NA,3.35893100735043,3.53674500484282,3.70391928645827,3.43637416338617,3.34074058229968,3.69811459679051,3.54234044070769,4.12705865963344,3.72565548892258,4.88242026209894,3.94452263423722,NA,3.99519181694342,5.14962154312034,4.5299889678168,4.39113695847052,6.33127768685671,7.92704474702455,8.30762121148908,5.70540950743131,6.86715254770056,5.63192611234731,5.65209000435469,6.3476294910985,6.27671196317207,5.44499323233565,4.93425178932439,5.28613486524216,4.58288444954239,5.42856669124584,3.63770605934866,4.49217100552643,3.21162326008264,3.63333481497252,3.22839129987501,2.22234364329362,2.64507189825572,2.20393856681049,2.14490056170716,2.20706021279168,2.56162975081148,2.17544318381772,2.252940736487,NA,1.74330995221586,2.13411753816896,NA,1.83132542179814,2.20433447405203,1.43756135496994,2.1105701608649,1.33915284693286,1.18752284753633,0,1.13598166982999,NA,1.98445487663121,1.42427263324444,2.37780430142829,2.35556089557426,2.3051159071638,1.73722914359898,1.83205667712269,2.82966048973731,2.11860678883482,3.05493318855761,2.64926028572356,NA,NA,2.79400704904836,3.56875791720305,4.20097766518515,3.86842510940254,3.19606019812172,3.81656904676553,3.68207174682589,4.71315124492065,3.39225127774911,4.03102173682288,3.90829443832462,3.27611470358596,4.06207060128495,4.24661087671394,NA,3.63995378808998,3.66805507502043,3.60883984932721,3.70454249614507,2.86840771331169,3.8519870761214,3.73699569327122,3.66637870196021,NA,4.38202718567725,4.57311581573603,4.98142761053392,4.25257409096419,3.86679107853087,5.89523988676581,4.90881409981586,3.38123178336235,NA,NA,3.46999018419183,3.48699209129784,3.64533159840881,NA,4.2357631686906,4.17173450637632,4.13287393986426,3.63495003380943,4.25391928795067,4.24169647953902,4.40287497664554,3.53636777638185,5.40442317663824,4.50307220837231,6.72191783135447,5.62932344716691,4.447137137375,4.6223856690835,3.75243408223424,3.58468494030132,3.64773845920359,3.17707746737084,3.54174046983829,3.10422224545639,3.36837232884379,3.11338537810746,3.31598735141097,NA,3.18478468836639,3.00424212948626,3.04766639551189,NA,2.82065939280545,3.08571449375834,2.93844837072865,3.17562212444835,NA,2.66081322592535,2.91524137267566,3.15843739155796,2.94507610732932,3.22713046023071,2.81915162084844,NA,3.57355233382139,2.82651825782725,3.03329999929319,2.53795594477948,2.23038874159908,2.63724413787102,2.85927506687732,2.53452897854217,2.64026814594816,2.7982733447885,2.66013988642104,2.69276924590832,3.09958996607655,3.12306992964289,3.19145516104939,3.18544363805705,3.59452786645779,3.67956662941961,3.82657069204072,3.90978985373771,3.32856855605223,3.99414669896002,3.17644516349251,3.36034015752639,NA,4.26767594560865,3.76932522544693,4.22661271990035,4.46888491692142,5.53122441724266,5.27835962852732,4.22141871028734,3.99736816071552,5.26274374946071,5.6926770148699,5.74613690091594,NA,4.67697750219169,3.85007254461102,5.13057646952879,4.06478759840703,4.12633048028608,3.61141985377221,4.01533520154403,3.86859335391655,3.81867928971049,3.88060978921989,4.28012826040251,4.30330612836596,4.58442046262271,3.55628028124042,4.2668873055062,4.2524903095885,4.59625334613951,3.24439398674515,3.60719584667967,3.63659251131355,4.13438330918188,4.77313529790666,4.53078881236874,3.37306917088281,2.91272649914615,3.5574585213114,3.62100775721299,3.93556034396277,3.619902005652,3.69082064820094,3.23317728469986,3.85668069674056,3.69990085418059,3.51862811420357,3.34207722570267,3.7524121514492,3.49404670059491,3.65175767884387,3.99531893650191,3.69303307803772,3.82234360373197,3.28114130175382,3.73322332155404,3.822298052219,3.27190305617454,3.12752425534993,NA,2.57295791398892,2.75435416377587,2.7538700652418,2.6175448553247,2.87524295131212,3.08501819716624,NA,4.01635779263526,4.14794541819897,3.82619375771681,3.6277489739376,3.86830418806358,3.93088386184102,3.78000017674295,3.20142787022088,3.21917608809329,3.30684349088676,3.27792056609696,3.84551721426013,3.97469746227351,3.6170230407911,2.91192971196864,NA,3.18510908514786,NA,4.20451162037023,4.33156919855387,3.66995644248614,3.57799155384931,4.14324966290512,4.25241059628274,4.00639927735471,3.75438260613329,3.4741852868428,3.47459661034267,3.30172402627706,3.35031596811624,3.19862279629026,3.61028344776146,4.17211320760743,3.67080402401558,3.98090774212126,3.58241447738235,4.19829787801023,4.20688589681253,3.86609281569785,4.03337463263562,4.36377887469772,3.92636282766598,3.08058020716894,3.79111542732327,NA,3.82884550458471,NA,6.26251667460452,4.96487697413386,6.32717606372161,6.62966787390707,3.77434373402661,5.48702556878739,NA,3.77776592961486,4.91963030779415,3.9370534316595,3.9420483668831,NA,NA,NA,4.35985740838523,3.60826114822896,3.57556851393695,3.63801773131916,NA,3.36349999584872,4.34742836145222,3.45836954909374,3.76690141185971,3.39991350580322,3.76042019231764,3.81276483882276,3.83403524961751,4.79498118462164,5.1776655366611,3.61564402554575,3.59674160505078,3.98729767915016,NA,3.34614725058265,4.16589209855902,3.20627935185557,NA,2.50127869546337,3.11094692506816,2.83455211495803,2.47685830743263,2.76868252504486,NA,NA,2.40815642685746,2.6985791083653,2.7253373142607,2.72838416857281,2.65961946756304,3.29799038210073,2.99651654693863,2.81625111605461,2.73518619918455,2.61291300972964,2.52050694587677,2.76887969589921,3.0058206449466,3.40519845531574,3.69080464245857,3.60098739349014,3.50637977563034,3.86623316711085,4.11590499302639,4.25471340636188,4.05924185910241,4.07281238482929,4.62042081672223,3.80956564103618,4.14121987167018,4.11880955539256,3.89705651485972,4.19345496688784,4.17169361345344,4.44888065888321,4.5593281292793,4.15363578653597,5.25442084040168,4.6660454682808,3.96409525267637,4.03168130421025,4.08094154914781,NA,5.03733073089212,4.7600317791287,5.22830686401654,4.07901433691374,3.94657548340507,NA,4.46219497421658,4.00742473216878,3.98102848461007,4.94755984838595,4.85155123438799,4.79577808709507,3.61189828528396,NA,4.62440194557656,4.79739807680786,4.38440084650805,6.20500331068982,4.46562798561466,4.232198742486,5.40904778924335,4.38047495921905,5.84825928654596,4.95079492608858,3.29910972878447,4.26873681178537,3.71280385656339,3.67249500216413,3.77329184606642,4.19842123202292,5.0528739081543,4.50595270387974,4.47123225131619,4.77813946168716,4.61419593103604,4.57847677151511,4.15908098860841,2.86020571416773,2.94829763595009,3.12616409591803,2.5880847019849,2.36598163600567,2.75864420754044,2.47620953104845,2.50434462390153,NA,2.63643174895624,2.86546247728204,5.42651582502933,2.81927243995715,2.76969909000756,2.65405790806007,3.10392314955221,2.74723133046963,NA,2.88873568320534,3.43715128132495,NA,3.22273908122222,3.23317383465513,3.30254369058683,3.01239927933675,3.19663222282979,3.54133010964211,3.70606794741697,3.27998012046588,3.25201892814425,4.32211360486407,3.81676380599926,3.60640867922294,3.93714159244872,4.09875329490293,4.08735549376148,4.29314793796161,4.37749807046107,4.66203956717529,4.17933958523368,3.93700326113703,NA,3.06419479498359,4.39848951044494,4.37460058728228,5.40286912585847,6.14131683378777,4.47276095764955,5.1058594637653,5.1940144920556,NA,4.12943442346574,4.80525335453351,4.65963946369682,4.47123917189395,3.90910704538218,NA,5.24923808841657,4.78542167580036,NA,4.72053024955722,4.46885817049049,4.28547169227425,4.93603378706292,4.43693386162103,5.27571465954097,4.07741618063383,3.61360380831514,4.32066420303469,4.6538446692103,4.15874372004877,4.1098256647547,3.91573197295865,3.81011154611269,4.03945223619652,2.90549307536925,4.24560198340918,3.62287847388913,3.6716359124463,4.82411299325544,5.03380741502488,5.06181817291573,4.99491977673163,4.35578049703727,4.51439828877294,3.75306227669964,4.2564897823113,3.83212716613745,3.22213177284364,3.8815457470891,3.27614885191138,2.93409468596884,3.18046844953774,2.70982942850927,2.32951167545492,2.70633834948305,3.03952215327738,2.47557751777914,2.47786649303834,NA,2.63607631539219,2.72837983975539,2.85995818206979,2.85128542091476,3.09479238652958,2.86181994202666
NA,NA,2.75759399849859,NA,2.48428374689608,2.46600468983745,2.11512769030458,3.52471662733246,3.86358510842978,3.28851649364339,4.49573376817068,4.71317657159282,2.30831935993765,3.57186081659188,NA,3.00315828948321,4.1783417853863,3.51865276380708,3.70341056565244,4.11621629453126,3.45076556008671,3.95864238371961,4.59366519031113,3.09528543215008,3.74780929651034,3.82140273940229,NA,3.62102354538844,3.4289732962843,3.81768220109372,2.807181349209,3.25934189046408,3.26709909260906,3.38135130649004,3.19507403949425,NA,NA,3.12343294142017,3.31931325960945,3.54065307818005,3.23424540053662,3.09057790641686,3.40321481776663,3.45500129427865,3.91914907309695,3.39127632228428,4.81296917225437,3.7760865624292,NA,3.77845119052047,5.05449997524776,4.37303129152876,4.15823022364202,6.20849841263835,7.85520259718054,8.23320890400838,5.56559474668833,6.73691532163336,5.46785174727078,5.48702775942651,6.19071897924996,6.10034493401141,5.2850385609692,4.70672802864285,5.06227732832388,4.36763510594,5.27224743561004,3.46269381912567,4.3151412402871,2.93899587045029,3.36960184717285,2.85147516304603,2.07680489137361,2.47198450695987,1.95431821787003,1.85928453209281,1.92738894393886,2.49430054264815,2.03977880295093,1.8670953144564,NA,1.42310267826298,1.72164727053174,NA,1.61346750401895,1.69678407056053,1.30429444992723,1.88941250408491,1.26326532683227,1.17232272550939,1.13598166982999,0,NA,1.88359853786364,1.16400698431927,2.13422454997161,2.03584188426488,1.96679158853183,1.84916566771832,1.72569626735277,3.01970785691701,1.88619795685599,2.78561855670334,2.66611196425976,NA,NA,2.75288456749248,3.7277208371483,4.17475226528217,3.86136303252673,3.02088489947181,3.76613358726986,3.58289656324154,4.65826609659208,3.22115880887545,3.8924791093114,3.75791848373925,3.06446214450491,3.90873816023337,4.12568867678217,NA,3.42806711830992,3.54575215263839,3.4570289559444,3.59725607077452,2.67886491164313,3.70739012311559,3.56742017541552,3.47967496424537,NA,4.15110171646633,4.3615634483547,4.7057863614101,4.0598861495976,3.62104460367432,5.79716805196944,4.78236384484934,3.14364671323091,NA,NA,3.1511647403375,3.19404656148162,3.14547938798932,NA,3.87386719835379,3.95661989613611,3.88086979651037,3.31625956735294,3.9401061125436,4.03338187231227,4.22672491556812,3.27237376037595,5.29036597016144,4.24289327366707,6.61059760442244,5.54992712101545,4.26791464340054,4.45281198511126,3.51524220618214,3.29383212244815,3.33870727821814,2.85301098981447,3.23326132143646,2.69631522568226,2.89257134464076,2.81127190429724,3.06237964677982,NA,2.77714671150044,2.68132662550632,2.83854102155287,NA,2.56426353732287,2.90299611087466,2.61207822505792,3.00512438680579,NA,2.406083660166,2.46971891795581,2.78340059552545,2.7101736690804,2.86728058545464,2.43248877268495,NA,3.35480566757467,2.64902796261163,2.46340145137143,2.08651286619154,1.84569712153189,2.32638410254876,2.58891486570417,2.11045587828543,2.20636460597608,2.50817868004274,2.3624473631423,2.46477152170429,2.86766707393304,2.88454125662427,2.99741694035561,2.87737022434882,3.32482716409176,3.42070704857165,3.59713885753979,3.73179295326434,3.04488557938322,3.61931918809003,2.90441965859526,3.06400632934525,NA,4.02807328063608,3.47268543189762,3.96563839556972,4.23045503068313,5.29944618809109,5.06576152904206,3.93879770708519,3.6914815956147,5.09802546702989,5.51591016981848,5.54407566151856,NA,4.49532515577992,3.65508487955248,4.95078489396949,3.89565297085804,3.92769371686283,3.48370293805427,3.87695434880253,3.67018493423512,3.61523274203732,3.65444497621448,4.0720852161054,4.04403631179678,4.34108080840498,3.37085258758253,4.03577127582741,3.98168046156105,4.34132987336098,3.01328048171539,3.38735170128953,3.41835012854453,3.73985683199503,4.52818130158517,4.29005559442412,3.07979910660552,2.74917017765924,3.33243199471678,3.34500443990856,3.67770963817878,3.33672841162829,3.31881238879583,2.92202576350346,3.62168832582902,3.54493401865565,3.21069077726405,3.06934468883045,3.38628982057757,3.2271141238612,3.44698299659157,3.8818623664429,3.38220119812608,3.50110661828351,2.9118751734405,3.4432730569018,3.65181341029362,3.12458747371763,2.9810380429619,NA,2.37323489796585,2.47571499128212,2.49938414980847,2.47018283557651,2.7419709442073,2.998729472828,NA,3.77472588869539,4.06396963004252,3.78660990399445,3.5295739605822,3.7674507689157,3.79890582747632,3.53309353645957,2.99370634260647,3.0303810271902,3.13869383339882,3.16123435092249,3.65241931728372,3.75255012914661,3.39586895351631,2.64614290824489,NA,2.93599171664723,NA,3.96573440265446,4.08606342549542,3.35448046701732,3.29369329027807,3.96645292907539,3.99720168733043,3.72610130107989,3.56900430551702,3.19468270821453,3.23451660700811,3.04900966795458,3.11421097290821,2.99059716445934,3.4388172514572,3.96113628049026,3.53468467029893,3.78672208182362,3.34698402400842,3.97035304222883,3.96723822452711,3.56776722045145,3.81919934717703,4.11524284033498,3.69327136711366,2.84966184809014,3.61668759615586,NA,3.66959487139319,NA,6.16980294112126,4.92989225084057,6.199034182633,6.50201782847679,3.59028347696139,5.28248535239507,NA,3.66757777943263,4.8460695661404,3.74120835719093,3.69474918479127,NA,NA,NA,4.02454019793618,3.42369428134525,3.29899559889873,3.40611950840537,NA,3.09747467756266,4.10537254348008,3.22537345375124,3.52053570916361,3.09695334478484,3.57343387206809,3.67531291722013,3.57105607055284,4.61073212756186,4.99137652055499,3.51041629371563,3.38689088151736,3.59826945834231,NA,2.97084243396933,3.95543166201346,2.89899778010654,NA,2.21768536968742,2.74820615293641,2.57975524286829,2.27502972786201,2.49010575825304,NA,NA,2.25132684364647,2.64808415433008,2.64173011963528,2.49195895012156,2.42995846545331,2.79099178004215,2.65166701303277,2.4520101363844,2.22476571237126,2.24529913751045,2.22186647003387,2.35398989167715,2.76866409958501,3.30066715349088,3.49248208041734,3.33969999238128,3.28593831308557,3.60819173798544,3.81164183912444,3.92953749023435,3.74540368005583,3.8111324768554,4.38083592525516,3.59025767404363,3.89236550526101,3.88669271212441,3.6522348268692,3.99273475671331,3.9063638653179,4.19520747668829,4.21509602468147,3.88833991802562,4.96431202993483,4.42341972686392,3.70592155852462,3.79640425680789,3.82983411317328,NA,4.75437861917475,4.57031569737572,5.03759522406592,3.88825189109229,3.66726926625023,NA,4.22503893948722,3.70381649480767,3.67082334740326,4.63302831603721,4.61873826060071,4.48904505898277,3.29397016925038,NA,4.36194396125455,4.55291086101152,4.13180556753531,6.09580382328685,4.19463273563486,3.99090364604816,5.22441496195918,4.07532693579299,5.63170076750333,4.74666229610861,2.99966891610587,3.98523987178242,3.39442915325911,3.49100721798285,3.49955508617377,3.92198582153782,4.84993231825346,4.25112574776522,4.25170604725974,4.65117926519082,4.39217653224204,4.30222583468135,3.87842689786798,2.38138685614568,2.59384228889278,2.79723129463755,2.33007828305094,1.80741814316266,2.40665929144629,2.11539902973878,2.00941435757943,NA,2.251378857145,2.5684993076616,5.31254756112678,2.38534623019271,2.38519013822719,2.28388312869959,2.78048960020276,2.34784766193011,NA,2.56718649484496,3.07615156665404,NA,2.89698575452586,2.85785864143766,2.91535171194284,2.85394121440569,2.92187003197162,3.25074266986514,3.39110590411804,3.03939499053975,2.909584403913,4.04682461515433,3.49058478991953,3.33060077634671,3.70686920860068,3.82867579736698,3.84082612347194,4.0730435174924,4.14693234432366,4.46018671168548,4.16228499532931,3.65115168101139,NA,2.75758961948892,4.14026638139261,4.11817347620144,5.20661348076811,5.93551017195017,4.23145097301173,4.95194792669032,5.03454544470054,NA,3.88715642303828,4.53042233164479,4.4802210606491,4.2359289061599,3.60434276477109,NA,5.05620580582597,4.56305690200651,NA,4.48279965189931,4.20121869786312,4.04451304252402,4.76302038215747,4.1987581822851,5.03335174908026,3.87200349833371,3.38820480301663,4.07743663287483,4.42671586333323,3.93250506092195,3.88709683707332,3.75185019761321,3.61137108208349,3.81467183434486,2.33952154253407,4.08825366319774,3.40577809367576,3.29921542894646,4.59989917945502,4.8283467339078,4.79956026144854,4.73222801474294,4.0467242801599,4.31929345068803,3.48981397599764,4.06763328409065,3.55330674893915,2.86247465352071,3.67099823894153,2.97746545333126,2.51238873550589,2.85894133548641,2.34632760735659,2.03213040933681,2.47733886655683,2.78879643091696,1.9893116162889,2.11776022705029,NA,2.23738803286285,2.34045049705595,2.40131472781823,2.32097685426066,2.58048644286144,2.35462792277519
NA,NA,NA,NA,NA,NA,NA,NA,NA,NA,NA,NA,NA,NA,NA,NA,NA,NA,NA,NA,NA,NA,NA,NA,NA,NA,NA,NA,NA,NA,NA,NA,NA,NA,NA,NA,NA,NA,NA,NA,NA,NA,NA,NA,NA,NA,NA,NA,NA,NA,NA,NA,NA,NA,NA,NA,NA,NA,NA,NA,NA,NA,NA,NA,NA,NA,NA,NA,NA,NA,NA,NA,NA,NA,NA,NA,NA,NA,NA,NA,NA,NA,NA,NA,NA,NA,NA,NA,NA,NA,NA,NA,0,NA,NA,NA,NA,NA,NA,NA,NA,NA,NA,NA,NA,NA,NA,NA,NA,NA,NA,NA,NA,NA,NA,NA,NA,NA,NA,NA,NA,NA,NA,NA,NA,NA,NA,NA,NA,NA,NA,NA,NA,NA,NA,NA,NA,NA,NA,NA,NA,NA,NA,NA,NA,NA,NA,NA,NA,NA,NA,NA,NA,NA,NA,NA,NA,NA,NA,NA,NA,NA,NA,NA,NA,NA,NA,NA,NA,NA,NA,NA,NA,NA,NA,NA,NA,NA,NA,NA,NA,NA,NA,NA,NA,NA,NA,NA,NA,NA,NA,NA,NA,NA,NA,NA,NA,NA,NA,NA,NA,NA,NA,NA,NA,NA,NA,NA,NA,NA,NA,NA,NA,NA,NA,NA,NA,NA,NA,NA,NA,NA,NA,NA,NA,NA,NA,NA,NA,NA,NA,NA,NA,NA,NA,NA,NA,NA,NA,NA,NA,NA,NA,NA,NA,NA,NA,NA,NA,NA,NA,NA,NA,NA,NA,NA,NA,NA,NA,NA,NA,NA,NA,NA,NA,NA,NA,NA,NA,NA,NA,NA,NA,NA,NA,NA,NA,NA,NA,NA,NA,NA,NA,NA,NA,NA,NA,NA,NA,NA,NA,NA,NA,NA,NA,NA,NA,NA,NA,NA,NA,NA,NA,NA,NA,NA,NA,NA,NA,NA,NA,NA,NA,NA,NA,NA,NA,NA,NA,NA,NA,NA,NA,NA,NA,NA,NA,NA,NA,NA,NA,NA,NA,NA,NA,NA,NA,NA,NA,NA,NA,NA,NA,NA,NA,NA,NA,NA,NA,NA,NA,NA,NA,NA,NA,NA,NA,NA,NA,NA,NA,NA,NA,NA,NA,NA,NA,NA,NA,NA,NA,NA,NA,NA,NA,NA,NA,NA,NA,NA,NA,NA,NA,NA,NA,NA,NA,NA,NA,NA,NA,NA,NA,NA,NA,NA,NA,NA,NA,NA,NA,NA,NA,NA,NA,NA,NA,NA,NA,NA,NA,NA,NA,NA,NA,NA,NA,NA,NA,NA,NA,NA,NA,NA,NA,NA,NA,NA,NA,NA,NA,NA,NA,NA,NA,NA,NA,NA,NA,NA,NA,NA,NA,NA,NA,NA,NA,NA,NA,NA,NA,NA,NA,NA,NA,NA,NA,NA,NA,NA,NA,NA,NA,NA,NA,NA,NA,NA,NA,NA,NA,NA,NA,NA,NA,NA,NA,NA,NA,NA,NA,NA,NA,NA,NA,NA,NA,NA,NA,NA,NA,NA,NA,NA,NA,NA,NA,NA,NA,NA,NA,NA,NA,NA,NA,NA,NA,NA,NA,NA,NA,NA,NA,NA,NA,NA,NA,NA,NA,NA,NA,NA,NA,NA,NA,NA,NA,NA,NA,NA,NA,NA,NA,NA,NA,NA,NA,NA,NA,NA,NA,NA,NA,NA,NA,NA,NA
NA,NA,2.82738644930655,NA,2.99967000136735,2.42732970037662,2.23195611245089,3.0142986215646,3.36939388930139,2.93268508462245,4.1085283748033,4.35878576972513,2.86872760088713,3.64448813563769,NA,2.96236724183186,3.7679867164812,2.93752883636282,3.34349318173147,3.75619584742764,3.33997877987205,3.85062708286295,4.27892620941773,2.8134334816045,3.49139611403528,3.84460518807166,NA,3.76624294408904,3.46537033288859,3.73571424752559,2.6143418428607,3.39498731630202,3.56334105674674,3.60074933878877,3.46707455372565,NA,NA,3.1737376634769,3.43255565915277,3.47401227466294,3.21018537867992,3.18692576399787,3.51950666742379,3.60347439330461,3.89431885638355,3.66004993963967,4.82921413474178,3.89375577533788,NA,4.12925037021751,5.16320891238406,4.42897591945756,4.33140410758746,6.17835474544139,7.92801233915485,8.32902717158115,5.79779207974634,6.8440455008639,5.65751618162625,5.70028324969396,6.39785161291568,6.32494889234277,5.56645393377575,5.07566447754712,5.30394945391563,4.80274603909198,5.72844477668101,3.94912345556271,4.60988203884019,3.45118316154541,3.76988799576724,3.68847007967618,2.41089223354685,2.85726178876641,2.31322674406097,2.40662044510797,2.64979060932758,2.87567321109928,2.52153620695303,2.55484968060337,NA,1.93920011847974,2.58453186911482,NA,2.52903213203427,2.85990874554924,2.07742503799279,2.08182732767916,2.18387645487067,1.54581569012132,1.98445487663121,1.88359853786364,NA,0,1.81182503614868,2.20545723098608,3.04961999623709,2.8647367198658,2.05247036585415,1.99894072529617,2.45994931563811,2.4206762450366,2.91344807999018,2.21878783826371,NA,NA,2.47290043246198,3.22251847594506,3.80448487205807,3.6746065613104,2.86563978471401,3.50556507407865,3.44729011728958,4.23329158428203,3.1139560048589,3.67892866703999,3.52498496699092,2.95683225771192,3.60733131255729,3.90242697168975,NA,3.62127968578734,3.58419282748894,3.47543345556759,3.78147146880288,2.92824635062065,3.77749467451121,3.43371152576278,3.40568597808947,NA,3.92783520196913,4.24587898517411,4.61268489484647,4.01280573393879,3.69194974761945,5.66993941039656,4.76697283977984,3.31169690474844,NA,NA,3.56917268423262,3.59889838038717,3.90825733489913,NA,4.23143393651575,4.27116854917646,4.26114022912207,3.83275718372139,4.2382673788676,4.21552795874389,4.46529205004539,3.39129934237631,4.96783582408783,4.61091891920523,6.73689649170178,5.77137032668583,4.55838894908746,4.83466596581039,3.85484410084405,3.62502412039221,4.00177022209667,3.46853376850514,3.81483307084598,3.16683395239583,3.37793545494076,3.18922253938175,3.08684095152481,NA,3.39314029647988,2.89296752928397,2.91725045551316,NA,3.02100936136183,2.92724915370539,2.68323629613034,2.93651274138484,NA,2.48326144961318,2.82092337343309,3.05925806943715,2.67968677264586,2.89382220811633,2.45740116682079,NA,3.1799350713426,2.80701401257535,3.22717329678117,2.69011017549215,2.21451158697384,2.51601395334788,2.85306856389461,2.60243213273079,2.95794031316084,2.70003065796261,2.67056792183962,2.77730028204375,3.2682256820738,3.30122015450796,3.33602822260278,3.23072952962414,3.66033105228956,3.55269705572478,3.75538430910953,3.8024890482879,3.16633686793233,3.94780248554144,2.88882298645007,3.00735393350079,NA,3.85527793740555,3.53124229250008,4.05627921639836,4.27821485284344,5.42040391674206,5.13716318724777,4.32692062323488,4.01201026243528,5.16873668609125,5.64847175073905,5.68125608108759,NA,4.61701953661391,3.76319644096896,4.98164948411894,3.94186375162242,4.0326818595206,3.55918739005521,3.88567720260443,3.6098386252033,3.79790569569701,3.84754686925056,4.30141570916303,4.46210302039087,4.5962125057267,3.44589182048227,4.12263296641869,4.12166311115814,4.44794847461517,3.34380468689873,3.73520791400852,3.6092963938937,4.42409254816854,4.91325370755857,4.64232874675354,3.42807038074702,3.07653345359651,3.71978515234058,3.78406864366786,3.94086927397175,3.80034633354198,3.86433829950689,3.39726297468917,3.96342004964193,3.77110050378942,3.58632577639669,3.5691808396756,4.15708336248686,3.78073957231526,3.89115448013555,4.02621684524588,3.65284164819496,3.89092063238323,3.40209598677061,3.44443664621608,3.49945092877152,3.06260206836967,3.09719660026526,NA,2.72653623769521,3.06075804702339,3.22910560420721,2.88932775166701,2.69697007913023,3.00334300848784,NA,3.8699389325231,3.98458393617823,3.69131385088502,3.43024332220095,3.50434108063759,3.49360811721986,3.6946550049495,2.96221559266456,2.9998190880796,2.94582549721452,3.00373984773081,3.65706706613655,3.74976563860198,3.36522312029036,2.89356595852061,NA,3.04447716229319,NA,3.87241204832335,4.09067346645802,3.45907149059594,3.34013598599197,4.02904915799265,4.14778376613073,4.02909755085746,3.81728581080702,3.41245939911361,3.3597362687562,3.14508766636236,3.4305660667091,3.10072317689355,3.57494543279311,4.06869631431579,3.70620130067798,3.95453197121606,3.50600287041355,4.21698664068706,4.2768247441582,3.6908201884637,3.80759050203476,4.17829162402178,3.87854299663082,3.06979973163087,3.83185327745738,NA,3.58815006306392,NA,6.02116414796435,4.72262521101036,6.30124060260932,6.50052146430111,3.57474847181214,5.3244976185261,NA,3.63308267922717,4.82262422375401,3.89346327928279,3.73378562355579,NA,NA,NA,4.11039551093424,3.643064882993,3.69549939209074,3.6561841213495,NA,3.3376855661538,4.23398425286155,3.4131072819224,3.80444597646991,3.46921224965435,3.72658279059174,3.63980748191481,3.59523135788965,4.47061031186132,5.24012829683386,3.65840060480718,3.32449380171512,3.72571858283711,NA,3.32170232171407,3.85219673142086,3.28014400886807,NA,2.69016880771483,3.13082157330743,2.98392892932591,2.77833597518786,3.0192341756633,NA,NA,2.55074490743714,2.884538865124,2.93520024798102,2.90342276752121,2.83555234189805,3.55386995733805,3.10852774501548,2.79743576050855,3.21337233509098,2.85983294073729,2.74330394385772,3.04524929474874,3.16473792141224,3.3638633567983,3.73193710512172,3.51976953562834,3.32427518338556,3.67328126043556,3.84985731393959,4.00620841030068,3.82912279529843,3.84160659479204,4.34799621953728,3.69695091689792,3.92279479224359,4.01848325368128,3.75135470338612,4.07367442435012,4.05149098390028,4.3100503412686,4.39348431644127,4.03951184594273,5.14483755306869,4.55634840461657,3.86836466824149,3.80984034585583,3.95945975137457,NA,5.04441916612883,4.65125655421385,5.12150207592965,4.06072284596034,3.94979383369139,NA,4.32643684067096,3.88121604187776,3.85511760940999,4.85308250567868,4.80920062552111,4.67645386878572,3.55944843009626,NA,4.59813813539338,4.75322271085879,4.44103138745706,6.09305834153324,4.36014289246292,4.27796947959435,5.39692995285346,4.37325716830417,5.85713183314293,5.0065755879776,3.24351253862267,4.41791345208336,3.9440368551831,3.8180229750498,3.89428691108427,4.27703448771808,4.95523646779062,4.47274181641517,4.37656049540974,4.61220261487543,4.3342306170158,4.4640180372804,4.02281900669027,3.10086403205155,3.04922832895573,3.21254536613775,2.74613117882833,2.78102981924674,2.8227630434815,2.720189822991,2.92929233481539,NA,2.80344536726866,2.81299194578549,5.19755509438606,2.6421126220115,2.60346606801344,2.65911081325277,3.05436084364989,2.66022431087336,NA,2.8209870510447,3.3677930894568,NA,3.15429503541052,3.18488340442388,3.07184412255145,2.9555638709924,3.12113086482727,3.50332144679879,3.58654692807499,3.1754434085202,2.96245840203544,4.09167144372257,3.6638515921108,3.37994455956187,3.76715335019116,3.95348553692366,3.90059343913605,4.11629554351464,4.22182424041407,4.52217793130116,4.11328359581765,3.73767595758358,NA,2.89141622077237,4.10394809416464,4.16422437326436,5.23842733657582,6.0096348102763,4.33911339277619,5.03408614537724,5.14977402088533,NA,3.98911032800761,4.46358944269267,4.49626721611804,4.2958196997139,3.70841304191431,NA,4.76635007732163,4.29852002633995,NA,4.57400613214763,4.29689452371424,4.10792577756097,4.68108200864731,4.25041504171381,5.16038544978315,4.13085684404734,3.51354451756201,4.25937227763159,4.6308320929443,4.15196457355865,4.15445892842978,4.03419158778983,3.79236085323325,3.80654051370371,3.08475079036245,4.0134554848643,3.54848230688645,3.73560435025786,4.62067812717202,4.82619559864527,4.91815321872551,4.84916731917168,4.19652667813258,4.36120359630456,3.54024154874267,4.22336146822875,3.87796246689119,3.20862466292277,3.7134541167149,3.21774515145328,3.10321642153641,3.24276797168162,2.77027196465335,2.49618428015021,2.64970240194354,2.98973241733571,2.79348113731368,2.57281203905259,NA,2.60570919451956,2.71258103835332,2.82495340023204,2.83433992629883,2.80689718327411,2.68883556330007
NA,NA,2.63620325678117,NA,2.32299054568031,2.51031072083868,1.93479388303888,3.54957308280271,3.94612178290309,3.17649245885576,4.28634155054563,4.52236627865681,2.17515381280109,3.45124016381923,NA,2.96512318472887,4.10831056152349,3.48317332535529,3.68654213013379,4.01548439820004,3.33716055993803,3.87940588949216,4.49651479312603,2.96904482625759,3.63383805107871,3.68463850532394,NA,3.58737599891101,3.32464852624778,3.79135354422223,2.73573433977179,3.15036885389025,3.18087374058342,3.29470352631764,3.15439958823375,NA,NA,2.96656756563287,3.30183516433532,3.50132792944998,3.28092737585985,3.05929105230026,3.37442991487031,3.38379847453544,3.84687963382903,3.39725946810589,4.7428260235262,3.73957683607457,NA,3.80984597144617,5.09222556665353,4.27599396906873,4.13347646582082,6.12501398870925,7.77023333757185,8.25978481904867,5.52460584214511,6.67969116614126,5.43463623704493,5.43975155287238,6.14535708635767,6.20723593196747,5.40968417151305,4.72680648221752,5.1095896515908,4.40425772905346,5.36296471175021,3.54574534319761,4.40999135735653,3.05647278619714,3.38256358450073,2.87996768802366,1.83984078851696,2.42619576999315,1.85907105166181,1.74319653446282,1.74749602569135,2.3835294636155,1.962966609185,1.81782419517959,NA,1.20849242327855,1.81957942932529,NA,1.4185523828979,1.69892188401697,1.31515229493967,1.67292817599226,1.35967163592797,1.17067640521172,1.42427263324444,1.16400698431927,NA,1.81182503614868,0,1.80604078174309,1.74607219419427,1.55300954602373,1.89092506909214,1.84951111321363,2.80556204665623,1.5623306969418,2.57804175412068,2.38534784323557,NA,NA,2.62594399351794,3.64917915595298,3.95932115921993,3.60597936876276,2.79086588228686,3.59732402880852,3.37552517074941,4.35161980454145,2.88563234085416,3.70969621204941,3.58068219525061,2.82220665514053,3.68441582594716,3.93180247680632,NA,3.27905272826036,3.52667811967668,3.31662261018326,3.44281835854026,2.39008988940667,3.50367851244346,3.42759710929484,3.36874255845783,NA,4.13981588648682,4.29905997345103,4.62310617121822,3.94188155507837,3.48806533631266,5.67573821609787,4.57829697374868,3.07562835580182,NA,NA,3.12282944853028,3.17226350218024,3.26083745472913,NA,3.89179011184776,3.89170633978351,3.81136833357393,3.2803330419679,3.98613582987096,4.04979078513094,4.12674328132642,3.15848105050842,5.16619260366554,4.21552840646525,6.57226381455015,5.48699185229723,4.20213317529162,4.49329183612016,3.52958844681204,3.27312523663624,3.34860709688193,2.91208930803232,3.2935899324203,2.79375628422345,2.93161568709779,2.78034969262124,2.95413383750932,NA,2.70857603051025,2.29986010400382,2.62215632777636,NA,2.42129050550037,2.68236478817327,2.43178484610554,2.76377812840125,NA,2.16023575086846,2.47220695324974,2.88783748562827,2.86694390372229,2.87357577754895,2.35026857038558,NA,3.24175187399385,2.44952679306438,2.54157479461321,2.16841566754264,1.78448700212138,2.1231709770746,2.27149606191972,1.94661959748442,2.26301086138619,2.42912829570049,2.01709230726362,2.10326691028898,2.74463089926191,2.75061685743766,2.91252526410663,2.77229319154815,3.18341673376802,3.19918014567504,3.45892758412657,3.54913854372108,2.87850602864977,3.35912851430211,2.82358411400035,2.96459561220662,NA,3.60265842590366,3.06499942084932,3.7858567082997,4.17372391619206,5.23854051680771,4.96914307106378,3.84857916917293,3.55938867851121,4.97548183785012,5.46312300549934,5.49002348542186,NA,4.37803950948364,3.54098423400683,4.77905233677014,3.74843647435758,3.80483025422977,3.31866651452138,3.64617574135618,3.60865238141019,3.52837050968203,3.61357586972219,4.01848910624791,4.02169291244002,4.35779125293823,3.30343340184048,3.98303585676387,3.94330076859263,4.29638461173306,2.89493938492934,3.3405797381619,3.35568744784394,3.69948307593141,4.52168160522258,4.19862413495581,3.01732005045542,2.66802279027898,3.2306961674432,3.25742656547631,3.64284621343354,3.39311462139204,3.38031256112257,2.91221267530689,3.54688983158167,3.54233411181531,3.23521282682249,3.19499955169508,3.53853485764477,3.29356252672571,3.50469574231487,3.87675916009617,3.45570393096331,3.50422632876882,2.93120115103942,3.41900645347913,3.50748740655713,3.03107215182399,2.80649885968648,NA,2.19604308119376,2.45065805179805,2.45719899881616,2.37541328474044,2.58444027249994,2.90172265685973,NA,3.70420611765757,4.12602076133044,3.83713786948783,3.49955544635739,3.64706077400025,3.60923588072449,3.40902073404723,2.82286654143698,2.91586151285135,3.03229206929098,2.91150131882125,3.44763635220609,3.55293802997738,3.25614231946416,2.63758486545498,NA,2.75971823396949,NA,3.7711113171224,3.98823125928672,3.22025382020027,3.14717329385955,3.67941249263965,3.91941307114334,3.68940158326134,3.54608931287638,3.10105559573605,3.10922608050925,2.91013496660819,3.00789345736952,2.87614731022834,3.31660872322442,3.87646721448656,3.44018548363981,3.6360944871153,3.190120703474,3.91759769049866,3.86896873836477,3.56512260262754,3.85005071161987,4.05045341195783,3.62678418746984,2.77979302489743,3.5179635795872,NA,3.55686356499543,NA,6.13850109860036,4.92777189856118,6.20010166946149,6.51100027800431,3.55784007514653,5.27864904381828,NA,3.60943165721766,4.79381320050008,3.66039922043079,3.62972469391115,NA,NA,NA,3.99562116027708,3.31161496055636,3.28151247009717,3.343618632395,NA,3.08278821282088,4.07595461463279,3.16905998294393,3.49623874024151,3.10015755310282,3.49926376880998,3.5609276467706,3.4542873360134,4.51227147487219,4.86545850452952,3.54796331854476,3.38494533606086,3.6959844279489,NA,3.04424750392739,3.96888402564295,2.89080207044148,NA,2.22777322471343,2.81128693003764,2.44164619459905,2.18254991946709,2.38848655577711,NA,NA,2.14156917755686,2.59556566906901,2.56874692046961,2.55679298030561,2.30698041740239,2.68184050022351,2.49904771915359,2.27123496274138,2.31404951883024,2.14504557954215,2.10237505293006,2.33196541654188,2.54806613553274,3.07102227536706,3.37462586882497,3.31501413374016,3.22574359265342,3.4552786333643,3.58059353186735,3.72969455456831,3.5598105022055,3.64549640448423,4.12094614803893,3.30072920437149,3.59323298476942,3.72434938705391,3.51229508900837,3.8241277742249,3.70909158569574,4.08505835585119,4.05467681430821,3.70204384587304,4.85224462210394,4.39663370749856,3.60817561654931,3.71967564879937,3.67303639236712,NA,4.60172335256753,4.47784722853534,4.90210042397492,3.77891687845691,3.63267933859944,NA,4.22771353919157,3.70014360913763,3.65803905251658,4.64417543292858,4.62625907565597,4.47534792016934,3.21569699416662,NA,4.27674733908705,4.50242768873017,4.07378413230759,6.14736925409399,4.209388081147,3.91006056565425,5.18599157999968,4.02533007329771,5.61939137285787,4.73024852030393,2.90207062965083,3.88335758072708,3.35792657310123,3.49843127879659,3.48189382686133,4.01544043128952,4.88027047149341,4.22853293607099,4.16027277864846,4.64814444990236,4.441340834734,4.26182630975168,3.83856516252547,2.34087437492517,2.570321524316,2.81588359991901,2.44675091501918,1.88029298572662,2.31815940518003,2.01651763383504,1.9271679078766,NA,2.16559240964906,2.32854905304755,5.26833178066159,2.21499277417917,2.04072134120371,2.03982895327358,2.64865929193749,2.31083713830989,NA,2.38666592517836,3.04083781811107,NA,2.8665676378916,2.85970407892774,2.93864620081206,2.70160074109289,2.8696982093244,3.24102586740787,3.37881659447761,2.94391573986908,2.81663237353176,3.88063215650652,3.26882644063848,3.02716231636016,3.43775008560419,3.66005560585133,3.58251750561105,3.77642845926173,3.8442476972741,4.28234386961698,4.14498987979886,3.3677757835277,NA,2.59527953993548,3.89136191506496,3.91411036679053,5.14601322619481,5.83704267744916,4.14645823133515,4.95654855333968,5.0748708779418,NA,3.81144507898231,4.46532347791186,4.39108468864203,4.12573966345421,3.50725999761971,NA,5.03183924780298,4.51858883045248,NA,4.41244302796897,4.10623414897794,3.87933758671002,4.5935547421829,4.0292705458426,4.93335475946852,3.75177379383445,3.21025954456733,3.94622178720477,4.36264663721807,3.92847881942408,3.88951570104915,3.88867913526922,3.73446814614777,3.91397264425391,2.46291917348771,4.11369845407425,3.48294379232196,3.28799078964399,4.51626733975064,4.75433419456056,4.77601246437892,4.70266636305286,4.00929951538597,4.25885417547684,3.53320353204268,4.15743420332337,3.65275160689363,2.86824847029144,3.68832119655077,3.02478319281079,2.69750487757824,3.07816637567305,2.5441238363535,2.14755248040132,2.42264825068978,2.79095131508504,1.9994271562284,2.07124008988979,NA,2.25295188317083,2.45812270377427,2.46149878628508,2.4132393779167,2.71390180210652,2.34328058789663
NA,NA,2.73504843097609,NA,2.46306875536593,2.74551663710764,2.26426047362212,3.47640047875227,3.85892869855174,2.67994279619164,3.77653012382661,4.00904083307951,2.08823698558484,3.07359338579791,NA,2.70322559005108,3.44566735625024,3.10817330691617,3.0522714323044,3.18380927001124,2.47473034127709,3.19287223900782,3.70198288898424,2.26594450269516,2.7921861611606,2.9494204793751,NA,2.90653156877148,2.5967926638249,2.86903798354718,1.97364134081953,2.39828313612188,2.57191722105837,2.71765804315821,2.42816373093705,NA,NA,2.24127955155265,2.5851141108536,2.62691608439702,2.37348504185675,2.15260215568083,2.46310198589383,2.47998550292434,2.96620810069324,2.75924719126441,4.10478331225315,3.10305728552757,NA,3.42318472504873,4.64033993502569,3.57042107266959,3.51163514777702,5.39616541919909,7.1566820233647,7.74297694393147,4.90027972048195,6.14287757025631,4.98747251742743,5.03068052686127,5.71367293122483,5.81242739806819,5.02450093147565,4.36256966699645,4.75290024651839,4.09902418395552,5.12000641328302,3.34163611681438,4.04450852031417,2.97252669739139,2.99675516728509,3.11897912391911,1.49347272307481,2.14333365895766,1.50614113865897,1.82645061986849,2.03372014987361,2.37006286235462,2.07824802513286,1.73531758143912,NA,1.18900265379597,2.0505355141308,NA,2.11467476309674,2.5578538040221,2.20707828608733,0.638882905091731,2.23718339561924,1.55920287038857,2.37780430142829,2.13422454997161,NA,2.20545723098608,1.80604078174309,0,2.81155467187777,2.67780784538102,2.49513594540125,2.62006554700922,3.07680029045381,2.20179822928145,1.23396444643212,1.90827053999354,NA,NA,2.72577825558532,3.42972575921486,3.39746532289014,2.9906420311196,1.20003547775454,2.83292911667101,2.73832662612551,3.6208366998953,1.89676487845797,2.83924145009401,2.56837809545155,1.8822318393471,2.57661999823595,2.87600407512489,NA,2.27162959432828,2.52155146831685,2.68063012788247,3.02103557635108,1.71249730937984,2.45337885794601,2.09148028352557,2.14316315394996,NA,2.89769616253104,2.90133165515333,3.32304683357615,2.53539306121335,2.2707530134264,4.95054247497847,3.79324613346174,2.36114293026352,NA,NA,2.47209953761879,2.46822031079137,3.07711061854614,NA,3.32349648733581,3.32988031352689,3.32606341267561,2.83067981469573,3.45012347773611,3.35002393842971,3.58341404249998,2.36732114408066,4.44978454548066,3.70149985697553,5.91178849360016,4.78432757379889,3.60343840736776,4.13737607074188,3.13309399961899,2.82210407845345,3.26039726968602,2.86601364856983,3.14713440363057,2.58146606088494,2.56565974323945,2.68499885880758,2.73067358540065,NA,2.80872187405761,2.41817651985484,2.33817204559605,NA,2.33319079027135,2.71533738188658,2.31046542509915,3.04624792523595,NA,2.31717516009992,2.39853630976424,3.01382764692718,2.84691772967166,3.11787121489168,2.71588647877935,NA,3.34538535013933,2.67181436302864,2.99947005089246,2.56184342438398,2.18751408956717,2.50403717335504,2.65530909574633,2.33122489801251,2.65837349129164,2.90183228186214,2.50456085885612,2.30421049994377,2.92361591291135,2.95627249017016,3.00438393528112,2.66393680148956,3.02298833760559,2.68206373215062,3.0224653730769,3.11606481678896,2.46296148069192,3.02765794505595,2.35070616922951,2.60409550565147,NA,3.09268630045633,2.47423277119236,3.15200909020291,3.53174778852099,4.61870705250907,4.38861097367017,3.46874493990355,3.15737751264097,4.16626241743955,4.84670465988422,5.00943754026476,NA,3.77594539865046,2.85465459493316,4.05726709652841,2.88547259742048,3.01532080526017,2.67056643847381,2.99135456513397,2.84319024721392,2.87463323227066,2.98534975849542,3.29937147187273,3.42371593514032,3.73048993322235,2.72423456679068,3.26083335440694,3.17560585125734,3.56216815505234,2.40403398701673,2.88510997886006,2.67534880929369,3.710077566889,4.17541930553579,3.89246710033492,2.53756116439426,2.43339462076045,2.86699158927937,3.0311697886574,3.31189636621094,3.13331370751126,3.1408921668814,2.62351493190067,3.10717222618438,2.86691363106727,2.81082674982309,3.0006298991686,3.55544195019035,3.04711691862871,3.35650479890622,3.81166316882292,3.33738208165781,3.47435248903869,2.97965779666709,3.42771186531872,3.31860295004968,2.94032651954917,2.5212937668051,NA,2.24344846967569,2.69442973824295,2.88895071136553,2.72132216510945,2.72169470866389,2.9185132137121,NA,3.707844365161,3.91105480475075,3.63164572236897,3.30393940391615,3.40399665646912,3.31859269416376,3.3066686300071,2.66652839698132,2.73058951606778,2.79053383518944,2.76438078917371,3.22454929483418,3.04325146067761,2.55809465278762,2.16961993996611,NA,2.1047585387441,NA,3.02026806830356,3.15263098885805,2.50489788188598,2.57885957971346,2.8972351322195,3.21267116529738,2.95203550599457,2.61463695881752,2.19272331824758,2.17778521790047,2.02391045855075,2.38422492879615,2.03271024047795,2.40102002073329,2.90412903852389,2.47894994638447,2.74723544177026,2.33041391921977,3.12720675644094,3.20241033778842,2.65233775331184,3.00969732771571,3.11651970167943,2.71888427473115,1.92470540000991,2.61898282023503,NA,2.80250333508731,NA,5.37747683932021,4.16462159821401,5.64817809388996,5.78489518493917,2.68055449682133,4.53830983848222,NA,3.21232529066238,4.20269192693613,2.90783464340032,2.73437814518301,NA,NA,NA,3.32988136192299,2.95927963906166,2.76673946759492,2.53526355768072,NA,2.27115089396035,3.21634770168684,2.2873309288095,2.84607559183216,2.69086437034699,2.75720138074797,2.89855539075554,2.85087571176967,3.77228428937925,4.41448822503452,3.02162099074083,2.95453539927155,3.29155588230412,NA,2.48503758082455,3.4877904625331,2.49357188216409,NA,2.23184309567255,2.61733428057428,2.49080405777502,2.44817650940978,2.87635924642491,NA,NA,2.53226456494569,3.09853101765151,2.92165496362839,2.84414176318533,2.76267428480253,3.08508875440072,2.75330369617043,2.23138324177888,2.72609824253137,2.47698160180017,2.38750478057399,2.66761444171926,2.66841966742881,2.72459749130689,3.18607550274492,2.88404349159165,2.62154292335578,2.7988021117207,2.95663878059267,3.11818016023989,2.84476099647414,2.95476891092503,3.54871850851259,2.87235153102028,3.01856770782563,3.05201229330621,2.85953321400275,3.1831381259899,2.95407443098342,3.40089654895576,3.26927662763482,3.02353465449121,4.12427921089734,3.57460123519525,2.77936671182799,2.96020375642336,3.01388606558031,NA,4.17014779477213,3.80058044702886,4.20942022865262,3.13433199115512,2.92571412626334,NA,3.53691615561303,2.95381150594951,2.83912670518957,3.87767575353507,4.00504476974226,3.66387824120497,2.39276585685656,NA,3.65065454833083,3.85795461917861,3.58467639410545,5.54330135831682,3.38567142792981,3.41875650961698,4.53514581611116,3.43941900159911,5.09549654912786,4.35911032162553,2.20823067700358,3.57540423425484,3.25951511997126,3.20466556684067,3.10317602226238,3.59336719327606,4.3434774460501,3.75248622454359,3.70485799602374,4.06285336476003,3.85944481040511,3.53070236050565,3.16079368974035,2.28577171629028,2.17743665708718,2.29825714235025,2.25017984290766,2.1572804261006,2.03816461454913,2.03620386274155,2.24465279318379,NA,2.12735699679959,2.15810122935836,4.71581781514446,2.35872854069243,2.0272053382888,2.07994557131281,2.27536055981413,2.26971339796567,NA,2.31836352472346,2.9292689224775,NA,2.78828140118529,2.96044615326255,2.90915212948391,2.62355109638641,2.7131500190786,2.94739354365988,2.93113453756797,2.57891291941665,2.38250837348205,3.38613098548069,2.9199236097242,2.70722627401198,3.11409177317194,3.27544830449837,3.09155087292867,3.34303458989139,3.47409710392219,3.80358721694338,3.75963210093022,2.91604167199497,NA,2.58062332211317,3.53248177569738,3.41450876497612,4.59941911954808,5.33649997417026,3.67490612938815,4.46009100302891,4.63657879728176,NA,3.29459093317146,3.88498111225898,3.8820524933754,3.48315713013544,2.94489088834594,NA,4.379607587956,3.95277780591813,NA,3.71764700673551,3.28143885790945,3.07990296680218,3.87556976708165,3.25479594193771,4.21725473503183,3.00485598475542,2.51123188246607,3.26436256364374,3.65755878418477,3.36017052591306,3.34118365490278,3.41238857724318,3.22490758079697,3.2785521275784,2.47206037684262,3.56182470166325,2.91213420821586,2.9419558829898,3.8779338882959,4.18177201803123,4.19723930596126,4.01218940423089,3.29590395909931,3.66023701618733,2.81681890392058,3.49326979155334,3.082245940238,2.24372962749683,2.92473801040416,2.34101847380654,2.25603749195028,2.58491231337354,2.17637673098534,2.18109078114265,2.03468822485095,2.52756030295569,2.21604975103382,2.13513987484649,NA,2.11624954385787,2.26917393161892,2.35723314218577,2.39002243430667,2.47516805897715,2.20172469215906
NA,NA,3.36052120907074,NA,2.62469275086414,3.20069452267149,2.8468428598168,4.50202038285762,4.81363932882268,3.96296513996856,5.02939940634613,5.22287225114116,2.53119703737636,3.87960787551231,NA,3.58545880512073,4.98837205883631,4.32193981645764,4.4553659244435,4.71560960098568,4.13464454700493,4.32181883340266,5.20000871902274,3.89248251171205,4.51209796163015,4.52916724996055,NA,4.40411754119858,4.21751754250097,4.62509325549873,3.68106505774749,3.98496673117795,4.00894415011464,4.15138259749252,3.97774744649634,NA,NA,3.89272562453687,4.14103732337437,4.34970014467483,4.14208354579282,3.95549600319138,4.23280681777717,4.1543133940483,4.6289518653096,3.98063084274248,5.20488389122248,4.45895124863184,NA,4.34406216905773,5.55619406575823,4.83729995257731,4.75365451279332,6.64518028933289,8.27794944754646,8.61316444027944,6.0352276667494,7.10238224156014,5.89810770648328,5.90785738932241,6.63569604928636,6.71994298214859,5.97931417947667,5.37602551683757,5.70150591751384,4.89112233182346,5.68913144698589,4.09235343717215,5.07671138293488,3.80547213482789,3.92365336831719,3.11685574754303,2.73105350910949,3.10104820381874,2.7314723171584,2.57423256535625,2.57670482591685,3.13471970640383,2.82210505499103,2.53507182987799,NA,2.2599382912362,2.33056944638296,NA,2.07392000782663,2.33315415887431,2.13983628346806,2.66411718542513,2.22015961872987,2.30928129848493,2.35556089557426,2.03584188426488,NA,3.04961999623709,1.74607219419427,2.81155467187777,0,1.12913046976832,2.65347633323235,2.75037746276029,3.90267051797144,2.52784823240484,3.40849746677542,3.42820518117736,NA,NA,3.32597642352839,4.62551492837077,4.91388099316476,4.35034494751768,3.70479920030827,4.42667486182679,4.24463894135352,5.15312440274078,3.78534654473827,4.52967778538672,4.42226451555835,3.77706643786343,4.64625641950667,4.73715792037717,NA,3.95893018206876,4.30409506943929,4.08417686657246,4.07775062517752,3.30204303800525,4.30230007735585,4.28680706458827,4.26083140066246,NA,4.86659110264659,5.05627230585937,5.29234880836621,4.60770524102612,4.23887208549196,6.30934578852925,5.26159397338452,3.75415405148547,NA,NA,3.77250991068454,3.86444718792389,3.65156921771595,NA,4.41596022211735,4.31249070600788,4.31396127023761,3.77020761317457,4.54205974783562,4.63034067313646,4.6495075715918,3.88903148522991,5.90050296451786,4.67391959165383,7.04407023605428,6.01524236244001,4.842680746191,4.93719854540043,4.12310704060885,4.05947369651556,3.76094132139196,3.48313051790881,3.72383744918695,3.44612856268432,3.42512959785843,3.46724952138667,3.74621302144983,NA,3.22247491984985,3.16022508747424,3.26217970120984,NA,3.1145989113704,3.64886325755351,3.41133050981121,3.72477052583309,NA,3.02294628920843,3.24635975050685,3.8022824719982,3.78129398276883,3.64477613845226,3.35584845910147,NA,4.2697834242974,3.20085884240286,2.8834241707883,2.74249844816209,2.57982085805047,2.91911920363424,3.03853951333897,2.54769782498961,2.64341485928208,3.0867006003454,2.88547931526869,2.76931377819723,3.0283808187947,3.15954826424539,3.26166372952601,3.34347520317641,3.56558446603585,3.8157561236391,3.88288784371515,3.87736102966017,3.65238418290336,3.67595943656707,3.55687459802,3.85384813966569,NA,4.31947032700129,3.76261589253412,4.53566960462289,4.97330899708499,5.91133075607461,5.70597883846112,4.57158854787682,4.30816944013496,5.57452455843865,6.15919488908239,6.20850480253714,NA,5.08236158534045,4.37520517319589,5.43189354028226,4.46008413227443,4.42658771099155,4.01896454176211,4.42561359245,4.38304956293159,4.23150809038795,4.34980355483452,4.69923255076178,4.53895775720662,4.92025243733191,4.11859378651708,4.52640060608818,4.52246429370158,5.07108490625054,3.56304125226621,3.73587006238236,4.0871463752821,4.09458924687809,5.03310392518623,4.69242131408821,3.82656515875444,3.32973325487979,3.65344099660026,3.69816627109834,4.30265722758128,4.00217134686738,3.96506049738285,3.55093080719491,4.12182999178388,4.26239265772173,3.8561996978443,3.81949178489254,3.88025734944054,3.70013149297052,3.91960640999534,4.31703152159255,3.97267795443935,4.01513064349873,3.61383617161247,4.12200619386013,4.30576213176933,3.93611792770853,3.84922190584301,NA,3.01769738996864,2.99946455227568,2.88292640013779,2.98210625436138,3.40963946942911,3.87841479779251,NA,4.15941941294038,5.01901507568867,4.79512207203698,4.45669554875843,4.53222321700097,4.49073798288748,4.06071779118641,3.7712377206003,3.81621814649109,3.96828085633104,3.9381800618011,4.22649689227627,4.31577574019863,4.06327349867576,3.54151703947373,NA,3.65292740521292,NA,4.53245067398151,4.74081598490526,4.07637088512198,4.09420391790786,4.40002694037046,4.65231653780658,4.28556838674389,4.18677809605934,3.85810938222783,3.8604920977358,3.79349404469616,3.75367463037485,3.74669026992502,4.11070891451536,4.66290642695251,4.0728998709246,4.31842751411637,3.93659207041421,4.49184515155202,4.29857126802375,4.22558180119577,4.56490479875672,4.70721551689112,4.30066427814251,3.63029601200072,4.10482762212237,NA,4.3979573317119,NA,6.76612293676425,5.63330553352931,6.66537020823675,7.02784483107918,4.30654028964199,5.95342434666866,NA,4.47712717303282,5.56359770648408,4.33551993011568,4.3163423608718,NA,NA,NA,4.71880074355376,3.76721331955061,4.05198058353468,4.13388091203481,NA,3.8851911814399,4.9323446396408,3.99749133173478,4.15430965728641,3.7912968171377,4.24172288123414,4.43490773913318,4.11955550515183,5.0717567158629,5.55193613872483,4.42812311113762,4.09745471202068,4.53559634504868,NA,3.81754182338973,4.66159680799089,3.6166091080012,NA,3.04662434824254,3.58609098775931,3.19355248864928,3.03481809509035,3.17588770955389,NA,NA,3.05891873127854,3.54012701435098,3.48973102105434,3.37297799184032,3.25167936195946,3.07607415778955,3.2077321454191,3.04715618460537,2.48985336569773,2.87450253070416,2.95989882461698,2.7799712775299,3.26154152244991,3.95695299537627,3.70327595673956,4.15022387617173,4.04734677786376,4.21196214210118,4.4172184450194,4.52637014676795,4.36190896346808,4.51786520812783,5.00547951862794,4.20599061322503,4.43300446045922,4.45557279182896,4.41549743067002,4.64999062564398,4.42986635384848,4.79930930313852,4.612235820838,4.45459208439519,5.44581895971254,5.02267513487017,4.40408524219922,4.5407049859838,4.49904339196912,NA,5.35297799799382,5.20720496840471,5.5441561292955,4.44109890086638,4.24366756332438,NA,4.95268835080084,4.47517283696284,4.42593008431975,5.25076505296013,5.34424702148545,5.10398523617655,4.0047871996506,NA,4.79881663519137,5.05001885426088,4.64028553383532,6.69339988107162,4.89214713201218,4.59489401102277,5.80284719943666,4.65033445316279,6.13821767501091,5.30840571808768,3.69643028691272,4.39125566447419,3.91945560137095,4.24346820877364,4.10784697946681,4.72564476042492,5.55252844143337,4.93167887070341,4.85400215580964,5.38265281041883,5.19276914579715,5.0184172727813,4.63303845536503,3.01443099975099,3.3131344859948,3.6278986696005,3.25460478608957,2.44983987032074,3.22083409033078,2.85085513806614,2.39612093319749,NA,3.00774774483637,3.3453590626673,5.96240764727255,3.16758393820378,3.14686012702446,2.96650276874027,3.42304127190204,3.26115969245845,NA,3.36113779447756,3.92797502133212,NA,3.83455322219631,3.74161270178705,3.87628483692299,3.72308179683713,3.87221794294231,4.06197439483652,4.31506283247667,3.88867805471062,3.80949883606563,4.76010882418823,4.20896399075134,4.02948466266422,4.36531509005451,4.51855852264104,4.42046944651126,4.6169461995578,4.63283708035953,5.05563294637671,4.99129215619383,4.22808571773226,NA,3.61912840945974,4.78423990105366,4.70793130591151,5.89076145615708,6.55248912236951,4.90432881975314,5.693761843,5.83293604555861,NA,4.64787131150334,5.2341252820309,5.20738200746786,4.89348474241761,4.32410816426687,NA,5.80047613614923,5.31218028636505,NA,5.19625172303838,4.82319596966251,4.6094292867162,5.28568903899104,4.75843868596382,5.61156857781061,4.36725807722875,3.99022797260812,4.52743723129396,4.98232459977013,4.62177370735832,4.5352079617036,4.58503534094633,4.46993588322126,4.69226459741398,2.96233852477146,4.922532174385,4.29219138331625,3.82408045494446,5.21506779083104,5.4658585905668,5.47171630113989,5.43283982833437,4.77472578551769,5.03693243209381,4.36070615950025,4.85845323707951,4.41397036057661,3.70731214087866,4.52156468331454,3.90298997932081,3.46954181456841,3.85600387872067,3.44473921406856,3.12426328434619,3.47270588000392,3.770142367878,2.52417984936476,2.97648371007104,NA,3.21176298385383,3.41374980362283,3.4132501518822,3.25774182002512,3.62713448123506,3.2407099809003
NA,NA,3.16544103003275,NA,2.4712680035985,3.09422576133502,2.66590904767845,4.23703677153912,4.52737944598204,3.66837861520775,4.73504117750085,4.97055951798137,2.35547260424165,3.84466122659339,NA,3.55642901780011,4.86020659913794,4.2320389940416,4.25950269513944,4.56547201322821,4.0207380915899,4.33602970368096,5.08931199869969,3.81553135482238,4.43778852164913,4.35464059866021,NA,4.29187391408783,4.15364091309145,4.48248710835189,3.60046356365164,3.99784901501086,4.00660768488178,4.1270827070155,3.89522947706902,NA,NA,3.79862004642851,4.05843683213434,4.2434964352722,4.06294512257132,3.85054026363213,4.13830045702221,4.06367902127806,4.50197801336512,3.83277339384074,5.09155223771619,4.23789281188296,NA,4.32599384289905,5.46544199628298,4.7396338849723,4.67399587463827,6.5425603209459,8.16033627512871,8.58044959453901,5.96363680616077,7.0218042880659,5.776158256897,5.81317406688243,6.53034246305299,6.59928071699155,5.83967664294962,5.22684244022298,5.58671117141461,4.80965509805363,5.68804162075552,4.00402938493714,4.85269551416404,3.61856505814775,3.77383174128871,2.96831226604154,2.58540230768957,2.98262157769002,2.59877840594913,2.45577493426436,2.43048946903225,3.07598890350806,2.76993607016397,2.42820842823565,NA,2.11379995352836,2.22092071153785,NA,1.97941143767426,2.1302292059576,2.00730076018058,2.54588244206884,2.04451066931722,2.18509959668113,2.3051159071638,1.96679158853183,NA,2.8647367198658,1.55300954602373,2.67780784538102,1.12913046976832,0,2.43119047090746,2.55685469923556,3.6095055289527,2.25113979803914,3.32662060727991,3.28393751905821,NA,NA,3.28237672508758,4.48991836672341,4.67812766372923,4.25123968564158,3.58555201601953,4.3621629183653,4.17285114127148,4.9625866119826,3.62879974810663,4.48692386004236,4.3218921717981,3.72324630079422,4.48796894863818,4.6266304640292,NA,3.81100011506708,4.1468073750954,3.84958960955075,3.88055762448712,3.18656923241287,4.13399453710707,4.10921889302528,4.11572620153953,NA,4.73788349993806,4.91053820754161,5.11747496385693,4.47210382237496,4.06623042915353,6.13745597630364,5.11300035956037,3.66000278397891,NA,NA,3.8413657895884,3.86640925379255,3.75278713495893,NA,4.41005333456081,4.35115482107156,4.24575685010737,3.81931551207419,4.51913241250103,4.63564058609222,4.53119263850115,3.81987898346493,5.70965307902046,4.56628966680358,7.02760603627517,5.97142091653733,4.73409304312263,4.92100604671796,4.07788099520203,3.96750888358605,3.6463445140078,3.39834726384869,3.68089704707309,3.34179196471267,3.28831877399628,3.24577754020576,3.52869518560488,NA,2.93075550280411,2.83882762999213,3.07412826664437,NA,3.01385416882373,3.41065797135225,3.12784508435129,3.40588463920371,NA,2.7082589940945,3.0906806448048,3.64132094633901,3.58083889309858,3.3856678393132,3.03212842205879,NA,4.14812491938676,2.9518810131861,2.63646111510109,2.56504833401152,2.46822703055726,2.78946057558523,2.78164260231264,2.22675910957408,2.4271277501064,2.77285979146282,2.66020233967031,2.62231224735066,2.99775101745582,3.03172891081882,3.21588202501318,3.20904475198327,3.41553654797597,3.7233435466214,3.79854676377653,3.8439798291046,3.53729715028175,3.55720657027402,3.4246588878769,3.77584562788094,NA,4.14244933208731,3.58498101094489,4.42117892023166,4.87095569258384,5.78915304623357,5.51737842273408,4.35386485596815,4.11688276169443,5.46608834739381,6.03647693243261,6.06729352247684,NA,4.93624586718097,4.20344248594693,5.24477262365952,4.32914696835127,4.32225381392589,3.845690926552,4.24009409711911,4.29372122312741,4.14856832957824,4.26918086862604,4.59346307033977,4.54674566311314,4.89146480456861,4.05996124803821,4.5249883269998,4.51621556106567,5.07395957333691,3.58057572413636,3.83592387473371,4.07523527424976,3.97676291504257,4.93504445313698,4.61379001016673,3.71317514286289,3.27213021908052,3.61906441585703,3.58566653363202,4.15815963397542,3.89942540568423,3.80777098875368,3.42681864456043,3.93058297620868,4.15768551511044,3.73411707722238,3.65737352266215,3.74928053449454,3.64004694170916,3.88977807596136,4.26519313901152,3.95365660026484,3.86816446056215,3.33999376244971,3.94890872285379,4.11301021678239,3.76958687426883,3.61402976586817,NA,2.97277660856536,2.89462567571452,2.74315330974201,2.99384838475095,3.31682901972316,3.66822354852494,NA,4.12926230294389,4.86803511794676,4.60362427657583,4.36993991893894,4.45952759490028,4.34690148513907,3.87121789742556,3.62008413424243,3.68334933227315,3.87579949656616,3.77215797144465,4.10093127431429,4.13351582103306,3.95283795920837,3.42409140711159,NA,3.57903426326214,NA,4.39953294848801,4.64625599291638,4.0125660801521,3.96324299110741,4.24992319704203,4.51269022540393,4.27328716156922,4.118167173456,3.80100776393732,3.80529607955287,3.65672597501227,3.73976686034142,3.7007384397809,4.02956085711028,4.55860461973341,4.06122376056725,4.24829970596051,3.90883844901456,4.511573858524,4.30204393746952,4.17874692908175,4.46037059008267,4.66338815250354,4.26355717342149,3.61657314335149,4.0960280903284,NA,4.23637266250507,NA,6.62974287639826,5.50462123642325,6.62946441952,6.9632439896203,4.19614575431773,5.79955295007173,NA,4.27384637408513,5.31682500594325,4.21854112239837,4.20747428456606,NA,NA,NA,4.63180616663994,3.60872059218107,3.85811813371954,4.00608263748997,NA,3.79054891143137,4.77033983816247,3.87723908459103,3.98934011698862,3.55943763008591,3.99342970442867,4.20760735019671,3.92923995073823,4.96354770637302,5.2784425931779,4.24311637402054,3.8500876522133,4.43808698497455,NA,3.66928144373672,4.39992241258525,3.54934466563368,NA,2.82773522102589,3.62623469004995,3.07580595481592,2.96918205913537,3.02898756694876,NA,NA,3.04763770180431,3.35314341889165,3.36692918464957,3.32297350193267,3.1060351469302,2.83795492008189,2.99147576420003,2.96571435283591,2.59947676857501,2.68455616370363,2.74810287833952,2.87037947120359,3.12608766650698,3.76081886465701,3.6588707791005,4.00458786484807,3.97673071204549,4.18794895939542,4.3055595499897,4.51533583241214,4.30344457741224,4.39778693798366,4.83392111650374,4.04080218966136,4.28578148523801,4.38338072671233,4.28788883509667,4.4709481143113,4.3306984436266,4.71568322055724,4.6216918701742,4.30911568024386,5.34155441885553,4.93632526626234,4.29005533454832,4.41676586751787,4.36157066155145,NA,5.20654976059772,5.08107771162383,5.42860078461898,4.32062958456264,4.17930970695899,NA,4.82646762692822,4.38069604026967,4.36666302132532,5.20822380716195,5.25538480551206,5.07701242064678,3.97170746030849,NA,4.70604725379577,4.94738242117666,4.58628544246824,6.60853833778775,4.83893208211781,4.49514607609896,5.72640189742716,4.57389324190942,6.03078954667818,5.17732461193265,3.60246747765844,4.22591435412695,3.75787435034837,4.06890632966342,3.95295673588448,4.57719911767053,5.45501030158498,4.79934361845663,4.72211973101733,5.22082332460217,5.04233401474513,4.94633625461928,4.53978820436355,2.82983144787935,3.25765520263548,3.55199543431698,3.21421654932403,2.41284350884607,3.13422031900854,2.82220600965816,2.4283833636529,NA,3.04181706404974,3.28508123468029,5.82708444518439,3.10831162358404,3.04393318284316,2.88948254922967,3.38600303723484,3.25334302651686,NA,3.2935579168803,3.89389275470507,NA,3.72114812088387,3.67911199363053,3.80302044048673,3.6637189687665,3.83801182923639,3.97670828560154,4.25286425257881,3.82255068331784,3.72312993072135,4.61237985403874,4.09005068889269,3.86637864323498,4.22540461853373,4.43631697186986,4.2840936538553,4.46080304828281,4.47074211426326,4.88374002029125,4.8468345877527,4.122762542622,NA,3.51740320152906,4.64806383244165,4.52695318771922,5.67963797930195,6.35007493172139,4.67439806271612,5.50102773251099,5.60329388827795,NA,4.43540837213578,5.0423076692485,4.96307905349463,4.70155233629915,4.12663833308779,NA,5.59735971678773,5.0869763853021,NA,5.04400696978587,4.69760362910829,4.44984691551682,5.07687594040705,4.58606755331052,5.44193450156704,4.30322583309187,3.79514480318324,4.38237510334552,4.84415062612234,4.37000159173684,4.31743764256804,4.37561252014601,4.27247130742201,4.49856748055895,2.88886668211717,4.6963804340731,4.0935463351487,3.71431860647928,5.0359787547659,5.256320592652,5.28309111052634,5.3221119073752,4.6545741616092,4.88623895494874,4.19122977336927,4.69117557007112,4.3039112482113,3.58365694356904,4.39382919008118,3.74370783330029,3.36607396587654,3.70145032896312,3.27734459927491,2.92286526585556,3.33614935053503,3.61309179730971,2.37360117138535,2.86200304880038,NA,3.08386329395077,3.2958116582009,3.27260344434761,3.16464493659271,3.44693437640727,3.01180959398234
NA,NA,3.0012860653707,NA,2.92086882564447,2.55868652927452,2.29101727207434,3.5112809296801,3.82273816215502,3.40809220175531,4.596310793089,4.8221992923815,2.80822260098896,3.66928890452673,NA,3.29630460445541,4.3185519037176,3.63077211488811,3.95333795919424,4.33130530088755,3.7985246353562,4.16966637392225,4.8825250894707,3.40492844166981,4.11263617464898,4.28008164465577,NA,4.22468103957785,3.84158601886683,4.16502619362418,3.10196568065277,3.72875300385262,3.88905597872898,3.93642867310703,3.85932639621027,NA,NA,3.60373833098596,3.76561674570396,3.86982675021962,3.7230750191015,3.63861733027261,3.99759544431525,3.93914156068913,4.33686422423088,3.96207166740741,5.07050397261154,4.23904465415895,NA,4.40392718244834,5.50041280290863,4.81103117249184,4.69804980060703,6.49271847995457,8.18791176947966,8.60006573928066,6.03007832734921,7.15652943561652,5.93976737915621,5.99651734396031,6.7046246184986,6.63784043225087,5.84857478513357,5.37020959924967,5.59898100465675,4.96641250015019,5.78727363926423,4.09215309672211,4.84593894837265,3.66665349839255,3.92971148463649,3.63412923930587,2.63159581465317,3.07341419415459,2.55849320443148,2.67347951843121,2.82126905402712,3.04783898752862,2.76764802103983,2.73333200720279,NA,2.15148396779796,2.66623070066215,NA,2.41255244623213,2.8522513733959,1.95534882199739,2.34885273223655,2.1845502073412,1.73908711323614,1.73722914359898,1.84916566771832,NA,2.05247036585415,1.89092506909214,2.49513594540125,2.65347633323235,2.43119047090746,0,1.41880502182097,2.73028155520079,2.06053747952463,3.14115172663008,2.20848501655543,NA,NA,2.22227149618833,3.38268369354755,3.96939695545241,3.62578844445429,3.22472356942852,3.76128179408832,3.65378702140538,4.56303920442011,3.33918459205587,3.94321901623855,3.83432420537504,3.28577466603478,4.04464951928946,4.21500061717121,NA,3.8895460285428,4.01333042323007,3.83184101154861,3.85724654172891,3.17066708513178,3.98874655238028,3.810722892773,3.70463269843724,NA,4.44504834853323,4.64167379448688,5.07927714591767,4.39199538105753,4.09161654849723,6.00394297638138,5.03861118276156,3.65433282834217,NA,NA,3.80790578454029,3.94328312391534,4.11659874464496,NA,4.64047790381379,4.57771010364497,4.43143602186148,4.11888843735705,4.60694997847825,4.69761690310448,4.79102877850295,3.87916786621803,5.6759687861812,4.8970171230452,7.03880564395784,6.00675491764302,4.80542368005392,4.99239053025674,4.0850766889919,3.930277559921,4.02934288538164,3.60733875020245,3.87441382612195,3.44419919032688,3.57442105001371,3.2488390757206,3.45586668646889,NA,3.50242859865441,3.24018170652381,3.30459649624295,NA,3.1539881177633,3.06993203815308,3.01252645096139,3.1505491390686,NA,2.68366209414942,3.00649579521876,3.22394230870695,2.87753396944865,3.10065818710567,2.84142350231296,NA,3.58728589811433,2.78369431069167,3.1523298184915,2.50974608506463,2.23894480411869,2.63484170657298,2.77674019651584,2.51040468198899,2.62125852853089,2.4435864544137,2.73615760783913,2.82143243191994,3.05537224678961,3.12944592054681,3.27065333130625,3.33972058994424,3.70921267815785,3.79099065539881,3.92555603324547,3.92058936592436,3.52528628371148,4.14897345876677,3.29123456807526,3.42240519187194,NA,4.34176530762405,3.73939349376174,4.28371029233845,4.47052484741665,5.67532444342,5.47240128887167,4.44454616426448,4.23878526076897,5.44659983149134,5.90896735975311,5.96442796124486,NA,4.80118192519451,4.06927570939364,5.18711884231383,4.31410783997421,4.35283899763947,3.92776123507669,4.33195309807705,4.27005426715189,4.20474861907429,4.28272083373952,4.67507916050717,4.71160617904885,4.94897982425656,3.85572867334492,4.51086745631506,4.56272068355358,4.8162996758031,3.57823240245829,3.96483043957027,3.96953756177445,4.56579683170401,5.13836501626988,4.92639046643926,3.70843074200609,3.27593436517502,3.84231566536238,4.01105149028887,4.3044114373034,4.00579574190748,4.03505688950538,3.56490989558685,4.14051311978631,4.04835279333694,3.79735708342935,3.76215792114765,4.08899977973052,3.87451175646496,3.97593649602658,4.24620420383035,3.90548164863104,3.98732293067138,3.33122814164823,3.66678312807044,3.83042951385622,3.37037071886843,3.3264478485998,NA,2.81355358392746,2.98451628689478,3.14984402491616,2.82725866691863,2.82743343146538,3.16525964251687,NA,4.03828153483082,4.20724542070612,3.81555391299314,3.61365802165104,3.70696104042627,3.90903153084199,3.89530866469247,3.03968120816125,3.29639563192839,3.21422313331328,3.26236433152033,3.95290612882785,4.09620698845026,3.74327682141935,3.11905932311048,NA,3.38226873472178,NA,4.13113628185529,4.38686253536264,3.78184491851063,3.65129140671044,4.27189034232402,4.36289327308101,4.16328261227156,3.89093211222584,3.73534812217215,3.77301956518786,3.52011305794597,3.66066687008997,3.44158191224461,3.89525636958746,4.43268823844259,3.9379413857141,4.21396763453134,3.82694930936331,4.48172416816931,4.46236948569344,4.12551856534249,4.24810974116523,4.57084769182506,4.16983048214801,3.4857302908427,4.06904919421014,NA,4.16673541749256,NA,6.52068818198914,5.27222955374951,6.62553133373607,6.92271631648989,4.10606989173384,5.79633921320142,NA,4.01414655394381,5.19231479514874,4.20582943251902,4.22308081352108,NA,NA,NA,4.65139567453954,3.95463554258714,3.95487854795658,4.02743389135378,NA,3.75894665071894,4.67213766214532,3.80306647805082,4.09809080794226,3.68549347891134,3.99542213460524,3.94510999785335,4.12181921928764,5.03020293291311,5.41020311489794,3.88580832284187,3.9168970510312,4.33845053423096,NA,3.62940072804309,4.46164881432433,3.55176826528306,NA,2.89316757979016,3.43325837697594,3.13230925481936,2.87317389813423,3.05523146084065,NA,NA,2.73502066835676,2.94535447814675,2.91847765694458,2.72036473868091,2.80559514336209,3.34978862146684,2.81407618692243,2.68513302595519,2.94414919537892,2.62575171016877,2.57949858151485,2.88039856257746,3.11861637453305,3.60195765485521,3.73225122115047,3.84819034921603,3.62769213046013,4.07776898415368,4.23285487637203,4.31010389848641,4.115734736585,4.25122428778825,4.71170887063031,3.94648575765988,4.26306070580025,4.21980734508194,3.97952835070138,4.34220403269623,4.27307396472497,4.54854168345006,4.66183541023281,4.23334573506964,5.3949395022863,4.8877535924669,4.29344848283529,4.33494336022698,4.38080986448808,NA,5.30765891840421,4.99757467397217,5.47252255107614,4.34725159912959,4.20067660583615,NA,4.76164366895017,4.36774207826966,4.34703359093906,5.28464130503635,5.22764154659044,5.1325049512798,3.9720686518689,NA,4.93869557173588,5.10251868101269,4.81127529542118,6.53319049871681,4.77649788869922,4.65771553098101,5.79029165857745,4.76807895869086,6.17784068631927,5.3421446828958,3.6392606943122,4.66187454375891,4.15390715332025,4.15803775584784,4.16361882707603,4.59179484392556,5.39474142045182,4.85219448822289,4.7723581629267,5.10392808978799,4.89042686708436,4.71266569771408,4.38426978727545,3.32744906549406,3.28566348296073,3.50355613923146,2.94804241627987,2.76971339062144,3.11799593349557,2.84933447837494,2.89877199868275,NA,2.7627592156936,2.93251155940183,5.63356724543833,2.68539976294239,2.81192942937258,2.63459318471218,2.99220858028871,2.77867758869176,NA,2.95668847726035,3.40419069134603,NA,3.27435427396976,3.26982113851282,3.28616176065072,3.18511077590428,3.29836433575749,3.54502051173488,3.78561960722263,3.32142734755638,3.20768346695057,4.19777603519284,3.73320922376383,3.54828939706587,3.97757880222052,4.11664729321028,4.15596170320602,4.34910234950155,4.36480986261229,4.71681158376396,4.31162350182639,3.96333240048323,NA,3.01760836041017,4.37241849917027,4.37159131146503,5.55418158157764,6.28536920706368,4.67664569256573,5.36272032140383,5.51853386404675,NA,4.33543093799662,4.90839115893933,4.81017107484533,4.58401807699345,4.10507841792991,NA,5.28872429824008,4.869812952785,NA,4.85096227830851,4.58229464920728,4.40508762198887,5.03270454776345,4.57240827412567,5.4781745795768,4.39620025770119,3.93138495187629,4.58471992184747,4.96039046693446,4.53927762443449,4.44356452025648,4.40544617243853,4.24097043696672,4.36800407172141,3.32751311297206,4.5439429364131,3.9683744112461,4.02919210839047,5.11648585342898,5.32207402266354,5.41852641362822,5.28011316450162,4.6436305546234,4.83954421770158,4.13229281040734,4.65707142161841,4.17515500137635,3.59528996057895,4.21507508270019,3.66044868214762,3.39252960781159,3.65364805427554,3.15878098160647,2.71706984248704,3.02704635763213,3.38644692441498,2.8977874311125,2.93910413023955,NA,3.01365542611072,3.055883224862,3.10635529061329,3.03815642201644,3.20748724507943,3.05342726392348
NA,NA,3.11990535021098,NA,3.08754486843862,2.73988139880622,2.29921925573167,3.66850195250613,3.96086485153931,3.62020920294693,4.85675162212235,5.10910826039784,2.95288767457474,3.89348494538257,NA,3.44786293110486,4.41797799391777,3.68142133394107,4.06674672430738,4.48207761009357,3.8455647663697,4.26011023635609,4.9559296232764,3.2704489456451,4.09867942705546,4.27133387031487,NA,4.17852897696053,3.85088528632136,4.21316434142529,3.10504644099742,3.63882327656325,3.72179055063653,3.83907230292019,3.79146586439582,NA,NA,3.5470001887475,3.69610647959131,3.85153163843865,3.71903374086679,3.62991013318721,3.944079605295,4.03854725143325,4.4330406101143,4.10327479700604,5.29730667339393,4.2980599905932,NA,4.41739450617706,5.64922167903708,4.92998113686813,4.74375033235343,6.6642305615428,8.2905133625742,8.67528205066729,6.12986183193624,7.25443016429908,6.04459003182972,6.0816543209824,6.77122394077758,6.67347893783362,5.88913038109935,5.38385598566529,5.65360293949581,4.98000389848555,5.79573636554986,4.08525458777165,4.88006355288997,3.69497589590219,3.99455059208841,3.64871105762533,2.68438400818079,3.23737799685818,2.66337239126798,2.71137050543466,2.8195279819577,3.20270503528744,2.68140884100442,2.71722536345865,NA,2.16873883552441,2.72568564022359,NA,2.45616942240365,2.73980557196179,2.1074580265328,2.45282872480209,2.26668533920482,1.8793799325227,1.83205667712269,1.72569626735277,NA,1.99894072529617,1.84951111321363,2.62006554700922,2.75037746276029,2.55685469923556,1.41880502182097,0,2.93231556897327,2.16937725585171,3.28777504513513,2.56395136239384,NA,NA,2.03741095427513,3.4168419779099,4.07604737316964,3.72986357787929,3.37778015914241,3.72640132487353,3.52944228488565,4.73302971955756,3.4000208807045,4.01913220793242,3.91861682217104,3.23422629036645,4.19889577842901,4.40325234729409,NA,3.94681034354823,4.11101778331307,3.91435876900562,3.89470547607406,3.15044718198859,4.22843484188133,3.97775601113765,3.85179255949845,NA,4.56727446331001,4.85212487124929,5.16080662387831,4.52489269170849,4.19082527977525,6.16396153201422,5.16988841400497,3.69844926940871,NA,NA,3.77667213173282,3.93443200691196,3.97629536686593,NA,4.61133487929147,4.61754871416824,4.41015316460979,4.08314654378908,4.56792032199394,4.71072963290548,4.82203862151829,3.88596398541309,5.76935067180854,4.95952970574153,7.0872334983323,6.03003735372418,4.76801772104353,4.92439726746989,3.95847593751391,3.8267901876489,3.97196187068574,3.56856648828163,3.86702895016249,3.39330123203752,3.57391582844342,3.16383192708551,3.35543579890306,NA,3.58938905016568,3.27019128458959,3.42805132049274,NA,3.17632700037229,2.88534121865801,2.86626508247058,3.12218809381405,NA,2.6998199531945,2.97321964910386,3.00944751453533,2.56247113794057,2.82920390151644,2.67007203617983,NA,3.38853399617781,2.75001015216629,3.02631762269689,2.38233356935287,2.22375497707003,2.57801438767997,2.76697101804774,2.55574357503558,2.60856042860369,2.34349486610243,2.69011288484363,2.92428821461071,3.0086250033791,3.1229614072,3.25694206762868,3.34638912750467,3.77157152794863,3.84989286733604,4.0034958423156,4.10322864315999,3.47972913084668,4.1975615408124,3.17782075606405,3.06451390925714,NA,4.43419407298755,3.8787841171085,4.3435719050139,4.4832242624669,5.72262572618691,5.5514828878172,4.50894964383194,4.21487068765283,5.55020312596939,5.98119923175548,6.01568624194467,NA,4.84099823132771,4.03001522036009,5.33607923534417,4.40116924876646,4.42871017047585,4.08388388665093,4.40985668192109,4.27336062126529,4.21733109152172,4.29059609023017,4.6772323870357,4.65859685485222,4.94147062826507,3.71370078775982,4.52798059224148,4.54767992302134,4.68204001211835,3.61157872277058,4.00404218013275,3.90404011456272,4.45949680287605,5.15401359840465,4.91085221058606,3.60344284754842,3.2397841674849,3.88086215982459,4.12710052629912,4.35718227918095,3.98311621324998,3.94542422451836,3.42565244713023,4.18351119090903,4.03811726657759,3.8289082276393,3.67646997976948,4.05626118160146,3.86375041838122,3.94377029898694,4.33994423764065,3.66220664066591,3.77550369940616,3.32334996249999,3.48411211076343,3.71761633782343,3.16397539865142,3.18866467979078,NA,2.6133920663202,2.85436247041945,3.10365985530619,2.70921771234786,2.64581982444967,3.07518943737641,NA,4.03623787661839,4.06512218852411,3.63282650527325,3.29234470664192,3.48500526191078,3.69783517948441,3.84576483960366,2.95328361470699,3.06990762504358,2.93474503376483,3.00604736300265,3.74692951515414,4.08712928537725,3.7343858920987,3.00743856083967,NA,3.31726639835652,NA,4.23086814628885,4.39815337002097,3.69032002589825,3.63779388861471,4.40605443303324,4.41954373561712,4.14107549772463,3.94864136820445,3.69677927382792,3.80067521151138,3.54699762416803,3.53872792361469,3.38047774465059,3.91719695331155,4.50221004602253,4.06660949411084,4.26117962565503,3.82515724061253,4.53566428611978,4.53925488325705,4.1575823230718,4.34196545988369,4.63647266963314,4.24391142248898,3.48928676156982,4.18622654062976,NA,4.23832933095853,NA,6.5644660183843,5.30797888528414,6.69094458002053,6.9670979586863,4.10232726521031,5.81012316022303,NA,4.13663570715747,5.31368518451096,4.25424448942287,4.27046711132533,NA,NA,NA,4.66211210673059,4.06030688784446,3.96818367598464,4.07114075850747,NA,3.71291749192611,4.6954649637259,3.82752513346038,4.20209758268823,3.70400818674641,4.11347813711507,4.09780802948869,4.20615150397077,5.1702645583179,5.52891185368586,3.98193241854708,3.95523176879609,4.26749949384319,NA,3.51370257400999,4.53472681645548,3.45667597393383,NA,2.75776202910189,3.23780329030844,3.06261843592019,2.81902338851237,2.80263172475094,NA,NA,2.61300552564216,2.70630924383849,2.631936157147,2.38060550378683,2.46132895531979,3.22345661659577,2.71863240166132,2.5890147438528,2.81793870221516,2.34045730890443,2.36797820419083,2.61622510970791,3.04522111925899,3.65504552162577,3.71479051162846,3.79931642758429,3.59413143126247,4.05676670768227,4.15364734544426,4.22386832245037,4.07734541419108,4.19986061773664,4.66992836758418,3.92070907230242,4.2473401638233,4.29249341070514,3.95499669683076,4.42577605515071,4.32805759497751,4.63871227239697,4.70819146778788,4.28487478475715,5.46540636384277,4.95468487867454,4.24946810029427,4.27763052494475,4.37905466430411,NA,5.28012406227944,5.08850434622644,5.50457567433322,4.46598973383369,4.27488460862855,NA,4.79339554442812,4.35280965060172,4.33744115247166,5.27139165737953,5.24853034348819,5.14141101669062,3.96481602986935,NA,5.02002095154558,5.16408706605414,4.82656497920237,6.63079810077363,4.7955964021764,4.67400181985483,5.81822272997936,4.79782811058022,6.23527235277934,5.43252907119073,3.67333652055255,4.68828941483366,4.23280131520635,4.25850616158807,4.25237013527939,4.63642130621948,5.42234047513204,4.85204369922733,4.8602623545395,5.20408808419041,4.89909869318226,4.62881808082439,4.32308930246351,3.19164801603651,3.17741337527844,3.39100678170988,2.80936753842444,2.59630080292429,2.9846038259119,2.57237201400895,2.69423780806684,NA,2.58701370804941,2.74246207201058,5.7511600290851,2.28734023706745,2.54462268594666,2.41865860838386,2.91158927976824,2.45531911418063,NA,2.77344128640328,3.11766168120715,NA,2.99802242001875,2.89791274897859,2.86167338249701,3.0790289601249,3.04059569479954,3.37526330107614,3.55346662049682,3.12366431868434,3.00813742223205,4.17897600112557,3.63670005636083,3.46140590434336,3.91933076308998,4.03004447095822,4.18771556788286,4.41173699397184,4.4654930045819,4.81798527109606,4.34731339513112,3.93031729657988,NA,2.8213913554433,4.41280714798301,4.47936865195873,5.67325352396771,6.40361538220901,4.79898598122745,5.52045118806402,5.63887436359463,NA,4.44503490543317,4.97549158087603,4.99209955857027,4.74710940912251,4.17033074506011,NA,5.40819619912923,4.96234213035768,NA,4.97589246730943,4.69903793560208,4.52126173011101,5.19361967452577,4.66160076617265,5.57660266463252,4.39748576867816,4.02178755414949,4.67358435166247,5.04698201277603,4.64253933789162,4.57998616803,4.51786630456444,4.32017287151738,4.46377600261102,3.31322897960593,4.68933987811169,4.08552782333483,4.10589828682578,5.16665990894268,5.42215366299141,5.42575196977691,5.25081013788584,4.58570634607789,4.89525693346297,4.19345680846416,4.74119220225088,4.16838152549578,3.58030756871471,4.3077992483945,3.71078286756722,3.35069998381112,3.68223746779151,3.15957637552385,2.65520160697154,3.04431707291767,3.37966600644048,2.84868779512421,2.79821442846417,NA,2.86840931410593,2.82568112645608,2.74698115520484,2.70785227672761,3.07977998858139,2.93869907844082
NA,NA,3.20963065790431,NA,3.72617628965726,3.16306880825381,3.04252867688029,3.7646694216915,4.05960447606908,3.4481809217321,4.18345279448146,4.38188936068828,3.49531499815969,4.03507337467029,NA,3.94083552980596,3.91319199673721,3.2290239531612,4.40579597158772,4.6337665899829,4.11394680328085,4.49677142836521,4.79810593780782,3.67661000314756,4.14426458150924,4.27240885173866,NA,4.49425985619739,4.18052958677219,4.46822285704961,3.36353519644319,3.99476883815262,4.29940694577511,4.22982796733783,4.16093921852627,NA,NA,3.76393029412256,4.14973440686788,4.20223009799066,4.11147317706474,3.91349676319237,4.25729521217623,4.42169936167068,4.61604393420817,4.29148772263811,5.48021859549823,4.58177698286626,NA,4.91589243868226,5.88508323558839,5.20576343203866,5.15831238472367,6.73583643911273,8.33921884951422,8.88354846255248,6.32493496412052,7.40596121292891,6.16894847938043,6.31007060448802,6.88848062595533,6.82029734833631,6.13293220715547,5.6190975991436,5.87269995563568,5.4629916426141,6.34073816748813,4.77438857894817,5.16100613928428,4.2018342501315,4.50166957085713,4.48939151607927,3.25775275835765,3.91977908525432,3.34328863651307,3.3382649194768,3.45365947581516,3.69539642827183,3.5804563755579,3.60716399127196,NA,3.0370886103434,3.44596973781136,NA,3.46971248433326,3.62761579434909,3.23313609017845,3.01753724341258,2.81410612624246,2.63894377433419,2.82966048973731,3.01970785691701,NA,2.45994931563811,2.80556204665623,3.07680029045381,3.90267051797144,3.6095055289527,2.73028155520079,2.93231556897327,0,2.97723089601209,3.78972531483952,2.62353026678632,NA,NA,3.46169121436662,3.25500005352799,4.02568025798791,4.21824409477064,3.58270468309608,4.33238457229128,4.15287156872434,4.43507330766021,3.78526693815643,4.19374092643017,4.25610505377239,3.70185701501091,4.12784999558627,4.50052903746049,NA,4.36654743081724,4.20276254268372,4.18086348131729,4.50076818780783,3.6388441983357,4.20834708494933,3.94807931864785,4.13414613660313,NA,4.51488910727273,4.95359052359779,5.20725762747845,4.52106996117751,4.29718043482811,6.1165038311359,5.11164834633037,4.06626082707034,NA,NA,4.42862874571817,4.43299486090509,4.86504920047378,NA,5.0382826919928,5.06738593412148,5.13015617563625,4.8320266045753,5.13689926739149,5.20627685080855,5.26358014913356,4.18347086090218,5.60546052064936,5.32210164293004,7.28166082281991,6.29387886157664,5.20967601689247,5.53645583568816,4.69361540422393,4.42137963347866,4.80625947543372,4.44900358727052,4.6118967689711,4.19717550371883,4.32668171975749,4.1054768188506,4.11705884821109,NA,4.05638891672803,3.6815283569511,3.76092259034597,NA,3.7973185698558,3.78675486600891,3.58480757236103,3.66778484403623,NA,3.57927527725263,3.77231089089686,4.15324220779891,3.83970582466046,4.08591000505607,3.44267195087256,NA,3.93325040794992,3.45329743225754,3.95509722493504,3.65061490443636,3.01137578360692,3.26261039420502,3.49949312977558,3.38385686670119,3.64339815921134,3.57527331589089,3.25340320714319,3.35875848290907,3.87226403289533,3.98240567495171,4.07932640109391,3.92917491630129,4.25838308795631,4.25299461372725,4.43420045624404,4.61311858798708,3.82223007247728,4.74729701770639,3.88388408445608,3.944033084362,NA,4.54982531648394,4.11989359430621,4.62159175121784,4.81444446413323,5.85967145451567,5.61870040285141,4.67609191411026,4.40057101577297,5.64002049778322,6.09447692157378,6.1999755213627,NA,5.1248598103733,4.36827695345621,5.42730043768924,4.61435898596142,4.74909843185055,4.33925387982276,4.64221456785684,4.59883286394492,4.58593593419458,4.66743743260825,5.06507016626653,5.22250878100002,5.38315378485791,4.35087738415378,5.07948519325022,5.04500023449271,5.21493688386654,4.15919705985052,4.44914731262064,4.40295033984964,5.142636132975,5.61514277815035,5.35138820738578,4.24140158786696,3.80808296972364,4.47835730031396,4.49597199866824,4.63653700342111,4.4615562734719,4.61281778279278,4.21414337296747,4.66494661528635,4.4953710635973,4.31489777941061,4.24053374067554,4.8167796964948,4.5564792370211,4.75683136484448,4.69056065524147,4.64566017829044,4.7895212445328,3.76815560287871,4.4990602082323,4.42413128501566,3.92103333421847,3.6227567086964,NA,3.53284328332986,3.78640527783648,3.71590055472417,3.78513165616947,3.61583989100517,3.55818757680974,NA,4.77264101234492,4.84199891675937,4.45259085116875,4.24355447997783,4.30346447580503,4.40745505676929,4.26595167064249,3.74545754978041,3.92300456299284,3.55483386598354,3.72359011006575,4.66774420562777,4.60601800430519,4.15066407805875,3.78208686831059,NA,3.70155020208564,NA,4.53113649876177,4.84796770527241,4.0998030629094,3.70750647990134,4.65838968913275,4.77738055894295,4.6672019931325,4.3712008859207,4.1672989890404,4.18401015938948,3.83371722765066,4.29249729501574,3.85058077789607,4.32577653762017,4.67983509414679,4.4117146695384,4.53998617469713,4.24273818203136,4.91661662589072,4.99659754857077,4.32319135427505,4.44144699530818,4.87639792323945,4.56572479021768,3.84777804791443,4.58020132829997,NA,4.33563435874654,NA,6.62190952627504,5.37519570922604,6.82346676724839,7.06913629114697,4.25728895079965,6.04021525885267,NA,3.9749087096281,5.08130957820476,4.34538214088829,4.39271844077664,NA,NA,NA,4.91045985769592,4.39813853449782,4.36488631364768,4.39601604525017,NA,4.13379694959455,4.84051682506345,4.14179580249596,4.37667446068595,4.16608898659619,4.2667460790779,4.41861005140479,4.3303225541199,5.23062354557911,5.8136017510176,4.0564265475424,4.37611600902968,4.87329165853278,NA,4.20807014575491,4.83316011526614,4.09521827050559,NA,3.44398111792204,4.10896325808261,3.62258988222362,3.45248926336252,3.61486228117184,NA,NA,3.31963488195541,3.22521099904815,3.45616716841653,3.5519813390726,3.36443298323982,4.22429694759114,3.73641117939349,3.50662604640191,4.02581966919204,3.4304168340758,3.25531780315817,3.69221956418994,3.48004177974492,3.46777788683972,4.39976418617697,4.03872330048584,3.86112918333742,4.31462196181779,4.30696529497819,4.35244494227983,4.26223578830983,4.36024345715895,4.46052413287427,4.01302823421603,4.20038642370254,4.51066325866934,4.12809245264472,4.53080517887325,4.47906044607275,4.8133238161568,5.00119174563668,4.52900086645891,5.53992926747163,5.12469262211031,4.56213796370601,4.69239393575171,4.53490611359416,NA,5.44906089939396,5.14455959802654,5.55081873456434,4.47956441459894,4.55224838932727,NA,4.88041251321229,4.43976671658142,4.36026047553999,5.42333523879998,5.44203372452148,5.27270983895469,4.13869412972259,NA,5.18766541536233,5.29937832317744,5.04568400200237,6.78155126959298,4.98150279785211,4.76233704313851,5.92250689151317,4.94826219978071,6.36324275533796,5.56151629837463,3.84072505600592,4.8688045328896,4.32031640441019,3.99840269334149,4.40095618800855,4.80138907619449,5.59417088243597,5.02038646443666,4.74372750889133,5.07144767498322,5.19940519516284,5.11207230824003,4.7089944128483,3.84648198530099,3.81270463532546,3.88422400253029,3.78392091327225,3.70384606275323,3.60302538013435,3.47884639245577,3.75875998174355,NA,3.46583222867135,3.34151309132989,5.78064747626817,3.53197022141572,3.2002519207688,3.36632373854431,3.63106406835606,3.39138619122689,NA,3.64994022612639,4.2415141859903,NA,3.9698771078201,4.17363540149834,4.03950442902409,3.18511859727714,3.65280614649268,4.17144039028856,4.31388788291511,3.8389400400571,3.65079868339215,4.53401049729436,4.16013597521423,3.76575793665916,3.97459466502805,4.37457618702064,4.2072988950582,4.31668879305798,4.62640760751381,4.90855421317935,4.56568298863235,4.12520592211205,NA,3.76811059901781,4.31029028394238,4.42711697960907,5.63216040442769,6.32234714268415,4.67615201150885,5.32302576968984,5.52717217668768,NA,4.41072997814587,4.96299708976813,4.7153411916551,4.522541973118,4.11319486810452,NA,5.2366527309673,4.87963046786116,NA,4.87344790987124,4.63411483819363,4.42880582008275,4.95683788923415,4.59371737111351,5.41958684902949,4.62790909964186,3.95352711384246,4.71181972387429,5.03440150838005,4.55949618319764,4.49204378493097,4.5818053640669,4.48076891009326,4.53420317292441,3.95232686117745,4.45399239247491,4.14218524619468,4.34822050716457,5.17464353443961,5.42138084736653,5.49457176927198,5.36062756470486,4.80964650475419,4.80547382994399,4.09924586467644,4.79497009837791,4.42212356717534,3.82809952472399,4.28452399771923,3.87390960995789,3.89351546261015,4.01729369739371,3.5336663351609,3.11197837583091,3.0325000654312,3.2272657607048,3.48066177102516,3.13576066647271,NA,3.24822791506384,3.46818322353677,3.69295357510761,3.73778987048121,3.45531696308221,3.29995364568467
NA,NA,3.09462037898092,NA,2.72889417288665,2.91078152720997,2.40711485833088,3.84181909038041,4.26739374159067,3.41306168777276,4.54399232353372,4.80123073194984,2.50889851126889,3.62749953587564,NA,3.30892580917867,4.39836546161824,3.87954485779401,3.93812106792971,4.24040824290979,3.61201264894148,4.2708986572128,4.80329144735036,3.42937516220844,4.06999108151932,4.19409069067529,NA,4.01124347094245,3.77080420482906,4.09508810975365,3.15448401733178,3.67034744834747,3.701940214646,3.82887090068287,3.62989193562542,NA,NA,3.46654066664873,3.71306917116597,3.84474156893716,3.60921105711327,3.40612453073235,3.71025340404367,3.68750498092211,4.00794278521,3.58366770523508,4.88336438872853,3.83351998724666,NA,3.91715690338878,5.22155860155137,4.39792736943742,4.26959666569878,6.18210058869589,7.82675192349983,8.30894270137586,5.67353689240098,6.76296198857615,5.60554640527835,5.52031968794646,6.28825240851968,6.2787276280453,5.51054806141554,4.9587027440962,5.20124328706603,4.48106144564629,5.34868633315764,3.66972599764919,4.46276966970565,3.17209610304199,3.55545898157188,3.00842782759318,2.211251788716,2.77249309418023,2.31162147871992,2.2397611031685,2.23154496804334,2.69804355412053,2.33354907830931,2.26843124080998,NA,1.85019408146354,2.3153544260872,NA,2.0368191787188,2.30023582510912,2.02202725625363,2.10041087143967,2.04140501725788,1.82153012083239,2.11860678883482,1.88619795685599,NA,2.4206762450366,1.5623306969418,2.20179822928145,2.52784823240484,2.25113979803914,2.06053747952463,2.16937725585171,2.97723089601209,0,2.69475875201556,2.3889709826617,NA,NA,2.88686208606713,3.74229845358464,4.02994778922223,3.72599379038234,3.03130753649761,3.85558177706501,3.53833954909397,4.57401258615456,3.0610361121136,3.8569818622543,3.74233676528826,3.09912180129685,3.9355269830478,4.07519186349632,NA,3.58492993199207,3.84360184883316,3.59783085140691,3.76166829403033,2.7997576137188,3.70062800250745,3.64371228331443,3.61736553963516,NA,4.30240727257112,4.41495580225085,4.85044379998465,4.19919656763256,3.71008932434891,5.66615969562488,4.58691870262897,3.24116370457558,NA,NA,3.27248473762685,3.38531491120946,3.46371669599967,NA,4.04444219779739,4.00323276124085,3.84085021476535,3.47515638257693,4.19234493655935,4.22214217887054,4.29387445505149,3.40123886258133,5.40715723002079,4.39051687813854,6.60713598600596,5.5869074370929,4.35776797108658,4.57971218678289,3.69123380067245,3.4693134431971,3.49160682607608,3.12475006786596,3.45818016977904,3.02380363881517,3.18264651030022,3.08226652858129,3.15671224451433,NA,2.97281667438971,2.67840131813825,2.94715032615206,NA,2.82857062763754,3.0738141106728,2.803751814179,3.11173982077839,NA,2.52363855315917,2.88326012256857,3.3462227370101,3.18598462963197,3.20970862211785,2.70466346613245,NA,3.46653563737789,2.87419788257965,2.83101344727257,2.7774181328811,2.37134992979219,2.54610741578457,2.67831942000946,2.38418198667885,2.62070789212735,2.90560699791285,2.55408292432085,2.53510225884044,3.04668990611582,2.91331094116466,3.18242831728973,2.99210897132514,3.43971459673953,3.47359513696057,3.70209934781979,3.80729981942199,3.12646258133305,3.740049887561,3.20924587391567,3.4032277953826,NA,3.8187661704322,3.18766201104361,3.9262270146432,4.35357072497384,5.42534172134502,5.20765169576902,4.24449432579635,3.95391712809648,5.06419202076123,5.62099186737433,5.74145526488444,NA,4.55766781160236,3.88225545819844,4.91516893482536,3.94154982533992,3.98233408233799,3.53381339160823,3.70711771059384,3.78432060923327,3.77527126129739,3.88729538346035,4.23551571178427,4.22023752891158,4.51343849464278,3.77239786172728,4.34246385969924,4.13624183605987,4.62265598439492,3.24534335722551,3.53571681497476,3.68672224962015,3.94914461888867,4.68185102169957,4.36646388454505,3.34882290307232,3.02666530522141,3.44602125666532,3.43091962471202,3.77466399450996,3.61883020931851,3.44429631332608,3.19107036348104,3.69551476475938,3.68562972680897,3.41878006092687,3.36912910066517,3.67727379102828,3.47575777834537,3.71878676646283,4.09021075351923,3.98804560553469,3.94695328499022,3.16330475974631,3.8387551126389,3.93609431086817,3.57256171135536,3.22117014399736,NA,2.68747024848588,2.85622189922525,2.88945563437534,2.94278827405093,2.99416600834111,3.1155689894222,NA,4.01360606805854,4.32430288553926,4.00622013767898,3.79754500494704,3.91974677425294,3.92883009280187,3.6759837751841,3.10455951524943,3.22760439801182,3.43031924471058,3.31252963238421,3.82747782147933,3.89792791087084,3.6349222670378,3.13009370155618,NA,3.16633343391334,NA,3.91167298993214,4.12605819600664,3.52123647111872,3.46585055230472,3.9921482181342,4.16468476700979,3.96508557328001,3.74806131707986,3.44715136441528,3.44270893972397,3.28201725130561,3.46560549298881,3.27683832138509,3.60098372387345,4.07613324304083,3.63701760387992,3.94447272187967,3.42356192476781,4.07170266885306,4.12235977870047,3.79488503422094,4.02955363766995,4.15829787943442,3.81321838159127,3.09389568056589,3.67370811463871,NA,3.845342670432,NA,6.24068113058979,5.03805404808692,6.27583799967857,6.59305477597874,3.84207249424001,5.46859931903356,NA,4.01062717969838,5.0574386691946,3.86719604567437,3.84793491346082,NA,NA,NA,4.21950731899889,3.68104034782753,3.50652147069191,3.62586146358506,NA,3.46672061823645,4.30738317350037,3.52440964331322,3.78291229441806,3.32232743540306,3.75184425600164,3.76016927424108,3.72302553695519,4.76114092401916,5.07920461968507,3.76318618752278,3.60008851015847,3.99618386292698,NA,3.27873982050453,4.21375748961898,3.20849003685977,NA,2.47185436220005,3.20856574207905,2.62452734571755,2.54926363713298,2.68614024986348,NA,NA,2.63530348558371,2.9719261292325,2.87192802142763,2.89038384891804,2.58799756792409,2.9348018832799,2.82164366369394,2.51421222198046,2.68184578832402,2.27179934863853,2.39056353837345,2.61102465349796,2.86859724801827,3.33483298710073,3.56938071741613,3.41536497437585,3.31288572172283,3.70281459404202,3.7792974370395,3.82656595856162,3.66674377315373,3.84294694365805,4.23535397251736,3.37036799828605,3.71572483776092,3.90090657995703,3.68160709277065,4.02561897710559,3.94654359939257,4.26641791765353,4.2248232787913,3.8948141120556,5.07399091432419,4.59791691150508,3.89299861828117,3.95054118166795,3.91054701712293,NA,4.97719509819489,4.61720257257416,5.10191098656476,4.01047820530643,3.83826733458111,NA,4.35105791886266,3.92185448079098,3.88908103917531,4.83856370063425,4.78237285565939,4.6616986025457,3.58056002088907,NA,4.51683606124971,4.66451973394168,4.30819078038405,6.23846768796425,4.42397078678718,4.16610338776633,5.31612353451176,4.29346993790688,5.804271976045,4.93085978124421,3.30378222948642,4.09948397504692,3.62768632710698,3.69031211284877,3.69130537428818,4.19881024144803,4.95112371467014,4.34972603085259,4.34090264126022,4.74631496503562,4.48471973107446,4.27686539108817,3.89590945682625,2.6277648319867,2.85893709682775,3.00929422028898,2.82142003934517,2.44027933966065,2.69987479489921,2.54396524910549,2.51400690274077,NA,2.51362648255554,2.61900364864877,5.29838285213782,2.75505092235512,2.50903274134296,2.56288201340112,3.0103341923966,2.91563090597003,NA,3.02623893347466,3.51215289384744,NA,3.45609070441564,3.52767831164859,3.57642086754882,3.26419131705177,3.4056446749948,3.65024862965321,3.83762228824053,3.3929710317086,3.27125701589202,4.02923903977912,3.52886320326587,3.28560066012976,3.66845458086578,4.02439457949618,3.90850079231749,4.02775286698291,4.01536444646671,4.49228133452732,4.37346196924273,3.74374441888655,NA,3.07327003177377,4.22073270314226,4.13572798070609,5.43143611099643,6.1475030725579,4.55740088116609,5.29704948489415,5.44277212452573,NA,4.23335805193065,4.87573371501617,4.81858859202105,4.5609883949911,4.00045520685416,NA,5.39631496847752,4.90676845780896,NA,4.78443229962146,4.42985624506044,4.19468444238495,4.8894808794594,4.38378505927803,5.23539325299355,4.00352001715609,3.55494600885868,4.28083722021136,4.63115704892556,4.26162070902491,4.16034524555073,4.10988907039887,3.91832070043359,4.06560889279125,2.92034205946519,4.37910059403308,3.81100524864025,3.60788795722206,4.76407907354169,5.01282353792145,5.05491499635033,4.87656901181472,4.1907368428383,4.48013169747645,3.81123461650609,4.32733238015589,3.84014039742697,3.20564622647047,3.91420978321311,3.31506667016305,3.00855046942818,3.38502400529685,2.91831269403606,2.68240307568888,2.89512383490636,3.22224125073319,2.55906484480913,2.63981499781969,NA,2.75288727572051,2.91620309419184,2.96864664902869,2.87897712444819,3.173721219484,2.87857113263465
NA,NA,3.29299090889974,NA,2.90262600106677,3.29358198267438,2.91322984572453,3.90363615155905,4.26708455917878,2.94566065982916,3.96972523493171,4.18330651068975,2.49664115620741,3.30210286103728,NA,3.05336728463841,3.741906955571,3.45774892654918,3.20389281122452,3.33260127395312,2.70374872953694,3.45282135192799,3.90043773043933,2.56187640582959,3.03485959454741,3.29318229337177,NA,3.07992405130521,2.80135050865332,2.94080241269769,2.37427515583337,2.58659347985211,2.72614514819886,2.94301398293291,2.67647338113702,NA,NA,2.53144725651312,2.79425884352428,2.80682317523213,2.56067324399874,2.37933127376877,2.65715839449184,2.67608039991498,3.09694615426486,3.04686368815397,4.29068364573446,3.35962463742859,NA,3.70223527901138,4.83721123241706,3.67364693138675,3.64458353577653,5.440918278383,7.1691648074212,7.76800809739404,5.07444727557927,6.21901692214456,5.15518592626291,5.1798280959704,5.87542331186911,5.96550479547111,5.2169608389452,4.69646547418255,4.98220570222147,4.40122512293982,5.37247871296803,3.69469607213287,4.41840472419965,3.36861919977658,3.30939571321143,3.51763278169536,2.07444162539548,2.56122072720031,2.12189170846146,2.48996983274024,2.6859893986934,2.88542691828755,2.70649857782443,2.27461503520373,NA,1.95674196991918,2.64156197901048,NA,2.69554060286676,3.17585176776457,2.87651357871193,1.47622558634746,2.9495954409622,2.35384119752331,3.05493318855761,2.78561855670334,NA,2.91344807999018,2.57804175412068,1.23396444643212,3.40849746677542,3.32662060727991,3.14115172663008,3.28777504513513,3.78972531483952,2.69475875201556,0,2.41897092609892,NA,NA,3.26117766886845,3.86522045576951,3.64744491524212,3.15086327331324,1.32488881018999,3.06838611972358,2.97235210919231,3.90989090311051,2.05727510687117,2.93434816010172,2.61612054245465,2.16593875244517,2.90791747811428,3.01724126276369,NA,2.325459966593,2.7041238367296,2.84270581701507,3.21603063941811,2.07137871935788,2.64785856346689,2.27082346609694,2.31033004486629,NA,2.93743249895629,2.84320499910321,3.28428089504487,2.64040315175957,2.4300698469396,4.9111883285849,3.82223006368298,2.39722335244451,NA,NA,2.46986328948128,2.5247878359729,3.34189631658436,NA,3.4708284735092,3.53210974264738,3.51907224181308,3.03633349416386,3.62666309728497,3.53573375318709,3.72285109624633,2.62739652679549,4.66137801180342,4.0112960942917,5.98658959538832,4.91499647330202,3.82335452124936,4.35613609363791,3.38845689539588,3.17099210300173,3.62845967942348,3.19529003615082,3.5225931903067,2.9464731340275,2.85707047778794,3.10863589159374,3.15114514516975,NA,3.26889793073657,3.01269392961524,2.75063429272336,NA,2.82364548799103,3.21356927916636,2.82321463104836,3.592741325491,NA,2.73426100523333,2.82256695567381,3.52706623937498,3.26304185418555,3.54144980848751,3.23820292848812,NA,3.75298527132368,3.08617277001678,3.51511419442628,3.10794191070818,2.7671476131444,2.99959757427412,3.12254379377217,2.80403215856004,3.10169154398561,3.40436417415414,3.08352825770781,2.69775364576319,3.1750941682988,3.28318653823663,3.27261136505595,2.90182892089109,3.24011296119875,2.81951407646122,3.17740464247742,3.09845498398661,2.66018363313657,3.06711070923382,2.56052548635994,2.90304532700838,NA,3.17758161732532,2.44400699792261,3.24410087509345,3.60073848856385,4.7353881298426,4.56192018241544,3.74591144950889,3.37313752410073,4.15789594251672,4.95697848882625,5.18991691914568,NA,3.82538509613411,2.99761872944228,4.04671815881861,2.89502106287713,3.1188283281173,2.86736060897927,3.14877838806367,2.95466540504954,3.03585465583217,3.12056315533744,3.49605672419839,3.67511009109712,3.94853920046039,3.09850520406438,3.35422569635453,3.28640715588151,3.81388151160524,2.6868292442337,3.21290760802711,2.86654974314304,4.10248489762165,4.48228147932576,4.20829853314333,2.86078047935005,2.88512115049518,3.14250141014376,3.43133849663438,3.70229835898019,3.53836655235005,3.48678560166549,2.93671619306924,3.3972403669066,3.11681474951892,3.10054730242517,3.37497812156526,3.90426797564004,3.37990179500978,3.76321499272923,4.22630872349535,3.67242344759144,3.78321465496535,3.51105324811106,3.81877570622306,3.68385948481901,3.3013032411871,3.01742393266746,NA,2.69234611447623,3.19826616070995,3.44573221549876,3.23202699375153,3.19313628966073,3.37452552348964,NA,3.94556541522498,4.14368391016663,3.92967818818132,3.57265957930844,3.6807940315604,3.59919143948655,3.6978514623542,3.05166489468726,3.07626241923848,3.23259055344957,3.1210664750451,3.36507967796359,3.19913563123836,2.75421651830443,2.45545753314577,NA,2.26260851082562,NA,3.14626901236021,3.24386619411086,2.67249532918958,2.75096538357572,2.89511476383325,3.23199911125062,2.99042739675288,2.63086604807582,2.17813062805193,2.16792047027133,2.14710295202564,2.5577780347516,2.26549470115369,2.49625841547236,3.0637259642894,2.58746320512616,2.88556423849484,2.48836836384456,3.32534479201255,3.19757707760475,2.87511903598158,3.18234521670794,3.20790956042287,2.83662863455698,2.16638123174623,2.68728080008162,NA,3.0694806921761,NA,5.46873207140249,4.41940489817176,5.73617476024819,5.88676292637031,2.99703970905097,4.69641775798945,NA,3.59936708141763,4.4366497810687,3.16271986497517,2.82273835097144,NA,NA,NA,3.46923295077744,3.33556839286799,2.99073722117726,2.6658145527084,NA,2.52955038776879,3.47794374539329,2.47158193259874,3.05820112902265,3.10289495230949,3.11308829711193,3.10564812466852,3.11440146944745,3.94408269872587,4.60576430408074,3.33264075817454,3.25160637990908,3.49214844440061,NA,2.56726235922941,3.79747554774056,2.67548053244624,NA,2.66373670565755,2.7717910540972,2.80647109388676,2.87601936328506,3.31117948490906,NA,NA,2.96575991734721,3.53155852710369,3.35922423527148,3.24982708901272,3.22555795603225,3.40443532111182,3.12747307968088,2.47462314976458,3.04102013127668,2.89673807258993,2.864616632484,3.00540870588385,3.05557469900956,2.99998085591217,3.3968636060325,3.07962433920682,2.67649962009135,2.75231249948208,3.08623204050701,3.10675604038805,2.87739365367374,3.06264445613694,3.7996371487629,3.14952267926488,3.1978815616211,3.16315050996051,3.05734824536789,3.28618133392436,3.05329509296151,3.49787176085436,3.16732536290165,3.06409825658178,4.15331294118269,3.69427847583823,2.97962980671408,3.10488842763256,3.16899115799586,NA,4.43595110590186,3.8424589338339,4.29298044798485,3.3324700650971,3.12881019937057,NA,3.70343259787083,3.12958094659246,3.03296582957536,4.01223730137646,4.11974463286887,3.77445434857684,2.61573982106626,NA,3.86481705187397,4.01648464508293,3.87829990958723,5.63539371542237,3.49977167924202,3.7158800640121,4.71822507272545,3.69167587948831,5.27046546720842,4.57745268221535,2.55999995182368,3.89869558984948,3.68029022205999,3.57462718514226,3.44750855005664,3.90634473610707,4.47470137568446,3.98698145325235,3.9158031704824,4.22022877698675,4.00326542408383,3.56529570912135,3.2475854635759,2.74071034242891,2.51693615774374,2.56989848557332,2.72760077022456,2.76848960524242,2.51850425090441,2.63727099993234,2.84222321345262,NA,2.56395958101219,2.61846284392914,4.75130552962715,2.88394032468086,2.59262046998621,2.65524577628246,2.70516140480953,2.78481274688249,NA,2.80656855846504,3.31091318319036,NA,3.21309180041231,3.45186811535593,3.34717445497397,3.11332096454371,3.11271287627598,3.23654574605155,3.20932770882892,2.90766954393656,2.74125325632318,3.57285746457982,3.14896435734471,3.03736791177072,3.42249972821528,3.55874892425002,3.32569328703313,3.6009745544905,3.64419585710411,3.99759530219563,4.03478472064847,3.19947092083836,NA,2.92421994469788,3.7950271650751,3.57571803680417,4.71799346609192,5.46635155241022,3.86730540205029,4.63539174720043,4.9146750174917,NA,3.5879698473168,4.16115038032777,4.25717786992294,3.85654509884631,3.33908090301516,NA,4.61068250356901,4.25837617448948,NA,3.9613981532597,3.48801519426209,3.29686028413807,4.02939235715058,3.447207526086,4.41744761003534,3.29022312512758,2.86013023768416,3.54106636261695,3.87776436377813,3.65094275323212,3.65279422831301,3.72101573813363,3.53663915555757,3.53986626482747,2.94541081009662,3.77700008710334,3.1850877327491,3.27128644696704,4.0358992382729,4.36336232732752,4.41337640600298,4.18251378248751,3.47130664901253,3.86080857310326,3.05237921860025,3.69907185244415,3.31270139866141,2.56517977453574,3.09263869234416,2.66893553363168,2.61273494412331,2.9928946426462,2.57722530245461,2.76654619785565,2.53305811449493,3.00445007219548,2.80773747291682,2.65835550027333,NA,2.59150765659514,2.69978044911956,2.79740901731404,2.78737227181542,2.98937862115448,2.74612970169699
NA,NA,2.88183549192615,NA,3.0133663001542,2.68582585846142,2.42893257299561,3.33858359273195,3.63669487088526,2.74937860927584,3.80773211825564,4.03906314238949,2.74481637948358,3.24240573811131,NA,2.84587305081671,3.37448292694158,2.86383341186937,3.30787912677208,3.5266615516173,2.97355489121832,3.38902951943958,4.05563787973703,2.71666044070557,3.24968681609456,3.42279349126382,NA,3.76112714888094,3.25810091200969,3.52908805267091,2.29896989649919,3.04703574500005,3.38457444856852,3.49935700912647,3.36104543243272,NA,NA,3.04175050521319,3.34025136714019,3.31405240201209,3.20303073686527,3.09261997209756,3.4600365708176,3.46754525617523,3.82286396930685,3.76438452752459,4.96783609287763,3.96851436685311,NA,4.26269587752297,5.39771906058083,4.52732720737318,4.50475740364657,6.29062369063546,7.98155590765452,8.50196401886803,5.83590233930346,7.01073156045993,5.83022202447878,5.91448952924786,6.5994762323617,6.61362849396193,5.83865425751977,5.26126708302025,5.58865138432028,5.03327012651176,5.94811371379656,4.25958969303708,4.88955155507272,3.84321613188809,3.96178691646103,3.95686277219662,2.46955414310116,2.95327617193602,2.40801269872149,2.74465362752945,2.97943950061867,3.05674905669316,2.87639463929006,2.73827588406056,NA,2.19681982844778,2.93217740792409,NA,2.88012998882467,3.36779959339758,2.74274829514223,1.88674022892149,2.82419514119665,2.05421256790994,2.64926028572356,2.66611196425976,NA,2.21878783826371,2.38534784323557,1.90827053999354,3.42820518117736,3.28393751905821,2.20848501655543,2.56395136239384,2.62353026678632,2.3889709826617,2.41897092609892,0,NA,NA,2.24526103311632,2.68815306955848,2.96171199936686,2.85103325822205,2.21962944782419,2.78576025440655,2.83817957857155,3.48283412137317,2.39202839498776,2.56515832277621,2.66830064512714,2.19992474895866,2.72680859122049,2.9637651244714,NA,3.21633547901159,3.24021852356652,3.39385382387072,3.57948101840471,2.74719448311449,3.27828105591118,2.85442373679275,3.08034933514229,NA,3.69955138879489,3.85420912243477,4.3239130168377,3.66927498360587,3.56769225107719,5.7078745596226,4.6284555545318,3.34350178439317,NA,NA,3.4967306690282,3.63715434343857,4.15003520534366,NA,4.41934301069368,4.44027685470402,4.35939883483316,3.9783392074311,4.4601417516489,4.46991689046389,4.60224330318013,3.33864486193886,4.99003069466567,4.81738422545585,6.86549487317053,5.78133497870042,4.67145737303612,5.08685745532062,4.07767163534005,3.79985332139485,4.22807757124277,3.85381377363244,4.08551387801439,3.55163092737091,3.589332023415,3.37903603832878,3.41540347657267,NA,3.71364478305672,3.26668535637924,3.18712814395656,NA,3.06561493128446,3.04133699591628,2.85627192120237,3.17530191200327,NA,2.77605490040883,3.00569863533153,3.44315183807534,3.05324910875019,3.37778055611938,3.03905061334094,NA,3.41010538598226,2.7404656482659,3.5762311473212,3.12409354307865,2.5752574105168,2.7704539017861,2.91654684156704,2.81900621959264,3.14872352845119,3.11764161153635,2.84016425387208,2.74494139299645,3.25837795217641,3.30071464782002,3.32162457895508,3.12171894460684,3.42923208865176,3.15133936572808,3.51309331425501,3.54156750453139,2.97926612543627,3.75750230197369,2.88978575157194,3.08177555593141,NA,3.72230222090413,3.17161732140297,3.73726251326035,3.94516579583936,5.33173196332396,5.1935307266757,4.36836775307821,4.0527818519055,5.07906065646668,5.67717692715806,5.74870379511053,NA,4.45881247642851,3.54823459236013,4.78648664227492,3.79938171645367,3.93155985051525,3.65515338907445,4.02133302650001,3.89069292679028,3.86970714611144,3.99034272099,4.35492252803809,4.51394283632511,4.81364159909811,3.56696403094245,4.09727821411296,4.15282025948925,4.2203268374924,3.28248722871985,3.71506459453748,3.55996478588797,4.64587462418678,5.19711418003486,4.95035898342555,3.5160078352608,3.28325952360058,3.79158148448405,4.02137050785378,4.25096976188103,4.10359981926525,4.16347721481258,3.56451079320773,4.06838781174417,3.75940390288975,3.71000040494788,3.87778812869537,4.37933981608379,3.93890110430499,4.15704668455408,4.46454541932153,4.0876144028271,4.20988302316571,3.67343844271649,3.95489567429123,3.85705050573491,3.41846073663375,3.0610989061097,NA,2.7841951537274,3.2758433894021,3.52401099524684,3.12877996761326,3.03683392687636,3.12913320044158,NA,4.03149242581396,4.14548314613561,3.7899456045324,3.53580846756546,3.48300128519519,3.54631955619456,3.78478626127848,2.8812449451292,3.04531119952836,2.76658204225252,2.78280782306773,3.58462260970591,3.50120142123788,3.05375711463256,2.70099381179277,NA,2.61886157278989,NA,3.46910296319144,3.70537247196284,3.1577649863703,2.95981848608101,3.50464635306047,3.7168520957644,3.53801536500763,3.27445466904332,3.09924420894643,3.13326979091804,2.90469906985924,3.18554398587386,2.72436020426479,3.2445669914648,3.83987710769019,3.34466047295901,3.6458723100331,3.29876508090765,4.02145767345378,4.07470329239089,3.67783012103582,3.840790273709,4.09884554385628,3.62152639797043,2.88202044058852,3.59965527552316,NA,3.61214175289238,NA,6.1812738907168,4.86449623848312,6.42551679170049,6.64145364712567,3.56105437361298,5.47597115251477,NA,3.36762697553016,4.47276130250843,3.68424678618705,3.69371379745065,NA,NA,NA,4.32162177993874,3.74611999823293,3.66307245291421,3.53747023098773,NA,3.25366562146391,4.16492655458982,3.37850004303391,3.82039320275102,3.60606891176043,3.61590636811588,3.60853181009268,3.79641562714442,4.57810573779718,5.16369200339273,3.596472449562,3.66756414972085,4.08527429179226,NA,3.28201609716714,4.08863543830373,3.39169219529301,NA,2.93258095377675,3.21145522230447,2.90782213070914,2.81774463042312,3.17074459115269,NA,NA,2.64763366385078,3.17991776006007,2.94609758390639,2.97935424542382,2.89542858737448,3.61007106280447,3.01506787064806,2.36113494928759,3.25966805912043,2.76811503276486,2.67642093028018,2.98824775100553,3.00441950412996,2.91117108142584,3.45573604476292,3.21321937152805,2.79839237006902,3.18307886485248,3.39684284773434,3.38935245120856,3.23436774563944,3.40724909861414,3.79862828060771,3.2357888549356,3.37282253640206,3.49385395563367,3.27734196353695,3.7167445960498,3.5177951103385,3.95325656051833,3.86295741329381,3.63827053835675,4.75061218351758,4.19521538732655,3.71563673613488,3.73420515597237,3.9397614051505,NA,5.00373090682853,4.56713421554063,5.05869259564995,3.9472850815003,3.8293474462845,NA,4.32539274399166,3.81406999718569,3.75460584878646,4.7917593924257,4.94619989488454,4.63267940211618,3.39760556658057,NA,4.70312534496611,4.81681953532683,4.59902030292839,6.32434782920497,4.30371844613684,4.41085253275182,5.46849576339814,4.46248790536358,6.0176770372218,5.24792755526246,3.14261142187627,4.6062452014274,4.17264748215975,3.93430822936953,4.00577343946609,4.44764278392978,5.12652688691841,4.5989107981652,4.45051306549082,4.69791382300461,4.51580299876287,4.23539770532519,3.90487771931747,3.31534723833673,3.03081588122211,3.22264155809248,2.98947739346039,3.06835518126164,2.94235619299442,2.83813005179488,3.11645952912521,NA,2.57642389962817,2.48022931108242,5.27178958105066,2.71963618263303,2.4646669387454,2.53468209894548,2.57241215409224,2.63459749201657,NA,2.70735222728533,3.25132015383271,NA,3.14605626762491,3.34341308819709,3.24395281431048,2.75586302577471,2.93854207921847,3.24019341383577,3.27835850864588,2.75355905894939,2.6517879586426,3.55279931230772,3.14646650482822,2.89430752660093,3.24644706416311,3.43031431516372,3.4074987258925,3.64750215537349,3.7801818046854,4.07358651363398,3.71193039984927,3.23054956344916,NA,2.7198384981795,3.6879589899735,3.8116070088018,4.99609995335025,5.76645651151687,4.14611162051548,4.8210312372836,5.05883153346817,NA,3.79521591915364,4.31547557130452,4.23729511767955,3.95047618056867,3.52476473153794,NA,4.62909964958028,4.28350467565187,NA,4.18725554723467,3.90758885777998,3.75312299155403,4.38777036497058,3.83759257877216,4.90370836417807,3.98602026571905,3.41971696346414,4.10512267151112,4.51334279057294,4.2396208513164,4.25766980022014,4.28694962823842,4.04542076909589,4.07045400210144,3.39363639661092,4.04379260659938,3.49603670781399,3.78974687455384,4.66494611517602,4.91159828499758,5.03161748732434,4.86970726583533,4.22164012244716,4.43725873877178,3.60772173674253,4.41084751353494,3.97424999687635,3.29631218788144,3.72540822195185,3.32762180853739,3.30950918283518,3.50811292922451,2.99523683350052,2.72364405246581,2.54758223574664,2.97300584389381,3.04626243021427,2.74833620301883,NA,2.68589784312825,2.80859595160279,2.97340519154601,2.94654885868061,3.02240037690381,2.87661974242974
NA,NA,NA,NA,NA,NA,NA,NA,NA,NA,NA,NA,NA,NA,NA,NA,NA,NA,NA,NA,NA,NA,NA,NA,NA,NA,NA,NA,NA,NA,NA,NA,NA,NA,NA,NA,NA,NA,NA,NA,NA,NA,NA,NA,NA,NA,NA,NA,NA,NA,NA,NA,NA,NA,NA,NA,NA,NA,NA,NA,NA,NA,NA,NA,NA,NA,NA,NA,NA,NA,NA,NA,NA,NA,NA,NA,NA,NA,NA,NA,NA,NA,NA,NA,NA,NA,NA,NA,NA,NA,NA,NA,NA,NA,NA,NA,NA,NA,NA,NA,NA,NA,NA,NA,0,NA,NA,NA,NA,NA,NA,NA,NA,NA,NA,NA,NA,NA,NA,NA,NA,NA,NA,NA,NA,NA,NA,NA,NA,NA,NA,NA,NA,NA,NA,NA,NA,NA,NA,NA,NA,NA,NA,NA,NA,NA,NA,NA,NA,NA,NA,NA,NA,NA,NA,NA,NA,NA,NA,NA,NA,NA,NA,NA,NA,NA,NA,NA,NA,NA,NA,NA,NA,NA,NA,NA,NA,NA,NA,NA,NA,NA,NA,NA,NA,NA,NA,NA,NA,NA,NA,NA,NA,NA,NA,NA,NA,NA,NA,NA,NA,NA,NA,NA,NA,NA,NA,NA,NA,NA,NA,NA,NA,NA,NA,NA,NA,NA,NA,NA,NA,NA,NA,NA,NA,NA,NA,NA,NA,NA,NA,NA,NA,NA,NA,NA,NA,NA,NA,NA,NA,NA,NA,NA,NA,NA,NA,NA,NA,NA,NA,NA,NA,NA,NA,NA,NA,NA,NA,NA,NA,NA,NA,NA,NA,NA,NA,NA,NA,NA,NA,NA,NA,NA,NA,NA,NA,NA,NA,NA,NA,NA,NA,NA,NA,NA,NA,NA,NA,NA,NA,NA,NA,NA,NA,NA,NA,NA,NA,NA,NA,NA,NA,NA,NA,NA,NA,NA,NA,NA,NA,NA,NA,NA,NA,NA,NA,NA,NA,NA,NA,NA,NA,NA,NA,NA,NA,NA,NA,NA,NA,NA,NA,NA,NA,NA,NA,NA,NA,NA,NA,NA,NA,NA,NA,NA,NA,NA,NA,NA,NA,NA,NA,NA,NA,NA,NA,NA,NA,NA,NA,NA,NA,NA,NA,NA,NA,NA,NA,NA,NA,NA,NA,NA,NA,NA,NA,NA,NA,NA,NA,NA,NA,NA,NA,NA,NA,NA,NA,NA,NA,NA,NA,NA,NA,NA,NA,NA,NA,NA,NA,NA,NA,NA,NA,NA,NA,NA,NA,NA,NA,NA,NA,NA,NA,NA,NA,NA,NA,NA,NA,NA,NA,NA,NA,NA,NA,NA,NA,NA,NA,NA,NA,NA,NA,NA,NA,NA,NA,NA,NA,NA,NA,NA,NA,NA,NA,NA,NA,NA,NA,NA,NA,NA,NA,NA,NA,NA,NA,NA,NA,NA,NA,NA,NA,NA,NA,NA,NA,NA,NA,NA,NA,NA,NA,NA,NA,NA,NA,NA,NA,NA,NA,NA,NA,NA,NA,NA,NA,NA,NA,NA,NA,NA,NA,NA,NA,NA,NA,NA,NA,NA,NA,NA,NA,NA,NA,NA,NA,NA,NA,NA,NA,NA,NA,NA,NA,NA,NA,NA,NA,NA,NA,NA,NA,NA,NA,NA,NA,NA,NA,NA,NA,NA,NA,NA,NA,NA,NA,NA,NA,NA,NA,NA,NA,NA,NA
NA,NA,NA,NA,NA,NA,NA,NA,NA,NA,NA,NA,NA,NA,NA,NA,NA,NA,NA,NA,NA,NA,NA,NA,NA,NA,NA,NA,NA,NA,NA,NA,NA,NA,NA,NA,NA,NA,NA,NA,NA,NA,NA,NA,NA,NA,NA,NA,NA,NA,NA,NA,NA,NA,NA,NA,NA,NA,NA,NA,NA,NA,NA,NA,NA,NA,NA,NA,NA,NA,NA,NA,NA,NA,NA,NA,NA,NA,NA,NA,NA,NA,NA,NA,NA,NA,NA,NA,NA,NA,NA,NA,NA,NA,NA,NA,NA,NA,NA,NA,NA,NA,NA,NA,NA,0,NA,NA,NA,NA,NA,NA,NA,NA,NA,NA,NA,NA,NA,NA,NA,NA,NA,NA,NA,NA,NA,NA,NA,NA,NA,NA,NA,NA,NA,NA,NA,NA,NA,NA,NA,NA,NA,NA,NA,NA,NA,NA,NA,NA,NA,NA,NA,NA,NA,NA,NA,NA,NA,NA,NA,NA,NA,NA,NA,NA,NA,NA,NA,NA,NA,NA,NA,NA,NA,NA,NA,NA,NA,NA,NA,NA,NA,NA,NA,NA,NA,NA,NA,NA,NA,NA,NA,NA,NA,NA,NA,NA,NA,NA,NA,NA,NA,NA,NA,NA,NA,NA,NA,NA,NA,NA,NA,NA,NA,NA,NA,NA,NA,NA,NA,NA,NA,NA,NA,NA,NA,NA,NA,NA,NA,NA,NA,NA,NA,NA,NA,NA,NA,NA,NA,NA,NA,NA,NA,NA,NA,NA,NA,NA,NA,NA,NA,NA,NA,NA,NA,NA,NA,NA,NA,NA,NA,NA,NA,NA,NA,NA,NA,NA,NA,NA,NA,NA,NA,NA,NA,NA,NA,NA,NA,NA,NA,NA,NA,NA,NA,NA,NA,NA,NA,NA,NA,NA,NA,NA,NA,NA,NA,NA,NA,NA,NA,NA,NA,NA,NA,NA,NA,NA,NA,NA,NA,NA,NA,NA,NA,NA,NA,NA,NA,NA,NA,NA,NA,NA,NA,NA,NA,NA,NA,NA,NA,NA,NA,NA,NA,NA,NA,NA,NA,NA,NA,NA,NA,NA,NA,NA,NA,NA,NA,NA,NA,NA,NA,NA,NA,NA,NA,NA,NA,NA,NA,NA,NA,NA,NA,NA,NA,NA,NA,NA,NA,NA,NA,NA,NA,NA,NA,NA,NA,NA,NA,NA,NA,NA,NA,NA,NA,NA,NA,NA,NA,NA,NA,NA,NA,NA,NA,NA,NA,NA,NA,NA,NA,NA,NA,NA,NA,NA,NA,NA,NA,NA,NA,NA,NA,NA,NA,NA,NA,NA,NA,NA,NA,NA,NA,NA,NA,NA,NA,NA,NA,NA,NA,NA,NA,NA,NA,NA,NA,NA,NA,NA,NA,NA,NA,NA,NA,NA,NA,NA,NA,NA,NA,NA,NA,NA,NA,NA,NA,NA,NA,NA,NA,NA,NA,NA,NA,NA,NA,NA,NA,NA,NA,NA,NA,NA,NA,NA,NA,NA,NA,NA,NA,NA,NA,NA,NA,NA,NA,NA,NA,NA,NA,NA,NA,NA,NA,NA,NA,NA,NA,NA,NA,NA,NA,NA,NA,NA,NA,NA,NA,NA,NA,NA,NA,NA,NA,NA,NA,NA,NA,NA,NA,NA,NA,NA,NA,NA,NA,NA,NA,NA,NA,NA,NA,NA,NA,NA,NA,NA,NA,NA,NA,NA,NA
NA,NA,3.5314669119526,NA,3.21516451206493,3.07034490372774,2.74849974258296,3.78136039902019,4.12013073734216,3.61397013865724,4.96017339883643,5.2017209555201,3.21082601090287,3.79840426856755,NA,3.19869164640091,4.44003395147092,3.69451492003982,3.94831697813004,4.34068200666665,3.65060174589204,3.89004847338882,4.80657579370976,3.0564754512638,3.91932591788247,4.39020044646548,NA,4.33857747065823,3.88938650981586,4.27510000097093,3.06469532540455,3.61872483916059,3.84382222590675,4.01572413849513,3.97314058918204,NA,NA,3.70928953663105,3.77227566024405,3.81952604231765,3.81512984017051,3.75422696308867,4.07009832521401,4.10542372429889,4.53664840959352,4.35538717154994,5.48575340608935,4.61102450377946,NA,4.73816792588997,5.86690666385334,5.02001852245543,4.9676178345584,6.81897021144264,8.45612012244849,8.84210314277269,6.38604509897665,7.45785627517183,6.33267008078516,6.35135562217798,7.03265859986991,7.04998361935148,6.25513831265483,5.7397040764235,6.01858500611485,5.40988783805465,6.17182599637094,4.46551551353653,5.33924655027801,4.15124140145491,4.24786044533656,4.02235071080523,2.99941142801856,3.3717042126688,2.90684426344891,3.25691697535989,3.4251296456946,3.53763367717672,3.1943146925443,3.14309182368619,NA,2.66124375248678,3.35544377000151,NA,3.0804342548789,3.63440416560856,2.73197360215213,2.65791003823699,3.26732517129377,2.4955487799762,2.79400704904836,2.75288456749248,NA,2.47290043246198,2.62594399351794,2.72577825558532,3.32597642352839,3.28237672508758,2.22227149618833,2.03741095427513,3.46169121436662,2.88686208606713,3.26117766886845,2.24526103311632,NA,NA,0,2.952920845999,3.6296522013888,3.28003858511165,3.18542517772419,2.99369951556559,3.19028205874015,4.57155759648169,3.17504686325012,3.68349385916439,3.69666669182131,3.04059101209976,4.02706971202646,4.15805328810313,NA,3.80788181663567,4.07819177551538,3.88907044931041,3.89437622325373,3.22248820430316,4.15623197767082,3.84089101676143,3.75576204453175,NA,4.5271288869624,4.78390034646619,5.00349623158131,4.50574528350646,4.34604355759562,6.36252981791292,5.39100052298007,3.95945930101015,NA,NA,3.91373326609997,4.17632033612413,4.36993810977901,NA,4.90037021963376,4.85432136144948,4.69596062556113,4.26439598800043,4.75831968263063,4.88510565100374,4.98935253951135,3.93787995417096,5.76039368711348,5.27890394537223,7.26663943864281,6.26113616841807,5.06618168186749,5.25154486190156,4.28541611949458,4.20391555807823,4.35022452083011,3.96120631579441,4.2110293070934,3.70099538467958,3.8369728866017,3.52330909606101,3.51899567235162,NA,4.00056612202837,3.71913134412907,3.56068628864507,NA,3.23453268611873,2.99903107688997,3.00941380596141,3.21027980541029,NA,2.92111386104211,3.1823882060479,3.27885999380888,2.78062022765257,3.12469488453138,3.11455066908508,NA,3.50032427042617,2.71115375802692,3.50616783491771,2.79600552697376,2.61329804457924,3.00629260595778,3.07883982623994,2.87400530653926,3.03676169510925,2.62491317626484,3.06587474271804,3.0374820254977,3.0723125671323,3.28337006140916,3.1512277387199,3.30164521322567,3.65939080456048,3.5361555044211,3.73470356592853,3.67575917713872,3.36291955134733,4.10423637912019,3.01144954215159,3.04683633770262,NA,4.45637704485207,3.73794672440067,4.24525981304717,4.3939457310366,5.87619264204994,5.76594567661802,4.78821341793404,4.53660833854529,5.67174654711218,6.26363339056399,6.26560107067615,NA,4.99593780413186,4.08394233124629,5.44867065332443,4.37946917283228,4.39922857511386,4.10702163008352,4.46532896764716,4.30493714678594,4.27909021667687,4.37290127273663,4.70334756998175,4.87951001868375,5.14786005002283,3.7285519966838,4.37223703913915,4.5709962235809,4.52728913167642,3.6365696447182,4.09924739433421,3.97402903327727,4.81249679084705,5.49647246205937,5.27662341756778,3.79327208010533,3.41516416853644,4.0318613149977,4.36617875184456,4.6351152844937,4.43430375342602,4.35164626589006,3.71400164304232,4.39127069876006,4.03023029078824,3.96993749861451,4.12959514829122,4.46489374797749,4.08621696500227,4.13115586842448,4.5615108048877,3.85230960945893,4.02815020679471,3.79532338246041,3.76303361119842,3.89443198306859,3.36971712139053,3.36024188277733,NA,2.83915090292991,3.20530165208318,3.57319586561129,2.81842595556186,2.68242308088265,3.20045602476743,NA,3.61974068536896,3.90351770714374,3.50208819317543,3.1839427895103,3.07781630102406,3.35655148320946,3.84122264989214,2.62107304389829,2.84075649245606,2.47182418366416,2.70641169201468,3.53820683080472,3.72786763105607,3.49839534282888,2.84419893595341,NA,3.09804849745242,NA,4.03128530142687,4.17851044333247,3.58888216232926,3.61188889307252,4.18350103825099,4.31185547271146,3.99297323574485,3.73461306852097,3.6592926731706,3.71792379986266,3.45340090219683,3.45932558911527,3.21655516235217,3.78460272634771,4.47293307203486,3.91487531763064,4.20198854577772,3.80885889891349,4.53646655358918,4.53908253698382,4.24075687714885,4.46012528399781,4.63065182686098,4.18675572820108,3.57364002348426,4.12961938464517,NA,4.33934879522445,NA,6.66380941300345,5.38543064022225,6.89230333365819,7.08317671024153,4.21521277921957,5.93311521697229,NA,4.19862028260519,5.39304640736245,4.3827757352724,4.38464724252238,NA,NA,NA,4.87678748967331,4.00691438747946,4.18037925223024,4.11974137184262,NA,3.79997442010303,4.84536596877453,3.96553447436437,4.35226121935502,3.99217838957414,4.22074234785445,4.28030715454983,4.47949733531421,5.26662031565284,5.66020104279315,4.3050147935798,4.22645970543489,4.55775349537192,NA,3.64548278950559,4.5459522357723,3.77364633828783,NA,3.24475030011516,3.29381826542384,3.23465575641559,3.0545068858129,3.10038366898971,NA,NA,2.64664563740934,3.30704185603892,2.88557867251603,2.7105398641571,2.88931710963001,3.58593622671795,2.7526432501105,2.4557060314573,3.06416737579504,2.83644870962813,2.80512090879507,2.96197183850779,3.49469807122611,3.71262578281392,3.30544157290529,3.75197513772098,3.35365613785071,3.76512077612427,4.07347400550865,3.98569021752358,3.90512364738841,4.05781554547625,4.57657942995285,3.84414696201891,4.16613919517712,4.23261156796106,3.94296059624235,4.48637860660611,4.29463903742683,4.63562238878034,4.40787475646364,4.30807510800856,5.53493833077209,4.96806283322601,4.31711345083838,4.16747671717694,4.55537247207617,NA,5.47448716103754,5.23349622211023,5.67778812422391,4.69505598064614,4.42760767431117,NA,5.00863051295047,4.57785213384097,4.52846527588601,5.44873263346178,5.51158598835958,5.25405710417818,4.04163576343316,NA,5.25613361277195,5.3962186438982,5.14325360010862,6.81275159966523,4.94447168343974,5.03237461257263,6.06839795668819,5.08332551835014,6.54014130957321,5.82795777680624,3.9544893261761,5.17796763897969,4.80310382321693,4.72065974189934,4.63206654929202,5.01857899215218,5.68997432892686,5.17466790327805,5.16025381852545,5.45191282505436,5.09244256226726,4.70845906597906,4.40773395348153,3.75973995692341,3.51051470455646,3.75198329949867,3.27339932191784,3.18902656129426,3.3758435145968,3.07870825969456,3.26935481634831,NA,2.84912225946284,2.86263133267525,5.92670309325981,2.54336087343373,2.78674286583824,2.65484975635866,2.95558276485168,2.63440168173531,NA,2.76034181201426,3.00605685205974,NA,2.96073836338298,2.87496770501824,2.83685653125307,3.30282617177737,3.02724938821029,3.10143302675252,3.3586160683122,2.92236951511793,2.87946081869617,4.04718147252107,3.44174570230632,3.29108344282681,3.75197514408415,3.77450957192222,4.11542586355428,4.38601883906548,4.45396224743628,4.79187221954044,4.2066365638723,3.84158832285124,NA,2.63792034346318,4.3261162680538,4.53985647926506,5.87027854453468,6.60670115668031,5.01699772236257,5.69977192362575,5.9561960706839,NA,4.62902990999705,5.06536244560525,5.21762107857342,4.92731145905767,4.37209697387123,NA,5.34412392506035,4.95848876586996,NA,5.07578651312244,4.78699477985093,4.64916210595016,5.35657370128188,4.7498689135822,5.7588755911345,4.60700010734058,4.33183125796969,4.88061735739678,5.28027216121553,5.04667178921085,5.01525664109792,5.00949957840106,4.72265965312773,4.67399874446667,3.68456722663673,4.8908275808913,4.2624899099561,4.2620055959058,5.38787376134909,5.68115713001012,5.69189162560282,5.48939334717107,4.81968587487488,5.13274419875599,4.42983981657344,5.05178313799913,4.55715944828064,3.9083098257791,4.5353515351476,4.00716287696419,3.75526369874474,4.0854016586614,3.57991292831554,3.16944585865304,3.25750707956931,3.66146526978598,3.34229494103893,3.20408905420374,NA,3.15759097145294,3.05031355985429,2.90128857914594,2.89852896302711,3.3201208289022,3.27005165520278
NA,NA,3.89335940439953,NA,3.89225796135629,3.34236326449663,3.48940942717405,3.51561065712972,3.74943787227693,3.43857060994788,4.1819010612701,4.58163067110715,3.93851506659578,3.90545119750218,NA,3.68120675596886,3.86015003851603,3.28236845539379,3.8856866595098,4.39563467070824,4.09255041662264,4.11454446324496,5.05089251291515,3.84934962530156,4.42583987636497,4.72571764467334,NA,4.92039929636648,4.48194961241146,4.59638575366275,3.26834286640745,4.23086904162096,4.55431691372573,4.47742084464342,4.49517806479116,NA,NA,4.17632461318398,4.10342501158003,4.08358243370809,4.06484572361448,4.18919566059922,4.47261903110078,4.56624595831443,4.70727339504211,4.68329258976758,5.78684826675461,5.00445355088,NA,5.35387490028234,6.19669003452715,5.36493680123018,5.43433543309948,7.11719989154931,8.56336359685658,8.95266267664533,6.54247840308724,7.60131105671824,6.53464629336832,6.60340988939718,7.25640389689058,7.18012163804021,6.43804797152704,5.97927174981077,6.29741913658956,5.85216861028345,6.55849373069488,5.13392698477642,5.74362956071212,4.85540126037082,4.93107438279764,5.03341290136507,3.59348756728411,4.0265897130979,3.61174456528893,3.92711339897188,4.08159743611621,4.11321229660026,3.87073709006637,3.93339695883597,NA,3.47304185865363,4.07823105647443,NA,3.92507498298895,4.45123864253143,3.8037462062089,3.3896054325462,3.89187006287023,3.16958008996854,3.56875791720305,3.7277208371483,NA,3.22251847594506,3.64917915595298,3.42972575921486,4.62551492837077,4.48991836672341,3.38268369354755,3.4168419779099,3.25500005352799,3.74229845358464,3.86522045576951,2.68815306955848,NA,NA,2.952920845999,0,2.89611337828428,3.31912873253639,3.54556365005825,3.53395335247678,3.9295334094673,4.46501411596823,3.50354477654098,3.80054339460579,4.09590663900025,3.55944591682252,4.25932419623422,4.4962970476693,NA,4.47378769656801,4.53055133901236,4.70696346782133,4.8450455227543,4.1110985660078,4.64659526859619,4.13306287968914,4.34646503552312,NA,4.53612845084625,4.84872023755793,5.34859548077098,4.73643392590152,4.70127588477216,6.26750432621391,5.39342917834325,4.49212857797144,NA,NA,4.67981705489214,4.67602555371293,5.23750924598129,NA,5.43738943726679,5.46230067276124,5.35510352612863,5.00379529514624,5.30121207576102,5.35807689038902,5.44637184895868,4.49475073134459,5.77267765366406,5.7335100242356,7.51438769449981,6.4747164141552,5.55293375801063,5.8429622864158,5.02708777188665,4.94216219859709,5.40256739865756,4.83730861944533,4.95338255394801,4.67284366829723,4.73415308619379,4.43672727200813,4.46120709389182,NA,4.86274984913273,4.43312379780026,4.28386440903783,NA,4.37857346123945,4.33539729337427,4.16081668179179,4.38089749902058,NA,3.96760584574394,4.28710115595492,4.63445663167839,3.99148349490155,4.41650413540089,4.23974811304221,NA,4.56307259834705,3.56757981726642,4.57329332190693,3.99369893107649,3.66797323424101,4.012339383731,4.20527623781419,3.8839134100489,4.06903719596874,3.84360022677337,4.08435433368341,3.99676951643965,4.27428463356104,4.52194798920419,4.26930564613317,4.37538918410629,4.49558756329923,4.20992566945555,4.36312660731913,4.33300008297397,4.07107245325143,4.89901320412944,3.90658020445606,4.20637881061145,NA,4.67149935012601,4.14208627940548,4.54706798672309,4.63532165107166,5.85321956089156,5.75425266717259,5.059632404388,4.59021481668351,5.78278701468323,6.24155792630367,6.21502549788984,NA,5.37180161887405,4.47698953530716,5.62348633024446,4.81652285972145,5.01231149155316,4.79654584489454,4.96947573336557,4.85196184751141,4.89261865950686,5.02786263415532,5.39655246305582,5.49556162422684,5.63351063537068,4.66967413993833,5.12264356181828,5.09344840602828,5.30097669072417,4.29450096711034,4.800955531213,4.55646018470204,5.75174923673036,6.04184530557955,5.8917112240673,4.65893405571046,4.45944742522078,4.86307572700001,5.17943757267482,5.32175292050455,5.10580352404627,5.16666184102614,4.585848896485,5.20452932163012,4.79766367598303,4.84681758188344,4.9372123256094,5.41911216289348,4.88702565277411,5.03414745778139,5.35637968264756,4.98186300288801,5.13560401182625,4.74816358181499,4.86412592021762,4.72574075473677,4.51102741708109,4.17388238066962,NA,3.77696030152614,4.52345838780084,4.79683698976312,4.05870592972449,4.00156054524473,4.0636161134218,NA,5.14284528268636,4.90213934053295,4.45091561931587,4.37473228775503,4.18632532520439,4.531049785392,4.87293271927084,3.91944761519508,3.98641820579359,3.45405486102745,3.70545327524185,4.46338444776592,4.50602663708191,4.0869090317871,3.78339633341775,NA,3.59412566027104,NA,4.47296328747172,4.85321578957402,4.22755846875016,3.78236855865091,4.17302988651262,4.10720205953905,4.40177969555969,4.08316520100618,4.06336217141397,4.23077646509152,3.93080861842627,4.26526649635999,3.72884658442372,4.21390433364167,4.85277881418735,4.4744008928752,4.53875231687067,4.48083135875503,5.16559114162427,5.11980760854512,4.63529800372312,4.60572200805028,5.10720155214361,4.68884650418438,3.98365182002181,4.69171953471097,NA,4.52467340828592,NA,6.76161605257396,5.47944330745832,7.07066039147156,7.29317059222276,4.64905664708103,6.37932449710202,NA,3.71205916944501,4.76798790697316,4.5099255336714,4.63231810311093,NA,NA,NA,5.25701530605627,4.68216104246444,4.75184054042599,4.7696993605074,NA,4.26861536918544,5.13114578798905,4.47585171284554,4.83004956343061,4.69259907203384,4.60061033774383,4.76861851805554,4.69743461357011,5.34774865146778,6.00714231212243,4.32483788246009,4.51972337527769,5.05076513531715,NA,4.48380581414344,4.85299818564741,4.40139178452775,NA,3.99968362183087,4.31538549822972,3.96668713774739,4.03048524490384,4.1915584750582,NA,NA,3.76207304353314,4.13338471438679,3.96225857044625,4.14148961473662,3.98546787711275,4.7995056515708,4.13651946996074,3.72850026346932,4.58269137202865,3.95153178886134,3.85423273695654,4.18074463572988,3.98860091834349,3.78556783663267,4.57002897456298,4.06573552582277,3.82115257498236,4.17853524989858,4.20906375194342,4.29106395474246,4.14296616563896,4.11177748538684,4.24241252924601,3.97834382548171,4.12491130111389,4.31167609788511,3.95502573018302,4.33898016134925,4.31385666276111,4.64633807146621,4.87469892143719,4.40289566166215,5.61107456807842,5.14699837413204,4.66333272446258,4.50743600814184,4.74030000431229,NA,5.65621675332989,5.15965169543654,5.72927014835391,4.78314205315899,4.69517147843273,NA,5.06922520223195,4.63815112320442,4.66498282821635,5.59273248624081,5.66933114006829,5.45156792693555,4.45066444438737,NA,5.49537441032989,5.52445415563229,5.43128368597299,6.74877604668825,4.93933719927128,5.2766442044829,6.17607536679273,5.40164156641017,6.73972556349573,6.04676436413299,4.19667796605328,5.49709498163322,5.20673846813202,4.73610487794301,4.8378882095169,5.17825579355691,5.79098367649509,5.40725736956981,5.18555337501119,5.10366695363169,5.21264911931715,5.18534899030731,4.91259347457826,4.48995264368307,4.13849333017991,4.24231369694664,3.89178536354417,4.14024595049037,3.83349204231801,3.93369501206982,4.2634890098491,NA,3.77677296292817,3.60393125479991,5.69832251443948,3.65070384214931,3.50520205462749,3.64274497499847,3.59022914330317,3.73543503062485,NA,3.666229017825,3.90020068927683,NA,3.8988796789778,4.0215067841599,3.888001387488,3.52761343108887,3.77852912754621,3.95042682815298,3.79506446851537,3.40737670170247,3.4915181883797,4.11151736682228,3.85270555111828,3.43594939631482,3.28138656219139,3.55954190842692,3.86721844037704,4.0958861013036,4.09167643551446,4.23443940231017,3.57115988627209,3.92446684173801,NA,3.81658569542072,3.98523327459742,4.2609529448219,5.50002199262498,6.35350391833245,4.85120448250431,5.28760979195913,5.57308646385358,NA,4.54916931166359,5.1328194434802,5.13386046845031,4.84930122185062,4.45399449839031,NA,5.12694937794217,4.79689244944299,NA,4.83590419038953,4.66710779433045,4.54309393206627,4.9555586847102,4.44521871301302,5.56991163173052,4.76729167433315,4.30429262860654,4.82223329348326,5.17974552566263,5.01122629370179,5.02882804932787,4.91612520007973,4.7631413429899,4.68098168985388,4.50732955562991,4.51285969520741,4.18641626877598,4.78825651701958,5.38040591511402,5.62286755992079,5.72855529883066,5.64843897003381,5.10645723944003,5.12937745477838,4.47401346061513,5.24251579302053,4.98420664648656,4.35072413105097,4.60157908416879,4.2648555505499,4.29514182225155,4.35274385174178,3.93263721791643,3.78464917073306,3.48148819886798,4.01710421195665,4.29264430583776,3.86757924249226,NA,3.78419351505951,3.86532748477832,4.08483675527048,4.11441184024503,3.97592461227737,3.99213836313804
NA,NA,4.18156671629029,NA,3.9723844986562,3.96012339938967,3.82770790549609,4.09649348221093,4.4393884516879,3.43022908777836,4.10086091367004,4.41521967716947,3.82493296965637,3.98153331291645,NA,3.91377574937672,4.03962509995167,3.83639571036155,3.54909207976196,3.9055472157737,3.70955913360072,4.04238740011637,4.91739006382171,3.90747262404433,4.22690947944023,4.50223465039828,NA,4.83833806901426,4.46173141187213,4.49663908674908,3.41598071045489,4.08383463240107,4.44261044728316,4.38199871781829,4.34039554850176,NA,NA,4.04507292545699,4.2180743353262,4.13500172083934,4.09621517812893,4.02554679992495,4.30170076062083,4.47384499555076,4.39082941578184,4.48128564905318,5.74429295663495,4.86614823940128,NA,5.33296559083614,6.19246929506246,5.2677267523027,5.3906208492397,6.90892955904045,8.31575799237357,8.95178344149455,6.38738890591555,7.47858775374919,6.42053808766044,6.55069423948455,7.16119558336623,7.12458946736092,6.4040284930794,5.91199711789675,6.25122178447252,5.80068325430233,6.80718711022711,5.32991208448956,5.77733927561721,4.97354350846396,4.97392808294536,5.111552316207,3.85495508207812,4.2023871474614,3.79504103892986,4.12464695524033,4.26825362170735,4.41337813366296,4.2576307455363,4.08297608925881,NA,3.68450575409227,4.27914977663738,NA,4.27206310665149,4.66530926278375,4.21034211163006,3.46073441919635,4.2468739916494,3.64025712945746,4.20097766518515,4.17475226528217,NA,3.80448487205807,3.95932115921993,3.39746532289014,4.91388099316476,4.67812766372923,3.96939695545241,4.07604737316964,4.02568025798791,4.02994778922223,3.64744491524212,2.96171199936686,NA,NA,3.6296522013888,2.89611337828428,0,2.47230120634202,3.2374787644284,3.40328385990006,3.71808588467482,4.16824172291605,3.06556411986776,3.63869543868317,3.70790381774156,3.27928846479229,3.94576666836414,4.44237426088726,NA,4.3008795312211,4.26855251731321,4.48430744319639,4.80452878176169,4.06686468847379,4.42801850275988,3.86167962247651,4.23778127366712,NA,4.11345864037829,4.42650487525201,4.85661859426793,4.40873180831186,4.42202834547609,6.11364286471709,5.10978592839982,4.47850927714447,NA,NA,4.53857553495527,4.55658536481835,5.26787497353524,NA,5.3549385065321,5.47788568760856,5.41947927111738,5.03087205329403,5.20649752336953,5.37111840244091,5.36240720241436,4.48087119706957,5.66460406800002,5.63584976603888,7.43709120298477,6.39346809054371,5.43733854169456,5.97488562722552,5.17545899013812,4.93824400248284,5.38357493231904,4.97691465262266,5.15842561444898,4.73542414425265,4.72956948385499,4.60164232574968,4.57835201637978,NA,4.7917955555246,4.44711517696418,4.33270004031159,NA,4.40843456779063,4.45708163542335,4.14509492107783,4.53173613567043,NA,4.1097250998764,4.36236124670139,4.90796813442643,4.37931944429061,4.72926247354644,4.3488385513858,NA,4.79005495074679,3.97541031958657,4.73388833165072,4.3563237383962,3.93433655786998,4.16253195502268,4.17060705645785,4.04331006357659,4.24676879829745,4.33702435594019,4.18777440312431,4.04320913178715,4.46418592258732,4.62176517413124,4.44650426873933,4.2925719963444,4.35637396163567,3.96187621186364,4.30073383757155,4.31860001526083,3.77780903673222,4.5570194214229,3.81539067291634,4.21696210013511,NA,4.12849683626457,3.67658725538519,4.08655904270628,4.22071534140361,5.31750156692677,5.41467490572282,4.90639732113426,4.46138938219965,5.52491437485634,6.04856870664805,6.14847200965013,NA,5.07676640138069,4.18638033260537,5.11589598909039,4.28518228887915,4.60623677774292,4.55893130329282,4.78665468913362,4.77924312581049,4.77460119916282,4.88920118916415,5.14618494324262,5.40221660005365,5.5674381724917,4.70634454728743,5.08302857619409,5.05934060050819,5.21146435360275,4.31912664066996,4.88690016836965,4.60648411068994,5.70440437472106,6.07628424544888,5.81368207935389,4.68218070822464,4.59818707344771,4.91294003937318,5.09516359275273,5.22027072727585,5.146346038971,5.23272478074599,4.67067205612242,5.13013212655164,4.70880621719886,4.68117874102771,4.92161650807455,5.38043548547291,4.88902259189056,5.20058438255125,5.59804949564219,5.19879490142656,5.34222293708332,4.75158428766064,5.05008141148635,4.87985759609743,4.64119277965245,4.11769936532935,NA,4.02558226890717,4.60811648631773,4.86655646561528,4.39388801931633,4.22381524268481,4.05445773027344,NA,5.04738494431119,5.02496503286264,4.67521923037452,4.46317094714802,4.30134933763062,4.48538971053723,4.78904520190023,3.97358516074271,3.95766256283875,3.53019761569373,3.64678850333162,4.20564393299174,3.95659294657323,3.61636981921374,3.61245732654413,NA,3.3985211792022,NA,4.19076916567538,4.52380860341003,3.97981783638517,3.61395172882166,3.78846558070911,3.78918068491782,4.08218782449239,3.7766585506451,3.85721315653255,3.98673634962508,3.70166174634684,4.32347305902552,3.72688046341338,4.1137219309503,4.47757018754567,4.32542494380381,4.45622078214214,4.43211050147861,5.11647145444625,4.94911470388224,4.44184909543106,4.43287971719386,4.80452126325883,4.41270730571039,3.92256373232052,4.59510473566088,NA,4.34895177090756,NA,6.60799104094057,5.55178393357774,6.94022682350718,7.22870789026749,4.60084336186653,6.26605162721769,NA,3.91992033626819,3.43698127270061,4.04667388075846,4.35226866417432,NA,NA,NA,4.97635392680936,4.58412395390354,4.62094758581842,4.46533538328768,NA,4.23293281699746,5.01466549719885,4.43476363252008,4.9065539432902,4.70695763317057,4.4514839992125,4.55158987331387,4.48163076294936,5.08372835732185,5.75595126698583,4.51914396435854,4.43551377041714,5.00455457073831,NA,4.34025788450848,4.80139193502274,4.41047658779452,NA,4.10401291257387,4.33712293416737,3.99379222576313,4.1345608530937,4.33250295500543,NA,NA,4.017925311213,4.46171976073382,4.13718765018249,4.31887855672009,4.12164233117402,4.72840966974786,4.10650777577014,3.58783745428613,4.67110946278101,4.04115200413937,3.95988161196486,4.42108945974443,3.85387417295133,3.67099982680783,4.47714628502816,3.87681793305706,3.56729262532397,3.9474865129173,3.72774037779861,3.97818088038875,3.6432466352332,3.59828217792473,3.95059037290155,3.73145881395961,3.7031944142012,3.96777850533513,3.64519037799114,4.04492525126422,3.86970126414524,4.45074236195027,4.43557235417886,3.97952259496263,5.15953489406813,4.79254265385567,4.39990226526952,4.31734272420708,4.54979715504845,NA,5.60987105172081,5.06479405033512,5.60905707906592,4.65532928301195,4.67847891542645,NA,5.04705373635041,4.52209871699225,4.55351053975297,5.47220841361754,5.6108044717047,5.29688650479184,4.28754353484661,NA,5.21989590799129,5.30029984156797,5.30502273317925,6.74324395852829,4.8086005787588,5.12911508674518,6.06037310267046,5.30089365500881,6.65836398838182,6.02164623366816,4.020257585516,5.37522565953563,5.19981157596003,4.70179042151202,4.68769186928586,5.17318185407162,5.74620642383947,5.37048327986009,5.14933362120902,5.04379659333966,4.99629804560435,5.01275572517685,4.76906129567865,4.45190014621066,4.04492816417835,4.18332575338509,3.99285683465296,4.25696666079044,3.85885190455702,3.95888874400346,4.30751981377662,NA,3.7463093025233,3.53801968911561,5.53950398862548,3.81950189482692,3.59915883009247,3.73521046478409,3.60759175083721,3.90107989281397,NA,3.75584486441952,4.23358719193217,NA,4.17570289735911,4.48020200398699,4.26861744812433,3.66444105373811,3.83344406063864,3.83621091461641,3.87247370979984,3.3075287528842,3.34283672320845,3.91133355843424,3.77816308246744,3.31371248722173,3.51003853635047,3.72256468388798,3.57164719145652,3.7215489874359,3.8966039452673,4.07693702321905,3.87496555338353,3.70255621148451,NA,3.9419512639935,3.86144792922704,3.84064007838477,5.20127726986853,6.10562944145568,4.69133536982597,5.2284058251946,5.57574340561981,NA,4.41695780222097,4.96220333792493,5.0611183626815,4.72262716794799,4.34069792107893,NA,5.09890209830186,4.84636845234141,NA,4.73291505133017,4.49872329569947,4.36604239791653,4.73213574639854,4.13107678875315,5.3540130580073,4.80425204673749,4.17440539213287,4.67972902735157,4.95372508932023,4.89275473118531,4.93033968239276,4.91021096828282,4.68372937362901,4.58765972790948,4.54543037648355,4.47158699197079,4.11227110075876,4.56620491239307,5.05357832173493,5.33365490277747,5.44129435845652,5.46663070458568,4.9161414959724,5.07507635430287,4.40923455278837,5.18390532210237,5.00272834817039,4.33425685745819,4.50811523363305,4.21039494200386,4.33979705884609,4.41466848790202,4.01215132607923,3.99077082078606,3.56002474969425,4.05989631084231,4.34475491698022,3.97491211295595,NA,3.84900509736986,3.9597966133868,4.12851007484684,4.17667999499175,4.11856202327101,4.02959659915571
NA,NA,4.15376643721553,NA,3.88676209293369,3.93170485632188,3.63125576505418,4.22364455551477,4.44896690045716,3.39946275694045,4.37040119447061,4.63923516421944,3.4756272331564,3.66918278611828,NA,3.46862794143659,4.24240932399781,3.91778909329342,3.64324005356973,3.62478603189608,3.43571447482492,3.69448605638989,4.72970720737149,3.70203034476628,4.11284828327743,4.29710972252369,NA,4.51643340938815,4.12741132737775,4.25306126746279,3.24224551838021,3.83877593054414,4.15349836933477,4.18803412063599,4.08954867091893,NA,NA,3.77732181823971,3.9449206742724,3.9341843788636,3.90488128189269,3.78855698267888,4.0978842400223,4.14241367490094,4.13924762069929,4.26914928285717,5.47113799990308,4.63143575203441,NA,4.96239154864861,5.93272193938324,4.99029103734087,4.98399405532252,6.53714611486272,8.14272379457751,8.65494630164075,6.04203445212144,7.27820167790851,6.23809828021578,6.31933248671556,6.93577717441926,7.0264920023583,6.32917003364571,5.77984179466965,6.04642653789135,5.48435986332092,6.40938255185916,4.95467678598268,5.59306809406403,4.71911943141504,4.6172897601425,4.7722739054768,3.48403751883749,3.82772768345352,3.39905803350617,3.73525536633245,3.86342333842471,3.9879974685286,3.84984837368957,3.66170114225656,NA,3.28044447320014,3.93617979598347,NA,3.6537074223945,4.3337396198541,3.75621406536267,3.06183356329294,4.02661244214481,3.34739959574892,3.86842510940254,3.86136303252673,NA,3.6746065613104,3.60597936876276,2.9906420311196,4.35034494751768,4.25123968564158,3.62578844445429,3.72986357787929,4.21824409477064,3.72599379038234,3.15086327331324,2.85103325822205,NA,NA,3.28003858511165,3.31912873253639,2.47230120634202,0,2.82578423379547,2.35817058067027,2.99751834405587,3.93891028636607,2.46085766417857,3.26467986333755,3.35733311511519,2.92931885064656,3.70210569803528,4.11726607693046,NA,3.84865360399631,3.92286060179167,4.112830211928,4.2992024586249,3.51223886399208,3.96283188945305,3.53479905558793,3.86760227821486,NA,4.04854254994205,4.29559543062267,4.50518390097541,4.14227616421261,4.01324532796045,5.94994957149456,4.91583957540294,4.14560671176622,NA,NA,4.11405352501844,4.18386264491849,4.86273951910867,NA,5.01751591738821,5.05981685402939,4.95902413205921,4.44595938787416,4.88602527727054,4.96618828428178,4.92215758719614,4.22420845705878,5.52568622926272,5.3367748902647,7.09841298272171,6.04882709330844,5.05803967433897,5.56713772196957,4.76557560306045,4.52427639761293,4.99647101234551,4.55835669924773,4.73067305735369,4.34808894477481,4.37198070961974,4.32246780849417,4.39772782213346,NA,4.43307527812521,4.17341741686666,4.0135509359163,NA,4.04437388882595,4.16400916363514,3.8422961687025,4.33601456960817,NA,3.83113230172892,4.01100739389236,4.56156693611981,4.13304788136752,4.43713343481778,4.14267211218182,NA,4.60633676782425,3.79953930671028,4.52192966093941,4.09753668113463,3.74481396842952,3.99352445404087,3.93186379483989,3.76857651780517,4.01369714603577,4.09610146801109,3.89833270877271,3.76575991570063,4.20865257348747,4.24231177777704,4.13958431728721,3.87557954285361,4.04643867155562,3.63258508679867,4.02009458676342,3.89419932939673,3.40536505283912,4.00492737011184,3.38954681309383,3.88709583013614,NA,3.8738809192716,3.31750757490479,3.92197010278355,3.99263342704863,5.12044311774442,5.40440940134621,4.7295661405487,4.34455262044355,5.28012527088247,5.93384258543301,5.99593170914527,NA,4.85917995472516,3.97760176620842,4.76326257670978,4.01254142152039,4.26036485855243,4.18161399725233,4.36999629752722,4.41447718666119,4.41295690333134,4.55753468123081,4.77227286724588,5.02134585499755,5.23624642804079,4.420694001465,4.76216532699272,4.74031274351163,4.99808025623186,4.02383509372393,4.49901291831606,4.28534260658501,5.36933584093795,5.67969880925498,5.45128657454679,4.2703114153679,4.24484878963077,4.53192050280281,4.6795126784937,4.8641270116417,4.80762954806637,4.91320173579989,4.26638613017885,4.71219050363148,4.34347208906361,4.30976462577483,4.63664592687105,5.0548839554645,4.51782253729534,4.80711140764556,5.17200708156417,4.83717100384505,5.02738771448229,4.448509486982,4.69391423128961,4.64052625625936,4.2981420255168,3.78754453695796,NA,3.68309203963179,4.2328648702573,4.38920807448337,4.02564113241024,3.83000745518163,3.85578776228462,NA,4.62299604628996,4.7383603395299,4.4501403640899,4.1399857293126,3.9490871655949,4.13471351327678,4.41762258146238,3.62235402893247,3.61662773739378,3.35589255709085,3.42470439015576,3.98799119417125,3.39281084915719,3.24775475720903,3.23960346572646,NA,3.15585111777829,NA,3.80485116277618,4.11570486590966,3.72319506060486,3.59618360586689,3.71593654889132,3.55484720765606,3.71146808136168,3.562202340247,3.58848643588526,3.66376227675882,3.3981829695918,3.92460707412901,3.42940095535902,3.73728080744376,4.28037946387227,3.96330606292523,4.26328078464712,4.04028096150156,4.6830381931053,4.55149924121358,4.21203029641205,4.35906202968757,4.52824281395539,4.14947380872435,3.63049914379877,4.11756943560442,NA,4.19137669334718,NA,6.41715619988911,5.27303037830261,6.67798779949804,6.92411945346816,4.31256500547891,5.95384799638282,NA,3.95677121582817,4.399517031515,3.71930779784447,4.04235638002226,NA,NA,NA,4.61685895863681,4.24657660200627,4.34993332746484,3.96982271181271,NA,3.94028994654417,4.86313333356471,4.10438565530572,4.59198633674153,4.42126852467451,4.29903169736106,4.33033308512936,4.31362853848518,4.84119636354218,5.65972404313224,4.35841835354617,4.19189725779725,4.76799496040116,NA,4.09586907719314,4.55210024637212,4.05316329456402,NA,3.92130146493416,4.00668347009315,3.70440447142885,3.79763033684322,3.97949805522314,NA,NA,3.66707693176361,4.24133529057275,3.86186094580928,3.88802330628668,3.83451761546687,4.22093880745572,3.70650795488655,3.1037118415167,4.15048714261574,3.7482580296068,3.73107663777334,4.1748237413995,3.77940283098215,3.81411243446347,4.14929918003528,3.77706589703306,3.48583442018168,3.75651119254229,3.73584555469129,3.87292092423855,3.51585602389956,3.510160393999,4.17877363184359,3.71627481376905,3.61760104731544,3.69374055806621,3.51203688078443,3.96858434290411,3.72562555343154,4.32345583246723,4.0574286377306,3.82962557241873,4.84922632526933,4.56900609641271,4.00859140620905,3.99295299629466,4.35383782422393,NA,5.39325808543078,4.92381580352862,5.44405745293873,4.46671957409002,4.30562246937001,NA,4.84041730297308,4.3872853672469,4.37026151724852,5.21097256985225,5.42130657738036,5.00815190510167,3.97370003122545,NA,4.940337061259,5.05268604972785,4.96333709701892,6.51164303155875,4.59737842851626,4.88929123469052,5.8364602439717,4.99851289653462,6.33859029403844,5.74511249768788,3.73197284614494,5.11530525694397,4.92602322805794,4.51835734302952,4.41840036181875,4.94172456667787,5.53602066820882,5.13040317063061,4.9899990836351,4.97595125426153,4.74309595866753,4.66668755621773,4.4672653106793,4.05381337921413,3.6567133981371,3.90395445332251,3.70176452438393,3.91391249309909,3.63348714007677,3.64580705677048,3.9588677482575,NA,3.32955372415273,3.19103255793572,5.45578373304754,3.4807614608058,3.39045061848707,3.36270298213927,3.23108159336487,3.60034457369676,NA,3.47428045405334,3.82863299874255,NA,3.86756830846609,4.11178390942534,3.92082576459586,3.56706055277256,3.60892174208202,3.47766420750663,3.37563594807182,2.9543620075025,3.07681707325025,3.68067236955225,3.49343829095211,3.18398415214839,3.57987517249483,3.65993595931177,3.53935378016468,3.66418222146616,3.71878182452029,4.05633843101044,3.88659628039741,3.52739236364193,NA,3.57042561390732,4.12669273152068,3.94032079066602,5.22036854050771,6.02982488736404,4.64258127964453,5.30750497740725,5.63860008525011,NA,4.36357601785998,4.80523540981681,4.9717607904475,4.58125410763856,4.16638033003018,NA,5.03656068181094,4.73319343794867,NA,4.65304928116301,4.38531184086878,4.15732340082339,4.70327850703895,3.95587170390732,5.26053668288228,4.43770203242128,3.96747195298004,4.41714168186549,4.77724726800956,4.76178360306053,4.7583467913597,4.77574083088041,4.48410506067925,4.42196354457467,4.20816939349732,4.52534219823281,4.07455842793476,4.39108776441437,4.81203880417167,5.202676968627,5.18054471773771,5.19017591728389,4.64790313519209,4.96356739934278,4.29771144893966,5.04762958840463,4.78276713700996,4.08802153695498,4.39854878177093,4.0564247231449,4.07292225354492,4.23300134942216,3.87176205857938,3.84989589315775,3.55635644479854,3.98978856661939,4.03408443885718,3.77025697927497,NA,3.63392907231789,3.70106083252487,3.76436415112386,3.80492657504087,4.00006564830417,3.86927066019576
NA,NA,3.33364188966465,NA,3.10329111027491,3.3192498363585,2.96117832532378,3.70937194115054,4.0263088947304,2.71787043697027,3.73096204630344,3.96586191128715,2.6486072451059,3.37159574181743,NA,2.98391545653546,3.29155412917363,3.17060130430611,3.07531282167884,2.99113032827407,2.50393666176749,3.03079614198308,3.51319015496561,2.41401568783914,2.71692629692419,2.95759922154816,NA,3.02587220271167,2.70173508679578,2.68922114615682,2.03317694883331,2.50608978352345,2.79651197415989,2.9028044685884,2.6082349144504,NA,NA,2.37738725568184,2.69318370131558,2.60051259794658,2.39159159286565,2.29890348920989,2.52348083571158,2.63330048368328,2.91692511094141,3.03126190170762,4.24348639813106,3.26939208938628,NA,3.75333651012606,4.76474534218255,3.67342786662696,3.69708796934042,5.34796883277494,7.11886693290271,7.74549260223256,5.01653182185653,6.20567547755179,5.08959352899567,5.21620659753467,5.84331705876458,5.93229118304008,5.19754378089842,4.63036479033771,4.95789534429117,4.42723137141179,5.48444039522753,3.82215157398798,4.34740283526681,3.48103046870769,3.42116253413936,3.78325623192864,2.2590344849557,2.69596902010038,2.17791625272888,2.62619539158428,2.79831618659862,2.97254981902121,2.79283227229743,2.45338623668276,NA,2.12380742204336,2.81930734280586,NA,3.0083986438989,3.39017556707546,3.04149283121876,1.41714324545517,3.13755694964096,2.42144762661587,3.19606019812172,3.02088489947181,NA,2.86563978471401,2.79086588228686,1.20003547775454,3.70479920030827,3.58555201601953,3.22472356942852,3.37778015914241,3.58270468309608,3.03130753649761,1.32488881018999,2.21962944782419,NA,NA,3.18542517772419,3.54556365005825,3.2374787644284,2.82578423379547,0,2.60387624656051,2.79816459786792,3.4019282955747,1.83025571129496,2.65909832127615,2.3478633766971,1.99157101492193,2.36456952219625,2.74352576915419,NA,2.40894291308395,2.36942790861514,2.80005666488747,3.3438492333311,2.1239543387444,2.28180268307245,1.64766691573212,1.84095429312079,NA,2.38568350322637,2.2472585604245,2.81045162302643,2.19330614604665,2.1513052913094,4.76446367430805,3.68421612056713,2.60777713699818,NA,NA,2.85367253428061,2.75692487211433,3.61998291761179,NA,3.54044363566094,3.61607976629416,3.69181032107896,3.24357898214514,3.58560475661473,3.52325137161324,3.78355935388913,2.60036218817238,4.30083294985453,4.00772555185201,5.94239118004432,4.87846627584198,3.82186627474003,4.47058821733963,3.5674711710201,3.28456415921633,3.81285331426175,3.46445394859406,3.6734398636584,3.14614846283962,3.07063683362952,3.24331600813081,3.2733040148064,NA,3.42971673475594,3.12560353805092,2.88533566092504,NA,2.96720919549222,3.29864765903978,2.88450775888331,3.63890283702747,NA,3.01225000056862,3.03367680052894,3.6203360308327,3.37185317960323,3.68436324571101,3.34717578173125,NA,3.90633693361425,3.1746423144525,3.64202121633701,3.21493005190558,2.88107268524403,3.19433923296907,3.33204035893119,3.02740985637125,3.30520349304272,3.56373049049909,3.18920834656954,2.94049337212862,3.53938404736377,3.52348884756369,3.52342250169893,3.07954619942687,3.40500867597085,2.92139677897775,3.27879069729607,3.32195256421507,2.72789996948117,3.29985459270957,2.59322403975212,2.9470163007218,NA,3.20626381195684,2.59696185302619,3.16844281143974,3.51030686935409,4.54490459943196,4.35457354338425,3.61567169330676,3.32341188665796,4.09217159809556,4.83512599207279,5.10293463021998,NA,3.83150053624874,2.91426665178328,4.02982271245445,2.90979400035803,3.13357641070185,2.94052294697077,3.18661833740659,3.03298515801022,3.14328980252865,3.26937450910068,3.47855495775864,3.71953305353169,3.94453979754046,3.05914664972164,3.44078139869653,3.3704520679291,3.76836678581324,2.82003606432266,3.30812326971281,2.99692472170414,4.25587207523066,4.55765380128511,4.30036708742054,2.97519312571482,3.00589497886758,3.35801945517426,3.56507825731961,3.72211427023834,3.6302868332388,3.67426740489535,3.14397320753772,3.52976519020701,3.15718304580496,3.21946919385579,3.51304080997148,4.13790407787991,3.54252875735516,3.88425807896737,4.29127900841926,3.82245586913255,4.00160553034819,3.56309385403688,3.9141629832896,3.74167074730595,3.43622661121412,2.97845195210368,NA,2.88022713351611,3.36251618286868,3.56583930330105,3.39970134723499,3.30211180418551,3.38991686990638,NA,4.13416491794148,4.2209800521002,3.92033597104965,3.59570997167839,3.64815690288204,3.56018459425683,3.70567701688672,3.06257169498243,3.06397140290907,3.01486238779596,3.07165146709163,3.53737465090293,3.14792310624184,2.55214244192988,2.43055327870682,NA,2.25300631194948,NA,3.04191994608706,3.14768928483201,2.60937437700603,2.67686458561199,2.86233237008653,3.10921910675776,2.92962450429823,2.54498516659922,2.1942882193175,2.1757432911136,2.0356529186249,2.61706480133052,2.10231592251726,2.41247948528067,2.83998011209785,2.49566920421477,2.7309668721203,2.48908471098788,3.24419840814159,3.30978461607129,2.65490165519188,2.92578741374621,3.0505810089897,2.73713576328668,2.0857669381676,2.71816339157179,NA,2.80012197860559,NA,5.19258344141409,4.05142057793277,5.63184911061263,5.72153861017682,2.80680296699008,4.54134371140171,NA,3.29235380509783,4.11171444438231,2.93430795427079,2.72113333163494,NA,NA,NA,3.39443134747655,3.18879735096457,3.07589687516862,2.59719889797146,NA,2.46232165884687,3.30235107384361,2.4056674447061,3.04779526446867,3.07957996408589,2.87175287685678,3.01730400744846,2.97253081554201,3.70823758856476,4.52372756288437,3.23664219878817,3.19512197734293,3.61187367126856,NA,2.7350810716044,3.56211638906722,2.9002073733454,NA,2.83652052969083,3.0585664782183,2.99513842855102,3.07246382765566,3.47070424017033,NA,NA,3.15187719642454,3.66266535538412,3.49391260278256,3.45918530479593,3.41392360848914,3.77999260478634,3.36990130845312,2.70937952852614,3.43867057233833,3.10960738991003,3.03608928580818,3.3512427822298,3.1457442909466,2.95592269851329,3.54731755877695,2.99646815017345,2.65042126486326,2.7767215060884,2.94193888437293,3.068712403506,2.7678849965024,2.87608043773343,3.48517167542142,3.00693555815833,3.05188556295996,3.0207070023011,2.91002440956663,3.17514950144721,2.88846412272238,3.40547386036168,3.24401892222047,3.00891092162336,4.00005097889496,3.4775584692038,2.79627222689302,2.91549849821852,3.05814154542131,NA,4.32472533959613,3.74669554438135,4.20000289432441,3.21795624314283,3.05262613660978,NA,3.55173261836528,2.99259835945509,2.87375963553968,3.88697349835825,4.05519681003805,3.63097457567197,2.53002450050423,NA,3.79508271319699,3.92100217782459,3.79285463989973,5.48767809650448,3.34658957160251,3.62738833209957,4.57288178645365,3.60929308073108,5.18681309360679,4.5619742226096,2.43389427272292,3.92410065638613,3.70378102935333,3.41927374358664,3.37265756029102,3.85873016150236,4.39739964922383,3.91188653760542,3.81150230664214,4.03801167619179,3.91103703055742,3.5803286354508,3.28092991606897,2.91582428998906,2.6537427872198,2.68378660644836,2.89307158839858,2.93901904718568,2.56843836989173,2.72831169534164,3.02922132800366,NA,2.72365807945291,2.63150973229825,4.61872001837394,2.91804621541094,2.57890037335647,2.71659830397007,2.66497571232319,2.791667491863,NA,2.80276960389648,3.35689430147667,NA,3.18191830168117,3.47278055893442,3.34304391503937,2.92861054400841,3.02265843846588,3.18955150177577,3.07855147707736,2.7165389323231,2.46180475918456,3.30115724353384,3.04580466356886,2.84127475434101,3.21446068026666,3.37864094734071,3.05362202080321,3.32332305053324,3.46461001481919,3.72717082285182,3.76119889886554,3.00251943158783,NA,2.98415491773588,3.54997959340391,3.30827487522795,4.46492325237186,5.25970093495362,3.66451156875626,4.43258348989816,4.69883148287544,NA,3.29995374972117,3.7661027741156,3.91857277379549,3.48462005481011,2.96963318170753,NA,4.12513521541112,3.80186080703997,NA,3.64737992969827,3.14689736017917,2.98125450780447,3.73587033234342,3.12336076389493,4.14627365386576,3.15098992182172,2.65995074726471,3.32949033627573,3.68241087858567,3.49212404952558,3.51960435434769,3.60661379275799,3.36585924940219,3.24680260973607,3.0339066140646,3.45649582751035,3.0126147209564,3.25142974786171,3.85888850192332,4.21340524108518,4.22792442424467,3.97828183279389,3.33256495720266,3.66872558849479,2.84372839278282,3.60773119230907,3.30479739685141,2.52545246030528,2.89836589501871,2.53181743014543,2.68535198543919,2.88675729273993,2.57807289321051,2.78576713929831,2.3496041518166,2.8248648722896,2.89901900373791,2.74467096300098,NA,2.60912048089643,2.74751540958485,2.89649042018856,2.97005641008515,2.87116646729672,2.68638995903469
NA,NA,4.18517149223851,NA,3.92372433601354,4.01763981046607,3.73187374577463,4.21552741207459,4.39303808767216,3.46160252093561,4.58345161061689,4.90746675971965,3.60881340428647,4.01884311344702,NA,3.57190239776341,4.14420426360385,3.84908960541732,3.8813650107808,3.94672024486125,3.42419843368088,3.60691228242242,4.21608380917833,3.07048749317494,3.65804951678646,3.98597708241073,NA,4.17493233380331,3.75922479677474,3.89830365973707,2.9585689818098,3.50105049745675,3.822627867379,3.98970659822758,3.9111468572706,NA,NA,3.68230763516917,3.7962331378431,3.76944191864484,3.68972313340022,3.72484742428811,3.93418370329174,4.04596709216404,4.33051456410712,4.44244073308847,5.50906576182544,4.73088801679646,NA,4.95218083267063,5.95084840136907,4.97780552878609,4.90824507197522,6.62607200710931,8.30688653125433,8.72460940315027,6.24864686774757,7.36897946988405,6.30855551720496,6.39189406538608,7.02251023223668,7.07062275838466,6.34948204239767,5.73760919321767,6.04179813489762,5.58104575985412,6.38702847562994,4.80490359362184,5.50795942723237,4.57971684934403,4.56312352763999,4.74799890362212,3.44454787830006,3.76261959843168,3.22614558987349,3.70218720045583,3.86605513288943,3.91300508918596,3.66183326875225,3.478258358102,NA,3.17855995682599,3.85160339720194,NA,3.80211040305391,4.26451991278756,3.70060446520124,2.85630371993536,4.05933419801579,3.29617065751039,3.81656904676553,3.76613358726986,NA,3.50556507407865,3.59732402880852,2.83292911667101,4.42667486182679,4.3621629183653,3.76128179408832,3.72640132487353,4.33238457229128,3.85558177706501,3.06838611972358,2.78576025440655,NA,NA,2.99369951556559,3.53395335247678,3.40328385990006,2.35817058067027,2.60387624656051,0,2.14561380438939,3.74559319947178,2.23761712380353,2.72696483848553,2.83922238145174,2.46929568787424,3.26910238593143,3.54528608205983,NA,3.64312148506014,3.74274275542702,4.01071139291636,4.14387898601241,3.29659306890817,3.85955107887388,3.34939575278874,3.53310430448677,NA,4.01087574828362,4.20786208155313,4.48916404933733,4.05234194097005,3.99287621612064,6.02365996608231,4.95045512279107,4.03124952557295,NA,NA,3.96704129412335,4.08355687646427,4.66558214079893,NA,4.8960450983332,4.94084377058883,4.8598803820858,4.38051885175739,4.71780098545535,4.83752353421904,5.03208716194704,4.08683936341095,5.27702963278489,5.36187257441277,7.1712456952746,6.08876243149426,5.0563732343771,5.50696894356311,4.61406069633194,4.41606189395269,4.79767309167058,4.46436477294751,4.70573305115645,4.14134605675917,4.2260755618551,4.12344911158481,4.12930993347085,NA,4.55072392894797,4.18321960743967,3.92863605736499,NA,3.80617216196019,3.83747045267784,3.6345618945634,4.07430066971907,NA,3.71411114992872,3.96529737842405,4.23955299797763,3.90157519537506,4.21109650420113,4.05567163948816,NA,4.45318386221729,3.63911361286169,4.40260165630718,3.89323544688072,3.66382822316109,4.0057345451671,4.08158717450188,3.73944652719278,3.96264140628429,3.93325645661904,3.95594721394911,3.75720447556903,4.13929690346108,4.11003489153385,4.06660859242589,3.8367015164531,4.23129403926153,3.67011461310609,4.10367194272534,3.93549826545509,3.41323274717204,4.15858468161147,3.10763828443912,3.59618899902463,NA,4.17968593025399,3.55329023140109,4.0599321113118,4.08429378615128,5.5691679218897,5.54346134181892,4.65775628983226,4.3099656162054,5.32256443543299,5.992533501907,6.10085300256134,NA,4.84929588743544,3.9397985123848,5.17588140999557,4.2115306924979,4.36365648715876,4.18905794636222,4.48346302097801,4.31278950672422,4.31543730838985,4.40419816165893,4.6456904638467,4.89274457481841,5.19607010740983,4.05768846158282,4.49323627794507,4.62580145674891,4.82829502069943,3.91313966723492,4.40703638887573,4.00521979215004,5.27021396410257,5.63646049343558,5.48569912726456,3.98116321237286,3.97262531616396,4.4107507902686,4.70922520493506,4.88970541687995,4.79790448187232,4.81611639433768,4.18919395831223,4.67202561047765,4.19141620805082,4.2317435304457,4.45201311553337,4.981002814928,4.43860238665275,4.69950174144535,5.00260404840568,4.47291197725913,4.69429448921592,4.51839791666481,4.54943520093452,4.4662451527226,4.09835203214854,3.69922414991517,NA,3.45455612836576,4.07012419988068,4.25073310473122,3.86306263150115,3.64572496135867,3.77048878909726,NA,4.35176166000007,4.45438427918876,4.20205658231554,3.88953111174674,3.60435727851304,3.7053935394732,4.24517947470371,3.40096250707485,3.34001752120439,3.13206385656443,3.09592671630515,3.72538905270363,3.2867856450119,3.22140200909729,2.90152321138562,NA,2.89059523068589,NA,3.68729637144291,3.91466756213731,3.45594589291828,3.53147417325712,3.81202709787289,3.85867291707525,3.66604069810046,3.39116339646619,3.33038964292391,3.4431175121064,3.14645987416508,3.48788737194776,3.08206441756771,3.59357496535265,4.20177572064045,3.70690800827776,4.01698916986972,3.7152366377852,4.41631638274209,4.48106944938636,4.1518611355997,4.33181877944398,4.54497404417269,4.05124311470484,3.42725062537515,3.95238330084093,NA,4.16781272368754,NA,6.34795094817473,5.07766470136294,6.83291297516588,6.84984333720934,4.04849742869399,5.80805842389178,NA,4.11753325162279,4.99059174512237,4.10280896828235,4.07576342076018,NA,NA,NA,4.74484687227263,4.01694950183442,4.2719964348035,4.01808772937481,NA,3.79615964723066,4.67965305321656,3.841911641411,4.3306297383125,4.28752899661081,4.24608320801285,4.21999251231224,4.41162041494208,5.05935666448875,5.57362998589819,4.2686009499989,4.1556541902633,4.67445913994024,NA,3.7526862463745,4.46851645532619,3.85522427820103,NA,3.71814304369611,3.62813665949443,3.35463272288129,3.40799848148491,3.70806093993076,NA,NA,3.34650489342514,4.11827658708714,3.63790086565583,3.64345442493987,3.63013367186292,4.12136619920917,3.61199107921044,2.99197056554703,4.01979728172374,3.64231157777526,3.61117028193167,3.96814293646198,3.79706169792996,3.83268216413238,4.07133106283668,3.7919429674792,3.34579438050265,3.37590581750496,3.62449520295998,3.67891624926944,3.38480597881555,3.61620231204841,4.40914303355122,3.90878539233395,3.88314143622402,3.80336412496197,3.6065132325548,3.97209109504061,3.74176192319009,4.33879102295115,4.0753120389476,3.81839831248391,5.14940604049131,4.63229918000826,4.07093897247324,3.78480785509836,4.37604399081944,NA,5.33244502562115,4.98775544790116,5.46519853014574,4.59650559742095,4.35646528847629,NA,4.86942270723084,4.42319629026313,4.33477040372015,5.27649797303897,5.38019355616468,5.06387633595419,3.91740203980193,NA,5.15707209786569,5.22681200245349,5.08077910921675,6.64321664023879,4.65824479156655,4.95048520617863,5.8689383568588,4.97346111741707,6.40852392883575,5.84255940557811,3.73574377635549,5.18243192880141,4.98746678723707,4.73690446716902,4.61829096245538,4.97548087903994,5.54291552860398,5.11187297781625,5.08021506163253,5.21196022760815,4.94423836063861,4.41280569105635,4.31614077430389,3.97696772808911,3.61598791357249,3.81473329837362,3.73450324911227,3.82134634415543,3.48581543727712,3.49919245311154,3.89010076421373,NA,3.41686013530064,3.17614180389324,5.73344448789551,3.32598360344609,3.27901725364329,3.29827232460047,3.22642307164823,3.33653901219387,NA,3.22264517157731,3.41960212737089,NA,3.45617930779327,3.67773373907182,3.45425652431231,3.49782732391127,3.29151052066786,3.20534791461031,3.18798119306593,2.94759536475285,2.87796741859557,3.83943636022364,3.49836189461217,3.26545929730082,3.72657334260705,3.6374935858463,3.73642513527762,4.05696837624778,4.0953561858979,4.38791242909279,4.08520556939646,3.5144504574362,NA,3.14179936596792,4.14536404155508,4.1509209057683,5.29450488755999,6.02118279826681,4.64517752148935,5.3607012732634,5.65400855760577,NA,4.25852514100528,4.50308836356906,4.84427988525977,4.41990538829324,3.96157964458755,NA,4.57522250319535,4.3036395299962,NA,4.59788504169952,4.28962377721556,4.14856448397323,4.82357385309836,4.20175815576036,5.40460071193307,4.38926197991406,4.07654944909384,4.63264605702426,4.98374783134511,4.89135734271189,4.86401448240884,4.93899227587203,4.62234072179054,4.38694536209762,4.04228749897374,4.56282913680957,4.10346116750025,4.51774887773771,5.01572407322982,5.3393523441989,5.37429856693263,5.16034798304812,4.55955411804853,4.90717224891005,4.23872535778795,5.06243010062181,4.6549804442171,3.99367164707548,4.29659920071273,3.97794158409007,3.9510168231891,4.23640229773947,3.78038991400292,3.76749669986844,3.47151814642959,3.88292644914309,3.95603384857879,3.5714861038939,NA,3.433164075682,3.4485344853311,3.42030876189388,3.46773703964135,3.68399572467682,3.68787255310835
NA,NA,4.04947311698015,NA,3.93334814692306,3.98589979651005,3.53373032308646,4.31174634941297,4.6449820114388,3.61239841753976,4.63510563409179,4.78168198514017,3.4855596132039,3.95016602021752,NA,3.61177848099719,4.30207542887034,4.01015856454692,4.09743884770452,4.19867615624918,3.49705047121813,4.00646877493957,4.64588591590216,3.11813231869041,3.76982316281793,3.98079174399644,NA,4.10422029157419,3.70008012154824,4.01006371316232,2.89004840392275,3.18659061642176,3.47720189622705,3.74218757908262,3.72507109910463,NA,NA,3.48728666919574,3.80486195663813,3.82297597424293,3.58153445713498,3.59398198481612,3.73369651916794,3.87472198526432,4.3655663031804,4.33913441390917,5.45793058775643,4.61489830126332,NA,4.78604569967628,5.89122214681272,4.94435898355952,4.78462948849813,6.64248539094749,8.32649637023005,8.73976136635195,6.24032343982583,7.34961232506942,6.25748425177208,6.34626585902337,6.99312613188651,7.00238864120803,6.32969051191658,5.69898734803699,5.96622464413103,5.49150230145988,6.15351871450285,4.63442165226456,5.07021776006981,4.40805552222889,4.38663465595187,4.4484261188095,3.21919252479854,3.72964954936862,3.19989743849921,3.52798839359881,3.69282156452779,3.84939646214557,3.32829948090376,3.36032325668948,NA,3.06967726408473,3.71612632270798,NA,3.64967203124687,4.03336414379143,3.58238129816725,2.79961875995626,3.82365220199761,3.17831843939097,3.68207174682589,3.58289656324154,NA,3.44729011728958,3.37552517074941,2.73832662612551,4.24463894135352,4.17285114127148,3.65378702140538,3.52944228488565,4.15287156872434,3.53833954909397,2.97235210919231,2.83817957857155,NA,NA,3.19028205874015,3.9295334094673,3.71808588467482,2.99751834405587,2.79816459786792,2.14561380438939,0,3.51934264341616,2.17638261042647,2.62867749001075,2.66637915037735,2.25336059616407,3.32247475230337,3.26218646053231,NA,3.58588028376783,3.76594640668877,3.88243552902693,3.92934850293078,3.09358929240283,3.95654002095516,3.49607453998483,3.64902944214608,NA,4.32868102935997,4.50895742727454,4.83196258777575,4.07345646695386,3.90122587996529,5.95519998247199,4.68806303451679,3.80261306458025,NA,NA,3.72139246200391,3.89340068248187,4.46414072067573,NA,4.78735644474147,4.8222340580089,4.77686323816485,4.39295055419804,4.84355160814795,4.84321469342604,5.04331661290712,4.03783134628054,5.55286948324473,5.32796651345321,7.1335168272692,6.06528012525533,5.00154892929226,5.42119804479554,4.48119796688072,4.22897257920479,4.63392600728586,4.30309982733169,4.60603551230537,4.02979630056701,4.17600061866001,4.12296603678369,4.03727217182003,NA,4.48760795027148,4.10879381117439,3.91738516210949,NA,3.80911218005894,3.77583942313357,3.5904282006175,4.142563460104,NA,3.68142074892565,3.8313145812927,4.14818835733511,3.88703519928411,4.24517999127278,3.95790619680199,NA,4.37862222209915,3.79752106153349,4.39002606103262,3.82428151212678,3.60834562405474,3.85732934815361,3.9862559809617,3.7297670789695,3.90108903478533,3.95439802089231,3.80997793821665,3.6002176009033,4.05211032257918,3.84596797008596,3.89739244310883,3.76345540462785,4.14598639059303,3.57665705874069,4.05657094569506,4.01008034058718,3.31532577864326,4.04158865124171,3.08166211466855,3.46291619554195,NA,4.06024434000758,3.39519873227769,3.85859616201823,3.94637627013865,5.51631576053943,5.49309091325836,4.55356367057291,4.2125229044074,5.37869074459916,5.95895126433633,6.11718437264746,NA,4.85486609562568,3.91562003673302,5.13645820288252,4.16293859710251,4.26512831508327,4.11311052781085,4.37613619897027,4.29767952204486,4.24752264523751,4.27517995856324,4.51983595510047,4.69548363275202,5.09353264354312,3.91780983985152,4.44161716798474,4.5173167917662,4.60792553628925,3.71695435514982,4.1985421479355,3.76266513088103,5.04939597045609,5.49179618771003,5.36498645592993,3.93908575222535,3.80029327748244,4.22259627447075,4.65901129639009,4.78401169179997,4.60483482564115,4.62845674540157,4.0586161340427,4.61391733508067,4.08516257913152,4.22141378385763,4.22432445418009,4.73726149904456,4.26518344963931,4.5605836699039,4.93658767664329,4.53300256466298,4.67505668603416,4.39646039155278,4.56490582553717,4.46133385918056,4.04416142368576,3.59678947391779,NA,3.26573114281692,3.85653820220245,4.05002998955362,3.79318229382345,3.47229800047312,3.6885074380064,NA,4.36330385661891,4.36084290215589,4.14796117116262,3.77278832946225,3.63140439079734,3.66861513253127,4.15976678265509,3.29091700791474,3.23871741975686,3.22053283973176,3.09525530598886,3.542396269948,3.29447029060664,3.14721270685304,2.86661114564396,NA,2.87373725607878,NA,3.69572313744183,3.82343345218602,3.2500379125911,3.40230470451923,3.93737442182262,4.06367687936331,3.65430669462826,3.35679048446153,3.2576289269919,3.43948217900541,3.26713178333207,3.48621940514609,3.14235710045407,3.63421516240536,4.16717179970905,3.68007757952358,4.03612112984995,3.52873506831492,4.34733598243538,4.50452063629351,4.11267161309043,4.44083963665774,4.47153324639053,3.9366489897167,3.3265529233573,3.83906162728977,NA,4.18211580710144,NA,6.43710650766883,5.0906188499987,6.84365152758654,6.7139305975806,3.81327393137102,5.8344209190805,NA,4.27426352508537,4.98834378344428,3.88866272552806,3.85034659468076,NA,NA,NA,4.75005165200377,4.07468005720524,4.00213265228,4.04621290344717,NA,3.52289286515822,4.09264679180435,3.77097880280317,4.26104772725385,4.10476673111775,4.01742807584419,4.11205945442362,4.38409835609433,5.05578590406741,5.64986827577818,4.085925211253,4.00731240898242,4.49865223141364,NA,3.53371089198764,4.52466423693912,3.51857274814192,NA,3.47048494485675,3.29789340154791,3.24482165106124,3.2601009002719,3.59043641519798,NA,NA,3.30167411942791,3.9334540138912,3.53736649893518,3.36509940991948,3.32749695904864,3.79775595451616,3.27061800731121,2.73933127112697,3.74661887235856,3.36097141014742,3.29155142172501,3.62938444197397,3.40474632908602,3.79509090737138,3.9193694841308,3.63922282349651,3.18224518068103,3.30289089771336,3.4044217302809,3.32170402575481,3.08503812937604,3.53884073573548,4.38337780093157,3.67815921255742,3.77073964877002,3.6513146849361,3.44186660594409,3.84635362546219,3.66479331317719,4.2552141882848,4.00592652331289,3.68576799442195,5.18160132049548,4.67300932751932,4.08286880922707,4.00482061117932,4.30665532113636,NA,5.32964031863049,4.93165596364553,5.31565303277251,4.48273217819035,4.33566829837153,NA,4.80996130174866,4.27433602404247,4.17196304973466,5.22933641292501,5.31643622496095,5.02202042817649,3.82908158545054,NA,5.12362701277886,5.21289682168331,5.03406450957904,6.74898805670751,4.6485255429849,4.8751600874489,5.81803515743884,4.94059508242217,6.34438411071155,5.79306899560137,3.57583245616558,5.07197199413908,4.85164993551861,4.67068934745656,4.59220600546904,4.91887346685449,5.51422469794317,5.04661758317744,5.04737634078194,5.23777799110131,4.92989275541613,4.34691610235008,4.21370448198808,3.74046891246952,3.38088355209611,3.59751144308461,3.51656609981222,3.59648891373507,3.30014358491566,3.18808763167887,3.55965223302078,NA,3.16912499733844,2.88281624197997,5.74755784694996,3.1977199986237,2.99475046861875,2.97435857770237,3.09044976125139,3.08781139543636,NA,3.13873134318093,3.43786202331865,NA,3.41719711904083,3.70693828863076,3.47899446732326,3.25597158851749,3.11100167198878,3.10184695599637,3.24611883820049,2.96389665852542,2.81459744278363,3.87600169834189,3.36434959472614,3.21635292832507,3.78891548581494,3.79610940427877,3.7942689598466,4.05262161357761,4.07366924333184,4.4326041939249,4.20761958491295,3.32046367849525,NA,3.10908450728826,4.0669202137689,3.94848435220496,5.15422547230386,5.96612480916504,4.6384876306109,5.35433776471239,5.59372085486205,NA,4.31351949904876,4.70888810301452,4.83908347654702,4.40151660809826,3.95544840580572,NA,5.03391221295827,4.82833823876449,NA,4.47802807318442,4.19649106172128,3.96952959074939,4.81538950106644,4.19944503174499,5.30869716860492,4.08508064280612,3.91783802066013,4.55701339260522,4.91678177263933,4.8488588879704,4.8205386522571,4.9138513343488,4.71312981396947,4.67754656009128,3.9965082060845,4.70418794182826,4.12058313279659,4.39346633558605,5.0557556358863,5.33546959372407,5.41988137082065,5.22364279701122,4.56266426476903,4.90987888041937,4.2212165085918,4.98737638295176,4.50068069920513,3.83891130167737,4.19080742617151,3.85400462917779,3.78577748284971,4.13414139780468,3.64641216755906,3.55994187414789,3.37227140320801,3.77639690014827,3.76728888806047,3.41864490851056,NA,3.31123910166491,3.27896416875855,3.23484794510212,3.25866798094335,3.62863988846573,3.52977686657029
NA,NA,4.17845963731895,NA,4.49979895097653,4.28784182421285,3.85340456145872,4.2568111596566,4.52350280699133,3.55693524135987,3.63581049228715,3.80839263326494,4.13577147741887,4.35551561321614,NA,4.27491809286365,3.87306225026384,3.87540303290692,4.47752057567563,4.25871891074404,4.00950378064229,4.33165336579946,4.2105586428279,3.6693331350033,3.82551315843207,3.93769031718057,NA,4.59364028082591,4.11496362357731,3.92599812364588,3.41315123389711,3.94388565188328,4.32069678880536,4.18574549031146,4.26295287987041,NA,NA,3.88817102333598,4.50273014914235,4.46116106830361,4.23778954692572,4.1747182469255,4.260847785146,4.70361698388207,4.66073695824646,4.86907685149838,5.95155180749831,5.04396263371266,NA,5.36848555903872,6.32541752048312,5.32861073440476,5.46693000334229,6.79844777096501,8.469452284959,9.05725261973688,6.55870539427105,7.58260098493802,6.52925521395226,6.68541079271255,7.17786755378101,7.25764057826339,6.66065497423912,5.97614087602877,6.42717970127934,6.04861339976295,7.0339647981355,5.6506472724351,5.95190016579113,5.20324191496485,5.39038394341413,5.50344641089363,4.12424483001754,4.6879388136178,4.16624996960871,4.28254829607767,4.4219344412232,4.73385165958578,4.57688898542014,4.38794898140015,NA,4.02214059400765,4.53236491279704,NA,4.66818870350062,4.91903161039923,4.67340239161624,3.66725999439843,4.4496754975145,4.09492334252805,4.71315124492065,4.65826609659208,NA,4.23329158428203,4.35161980454145,3.6208366998953,5.15312440274078,4.9625866119826,4.56303920442011,4.73302971955756,4.43507330766021,4.57401258615456,3.90989090311051,3.48283412137317,NA,NA,4.57155759648169,4.46501411596823,4.16824172291605,3.93891028636607,3.4019282955747,3.74559319947178,3.51934264341616,0,3.22818228927818,2.81685302206676,3.43053214193624,3.55383633435967,3.36042084200595,3.77485221375976,NA,4.57375310388078,4.45438992607625,4.62260445008303,5.09424585988055,4.20493362330658,4.54358910140213,3.97070482481632,4.33647339796577,NA,4.24251093875832,4.66542393631393,5.16259467059842,4.43356567950439,4.32565456773183,5.78327763617416,4.79347106023323,4.51524577468531,NA,NA,4.59127561153181,4.59557062750495,5.40529120692995,NA,5.18724782865059,5.39432090127902,5.51354024406343,5.20700352433076,5.43976799232034,5.42628296188132,5.55599896161548,4.50150444071655,4.98157739634359,5.6357289052442,7.45382074970276,6.4237989236503,5.53481845810593,5.99666047043405,5.20593794349508,4.96085930883023,5.47213193340259,5.106235898833,5.37442946964337,5.03588329872134,4.91796345783357,4.86497866275829,4.86186371805659,NA,4.96085311529388,4.62290541937471,4.46128984143376,NA,4.79840263802315,4.83500612730499,4.38557580235591,5.13489801040125,NA,4.54646727718745,4.40447012766761,5.070822461665,4.93676741225352,5.2633035689459,4.81251287960372,NA,5.34123947990862,4.76024045821249,5.12880858891225,4.74329470814808,4.40211145317561,4.59144820493866,4.6132776451311,4.5990964692755,4.71041798183248,4.99658150674335,4.61488630402557,4.44148269200892,4.91938828601187,5.10730147733834,5.03646046825209,4.72571489596443,4.98584273172502,4.00159798564868,4.82670430283418,4.80187130299687,4.22822231020154,4.89327189801783,4.32284066273947,4.64636746939624,NA,4.54038693064596,4.0599223859574,4.65468189287988,4.76627773965796,5.69303851027712,5.62300130530372,4.71815329871026,4.48433610810419,5.53251993031958,6.01567894327754,5.75643892107218,NA,5.36105207508674,4.52575626361493,5.56546061797278,4.77470961012612,4.99328942463901,4.71994460405466,4.92134132913061,4.88057402554199,4.89241323945793,5.07575184816311,5.36638887527314,5.49799421171595,5.73170622065668,4.94652175049945,5.4147483090598,5.38624769690582,5.68441163116825,4.60387838236782,5.04376509256383,4.96679963015534,5.77889443639217,6.16272562288987,5.85157609968706,4.81927273885845,4.88031298184152,5.09978782193086,5.29423150163672,5.35400625113285,5.27121548044477,5.37956335606953,4.99743615462902,5.36891119764035,5.11250803371961,5.15818587813551,5.23320747520479,5.66312448452585,5.29536116080671,5.50425645946476,5.79129065072056,5.43573655315548,5.60573987579877,4.73026563032034,5.39495443610678,5.12608696630047,4.89613446450056,4.39706430692906,NA,4.41740235208166,4.59918781336018,5.04659452548538,4.90068061567561,4.59088044406192,4.66844213426316,NA,5.63143520455932,5.41150416868202,5.35106514212657,5.10193285977685,5.11137899298578,5.09026280587948,5.19654986251325,4.58349691478683,4.50784369830728,4.29027307123315,4.38481901129192,5.03932940744259,4.70894139580423,4.21511270255854,4.22818507917798,NA,3.85998273635028,NA,4.50159333546451,4.93743654308035,4.13864943752485,3.87609170084138,4.44924758883102,4.53298217389993,4.65784164911695,4.40189803491766,4.10183952331045,4.21422461284582,4.08629969187603,4.65084437167631,4.1093727923921,4.55849251178648,4.75862887997365,4.67904445240691,4.70632612910915,4.4541111519237,5.20701018662622,5.13696092777613,4.54163818399591,4.54731887116917,5.03211164845419,4.82674689120369,4.01317509509806,4.78404844270585,NA,4.35610749680779,NA,6.53386617788144,5.50819618758059,7.02636493481738,7.1187316856003,4.51459350825923,6.15767339883032,NA,3.85538409673765,4.64072573291705,4.36861929063959,4.53035595784241,NA,NA,NA,5.12079754236895,4.66213259315889,4.78399326411484,4.83787145973136,NA,4.5322650329309,5.08183005420582,4.4785760225128,4.89232702749105,4.88326716631349,4.65534130648575,4.70047546001485,4.55474652019148,5.20975973028574,6.07403756497056,4.42856760596124,4.55396132507086,5.18762153699618,NA,4.57089115861271,5.00900167303532,4.57407526084303,NA,4.50493505672548,4.32377767280397,4.42937982909505,4.6143335012271,4.85881546549403,NA,NA,4.65820935149521,4.83888185054759,4.84856316559161,4.85353539370565,4.60221689241547,5.20961690243441,4.79260785785019,4.15524110661943,5.0543161537184,4.33543872272856,4.19505067530434,4.74098506619938,3.95738130688411,4.03209564706927,5.12935344636361,4.49731788964136,4.03598004249477,3.97717771202492,3.73196144809162,3.97900052901764,3.77684367003754,4.03255131550992,4.09749225861756,4.15641970494914,3.91011930838541,3.66936076058562,3.96591941158644,3.87718453623204,3.79924836522681,4.30679930977479,4.4705914910581,3.97743878214307,4.95507327712879,4.83895591157577,4.41876815428642,4.43530692420108,4.41665040909875,NA,5.65645033301886,5.0804062650992,5.53067219004341,4.54900678971361,4.69449854230812,NA,5.02991375641826,4.64174203422492,4.45950500302079,5.40672377560727,5.47434166801849,5.29132618041232,4.22893442871289,NA,5.34653968400251,5.37665670439323,5.31838153012394,6.78300054142792,4.85617088368358,4.98548046631417,5.8974474910504,5.04000006402216,6.49239224530421,5.7766217072149,3.76363276147017,5.2095959886461,4.9885588514901,4.90294310669906,4.81308715171781,5.39769871536011,5.75254667475012,5.24824475127692,4.93001577420813,5.08424392552293,5.42152945976417,4.84043138837143,4.75883849526078,4.53595400100777,4.32947190581254,4.45408355953519,4.52577744680185,4.58828031002343,4.1354225714551,4.22401462259694,4.59377370720222,NA,4.35216368181957,4.05597057519533,5.72945730480604,4.35633654351825,3.94341950848436,4.15295061104886,4.07832924867592,4.19692336764321,NA,4.22470475569849,4.82290180452501,NA,4.50060668227317,4.87717254849472,4.68639424580922,3.7395137932438,4.1617986916013,4.4809879192761,4.32636261269121,3.82414309774622,3.50348654034375,4.1798768611335,4.17260772529765,3.8778693322615,3.99230443693419,4.35361997265481,3.85873334061702,4.01785388656625,4.21007347043926,4.40753523778065,4.41302651475479,3.58609893233289,NA,4.47633406114064,3.82619433658714,3.64655244392697,4.11172405575105,4.86110502569341,3.88533200506129,4.50896881377311,5.27270485832531,NA,3.81341936571132,4.04119902834937,4.22676369768041,3.84464869831159,3.62703479527662,NA,4.15499677778493,4.0261599387716,NA,4.14319238344943,3.9596857145492,3.61149038891479,3.9758995546315,3.77012515867184,5.04556022229108,4.65922266795219,3.80702097810537,4.54019208149013,4.84626858080117,4.66477661480693,4.71929942073364,4.88933699483326,4.82499130503426,4.69298513886792,4.7268704959591,4.18322774155623,4.35012087289321,4.82888029918613,4.91121365875482,5.09673590650493,5.35394434418216,5.2428718708063,4.77607693165469,4.86880101368077,4.23426061617667,5.17609707781924,4.87811941737161,4.2405006685827,4.01984418817808,4.06979949708634,4.36057396737759,4.55316147009389,4.16756205806342,4.14150707106612,3.66652721432927,4.14718211821033,4.53418102509977,4.266720323002,NA,4.15388996141114,4.2666654876126,4.4199607323206,4.45909290106899,4.12075610947291,4.0395520815164
NA,NA,3.37745119490404,NA,3.13073582992144,3.49245290980876,3.00791201548315,3.81703634824371,4.15635345254717,2.91109990010731,3.767323666277,4.11385929797112,2.8120686712543,3.45169815419779,NA,3.13225975422177,3.61991007700389,3.35081074844196,3.06277184298647,3.11631534478374,2.52387207905758,3.51620152759867,4.00262422074108,2.66553501564839,3.12797478862968,3.30553469214807,NA,3.44876174418934,3.057419848953,3.20103792399193,2.2541452713951,2.66948993468064,2.94891273199921,3.11152120672809,3.00949107676948,NA,NA,2.76764652855061,3.07935793611934,3.00287397529718,2.82213785961261,2.74697826471655,2.9565511581765,3.20849940339543,3.47282142827382,3.53207328249539,4.77939109745505,3.89596708552062,NA,4.22823013151076,5.30131291003966,4.16509300131402,4.12091355951278,5.9392196453241,7.67781238037541,8.2236444042716,5.4665479900449,6.63479573564709,5.53738285016272,5.60592215409462,6.26018712242568,6.33991916375328,5.64278987333726,4.98514723417291,5.37217809528198,4.86091162094163,5.81740213584095,4.22681028520388,4.75908796597564,3.89710508542968,3.84437282926184,4.0584342296142,2.49752208061235,3.01855354539221,2.50125179492918,2.85219724524155,3.01946330005504,3.33840537497376,3.01635680781161,2.74579219648938,NA,2.38429124469764,3.09228013924725,NA,3.13115726812059,3.51280801794643,3.20492390278682,1.99163274386193,3.3208164187541,2.66236263746317,3.39225127774911,3.22115880887545,NA,3.1139560048589,2.88563234085416,1.89676487845797,3.78534654473827,3.62879974810663,3.33918459205587,3.4000208807045,3.78526693815643,3.0610361121136,2.05727510687117,2.39202839498776,NA,NA,3.17504686325012,3.50354477654098,3.06556411986776,2.46085766417857,1.83025571129496,2.23761712380353,2.17638261042647,3.22818228927818,0,2.21753525193828,2.05383511798254,1.5948415836685,2.47203928208561,2.75782810206581,NA,2.75344064440685,3.00823951009943,3.24149238281431,3.47964496635865,2.39424191818337,3.13877916181258,2.63681717604797,2.92206573860793,NA,3.32655290642674,3.39040559561306,3.88827822638605,3.23633974500844,3.02764069428719,5.25645254434433,3.95651942725492,3.12110120583306,NA,NA,3.0384279593783,3.17687043601331,3.94411006615979,NA,4.09847158271491,4.13447702200277,4.07099892750489,3.71577014667645,4.17927208850467,4.18795588236127,4.29949860826765,3.19880482636716,4.7560433455708,4.47645716273896,6.40475245574299,5.2645592711388,4.15833597526382,4.84409768532193,3.90911460653694,3.60954791544344,4.03944515879291,3.70781044889597,4.0207170563849,3.38416307581524,3.36362032658982,3.45302098406021,3.39933869200559,NA,3.73883423861696,3.31123778220358,3.10590222230232,NA,3.20135397695438,3.38391920650412,3.13425063234603,3.75333316792246,NA,3.05838282804758,3.29521307346544,3.73149565930754,3.40481966457207,3.77787073968931,3.48288479751624,NA,4.01869392968357,3.25250133167363,3.834240292165,3.3408710094101,3.04627756304123,3.34357555066907,3.41202298873359,3.08830949413598,3.41037180248808,3.5685626340708,3.29257669075121,3.01414699977268,3.61462286694405,3.59873871208888,3.62409306955112,3.30026809868203,3.62063057129949,2.89020137960272,3.37642428911604,3.40808820522721,2.71220696738865,3.36302245727311,2.60230941390148,2.90032324316624,NA,2.89651549325137,2.49229146574926,3.21688366947953,3.50573982806517,4.7914199539503,4.69098014782434,3.75824941288226,3.34160195122294,4.43797265851075,5.15904556428875,5.25834899376514,NA,4.05130158412746,3.00161377755495,4.26869300486301,3.27990323216821,3.57094568948034,3.30787196675265,3.5363729367402,3.54996938115399,3.40300805206254,3.56248670742854,3.86480180896002,4.07446620564859,4.44550025841326,3.44496731490057,3.71691344727664,3.69005981840476,4.12121327304071,3.03978879886973,3.55332668007381,3.22175077374757,4.51368303444632,4.9157315621157,4.66069392349006,3.37068670523046,3.3045272304489,3.66810704575043,3.8516998169995,4.11418183164162,4.02627403733995,4.04288616376216,3.37336495376438,3.8600059840509,3.53389110909485,3.63679674214239,3.84128655965491,4.40879371754898,3.76686807370098,4.07188933178362,4.54621963579209,4.0442355694465,4.1440928895723,3.83984929636722,4.1289487676114,3.84616036841674,3.39675645179677,2.93630857500389,NA,2.87546451277714,3.55743849402351,3.69639644131314,3.52642685721694,3.25396199738976,3.37561641352717,NA,4.17936809782753,4.11500251563569,3.85834350564483,3.58612118454782,3.55599984415777,3.41478268421569,3.68507153985339,3.07228586609717,3.07618275118913,3.09152944085937,2.82131709550078,3.28749404310603,3.03409256419924,2.70547526176311,2.49768814471101,NA,2.19326751375111,NA,2.75054337141044,3.21032910852459,2.69330746702137,2.5899515804771,2.73740324996776,2.91819680512027,2.83705740186119,2.51938099701145,2.45862769495038,2.60523396788027,2.41265542276077,2.88730813446958,2.40447050154112,2.80349348229004,3.31524870976162,3.04019825909238,3.25296786311042,2.88730146282433,3.80243535923996,3.81977894659051,3.37514821486012,3.63587697365655,3.72346670405139,3.27132320346713,2.62279980163221,3.15956045592061,NA,3.34960323033747,NA,5.85557161804454,4.6858821623889,6.23345004245922,6.30832908232447,3.3047424240712,5.20713867124156,NA,3.46835508096716,4.05780105494715,3.21863790412055,3.12863984078134,NA,NA,NA,3.91725545813994,3.53739333406573,3.39382952527889,3.20528800525654,NA,3.00437572048474,3.81131996433728,3.0300973710217,3.64325181735555,3.57893864100583,3.41660127405388,3.43042707896329,3.53483555933039,4.31544953380306,4.77556764293582,3.48492601630366,3.37907353387281,3.89756304305227,NA,3.13521147611802,3.75287295363356,3.3366786474192,NA,3.03526616273119,3.07606447538644,2.87183916020246,3.04844281922594,3.35531620165316,NA,NA,3.10976168368573,3.67024856901201,3.45557799995968,3.41063265997694,3.23066881877478,3.63365847905938,3.24323612192174,2.58923930152347,3.56656103294679,3.08454712321468,2.91177249400168,3.3280291209558,2.88146743727332,3.01278257614936,3.62692477650369,3.28015463484099,2.81874112926941,2.82032827088004,2.83832755594665,2.94675220265255,2.60079350466278,2.85460321106921,3.47121451274572,2.91716168184452,2.87767276059136,2.84953382455931,2.75905818553726,2.94295418552253,2.66123719329083,3.31312679428478,3.13688474565067,2.6781960716419,4.15037416936786,3.80568388231811,3.23495069390517,3.29626189829258,3.39007415288516,NA,4.41953504216233,4.14629510837277,4.57520747498476,3.64835674130892,3.554636589494,NA,4.09981510263936,3.50018203530436,3.39739426359674,4.47200959639414,4.53101415376901,4.28259108676717,3.00890193521349,NA,4.28182783164066,4.39253028135737,4.2602260471425,6.06019876106188,3.86786910677023,4.05485343170595,5.0918165243249,4.13500688575926,5.66738232348299,4.99037912552411,2.71588522641079,4.22356650253027,4.05942355329919,3.89200321265331,3.74914402360096,4.24482623108929,4.83943723560854,4.32963231712034,4.23454478717797,4.40105238997857,4.27294908328208,3.81386154187985,3.60177872436403,3.15663116168427,2.83294579470267,3.06192311980833,3.07665775489472,3.08036737559331,2.71562660421992,2.75012182016859,3.09497778914006,NA,2.79427554381253,2.51279392179617,5.00257571669601,2.77299571106458,2.41719302502199,2.55758864686369,2.36548112773858,2.76634718835906,NA,2.7670893738777,3.22698912412699,NA,3.08650306885996,3.46936629047526,3.24095817107129,2.92598690121468,2.9235874230433,3.03777153335601,2.99746479297175,2.64973198535578,2.48075788765466,3.20754619427759,2.8644615236687,2.56211120503833,2.98879420261423,3.14923105578407,2.85808205765181,3.07575883524733,3.07899773199471,3.406119236018,3.61893261123873,2.66919434658012,NA,2.89122411927636,3.31632457463815,3.0839046584296,4.41173499229477,5.16835959268594,3.69655826187236,4.51232386841036,4.8449578639472,NA,3.44931392396685,3.98870914978085,4.09973139932585,3.62268399655949,3.14698238096076,NA,4.41235733893649,4.03077173969485,NA,3.77972786283231,3.36894787369427,3.1639995295994,3.86526060074785,3.21451348973142,4.50127116579498,3.46225679836364,2.97300637942282,3.6582953875826,4.06202422698012,3.89637785705436,3.92056812060493,4.07710028985634,3.93698891873088,3.93021795487966,3.45114799689583,3.88050892603707,3.46075132836888,3.68944391060797,4.19249297797147,4.43982986052283,4.65051587336615,4.50535018054272,3.80838669234933,4.20172327154436,3.46165164608862,4.29285619700595,3.89903707748816,3.15601251463445,3.5141433552388,3.13045950762514,3.1648662822026,3.48480693996861,3.04444814277902,3.063804921858,2.72525477411313,3.22929404352817,3.21749608628801,2.91379474832616,NA,2.81988142389114,2.95810952214748,3.00238080585257,3.08049156752426,3.2057688091857,2.97037444773617
NA,NA,3.86059281619191,NA,3.89406608282528,3.79949741638139,3.62424737696885,4.13097957631222,4.33043862630426,3.39185376263638,4.01083407290868,4.33328409107894,3.66637242820805,3.97559435415023,NA,3.74275727481752,3.5333371981594,3.46954619454073,3.9644897475457,3.86470304518684,3.33736589040781,3.63736794285652,4.07902736037823,2.96112748444149,3.25579167463222,3.41476625081676,NA,3.80447367024298,3.19965099242508,3.21100392876641,2.61233026466176,2.99546691985958,3.28200047335504,3.35153303676238,3.4029418545551,NA,NA,3.14435604997894,3.50077688674737,3.55394461311432,3.30385749867224,3.35889774779889,3.40699031583141,3.87523174289065,4.00633881984385,4.30488986663614,5.45262267097565,4.50621195484974,NA,4.7731916570476,5.83879667262391,4.78452146402157,4.76263634098166,6.56088521514479,8.24510366419698,8.65444871709216,6.04410470258129,7.22399192244829,6.09849369934003,6.21716438891034,6.80154230209811,6.90889787956332,6.20060028539125,5.48934188332204,5.94222258813129,5.5483753904988,6.46272091230981,4.92039173127383,5.45127243310458,4.59691195764982,4.79395061877468,4.84031356452137,3.47214828797375,3.95270695846989,3.43944449016506,3.7575005334461,3.875933066468,4.07984797632204,3.82413039410938,3.61499422741594,NA,3.30337195007022,3.94191060789991,NA,3.98938237358616,4.28013092213678,4.03246634677475,2.88066917672793,3.97333451565893,3.44079951742512,4.03102173682288,3.8924791093114,NA,3.67892866703999,3.70969621204941,2.83924145009401,4.52967778538672,4.48692386004236,3.94321901623855,4.01913220793242,4.19374092643017,3.8569818622543,2.93434816010172,2.56515832277621,NA,NA,3.68349385916439,3.80054339460579,3.63869543868317,3.26467986333755,2.65909832127615,2.72696483848553,2.62867749001075,2.81685302206676,2.21753525193828,0,2.05120777130584,2.08506941069589,2.29647623365251,2.45092964627313,NA,3.58395686535091,3.68426061017703,3.81190531506555,4.21622549354203,3.24349665957675,3.73742663494004,3.25681115322183,3.51849223554323,NA,3.83313577047741,3.95275401644123,4.64547081680093,3.82403728360947,3.8191470665384,5.69667768651432,4.56228324869968,3.72733032137968,NA,NA,3.65630325632558,3.75618918337356,4.50070755289147,NA,4.61770634296454,4.73975052395752,4.75377855466423,4.42681808837142,4.8251409257571,4.86392428373304,5.03286620581383,3.79364540014681,4.83593315474137,5.15874756820046,6.98761563348118,5.85272039272424,4.83103598188973,5.47332057751149,4.61118078844811,4.39364278090721,4.90340181464082,4.62579184426829,4.86116354315875,4.34633189209959,4.3027846441541,4.19631241167837,4.24798806546779,NA,4.62619353869791,4.20036466653708,4.10402829220645,NA,4.06895215618536,3.9174393232587,3.78613827313258,4.37283428656409,NA,3.938873633933,4.08834917110283,4.34974628769136,4.07601448435075,4.5574465806704,4.29550522115521,NA,4.62116957019786,4.04638948794704,4.64029884899126,4.18140235783154,3.89909118261628,4.07840981562445,4.19743239571222,4.04142773301707,4.19912804837498,4.33387719403353,4.23445126833093,3.99633300904826,4.40875542937315,4.5030385726498,4.44727337631166,4.12081067387846,4.4898532554757,3.78012129424288,4.3440590304701,4.22213852090302,3.48730832214119,4.2935046688315,3.50386603865404,3.70036017820784,NA,4.06310766089407,3.41087230535308,3.87642665784675,3.95820856019587,5.17262126989682,5.1461683827467,4.3132992142621,3.93237613575412,5.0482253253254,5.50665116051862,5.65595828827676,NA,4.6868199227644,3.71721107466864,5.12631553893393,4.1519862169467,4.35737542092159,4.18420938032597,4.32703620054264,4.24333013134303,4.31014315049724,4.40315034706819,4.61220714252083,4.715002203669,5.05388133261269,4.04201068864854,4.6039571672705,4.58140562178728,4.80590705392953,3.81289313256223,4.41496311590646,3.98120237776213,5.17058224184466,5.59682096300889,5.36450575359796,3.92912634829716,4.19054262154946,4.48962066573883,4.75621041787426,4.89138704532569,4.77511838871357,4.71025830556095,4.26836938832877,4.8224757591131,4.37364261201418,4.4743319443616,4.56700913879562,5.07340801013829,4.62084245426789,4.91803816208385,5.31406737002676,4.65483845386175,4.8957155614727,4.66174024274782,4.83271997038165,4.61357168305365,4.24138248778087,3.87815769162807,NA,3.65686386279756,4.41497924898598,4.59645255927187,4.36258760517031,4.13134479264613,4.15328631635007,NA,4.86771261731596,4.94954090141186,4.6194624421611,4.26365716546256,4.29977795538436,4.34542713684238,4.7020833983553,3.90218002982154,3.86611387267239,3.63116169206423,3.43734647763121,4.11966476617111,3.86593903534523,3.38704633496802,3.23225032279115,NA,2.8510440301181,NA,3.62641808547092,4.00515880442168,3.10305038827696,2.94085391740017,3.55296757011444,3.53857316961785,3.41420821685566,3.29850498147064,3.04928280012222,3.33211809320751,3.0946683171011,3.60103833805823,3.03848454690221,3.54870603882069,3.85634619771145,3.68418487489841,3.75298551180881,3.468824005667,4.37549569287216,4.41866705857052,4.01207529481807,4.14944286869137,4.36402480042985,3.88154137430121,3.172484884255,3.99257676056897,NA,3.80376740278901,NA,6.28437932780865,5.07322646573217,6.60104355420515,6.68301034688131,3.76685344177208,5.69412131878721,NA,3.53415373257436,4.38683635948512,3.81419272083783,3.79081685193756,NA,NA,NA,4.38384527144603,4.02093230952939,3.86842923304302,3.92400244226376,NA,3.49941631918404,4.25227230983339,3.61748387900083,4.15248205636323,4.22850968441903,4.08121602029527,3.87367226648208,4.08834643238505,4.80842537332756,5.59813750107472,3.85910355368541,4.06344579617594,4.47357280149051,NA,3.51568289064595,4.49944995035236,3.8592606946845,NA,3.55540179056957,3.40761843094054,3.29062689375953,3.51404582503576,3.86458492919431,NA,NA,3.57315653130579,4.0690824981378,3.91712152041263,3.83745021387263,3.6638164175254,4.30879414532087,3.92188650045172,3.13148049074317,4.22455810027354,3.69159066650787,3.47137217671728,3.71048428567549,3.40919524699283,3.51820656115352,4.26771391988388,3.68532410650897,3.09434691162182,3.00787076223287,3.13213395947608,3.16368750582764,2.88562437420481,3.21038304494143,3.83483622912074,3.48012691461839,3.41821739351652,3.24872548730826,3.15918746240089,3.21413772478587,3.00202661349126,3.53034967050314,3.48422391652942,3.20388138880212,4.47048979089272,4.07505053248337,3.66395268005309,3.60956951289097,3.87696346616792,NA,4.91804651865001,4.55747806730091,5.06705509256349,4.12344465750155,4.04384277716386,NA,4.47249666478506,3.93915992675361,3.76605491475597,4.75293295152162,4.94582888444741,4.61571081834846,3.44122235177097,NA,4.86762809176365,4.85946570037331,4.7492875372579,6.42789430870616,4.22968933980776,4.5303520765792,5.40693991874499,4.55956988451005,6.1787378486335,5.54003054440694,3.10573028496214,4.87588534675574,4.67863015125449,4.43352497178631,4.33368407216744,4.74081715399443,5.22035609287604,4.74847627798219,4.66420224754219,4.76545038241653,4.79129625835289,4.01205598970609,3.94487056175297,3.86493639663189,3.38917135948048,3.56380595412538,3.54537731382029,3.71127809118577,3.32796338361286,3.34337163670238,3.72481925755962,NA,3.44009344513126,3.14450017811077,5.38443886708393,3.39552907392406,3.06904054118745,3.22858085926975,3.0387826343172,3.23149905230018,NA,3.28299953081201,3.72205132703406,NA,3.53357547506362,3.87935741586734,3.59821811931008,3.08263258275488,3.18516946743292,3.55816778009622,3.3744515202152,3.03424537206098,2.80100902717785,3.67118560379275,3.40838296590934,3.1908550340275,3.33097739831203,3.37954003296855,3.22907053890589,3.52853507578268,3.62797374120938,3.83447336518784,3.82528972542226,2.96509012746907,NA,3.41575343786015,3.44099683771087,3.54430099148619,4.39320656208919,5.05323294645636,3.87076903044303,4.52262380275298,4.9450666687308,NA,3.52750324249151,3.96057015314597,4.15773808374337,3.6698677566474,3.31561040314181,NA,4.29186474797593,4.01884029129842,NA,3.76177487466421,3.44914937586256,3.37979537010346,3.9305021463073,3.38184370269371,4.7074013612331,3.98105153413515,3.36526340050048,4.05881769586818,4.35168797192913,4.34091941928799,4.3591302404044,4.46345073189729,4.28260782987542,4.2788592465875,3.9846507006291,3.98085379916538,3.6567961323201,4.11504761392925,4.58632029604429,4.7886205368998,5.01128251630975,4.75818089223004,4.13973057216419,4.42961964812205,3.71576212285922,4.72470982410173,4.2922526408686,3.61728559745699,3.74747035249879,3.59618191989451,3.68508198813491,3.96619008731617,3.51511917914895,3.52266106383602,3.02593739677457,3.51885167014046,3.86405936799279,3.3073488117685,NA,3.20555140793117,3.32767894615081,3.48571122116047,3.5243973572607,3.54323087892879,3.49595167023619
NA,NA,3.89580306744648,NA,3.83452598934074,3.89838836980707,3.58808955823458,4.23254958854715,4.37897408844967,3.27224958632842,4.07284572212723,4.33017854781139,3.40869592771732,4.10560653758822,NA,3.60779178444211,3.61928138735184,3.54317538452506,3.46967615356533,3.46797075776627,3.06270362749259,3.53016976516804,3.86112823178347,2.73298494490671,2.92098496267791,3.07928188873081,NA,3.40291661413079,3.04477467857826,3.05346902684285,2.54682526841462,2.82030319684748,3.08214494990857,3.3798305717508,3.12164775767111,NA,NA,3.08681382956056,3.35402240244393,3.25499680377553,3.09468384915237,3.05882223132241,3.2901257666241,3.4728793969954,3.89288689242192,4.11084088883519,5.21652891163787,4.19160839836117,NA,4.48985820735776,5.56594234168813,4.60852892437848,4.47116391709763,6.20275174579327,7.99006158249189,8.55146861249724,5.81789493341429,7.03978005375337,5.9040604496116,6.10690289408891,6.65296106086601,6.72235422993304,5.97926834451902,5.26257861770851,5.75544245713413,5.28478864478839,6.2854981661131,4.68305633899151,5.07646798563684,4.27539559696967,4.32592035569283,4.52365178221391,3.19674185382198,3.47811384654132,3.02822216961212,3.43303875293934,3.66751869415789,3.77461670279411,3.5732296803749,3.18015226268378,NA,3.03086560102475,3.69098431344761,NA,3.85628944736815,4.09760375427742,3.86304642761791,2.54795408040496,3.89693301973925,3.27549194450389,3.90829443832462,3.75791848373925,NA,3.52498496699092,3.58068219525061,2.56837809545155,4.42226451555835,4.3218921717981,3.83432420537504,3.91861682217104,4.25610505377239,3.74233676528826,2.61612054245465,2.66830064512714,NA,NA,3.69666669182131,4.09590663900025,3.70790381774156,3.35733311511519,2.3478633766971,2.83922238145174,2.66637915037735,3.43053214193624,2.05383511798254,2.05120777130584,0,1.94271420310957,2.13035095728127,2.3990504334169,NA,2.90907982300141,2.87029943150509,3.19389351277283,3.50317658682758,2.93503532292475,3.35828573003231,2.81829766191675,3.24100308561188,NA,3.46799823325438,3.69092820356753,4.13234417421993,3.60838091367641,3.4887140597709,5.71575215206904,4.51440940558175,3.45510810355079,NA,NA,3.42023810407972,3.62988475683095,4.23236778721844,NA,4.35271418989417,4.46197128083244,4.4160858489787,4.1739915825299,4.48521333519572,4.55537059147704,4.78159682859588,3.54564422078114,4.8149152568329,4.86892921220135,6.83180997692195,5.67988517283209,4.5908488320549,5.34169306885819,4.37790498546439,4.01756347647466,4.44301526672634,4.27358013063112,4.63792144754188,3.86255737814989,3.90324919576237,3.83798355658359,3.7606454254742,NA,4.25894798343198,3.96889341852405,3.86965276992872,NA,3.67611128765682,3.61674402289223,3.57184702265201,4.14330630648711,NA,3.63076219498708,3.81516795100513,4.02781055671779,3.78598134481005,4.06744262117455,3.90938214085095,NA,4.4111139728623,3.79892041091025,4.34314652429076,3.98236103503808,3.72045449057908,3.79295842168114,4.00479148259934,3.78897910636686,3.99236575919746,4.136033868917,3.9609125280389,3.71339837567772,4.15319279720824,4.02433987780697,4.08690188281186,3.63767794193184,4.04877809175369,3.54713909122301,3.94209000069489,4.03304774936761,3.33784342901562,3.7732906690477,3.02634114825469,3.35033264454313,NA,3.73096249653793,3.46549749268038,3.93223834087391,4.17706648208124,5.20648297374568,5.1548098902657,4.27556629387115,3.8421181312985,4.94785043035441,5.49963289320619,5.64738577579384,NA,4.41917376777561,3.41221664812334,4.63677310086428,3.61257547396694,3.77628041316989,3.66348944679575,4.11125775498501,3.97955823919248,3.77962760691082,3.9236593590379,4.09052386891124,4.41445722762515,4.83858422234375,3.72846249265425,4.00132556927336,4.14635809543029,4.50424114904075,3.38579755426627,4.12277775001949,3.64995232534178,4.90569659694093,5.29852819897679,5.11047969713136,3.7536936544993,3.80932422540401,4.14393818499185,4.34318984068761,4.56070976104385,4.51527177496227,4.51417079931917,3.88143249763508,4.41288470640721,3.9900597219739,4.07479557027279,4.25048227415398,4.79740699502934,4.28170522227089,4.64415903908928,5.10537323635537,4.44364096602523,4.58927877936481,4.45181620574187,4.65349872811329,4.43397411661037,4.02857021871914,3.68779287640012,NA,3.65180980103501,4.13526163397137,4.26491054220209,4.22925618544879,4.02173667682923,4.05956587579537,NA,4.71665947583136,4.73699875167604,4.39865514409774,4.11272325474617,4.20266358993064,3.93553582496806,4.30214937495324,3.62500141082676,3.57671322766737,3.54050058100607,3.2999823131254,3.71631463646922,3.56966988735215,3.19436473028433,2.99212484009648,NA,2.86415680701756,NA,3.60297988111341,3.80011187216005,3.23622918666738,3.27413352043148,3.45498973724095,3.68233300629061,3.45505516490089,3.12011276234568,2.74868255478468,2.82338100748526,2.79245577279763,3.21410162584176,2.77388800599425,3.11699752599279,3.50032447517982,3.28975240456676,3.52331642796716,3.23745383677405,3.97910167040008,4.02054900204106,3.70517755715448,3.87913577498116,4.07183574074337,3.66707177406284,2.8619380969764,3.49084031933519,NA,3.58996628883672,NA,6.07340396797327,4.85138905176164,6.45824260744344,6.48395220508548,3.41642670696731,5.28399401525319,NA,3.74339875311129,4.41094990138013,3.59855671554287,3.46854673470687,NA,NA,NA,4.18465164292546,3.6943271354032,3.55737633654104,3.43367869226896,NA,3.30280553572997,4.01090778854774,3.28831466289492,3.91859668440562,3.8770709433394,3.78009413194077,3.68989638419039,4.04620788680613,4.83261333147453,5.37274363901368,3.95958228375583,3.89884133649003,4.38445977238094,NA,3.26551119159255,4.07339837560381,3.69667324922191,NA,3.43691098297645,3.35674271243722,3.44156727356372,3.61641744512569,3.98530948137696,NA,NA,3.68008482797361,4.1967757351843,3.99119852312244,3.83035359946476,3.70077580684854,4.14844528470765,3.82789789382358,3.0750581616739,3.96925217939362,3.61149624126554,3.4860029623653,3.70210702690496,3.58232080827958,3.43170805177825,3.92091632201485,3.57406919388196,3.05610319814109,2.92534499710898,3.22868459031166,3.25698673313684,3.02177872963305,3.35869801121439,3.96123054853374,3.6586612771196,3.62576201213844,3.59762704050267,3.50855166759061,3.73045648555578,3.33557734203804,3.98953950423932,3.62803783361948,3.40676450797426,4.50567745914153,3.86143154978472,3.52167117236101,3.53346712789132,3.89780996724712,NA,4.94102873279701,4.62046322450962,5.11643562786317,4.19459877776865,4.01235600929404,NA,4.37229495906237,3.78779428783893,3.72756639161256,4.60607322136038,4.82778911459901,4.4752745020604,3.40335456133989,NA,4.76848748804414,4.85465708124053,4.58724828077565,6.36321362307307,4.19590166106476,4.41919644118354,5.35518857961762,4.43570893745497,6.00681009095663,5.42944947093103,3.19191981744583,4.79780579509342,4.62282375327356,4.40633723959002,4.34320613190245,4.73114476932971,5.23389982671234,4.76488768417487,4.78177983274751,4.9823611816572,4.79239321498533,4.08922331945221,3.92808044834175,3.78427559571592,3.43808277779755,3.58899827988222,3.61718062908487,3.67554825885969,3.4433448576142,3.40563888407958,3.73145180056388,NA,3.4595180601868,3.30670113420997,5.5768041275923,3.44260932767609,3.12926649619228,3.30560949884508,3.15090416928661,3.27606993740613,NA,3.36322933589307,3.83600553402425,NA,3.65396777063212,3.95439023488939,3.73392843819518,3.46357577639855,3.44561804761437,3.59548692658643,3.51924291576012,3.15396033702815,2.93058374343586,3.76433891931556,3.60109168789044,3.41870678144538,3.8204774998147,3.8999253601352,3.6544085753759,3.96429113116983,4.02017612057954,4.29927461762224,4.26158572527495,3.44185674689145,NA,3.43782920480104,3.94158485774832,3.77306985031286,4.57893665192791,5.42974590498664,3.99072519425243,4.78378112942058,5.0180928626578,NA,3.561526288835,3.84722899763451,4.09497836096827,3.73341911420259,3.12632413719558,NA,4.26676765132606,4.02523736701506,NA,3.9188024768291,3.50153766608303,3.41334084411636,4.16157552761796,3.56781517418886,4.62024263865748,3.79802830707568,3.38988012325734,4.03951461565163,4.35797922274184,4.15468777852931,4.32741220853586,4.38202982234698,4.15557199625461,4.18640559399541,3.71779718931216,4.14144647861764,3.61078789165165,3.94855102188936,4.69624940044861,4.89721852812712,4.94730677781778,4.75275509056278,4.08183200896733,4.53866654630214,3.72733785203475,4.56322773328993,4.06081540559716,3.50959354902222,3.76610914930994,3.56746179717942,3.63856114777442,3.85903505480499,3.39823239128694,3.46216484777685,3.21783997365422,3.55757985389855,3.63831919537331,3.37699823779762,NA,3.25872306657266,3.37901427976896,3.46982249607219,3.51195467973715,3.44025900247527,3.35033257356908
NA,NA,3.46664800286639,NA,3.23821596431799,3.50575708523431,3.04837467434264,4.02763342615512,4.38961498201689,3.21833107638939,4.08149004643611,4.3842337125776,2.98578399191295,3.61500903106858,NA,3.27391448175979,3.62299824871829,3.43056902560431,3.30864409916701,3.37710419378178,2.71387680814577,3.52096153079539,3.94556155331824,2.33506732514229,2.9356573351847,3.05394388755809,NA,3.28208977192523,2.85966362813076,3.15253491547412,2.2185183856345,2.37567069597266,2.60871249698967,2.80890182089894,2.74537359743191,NA,NA,2.55661715567356,2.91673503885256,2.95674022451074,2.80497806574364,2.68035036239216,2.89620827985051,3.26587160052366,3.57510249624765,3.60252755041113,4.93249680802708,3.86597395215857,NA,4.15503829339585,5.41821612932551,4.21934336879466,4.16562398607727,6.13986587943182,7.87515457841086,8.36764124436999,5.6035108950773,6.80287928176528,5.66186453577193,5.77688643322925,6.4037563857614,6.44230714039023,5.69029510140139,4.92022758999619,5.37675151243098,4.90516241018445,5.84922089812223,4.23665720936491,4.78727503420333,3.85218381169848,3.96202689513582,4.00401878992981,2.57412459028535,3.15388803144797,2.60859165300734,2.88867588797673,3.07321535176383,3.42731591528998,3.03487941448236,2.76035112837015,NA,2.39267943655877,3.10259220990071,NA,3.20947176398045,3.43815167668485,3.23476323529218,1.97141043422338,3.23275525560109,2.60720595845798,3.27611470358596,3.06446214450491,NA,2.95683225771192,2.82220665514053,1.8822318393471,3.77706643786343,3.72324630079422,3.28577466603478,3.23422629036645,3.70185701501091,3.09912180129685,2.16593875244517,2.19992474895866,NA,NA,3.04059101209976,3.55944591682252,3.27928846479229,2.92931885064656,1.99157101492193,2.46929568787424,2.25336059616407,3.55383633435967,1.5948415836685,2.08506941069589,1.94271420310957,0,2.09895746398515,2.39231162626187,NA,2.75523269881495,3.01152575802512,3.17459029406433,3.50486411355451,2.45534078831595,3.21754014120221,2.73487262267649,2.96747469337457,NA,3.46179876468975,3.50687380545645,4.06471833926704,3.32213641961121,3.27316268230842,5.59227312463666,4.37115495774468,3.20712863756064,NA,NA,2.94366216444747,3.13380579086453,3.76763415821906,NA,4.11907249685669,4.21517435176742,4.11359237280156,3.82105904544602,4.25919579749751,4.28460043194754,4.50840586482582,3.17042202510436,4.82126659360539,4.60183051080074,6.55649449699089,5.42214514687506,4.24660328037784,4.93607581230332,3.90899276456103,3.59296145389975,4.10836489178426,3.75625938575514,4.10304823345007,3.44716418794496,3.4828958003168,3.43459536923229,3.40477432479156,NA,3.89009266226322,3.3730515994409,3.28615715037323,NA,3.14716645221638,3.09447202948534,2.92487806056591,3.56476182315281,NA,2.98609890288389,3.1666252261746,3.54341511049826,3.22843172240181,3.74035056347871,3.37514861236607,NA,3.72092693985276,3.23871675162853,3.77539941266979,3.29276690910351,2.94439254229082,3.15729212502936,3.27295886303881,3.13545394917844,3.4116691652929,3.58790214028925,3.25881540900576,3.05320082281341,3.54339747824516,3.49571835480331,3.50262404039551,3.23034381949899,3.6502789420646,2.90176122094289,3.49526469038084,3.58710732396611,2.75250397385001,3.55411236149837,2.68135169507948,2.76411316795298,NA,3.30903985852236,2.8476446932653,3.36681413173378,3.52693022013277,4.89120709797302,4.77489617209535,3.82270640844966,3.40243924504272,4.67068739114259,5.20842434331118,5.27525891025306,NA,4.13044945008117,3.01832264862089,4.51605078774216,3.40712392148745,3.62949686503008,3.53626746476418,3.78878102547183,3.66773235595644,3.5902316431191,3.64464054841526,3.93241770286194,4.03578653213759,4.46018956296465,3.23218753324623,3.81855332231603,3.82277938309187,3.94801709554417,2.9909969269057,3.61256857817007,3.09333148241672,4.45322686676813,4.95049498909185,4.71461954839166,3.1957381954037,3.25910651892903,3.69876613478571,4.03407083308601,4.20745792753577,4.00566009478783,3.95722707136667,3.3354984000059,4.02578619001815,3.54956206303849,3.67085677437,3.76470818222727,4.3395629887533,3.78371341987597,4.12523746617121,4.56059137202076,3.83882929556262,3.98576574321933,3.78677666697817,4.07310829654325,3.85839511312841,3.32608464920971,2.96633885523618,NA,2.67903605826367,3.42042771455594,3.68285755194492,3.37573395115339,3.17252843332487,3.27102812658744,NA,4.06154494770922,4.08312190388292,3.82843943626178,3.34340209375149,3.36497309399253,3.36343300305359,3.7331526788627,2.97642984621157,3.02324021182652,2.94378544349939,2.67286584342314,3.10370158489397,2.99530122174689,2.59689998695566,2.18980868615462,NA,1.9113461707709,NA,2.91122592661359,3.25023576653226,2.34226556331132,2.40901395136223,2.88952181419669,3.06723236950024,2.76492708835094,2.53555700715147,2.25127691439826,2.53930543992037,2.33915276511431,2.7522746540241,2.28563413619436,2.83846842314445,3.3148029593583,3.00524539364069,3.25505322987158,2.8571420606122,3.78018482099733,3.84610544063043,3.37381825707197,3.68497987633808,3.81813255284891,3.26799169406,2.52639609918969,3.29147979298137,NA,3.4449132610379,NA,6.04293583789058,4.88753278888634,6.35215240604269,6.38700252105116,3.25997869403479,5.29937098626174,NA,3.49731229438919,4.2087071729493,3.37716991706474,3.28996830934459,NA,NA,NA,3.88168693026589,3.5986400227555,3.32469863114309,3.23771215509884,NA,2.86877947960099,3.71562914931552,2.9280487958874,3.64184214953064,3.64647202043445,3.55918234978164,3.45427842240687,3.63654132842259,4.50485946316158,4.97324073976084,3.71338374656733,3.53578356524312,3.8118321484043,NA,2.93416149465114,3.95556942582873,3.16547030926984,NA,2.7793781867801,2.703699964012,2.6783955464007,2.69901118138071,3.10709469708289,NA,NA,2.80924002206097,3.39786600808929,3.0818742845309,3.00367702199654,2.93037115043796,3.43435340264796,2.99569947297102,2.43663869295817,3.34951816053381,2.92211421160301,2.79632691833967,3.04410382297668,2.92629302858466,2.98603959945259,3.38833197786952,3.11924263656858,2.61486689712461,2.61527518945167,2.68674854924797,2.8417671624572,2.57399436359672,2.82178454986062,3.44691247701866,2.90061603327617,2.91194356278997,2.97026229592749,2.66741213462352,3.05308846319666,2.80806668586029,3.35258183478793,2.93798485484862,2.8160947077436,4.22077899131077,3.70445738378192,3.18494341083559,3.23771736766514,3.43071132902534,NA,4.45982917524586,4.30410944413963,4.70022845085828,3.77569787472232,3.6871588887141,NA,4.18914751454084,3.48586649398706,3.37349528263863,4.49522252496428,4.56897790966679,4.32710826629049,2.94309534308698,NA,4.41890100355553,4.52677763430075,4.35583457151704,6.22706556986401,3.97567699850993,4.1603680233255,5.19786211361951,4.19822387270714,5.8055687000392,5.13308604360383,2.71900607049749,4.35677574788035,4.17743002296506,3.9996197803872,3.88878637016491,4.28626165583601,4.90339960351053,4.38314093833844,4.38043653617119,4.53957256296068,4.26415967333375,3.66510648380454,3.44709898645095,3.1272185286515,2.75659366802458,2.94609280889359,2.84620052421047,2.90315582895358,2.63081777900846,2.52355699946437,2.92137552655375,NA,2.51770988359006,2.26909025718792,5.14752553194953,2.53792075046891,2.21633774565172,2.39895737058515,2.35766302738648,2.36981613664081,NA,2.35875437940944,2.8110111502651,NA,2.72684241002283,3.07019915854025,2.85360552549882,2.65145034008161,2.48965588996461,2.77816390037225,2.71782719998662,2.37692245545191,2.20999578078156,3.15932717341754,2.70965566907731,2.5441477281424,3.00854528810805,3.03364075834486,2.93389336556077,3.31171882281675,3.49169606807941,3.79000180329516,3.76056594521499,2.7042518252532,NA,2.58608310441651,3.35960113503053,3.41599542058297,4.56781272516703,5.27467906055557,3.79391748635955,4.53334126813919,4.77467318405417,NA,3.38254443295195,3.9971623572724,4.02953889124161,3.64465897352286,3.1663135943718,NA,4.56721995526872,4.18439661897725,NA,3.85036938419293,3.41204591911422,3.35696025212656,4.07624590475207,3.34550052948816,4.60903135366131,3.58768011588838,3.16131294216829,3.85538421298706,4.21880354645006,4.01681897432501,4.06219852555015,4.15987592728352,3.99797148518601,4.06959709060544,3.34924006595933,3.94509526816043,3.39613211896618,3.61451983542227,4.31811290534666,4.52499147383612,4.74563914676193,4.46931537646667,3.73975482399413,4.20082887421714,3.42584781129724,4.27932125386544,3.75527479924938,3.08001730144742,3.51065596423237,3.14002476680449,3.10596999544892,3.42503196470187,2.97652242377551,2.93264775393912,2.55837447986233,2.96994163707916,3.09615912623305,2.63990211369778,NA,2.5107381366437,2.59698098390026,2.61343684847186,2.76814115532479,3.06904696786084,2.90277599975187
NA,NA,3.83249125643794,NA,3.92960066321468,3.96487933832684,3.68599607378544,4.25925567205313,4.48806347443455,3.52178231456925,4.07590753009356,4.47309807039476,3.70582045563935,4.27675187165039,NA,3.8045836173305,3.6730464774837,3.65691465806216,3.73836809319465,3.68476621169163,3.20933653926565,3.70470540640046,3.81491716433521,2.83789267477583,2.76613469057562,2.98187973932788,NA,3.52014245542099,3.13199172721306,3.11126922581027,2.66889226609948,3.01658963156318,3.2822043886561,3.3628968112701,3.17973685956597,NA,NA,3.01635739189176,3.54346795748203,3.50253921931772,3.27026430226342,3.20477905225068,3.39446502995351,3.77078965632218,4.01073849159872,4.20163544670134,5.39804654749606,4.33304358583967,NA,4.75330223335138,5.79700594170754,4.73891158187427,4.75233484875973,6.48907680762418,8.15508726199683,8.71672319711062,5.99565323546785,7.15689391356514,6.02724808384643,6.21004849335722,6.77833273393558,6.88257569221031,6.15110042511946,5.40342734255617,5.89898898992063,5.5008081497894,6.45768591220031,4.87488294221025,5.28049488564541,4.49036086019407,4.6569745622931,4.82361240724684,3.32887616466142,3.78985541387008,3.30817879815205,3.66231683938532,3.76052763092941,4.02310371609433,3.79310848269012,3.47558296680739,NA,3.18079437609264,3.80212543938497,NA,4.03257955311618,4.21943044447942,4.03075455975172,2.66803856689449,3.93602450039629,3.40847548697673,4.06207060128495,3.90873816023337,NA,3.60733131255729,3.68441582594716,2.57661999823595,4.64625641950667,4.48796894863818,4.04464951928946,4.19889577842901,4.12784999558627,3.9355269830478,2.90791747811428,2.72680859122049,NA,NA,4.02706971202646,4.25932419623422,3.94576666836414,3.70210569803528,2.36456952219625,3.26910238593143,3.32247475230337,3.36042084200595,2.47203928208561,2.29647623365251,2.13035095728127,2.09895746398515,0,2.01433668364362,NA,3.23548335592869,2.9740874958031,3.46518442246566,4.033107683773,3.13370724797692,3.36984450362329,2.8036050951347,3.20133161651851,NA,3.50840106798764,3.5074659987582,4.20529023260045,3.55958455633087,3.59355600031406,5.78831452374946,4.60132065754703,3.81756403818193,NA,NA,3.83131066239088,3.80037806415596,4.52789450238544,NA,4.5665466029988,4.78140014047606,4.74380663449303,4.46832568758915,4.75336319495117,4.73807454046926,5.07297053254098,3.71161494012673,4.62114075004523,5.0334022460114,7.01500758793809,5.89284922992489,4.79147527390091,5.47731064085438,4.62689873961379,4.26744386098935,4.70289248238548,4.50679549347066,4.79508511642059,4.12069645916813,4.2111978666414,4.11623481989718,4.05476957164894,NA,4.4779994067503,4.00848043935768,4.00845277011776,NA,3.9112601184965,3.83846465179009,3.71860797504796,4.23526066966732,NA,3.87368318627464,3.94071757206918,4.31610306265757,3.99207388759598,4.40159213964237,4.12144039709058,NA,4.62600156420154,3.98945606460349,4.47724764177674,4.09602182840758,3.83162538412316,4.07476645343501,4.0978142236803,3.9824411278257,4.25807607057533,4.41335136407164,4.16453601935812,3.95275314626461,4.49043695233776,4.46496500798738,4.53023706687391,4.03895782706365,4.45413999056678,3.79749569128841,4.3207676129139,4.43095382451563,3.74568345126115,4.3658346503241,3.58044013562798,3.76352542164822,NA,4.13444864170583,3.66622058904677,4.10391546922234,4.34838958674312,5.31289898304246,5.14097154805898,4.28988911963462,3.97571395630109,4.95439639741282,5.54285418787801,5.70426939440181,NA,4.67216015857355,3.64275882145149,5.00285947203984,3.95811323415919,4.11821899612882,4.02740037390424,4.27606408083884,4.15622452433846,4.17897235052067,4.2433430372193,4.3898858708001,4.684781665914,5.03779423279565,3.87814642619968,4.48072258880645,4.49894363229615,4.67694014271362,3.87251679890098,4.41840850484007,3.92069574192367,5.16611193193942,5.46559786863229,5.30745081839059,3.85921779853996,4.04014637056168,4.48623340687414,4.5495491435847,4.75818454185751,4.68530402679702,4.63759793431945,4.20730593092551,4.62579544915576,4.22625385951431,4.33586326322321,4.46871494423634,5.02616978486199,4.54184462785827,4.89173577395834,5.20013890145269,4.57642953889361,4.79974055380514,4.50776860823602,4.78008089909876,4.55703818275075,4.18386222834216,3.73030383490231,NA,3.78778081996466,4.3595114766184,4.46025767536507,4.34616703948477,4.15029276748873,4.23501458591823,NA,4.9629722139284,4.94057093145515,4.60522496828561,4.26703185505045,4.43717714489978,4.30743663956346,4.5727706717415,3.85872937706981,3.84475545501532,3.70156986779367,3.62034833411397,4.23953543574787,3.95003465669712,3.35893955728051,3.19644803193579,NA,2.9016032085622,NA,3.64813195336997,3.85830415827132,3.19347806727035,3.18706114399949,3.46624700585539,3.80285562539677,3.72784219319008,3.26497447252762,3.03383375655733,3.09701652772589,2.9199365896038,3.56635157770012,2.95368625584917,3.37277466240866,3.57980893346722,3.55843086999745,3.71857226626084,3.4961916705936,4.28625451618013,4.41699497794809,3.85286020811299,3.94182170534232,4.3058472349718,3.92323252718531,3.16611460476685,3.87086868845393,NA,3.59219910920141,NA,6.13867898486069,4.98240239992168,6.64139903393142,6.63179711920841,3.57850550594208,5.49750876890656,NA,3.56608067358562,4.21005705543121,3.7674291437699,3.67503410219284,NA,NA,NA,4.30435304561339,3.90579017383652,3.80991502135288,3.61119069064027,NA,3.39705589206214,4.02488868085379,3.41067285744307,4.10220626998683,4.04265428871504,3.80833938321495,3.68670917657742,4.02562626937161,4.83352690868367,5.4982766308575,3.96592508599714,4.07859976551671,4.49578155539905,NA,3.60937629254203,4.30650244459017,3.92677176345846,NA,3.62790353567335,3.73878896962882,3.65837866738386,3.72504335677585,4.13994010528413,NA,NA,3.8952359716999,4.31538875472719,4.2042724326656,4.18438192415376,4.00591536680096,4.56670726201577,4.21449979189503,3.53380372203131,4.35623613952981,3.81640512605307,3.66563712153008,4.01983674155763,3.74990378461144,3.46591494938616,4.3392527159507,3.73623951326888,3.31293576607623,3.24182014791359,3.298147745107,3.4495397501286,3.26696915099318,3.35849801151378,3.5899343109403,3.43032056997973,3.43832877141333,3.5551073405942,3.31101296078477,3.47292848079792,3.31509777296918,3.73929543410755,3.76902283183045,3.46808288214443,4.37591038803561,4.05149300399698,3.60824194853516,3.66215191102366,3.7719218194085,NA,4.85915956335276,4.70441779150461,5.09211894358963,4.15973953388712,4.17936198911876,NA,4.50235333286912,3.8921727799505,3.70394511999513,4.81464571283211,4.88144106173631,4.66002767906917,3.45338505413531,NA,4.87064293375699,4.94717368075477,4.77949098651352,6.48679002445142,4.3338457804472,4.50801471460651,5.51145524194103,4.58131453928931,6.11796334226714,5.48841149955933,3.13029739939002,4.81053649390028,4.61802131383605,4.43154055362835,4.35006755656711,4.78261506934424,5.28603167900496,4.82363821287622,4.7228144798969,4.84257020562984,4.82418829775462,4.38164062319301,4.13242278111935,3.913880492295,3.69704570844852,3.75239858421853,3.77479180112515,3.84304268236196,3.51897483469948,3.55614463756157,3.91904268822138,NA,3.65531629644597,3.37823828374646,5.52103935271266,3.63419485464416,3.21539292148783,3.50016290931343,3.44885891762002,3.4778409686982,NA,3.23685684035066,3.90475522623454,NA,3.7037407819377,4.07782370176476,3.90101588095804,3.41476412829772,3.52728189382625,3.91037499603742,3.70569792947436,3.29900053339977,2.94857909599121,3.62230258789717,3.52606754596706,3.28079820899728,3.51657607735902,3.78607774408137,3.41852804485789,3.69760297904531,3.95638333529011,4.1817834469574,4.2595756873876,3.35165475766627,NA,3.59457205368993,3.631892017472,3.61671893686689,4.31555227051696,4.98014578055167,3.6285868114618,4.32688122000372,4.70298407511373,NA,3.28336610459894,3.75263790507072,3.84094764872478,3.58251408636611,3.10022126865834,NA,4.21838942877311,3.88923648693166,NA,3.85108455062805,3.50421106583119,3.38039765205874,4.00205370412677,3.41601652533372,4.65866499113127,3.92756440054074,3.38168624059292,4.11563782716735,4.42293666500658,4.15151726274375,4.29810712001886,4.40818170604274,4.23139755366442,4.20453713885702,3.86299244828872,3.82478287341805,3.57565345245413,4.03807450371051,4.56996970459206,4.67756134866112,5.0000600785642,4.77184847507064,4.14860988347175,4.45285573264041,3.63247602671467,4.6055883681615,4.19620359723586,3.54112180075727,3.71094566882017,3.4974467489493,3.65314318209429,3.82704220294566,3.4424881645134,3.48354984863706,3.02314025019649,3.43527285140318,3.77610244147982,3.38820327452436,NA,3.22847664266048,3.37258270846119,3.56499818711184,3.71485824871639,3.46030579227414,3.40392506695314
NA,NA,4.07025363630638,NA,4.16370538972977,4.1552685709624,3.99592607223537,4.5290941589435,4.7601646178077,3.7464094092418,4.43169097682653,4.79606699901063,3.90529286028991,4.34455298465232,NA,3.9543937549493,3.83225767904323,3.87016875463958,4.04624702406041,3.9205355687191,3.49759041498511,3.77498391056707,3.97321751257646,3.10664605239832,3.22659784566174,3.22466785743998,NA,3.66306505103334,3.30558829520562,3.27157561059277,2.90509834412004,3.27665112171514,3.52901295610645,3.67142841338074,3.46971980200664,NA,NA,3.31193187535388,3.63982516993359,3.59699973796133,3.43270543525823,3.52379402905929,3.63781332829667,3.71612597197449,4.20788937688663,4.33491105889664,5.4460301123591,4.3174547309298,NA,4.67766756897857,5.711312583074,4.73860162643817,4.76966839216627,6.54646703320378,8.26969211624535,8.75950184505477,6.17227201178224,7.26359361089469,6.1659919559667,6.33228795035683,6.94638552833069,7.03275640934973,6.31024271116023,5.60360886556419,6.01705639564569,5.62810886411142,6.35595512677634,4.91632438678335,5.2397923778759,4.64876371868119,4.59418514694625,4.82101513437033,3.37892033334501,3.74497238754268,3.37828835693394,3.82535607110697,3.95337375108048,3.95277853695637,3.79979861738449,3.62298965442183,NA,3.41818725113296,3.96902291833125,NA,4.12306484623888,4.51781604646802,4.14357521410307,2.94495870179848,4.24798377227621,3.60548383865943,4.24661087671394,4.12568867678217,NA,3.90242697168975,3.93180247680632,2.87600407512489,4.73715792037717,4.6266304640292,4.21500061717121,4.40325234729409,4.50052903746049,4.07519186349632,3.01724126276369,2.9637651244714,NA,NA,4.15805328810313,4.4962970476693,4.44237426088726,4.11726607693046,2.74352576915419,3.54528608205983,3.26218646053231,3.77485221375976,2.75782810206581,2.45092964627313,2.3990504334169,2.39231162626187,2.01433668364362,0,NA,3.11873063971708,3.06892616770903,3.37992403587701,3.71303321783658,3.07848383481331,3.38398390949218,2.90648738473622,3.30329433131929,NA,3.8014985691322,3.94347043660448,4.4260735054998,3.70704070699176,3.7901377643315,5.94784793088645,4.72351977303707,3.7079365690954,NA,NA,3.90386740167213,3.88228824916863,4.66635685791242,NA,4.69052760808833,4.79771795493983,4.73590744994131,4.4735003277193,4.96787068992538,4.74996150014133,5.01088437274512,3.81177632589558,4.76695818790022,5.16401458426266,7.07357667562186,5.921340265196,4.94937325763871,5.51794243015998,4.64233500672542,4.39979635392488,4.79764059008149,4.51060182284209,4.75995658410296,4.23537157345895,4.28419854047404,4.2538296285834,4.22235455165323,NA,4.62890663792631,4.28825049613043,4.07912208564704,NA,4.05526994527015,4.06583565707869,4.00931608407119,4.45093664901212,NA,3.99719663255045,4.13878577107034,4.47490098649755,4.18701920695674,4.53624797996742,4.39996757398855,NA,4.79034817563098,4.12218257230695,4.73364502506057,4.38053600181168,4.16734864504797,4.32711323658008,4.39369364151124,4.19953691451502,4.49440165783063,4.59402946215645,4.4236705493602,4.095596202376,4.58516586468964,4.5001479006686,4.57744049778182,4.13672940908129,4.53906988405776,3.88014252746607,4.34390904589973,4.35363971199973,3.93945043932226,4.4492698510045,3.68725863356205,4.01012290537778,NA,4.44910180947485,3.89573889874684,4.38817320619065,4.65971356178133,5.64326550195508,5.49114036914583,4.63311313769209,4.28808810296,5.18389484293457,5.82032051894082,5.99558971712591,NA,4.95930288422022,3.92379632168844,5.24937237534933,4.14520938366478,4.21671100708275,4.09512895913107,4.38816364801494,4.2578373305758,4.28202726226947,4.30939899749685,4.48596826100401,4.71862421027507,5.08247307927738,4.01265247295898,4.40107070105667,4.48023748197902,4.59848858990355,3.93806855537033,4.33876280619142,3.71823655419437,5.29303157288061,5.47929586682975,5.45626676860059,4.03576744428924,4.09372963704201,4.45736190620456,4.6264402390225,4.8704354453932,4.77790278857288,4.77565508926109,4.30465048229667,4.61960367891885,4.25021541519983,4.40586200974345,4.47161350621464,5.0216837012888,4.47945143693265,4.82849350804649,5.10443704936907,4.59903104064588,4.79226616296414,4.69892366244886,4.87491930434301,4.68722187223275,4.3791785331201,3.99958367568775,NA,3.91270546720234,4.50176813273264,4.60739043297778,4.45235498953452,4.34485841316515,4.54193342948152,NA,5.0683458088077,5.06210909080559,4.76133176135233,4.46879037747918,4.58857755251334,4.42795488411228,4.73755274685689,4.08481455255724,4.14321146762782,4.14753466240632,3.96274161485323,4.30178411249497,4.17394937127488,3.71929419594279,3.50589797332666,NA,3.13676671256221,NA,3.75358731456756,3.84816024458223,3.35334672415672,3.46170929848825,3.57794577362446,3.9470363994957,3.70921046779577,3.25338027908248,3.13370209157859,3.25403267854368,3.07834528904323,3.56037775521356,3.05551625239772,3.46154138302047,3.94957540279845,3.43834969087996,3.64233188951718,3.35677660552789,4.10153032562977,4.35322128013227,4.00872036822542,4.21574331421519,4.33496797446639,3.89067902514287,3.32443359283954,3.69302373799146,NA,3.88262337690229,NA,6.23079176696508,4.94353204492995,6.68066287229578,6.56216991477439,3.7155794300566,5.58041345679681,NA,3.96180546120863,4.67175383850254,3.97683750478554,3.74719748167811,NA,NA,NA,4.54506740612543,4.03214198181762,3.8940755565215,3.80601338244444,NA,3.3271879816722,3.90186503040444,3.44867886444427,4.0232745295023,4.13127040798443,3.86563042762805,3.91979100633243,4.24907053977279,4.92887285557905,5.64960953691402,4.03304336258747,4.31578717996994,4.84737220499694,NA,3.6950579148301,4.52524468251302,3.98863982807806,NA,3.80495767203298,3.96412320816987,3.85107600072229,3.93717693098255,4.37245154187589,NA,NA,4.08834993556322,4.52258487907734,4.43499831270003,4.35674628119909,4.28891452189848,4.62246324254909,4.35694222749283,3.77246820176106,4.49874802983533,4.07917612337405,3.94602381545596,4.126063852095,4.02022263487559,3.86950026986893,4.4036739474464,3.87178194034845,3.49730054646902,3.35916568231372,3.62734400873708,3.72844276074629,3.49083598401301,3.5023600221215,3.95419126384829,3.67914807440537,3.67359772480938,3.58793323876914,3.46119134170302,3.5957259447541,3.41832937050704,3.76940694964607,3.80765598836359,3.63463476043804,4.56795238254379,4.15438482321476,3.82760476750877,3.87744182827831,4.07528579606876,NA,5.21594024813859,4.78841806439986,5.08545063125268,4.2750387936468,4.26826664518344,NA,4.59817916751565,4.0182691835337,3.86811113146183,4.86780629534991,5.03702958860529,4.73709390885085,3.64102976208592,NA,5.01360155840715,5.07498193697068,4.95074963201868,6.59319402288052,4.46394560378277,4.72483916670958,5.47635256472108,4.70026809291173,6.17930432137007,5.66648030421158,3.4048160713732,5.04501862395575,4.88626088988273,4.66315733673493,4.56111894017695,4.92926724784221,5.4115333145361,4.95445365092677,4.95093068593952,5.04272822472959,4.99124375902316,4.30031636272737,4.28328523030639,4.18139232142958,3.89984246084912,3.87017625188244,4.06420968562236,4.17336999316065,3.87796842415504,3.91953909947364,4.21492198737568,NA,3.96794632860207,3.73504512172521,5.67138954532487,3.98388969934285,3.62773112863313,3.7991304219096,3.68440935388097,3.81703133831398,NA,3.77603494706225,4.26911080763166,NA,4.07878740335232,4.38159134228998,4.23076385720811,3.89379087471218,3.95666186743017,4.25256180722663,4.11751489541294,3.81497278772705,3.5268191049265,4.04409520457299,3.91343499598034,3.7173441376973,3.94718416012567,4.1071696684355,3.83946162135457,4.15417408388913,4.29275419526267,4.50471891282196,4.47596770088928,3.69877198281444,NA,3.81705261005518,4.11279938520693,3.98752346827424,4.60558571518658,5.24302812764046,3.90754045145562,4.57627092482409,4.86307052263383,NA,3.60530067059552,4.09303675455402,4.08006351732438,3.80766469431755,3.41596930272197,NA,4.60358006828109,4.26091965783001,NA,4.0924465072587,3.55293032595758,3.53587948441783,4.08922070469414,3.65238218317484,4.80257969780987,3.86292886272289,3.63576855965282,4.27616352076461,4.56953171896052,4.3900403478744,4.50696025676163,4.62348506940205,4.44834368238519,4.50533749896346,4.11523248369293,4.28080525228589,3.77041575361095,4.20740010233621,4.76766711364503,4.86798659248493,5.2152396898585,4.92834502111308,4.34853946349156,4.61945257105001,3.89706398113486,4.74198224463646,4.37029971548669,3.82515014685509,3.94772784626254,3.81114159569948,3.93187758892007,4.09414667343314,3.77777725599464,3.84104268217968,3.47499675761255,3.73776349236224,4.01146898148466,3.66174979812626,NA,3.52717579987768,3.66010005754658,3.89722183817531,3.99543810903114,3.85833595889619,3.78831142288495
NA,NA,NA,NA,NA,NA,NA,NA,NA,NA,NA,NA,NA,NA,NA,NA,NA,NA,NA,NA,NA,NA,NA,NA,NA,NA,NA,NA,NA,NA,NA,NA,NA,NA,NA,NA,NA,NA,NA,NA,NA,NA,NA,NA,NA,NA,NA,NA,NA,NA,NA,NA,NA,NA,NA,NA,NA,NA,NA,NA,NA,NA,NA,NA,NA,NA,NA,NA,NA,NA,NA,NA,NA,NA,NA,NA,NA,NA,NA,NA,NA,NA,NA,NA,NA,NA,NA,NA,NA,NA,NA,NA,NA,NA,NA,NA,NA,NA,NA,NA,NA,NA,NA,NA,NA,NA,NA,NA,NA,NA,NA,NA,NA,NA,NA,NA,NA,NA,NA,NA,0,NA,NA,NA,NA,NA,NA,NA,NA,NA,NA,NA,NA,NA,NA,NA,NA,NA,NA,NA,NA,NA,NA,NA,NA,NA,NA,NA,NA,NA,NA,NA,NA,NA,NA,NA,NA,NA,NA,NA,NA,NA,NA,NA,NA,NA,NA,NA,NA,NA,NA,NA,NA,NA,NA,NA,NA,NA,NA,NA,NA,NA,NA,NA,NA,NA,NA,NA,NA,NA,NA,NA,NA,NA,NA,NA,NA,NA,NA,NA,NA,NA,NA,NA,NA,NA,NA,NA,NA,NA,NA,NA,NA,NA,NA,NA,NA,NA,NA,NA,NA,NA,NA,NA,NA,NA,NA,NA,NA,NA,NA,NA,NA,NA,NA,NA,NA,NA,NA,NA,NA,NA,NA,NA,NA,NA,NA,NA,NA,NA,NA,NA,NA,NA,NA,NA,NA,NA,NA,NA,NA,NA,NA,NA,NA,NA,NA,NA,NA,NA,NA,NA,NA,NA,NA,NA,NA,NA,NA,NA,NA,NA,NA,NA,NA,NA,NA,NA,NA,NA,NA,NA,NA,NA,NA,NA,NA,NA,NA,NA,NA,NA,NA,NA,NA,NA,NA,NA,NA,NA,NA,NA,NA,NA,NA,NA,NA,NA,NA,NA,NA,NA,NA,NA,NA,NA,NA,NA,NA,NA,NA,NA,NA,NA,NA,NA,NA,NA,NA,NA,NA,NA,NA,NA,NA,NA,NA,NA,NA,NA,NA,NA,NA,NA,NA,NA,NA,NA,NA,NA,NA,NA,NA,NA,NA,NA,NA,NA,NA,NA,NA,NA,NA,NA,NA,NA,NA,NA,NA,NA,NA,NA,NA,NA,NA,NA,NA,NA,NA,NA,NA,NA,NA,NA,NA,NA,NA,NA,NA,NA,NA,NA,NA,NA,NA,NA,NA,NA,NA,NA,NA,NA,NA,NA,NA,NA,NA,NA,NA,NA,NA,NA,NA,NA,NA,NA,NA,NA,NA,NA,NA,NA,NA,NA,NA,NA,NA,NA,NA,NA,NA,NA,NA,NA,NA,NA,NA,NA,NA,NA,NA,NA,NA,NA,NA,NA,NA,NA,NA,NA,NA,NA,NA,NA,NA,NA,NA,NA,NA,NA,NA,NA,NA,NA,NA,NA,NA,NA,NA,NA,NA,NA,NA,NA,NA,NA,NA,NA,NA,NA,NA,NA,NA,NA,NA,NA,NA,NA,NA,NA,NA,NA,NA,NA,NA,NA,NA,NA,NA,NA,NA,NA,NA,NA,NA,NA,NA,NA,NA,NA,NA,NA,NA,NA,NA,NA,NA,NA,NA,NA,NA,NA,NA,NA,NA,NA,NA,NA,NA,NA,NA,NA,NA,NA,NA,NA,NA
NA,NA,3.88670357703188,NA,3.56780677909739,3.98257962625055,3.63998783943397,4.59945970446415,4.85247926106067,3.43095756985273,4.54945568528676,4.80336279230991,3.12311474796895,3.96135830742676,NA,3.44480385606923,4.22475053895268,3.81380031083291,3.4626333603694,3.7668266366909,3.22047163690122,3.63298086039346,4.3680208786849,3.16632163998135,3.4416667619776,3.43502006195869,NA,3.35055569300905,3.14254516263199,3.55899623486795,2.80117652454123,3.06357576899481,3.10727485904282,3.41929092784549,2.94525241006022,NA,NA,2.96513264158232,3.23245645240841,3.24383493653586,3.0838463064126,2.8776142795454,3.19636153869003,2.88152983437861,3.84804700763857,3.63896645831555,4.87267843759484,3.69622351300033,NA,4.04464261566623,5.27040751439021,4.27096987716701,4.10199550435055,5.98896630852607,7.67872752362754,8.30682455068078,5.56371410358645,6.75310294799216,5.75027033732658,5.8480362069929,6.47580842740321,6.57928662938181,5.83152584327671,5.18986278367348,5.60509268486711,5.01112732397414,5.94767049208931,4.21183934390749,4.80743168496002,3.87175886336009,3.64279283636332,3.86555429543801,2.51454156145351,2.52601953588137,2.42605393198123,2.99341748102427,3.19218906998007,3.04215879639706,3.11646264677448,2.48691920588775,NA,2.55507784004794,3.09364829739595,NA,3.22262298574824,3.76028100522591,3.4218847880204,2.26683937998605,3.64666159728219,3.00149278189181,3.63995378808998,3.42806711830992,NA,3.62127968578734,3.27905272826036,2.27162959432828,3.95893018206876,3.81100011506708,3.8895460285428,3.94681034354823,4.36654743081724,3.58492993199207,2.325459966593,3.21633547901159,NA,NA,3.80788181663567,4.47378769656801,4.3008795312211,3.84865360399631,2.40894291308395,3.64312148506014,3.58588028376783,4.57375310388078,2.75344064440685,3.58395686535091,2.90907982300141,2.75523269881495,3.23548335592869,3.11873063971708,NA,0,2.26822361472913,2.64611871755714,2.81416794287555,2.11667539742921,2.4909672312874,2.3271425261551,2.78552509109151,NA,3.60393620698358,3.70767926543406,3.49432391518699,3.27820566855437,3.22619873939744,5.8783369200753,4.72779056742728,2.99926706107277,NA,NA,3.04247077652696,3.18851074049362,3.73951498844288,NA,4.17296466182061,4.09101819143946,3.93372930355421,3.49503899969895,4.1432616686179,4.08896303784163,4.09332465698246,3.2931985409201,4.93744246096664,4.44427727099042,6.50093979545988,5.35546155470668,4.17325504018934,4.73127621856473,3.88698729284099,3.54264951947301,3.59041379775822,3.56517269363225,3.98947059230447,3.19930741047539,3.27656649642966,3.38552780859384,3.41420972262905,NA,3.65371016077861,3.51672688576497,3.16356746709137,NA,2.90324325663634,3.4129440556518,3.34511683279309,3.86562171823619,NA,3.27454582111232,3.44650371485036,3.81136905782571,3.67571698472619,3.66237916973583,3.75164465242536,NA,4.35491072338697,3.33659769672591,3.8479373694043,3.58812797855875,3.42654749766487,3.72904012474435,3.79776133392008,3.28738210832962,3.7004912192923,3.86297091533386,3.68241484934732,3.04148414366909,3.7511039447291,3.53587929089937,3.40568397809272,3.06432667430894,3.19402502059377,2.87534777515675,3.25250349938862,3.64838851118532,3.36378484272918,3.22230198138375,2.89643952889951,3.34026681924484,NA,3.74757949990257,3.38834024768558,4.15365351967161,4.50939424098643,5.35588500308849,5.19312299220395,4.24273482215723,3.79982841180415,4.84367900863469,5.62587244363327,5.76825151944888,NA,4.4897046441951,2.96211047171512,4.29022574960805,2.77007667186636,2.9906679092797,3.05633196863778,3.59648439263122,3.4901685461893,3.04848826534307,3.22469703293998,3.59464033754905,3.88074112115935,4.30058230781061,3.34095219447482,3.20961384100047,3.4468937229952,4.04705339117384,2.80882543403466,3.56970592210907,3.11937327987313,4.36381369896445,4.79809732304046,4.66829157977767,3.28619930215399,3.10539492640713,3.32052712946176,3.61988134534572,4.12057241934752,4.07102659485466,4.0279203231118,3.13994824393372,3.60855763070466,3.35903178838758,3.22827652966376,3.57749521207565,4.10146411705585,3.52212631169108,3.90455920740383,4.3345866889177,3.64664646182129,3.62879267629505,3.83379229509781,4.17945066934064,4.07219282691365,3.69202095808342,3.36223432561275,NA,3.23886162203355,3.5748705335716,3.46838493164298,3.60190328594391,3.75356835426157,3.94712434176644,NA,4.17807668458852,4.4402363721587,4.22886509566637,3.76905448316591,4.05152762014163,3.86548757832715,3.7195530235062,3.52637245029053,3.45819634445445,3.65912315336669,3.43554403740511,3.38951217145511,3.4186590750977,3.33785487430324,2.72992100146899,NA,2.65237333300411,NA,3.52429219122511,3.279720435717,3.34182642591841,3.49116505093926,3.17869011493718,3.73380689069113,3.48984571642838,2.93720130293609,2.46668450103134,2.32506765474539,2.36127945981625,2.32255997616032,2.22031172110794,2.80248309775446,3.49443990223835,2.52446940725112,3.12921743114537,2.77343456566315,2.98623144274301,3.26391915127768,3.11727555849675,3.67652215446905,3.68601333098171,3.21937634972146,2.70953093945082,2.71676025993832,NA,3.51677410651206,NA,5.7794816472516,4.74063208088898,6.17677212989728,6.324834378548,3.26633963080333,4.91065912298395,NA,4.03545533743674,4.7950887210918,3.57034148030383,3.28785358792861,NA,NA,NA,3.94409233813218,3.39385738789008,3.12042158118371,2.93650607720324,NA,2.85101925753529,3.85888720849855,2.93321203361319,3.24938930527754,3.43106370107256,3.54970045195122,3.88550544252826,3.81908739721923,4.60994021813617,5.08844724401397,3.94413018540738,3.8657962072371,4.29017536031645,NA,3.15871555743944,3.98162876240173,3.26229434940815,NA,3.28310811651565,3.55364894552676,3.48714315146593,3.50021415162541,3.78920828525922,NA,NA,3.66859234507718,4.0957280776178,3.94177479073477,3.89649156282511,3.88235005851832,4.02699539179327,3.67686535457113,3.26895531206501,3.51206994000132,3.55103905899481,3.46427483598731,3.62934730048526,3.71607945370164,3.54816979592611,3.65076403215859,3.45098711926336,3.44576872622715,3.51734850629823,3.86990794722431,3.95536786120347,3.70449504113803,3.73838842734581,4.3957368483253,3.78168270082025,3.86882290845308,3.75814593083455,3.83537263948957,4.10467143141856,3.80625605579454,4.32603654005293,3.71947845161514,3.90360596148061,4.81732766512481,4.01450729341631,3.47030127766891,3.67475193715316,3.97050649168146,NA,4.99418880321499,4.65160632031152,4.97201549016128,4.0344864061652,3.7451158691217,NA,4.25592998529209,3.5792075661226,3.56078058298024,4.54139509174419,4.74119482429935,4.36723439287312,3.21289712992078,NA,4.49885112605075,4.69172808985811,4.39855283524752,6.30783085386711,4.20374281686907,4.28989451361447,5.23176385715688,4.3405204423558,5.82409173885504,5.30959958114629,3.22442071147124,4.55710388225518,4.44897335565292,4.16622425695594,4.09291529772602,4.46615226008692,5.22454219114281,4.73948948948722,4.80710369031253,5.04004213394448,4.78909809148347,4.46843106647415,4.16723766756086,3.51663682639566,3.45203476239525,3.47541031916511,3.52272932514187,3.44238000093194,3.42741291748602,3.40896470081872,3.48596534781553,NA,3.34013024092021,3.39906289769803,5.67669059745406,3.50603036051918,3.29521863907537,3.31475330022471,3.34188532096587,3.3667155889403,NA,3.400578630237,3.93299766212716,NA,3.76877818812992,3.94165929238488,3.87789327853771,3.78841551149614,3.74131287285007,3.78489661072884,3.89877802471492,3.65807357588129,3.51883512210829,4.29946545318407,4.00790480180956,3.830726983589,4.18392248089258,4.29637994809815,4.06631660160229,4.3201994641652,4.46409358415519,4.77057756194522,4.72304251770144,3.9829550004898,NA,3.52656463091346,4.54384908895237,4.28273781148069,5.32835173047769,6.08187434947616,4.41267109514763,5.1923456194034,5.22615685163354,NA,4.04249736738576,4.59020838034014,4.54297971697213,4.22490374090639,3.65016849963189,NA,5.06638032302256,4.73002242657674,NA,4.4156501185696,4.00482968846278,3.91562084351277,4.70032908879191,3.98142145179357,4.92206595895695,3.72750230869718,3.52741365432421,4.14153598148391,4.44838241324885,4.04769317120552,4.18464329268057,4.25248972946437,4.041673800496,4.13467572739424,3.21494358411946,4.42885693603022,3.56037358201528,3.56394832897143,4.75986621773683,4.99406233104999,4.99203225317835,4.82910434679198,4.12846741493868,4.59642755376147,3.67834682492535,4.31182258187031,3.95358312429522,3.28449103348576,3.93154079071446,3.39374662748563,3.29696973066008,3.51427821885283,3.12696638661915,3.26265942108359,3.21642801251673,3.42343440365637,3.11774123690782,3.12201228220111,NA,3.11188354502589,3.25594294084299,3.38857797271778,3.4787817770515,3.45697100586922,3.27515506470727
NA,NA,3.75332206816794,NA,3.87019494373111,3.88853763331924,3.66307791003371,4.44545351261884,4.56148985685771,3.38856031057707,4.28383819375869,4.45164056062991,3.26731422244473,3.96042563277072,NA,3.3049621676123,3.79108967761942,3.68708469549207,3.58810892055424,3.63640955392972,3.08141969387453,3.38290394828522,3.78348771164986,3.1632992781935,3.09200117118269,2.89820140298351,NA,3.16394022247237,3.16477470768468,3.2311530796984,2.76395470965536,3.23114460958575,3.37330446126364,3.59885715516223,3.05546829874296,NA,NA,2.96535899732628,3.26773377355646,3.20720325464139,3.04213376416709,2.81929029367441,3.18365946576807,3.0052910147239,3.73941797524328,3.61202970499304,4.92857021399184,3.74293306372724,NA,4.07833288852078,5.19731903789618,4.4278789578734,4.34425302177445,5.95883116143474,7.65742606115147,8.29428994809789,5.46736231106846,6.78291877165426,5.74373731844163,5.85995736614953,6.49241081152873,6.53091129506162,5.73633374932538,5.13993709096207,5.62617889629208,5.068967051155,6.00866642420915,4.35142735548052,4.6422427694802,3.91566985462632,3.75612977823714,4.06445734842552,2.88095266179619,3.02429711984149,2.7633627970871,3.11689145441336,3.32581498542026,3.41633027627959,3.36514571308574,2.95759921614506,NA,2.8878443993055,3.24730617043225,NA,3.61512507830562,3.9923509143372,3.61872851021994,2.48978467024537,3.62206518036143,3.10577732927642,3.66805507502043,3.54575215263839,NA,3.58419282748894,3.52667811967668,2.52155146831685,4.30409506943929,4.1468073750954,4.01333042323007,4.11101778331307,4.20276254268372,3.84360184883316,2.7041238367296,3.24021852356652,NA,NA,4.07819177551538,4.53055133901236,4.26855251731321,3.92286060179167,2.36942790861514,3.74274275542702,3.76594640668877,4.45438992607625,3.00823951009943,3.68426061017703,2.87029943150509,3.01152575802512,2.9740874958031,3.06892616770903,NA,2.26822361472913,0,2.03534107955567,2.57609051821763,2.46090262509645,2.31401977762622,1.88263086969007,2.57997838734947,NA,3.19068309951875,3.2720160677309,3.29050485158379,3.15036106877512,3.12064853994088,5.84381940971306,4.71130912026147,3.31491677766149,NA,NA,3.43697858882327,3.47783515548553,4.0358141467486,NA,4.21425919887947,4.34884006396491,4.29542331460679,3.87175291272051,4.23865492884062,4.13778262505561,4.51611717398756,3.46005834161765,4.84533753056315,4.47496794488747,6.53303591396388,5.35793611733158,4.3656897106788,5.05115337560333,4.16714007379171,3.73242275794736,4.0745055233465,3.87690616375102,4.21184968567245,3.46465005310301,3.54475256046139,3.64626440441695,3.60542160799022,NA,3.68606540058119,3.5927256935098,3.43189357846902,NA,3.12175736949838,3.64975556291817,3.38538408092051,3.88716252021595,NA,3.49203249996864,3.35387734780516,3.85644611192695,3.70995374837004,3.93134522052619,3.64347897273108,NA,4.31633093356337,3.45426087503553,3.94431133780749,3.76971443394192,3.45160039965422,3.64143842220289,3.82731768840252,3.49638125420786,3.73630691195122,4.05757767119435,3.7133878131547,3.4188571173091,4.05548304433512,3.80551829691267,3.78845552604922,3.18691062300914,3.61372603817424,3.35192693803252,3.60370380625537,3.88924488262076,3.34716942248314,3.54556729529829,3.10659641490612,3.62326802007659,NA,4.05028262953424,3.76631596286727,4.1395229353297,4.54758916808831,5.37561569336519,5.2334025507481,4.35995416764934,4.1347511986983,4.93237329313023,5.67551913420697,5.71288862344967,NA,4.30982801235754,3.33296223322179,4.49696848950588,3.28421469732011,3.27785179144418,3.20689635417646,3.85959745306585,3.59395325729033,3.4316717873511,3.61812302897208,3.70985970420958,4.10284425559635,4.48145277078223,3.6050263932946,3.84308337650556,4.01062509819908,4.33246833379743,3.27323561616167,3.75662273132026,3.43603599867606,4.55706079809851,4.80556841248037,4.8017395439345,3.62497019936673,3.34020177299309,3.87941056268135,3.83959985266157,4.12370773043529,4.08323315888464,4.19063085265786,3.63942525301532,3.96305272205661,3.5797681531359,3.51984224644498,3.76952019815424,4.18341083611672,3.75079428833938,4.13422582013073,4.49215527211891,4.19558032975924,4.3022496590156,3.93231924047276,4.3989942482853,4.33491852814917,3.90889992829419,3.42751313521535,NA,3.515195436941,3.77079431132349,3.73939204824741,3.90071785002688,3.93936591636076,4.00270711242505,NA,4.41579268591731,4.46938858037543,4.2243383636495,4.05249935147787,4.27853087879135,4.08870595899577,3.87639794440986,3.70595179515643,3.56001473180771,3.69183041978899,3.6607991825627,4.06833914273329,3.64645513195914,3.263098541474,2.98288727478259,NA,3.08739277387011,NA,3.72331944648188,3.54552603513891,3.44488679772099,3.55678113323869,3.64807818749992,3.89918823195782,3.52617475828124,2.89466733888179,2.91146069097483,2.73124986445573,2.5910970437923,2.92927537353881,2.58696843769378,2.90952885105658,3.17646767120765,2.69597495088057,3.26562449753694,3.06726614158279,3.35862580121676,3.65934049466666,3.17313494424748,3.48898139808075,3.7879919751136,3.33852406156198,2.84850223868416,3.14738867631906,NA,3.34489848262417,NA,5.74017650617766,4.51338655049546,6.19818100609101,6.24683378452626,3.09310352625911,4.85185363150716,NA,3.64557120573757,4.43484571115426,3.40637112514258,3.25184605498099,NA,NA,NA,3.98555583686742,3.46436436944289,3.09183578371078,2.81626339725798,NA,2.9716201448727,3.69050246900181,2.98056389131539,3.43694512429149,3.23809584445004,3.35940352021061,3.91547238692705,3.77239474033155,4.58018681101597,5.0276191665734,3.80529509517961,3.82928398420651,4.35523427753354,NA,3.25286745752034,3.85860495418854,3.45560410991284,NA,3.39294427352656,3.76340204169979,3.68424150202882,3.66829347369694,4.01390362705845,NA,NA,3.76345889942518,4.13365339132096,4.06394183945009,4.10214410499253,4.04790240608143,4.23052748728784,3.98734608948236,3.52524499571066,3.83878701675092,3.78813822626146,3.68432994441395,3.88825390925647,3.95108605269635,3.55036817233759,3.91668660875428,3.32389607995199,3.4330586000355,3.55361810609509,3.89946614695984,4.03378116964345,3.762762501393,3.73436052575091,4.24509878140628,3.76243432395348,3.86059062372518,3.86605624154503,3.82724981742432,4.0855292554518,3.90067455482574,4.32567850455259,4.01849329369736,4.06612536711844,4.6235141300203,3.7458519136787,3.45273870332324,3.61074259820164,3.97902788611697,NA,5.08469557877858,4.71533059402231,5.08716145947042,4.01644490801737,3.75840087059987,NA,4.16793838925141,3.57806968262527,3.48558683032631,4.45416441326551,4.72828571563843,4.29931583244567,3.25889983814694,NA,4.48361457421814,4.71657685674664,4.43627904821114,6.21511224957344,4.14011673951532,4.2666547384198,5.23335759741229,4.31272007941219,5.76789222977473,5.2974140198989,3.23498928209304,4.60924375536883,4.43761690200451,4.0902472083716,4.06376972161227,4.39367270190015,5.21546327559549,4.73953548925629,4.80151760742236,4.95937280634499,4.72962051644263,4.62982227761221,4.25751380604402,3.73658598727247,3.67548762962748,3.62769463662902,3.67728985142202,3.70097773236508,3.61255832982962,3.6881213989038,3.85627758234243,NA,3.59718425218092,3.59529189112714,5.64124499196253,3.8070065641538,3.54693066143466,3.60491839047212,3.60201867395456,3.63982990327998,NA,3.68721616273521,4.22918242481898,NA,3.9568618897982,4.2012341081818,4.08879864674452,3.8638227020806,3.95604676760277,4.03764303458591,4.02370096620951,3.76685097817806,3.61594716046949,4.24613816062881,4.08287450251887,3.87218709033353,4.16700460233527,4.37186379822817,4.10085831209153,4.30818026966123,4.44586946396653,4.6586145064224,4.54865062117346,4.08706189328564,NA,3.81964671597735,4.57192796957121,4.28134749654104,5.00139566211416,5.87638574138509,4.01342937025422,4.75124254709878,4.80143895185749,NA,3.70976621350427,4.12285540520453,4.02436567108958,3.92617452071494,3.31115283965426,NA,4.57030879091074,4.32139424281365,NA,4.28977040841956,3.83825930103998,3.72485918796289,4.47968615116379,3.8916895062112,4.52848354544461,3.56078644230046,3.33123385919695,3.95332405426952,4.20156260956931,3.67036766704368,3.95635051559122,3.93872063765752,3.7313114977547,3.8244370991505,3.16326426102669,4.01712741969569,3.07994754658673,3.40460658921335,4.66275746711683,4.87507587451698,4.86691995144346,4.79665899096656,4.13976811576114,4.52069489845706,3.46074736235137,4.13965506514085,3.78617432463574,3.28589305842278,3.72417358922973,3.26725642487719,3.30040708893786,3.24280836894818,2.98135882639365,3.12531349612652,3.12644430024091,3.12603773941495,3.12260040599018,3.11243074650121,NA,3.04949111982295,3.21448698954825,3.55747911242971,3.64456066886923,3.26311946180739,3.20744019928954
NA,NA,3.76369197687754,NA,3.71334059019387,3.89141973197641,3.49191223967129,4.59484940733435,4.8146456204837,3.78917540656569,4.65918749084522,4.81483087379126,3.32875364241597,3.88668475083543,NA,3.39128617746371,4.22288040790887,3.88637645264287,3.83715538379347,4.01666850967564,3.34929767163088,3.77336427217327,4.25290275627248,3.12641169096362,3.3116720725822,3.25880234944808,NA,3.28607105418849,3.15121919058114,3.47373604536474,2.98726954113129,3.2540182068529,3.29801877826229,3.51724279229679,3.05397016190905,NA,NA,2.978183667551,3.34687035832333,3.40766045979532,3.30227234624837,3.00145942144793,3.27850864883546,3.28075984656473,3.87876245579443,3.59647950947987,4.99364876827956,3.76598743262654,NA,4.10416485841428,5.29073655839153,4.41557105001334,4.25794774934155,6.12192964286697,7.85478197231391,8.41851364670712,5.55162922033765,6.86280629906848,5.82393485961736,5.8909766360325,6.54803620757587,6.63566367741919,5.80777598031332,5.11622684507911,5.47535709358973,5.11906690830829,5.98656149750234,4.39298673734751,4.89771954872792,3.90272800635365,3.8959050563158,3.84514207339363,2.95744045623812,3.17971528716274,2.9419012823411,3.2340509224229,3.336666837751,3.40742534790754,3.47163562815376,3.11302409852029,NA,2.93051416789536,3.31789166581428,NA,3.52225073653384,3.93147356789136,3.42335061399306,2.70461113726367,3.48088755948952,3.11647634625786,3.60883984932721,3.4570289559444,NA,3.47543345556759,3.31662261018326,2.68063012788247,4.08417686657246,3.84958960955075,3.83184101154861,3.91435876900562,4.18086348131729,3.59783085140691,2.84270581701507,3.39385382387072,NA,NA,3.88907044931041,4.70696346782133,4.48430744319639,4.112830211928,2.80005666488747,4.01071139291636,3.88243552902693,4.62260445008303,3.24149238281431,3.81190531506555,3.19389351277283,3.17459029406433,3.46518442246566,3.37992403587701,NA,2.64611871755714,2.03534107955567,0,2.44640025464972,2.33323218698583,2.59538275014063,2.53954457481543,2.94710609774964,NA,3.67462553314288,3.79951785051195,3.78417846533017,3.5361400942878,3.37501540140116,5.95130074381361,4.86366966365298,3.28370506128829,NA,NA,3.47111937773453,3.52162328966628,3.96275888971361,NA,4.3153924221513,4.41027063055281,4.25434318769751,3.86533439824037,4.36443990678267,4.2723355472881,4.50902494833759,3.50466816529717,5.08454675928435,4.57889766293578,6.54719926319045,5.46373712675718,4.43947849566415,4.94120353509083,4.04339053300213,3.69993560715733,3.97867134402211,3.70747467343986,4.10779935517727,3.45184552450715,3.47703890594725,3.65956653251386,3.61168357474723,NA,3.54754616357536,3.44603407556011,3.41310876518724,NA,3.10637158342327,3.31340420314756,3.15571639829944,3.47754393769954,NA,3.29702742398329,3.34354048332269,3.91979943101242,3.71233995977367,3.89842227157721,3.35799247201309,NA,3.98328492889288,3.34218949813736,3.65847731509865,3.63476786096658,3.40037779747618,3.57236419507071,3.62079973787222,3.37239423291657,3.56950457779134,3.84851963938571,3.67000664639297,3.33529626851997,3.86091610689524,3.79211525189382,3.71838812855695,3.14082946127869,3.63262536927261,3.26620746001328,3.60985171525366,3.69276644465417,3.29179077316219,3.49666478631526,3.13726235253496,3.57152475485829,NA,4.08075172626176,3.64878870625093,4.10963556704525,4.4795570939422,5.45469604529111,5.28704191428921,4.36440436797228,4.12627333629666,5.04691304921833,5.73340991333007,5.71809179719088,NA,4.38590260501865,3.31389323409098,4.60772454422241,3.42024160224,3.35733123180269,3.21172327582422,3.79051765505937,3.60751326649408,3.51821850609538,3.52678407248133,3.79271282445851,4.10372650425668,4.52829064878114,3.56321171691078,4.0008271572547,4.12585900217944,4.42817958662931,3.23428116694589,3.80245167334655,3.4464751179011,4.35664758799097,4.81301269541781,4.74340182354384,3.40883583673873,3.21266609000324,3.69050619405812,3.90663037896278,4.15839642048867,4.12756481956157,4.03432226874513,3.56976552820284,4.04808728125711,3.77276818677864,3.39570016391005,3.7464385641973,4.11643351686296,3.68841906689541,4.01826873482889,4.24786980656112,4.07852748377927,4.08273510083669,3.74622712031315,4.07949895893209,4.19939664542349,3.67582362250871,3.48279085269909,NA,3.39961732414302,3.48691237693015,3.62098734129967,3.67742341916813,3.65736103892705,3.79528728104439,NA,4.0289760452809,4.2476533555336,4.08823513765214,3.70467953078711,4.02361058987448,3.93491866308,3.8483669320478,3.47728588244865,3.51404332189977,3.65122871416752,3.509544384072,3.87264802346276,3.59302629604249,3.30921939038749,3.00479430041108,NA,3.13920766118812,NA,3.78352937062959,3.62078248819457,3.30991788566214,3.48546691954671,3.75310524890094,3.97647967108888,3.4996302199561,3.08073842882476,2.97076767628084,2.95935671433553,2.61853165353707,3.04255693183277,2.87352124834461,3.22350322996654,3.5753484669391,2.98399061196196,3.38897967339439,3.18364390800984,3.6994118255858,3.77320570265486,3.41313448748313,3.80076438058183,3.9654395407402,3.46848791720671,3.06040516500808,3.4203210117691,NA,3.53489864723258,NA,6.0488008153908,4.94662818792476,6.32853566145056,6.59028652901304,3.44042975376767,5.09791687317995,NA,3.92722577450904,4.81929832744104,3.68201276254255,3.4880880696848,NA,NA,NA,4.06076365643464,3.43564174740495,3.06019611605306,2.99473138413488,NA,3.10344772623724,3.98684038081365,3.14619678797384,3.55430509538843,3.42899173243397,3.65482438560558,3.92399235555894,3.75105441916761,4.70796929869578,5.24753887318509,4.01481852852988,3.88658697352657,4.42685614175695,NA,3.16349415241,4.05719571104459,3.33045652012188,NA,3.07923271732666,3.41462150131991,3.41636488032962,3.39125330077383,3.63351846659753,NA,NA,3.33776643229887,3.67193482695211,3.6445440095937,3.70020362289498,3.63931839916147,3.86453185551211,3.637296330303,3.25733569677011,3.54774996295829,3.54041445823462,3.39310741580823,3.57382601548157,3.81331086170087,3.58495610016326,3.64782901856017,3.32526104536009,3.38587017879682,3.43414154821235,3.79552336818778,3.94914497003255,3.67047070033451,3.71909923068915,4.26696697153876,3.60995874087069,3.81892559836321,3.75251491610549,3.84811588075915,4.02213044555437,3.9035287685432,4.30592214713087,3.91866096713199,3.98397182361279,4.72837294828535,3.88884379429892,3.536892515738,3.68572956689772,3.98739905375337,NA,5.096337296502,4.76634665611339,5.15833051960064,4.08785860032656,3.87959886548954,NA,4.35128726791062,3.76974382156518,3.72354385510443,4.68794947659947,4.84004225226964,4.52152043240674,3.3849959509072,NA,4.58294551480699,4.74799072431278,4.52341842757732,6.37579548058261,4.31891428535858,4.35851847744257,5.36362666427267,4.42688146349541,5.91451705424454,5.37458357754158,3.30983226847919,4.70227192920058,4.49717401801636,4.19099624660168,4.09441105396953,4.49590505196324,5.28397400580962,4.7751219921179,4.86203056604212,5.00840996975901,4.81044578319805,4.61941755561494,4.21173560971936,3.67006004540607,3.60066980080037,3.65114100608198,3.58096074174852,3.57511168956968,3.57686502762631,3.52964974403566,3.68733398579195,NA,3.49925270724169,3.45450054618958,5.65150472815763,3.58052504469596,3.38729557368923,3.39264026115992,3.55786288234581,3.46986322088609,NA,3.48937528175962,3.98845618738599,NA,3.67952401310905,3.86203616524579,3.76931866340146,3.74903691268284,3.76706717243638,3.86885807924446,3.95269486490807,3.72637955465636,3.6553834701905,4.37479417520192,4.0394512290855,3.85881450008791,4.19521088935677,4.39055787476889,4.16193245427834,4.39752028325784,4.47992660732322,4.77642278982204,4.65262405889904,4.06155877514577,NA,3.42176003350416,4.5823051523796,4.33385195379707,5.15645373679107,5.94093494567895,4.28339670312328,5.0683989462523,5.0724816589714,NA,3.99725972056005,4.5438788444977,4.45642282761453,4.3167382694789,3.72492936179729,NA,5.13442468085581,4.77358069184867,NA,4.59095688311358,4.12149955667684,4.01538394667996,4.7114808440912,4.05826977382765,4.76788778675237,3.82812509367736,3.59641274299144,4.17029769951888,4.43513306044571,3.98405327322445,4.15931267909032,4.19035604060987,3.98350563462855,4.10636204852638,3.27717337750418,4.25466570989064,3.42483061587998,3.37255761230134,4.75139664235398,4.9020373239469,5.01464577009368,4.84752343476877,4.15062361691608,4.58720451928996,3.68122221716569,4.32568725121274,3.91422513156474,3.39108453707541,3.90297221101588,3.37198094821866,3.34958745527235,3.39918919220391,3.11883907228803,3.04978282544593,3.14845146046074,3.12134881705047,3.05973880939698,2.99511806381482,NA,2.99814994004722,3.09794421429905,3.32442121261181,3.43720965692107,3.43753945123069,3.15198586700968
NA,NA,4.1221485573026,NA,3.9406373058576,4.09217360910141,3.69354776394285,4.87148270978982,5.07327096917177,3.97996288864482,5.08707205511361,5.179679801504,3.42077366536621,3.98676911178895,NA,3.55942011056062,4.7258800755169,4.41439521661138,4.27001361814981,4.5573013153015,3.77806352505728,4.17228422928611,4.80307290336101,3.56673546855221,3.98273114746532,3.91722266956538,NA,3.83822693981029,3.52229996787181,4.1467894911716,3.34893853791615,3.47681058922212,3.51255727916054,3.91102192688941,3.53929823267394,NA,NA,3.38464667117288,3.55419697534483,3.62328619502996,3.59804487169632,3.43534610700993,3.75192175476058,3.3862933979604,4.29918292446878,3.93128869275734,5.12217657993889,3.90953878946528,NA,4.03790381883769,5.35782306301585,4.64040913047249,4.50444778177943,6.28788871662214,8.00920909751972,8.53434960728318,5.92058420479213,7.1338505337548,6.12832355968971,6.1384282829811,6.88430830503018,6.91917580319814,6.19619945829964,5.56531912477035,5.91422641795267,5.26645664144354,6.03648476081562,4.33846478921723,4.76254357735158,4.04780947613718,3.71919161638814,3.74029510419223,2.97109129654252,2.89732006371972,2.83373323551449,3.17154926577936,3.45500825656757,3.36095669074566,3.29982598877368,3.06488846722714,NA,3.01269021826466,3.37211217839101,NA,3.41672730136747,3.98582337449626,3.42147557377791,2.94346133154751,3.72950034265981,3.28852553620512,3.70454249614507,3.59725607077452,NA,3.78147146880288,3.44281835854026,3.02103557635108,4.07775062517752,3.88055762448712,3.85724654172891,3.89470547607406,4.50076818780783,3.76166829403033,3.21603063941811,3.57948101840471,NA,NA,3.89437622325373,4.8450455227543,4.80452878176169,4.2992024586249,3.3438492333311,4.14387898601241,3.92934850293078,5.09424585988055,3.47964496635865,4.21622549354203,3.50317658682758,3.50486411355451,4.033107683773,3.71303321783658,NA,2.81416794287555,2.57609051821763,2.44640025464972,0,2.248366018559,3.01523514979252,3.09724521009764,3.29089459904939,NA,4.30930731987047,4.66041654826206,4.36051519227754,4.00129183383396,3.82119429371651,6.34505026713749,5.18168977556177,3.4019038623071,NA,NA,3.42058389667225,3.72132815609521,4.04579613146036,NA,4.55467094695022,4.57473440837761,4.35288164158005,4.00218836910117,4.59351693406644,4.43451794218173,4.5237267936366,3.75303288945243,5.62354035939466,4.81007205992794,6.85725518236769,5.7099689837632,4.58728635553974,4.99260987216544,3.9808472511198,3.60684275387536,3.66775829533484,3.59590176015876,4.09988537955558,3.27761080582385,3.6659329662932,3.45193546081692,3.27867762544542,NA,3.57684117072774,3.53211349086994,3.53979969857999,NA,2.8289350787679,3.04654754670322,3.24157744164529,3.53365216146495,NA,3.21908242609336,3.41561317314509,3.60509028668182,3.604485573837,3.40521793201639,3.44515221093549,NA,4.17605933377453,3.13873889732206,3.64782865735994,3.60995979481144,3.39095269713245,3.46892748785616,3.6086455887248,3.21196352292453,3.42049564873627,3.65451811533743,3.51957611916883,3.34378311179358,3.64057910686222,3.53088614594736,3.43621590861228,2.88124008477028,3.47723262993034,3.47086667610675,3.6097073824313,3.84432578430227,3.48488399431816,3.40940328497153,3.16770152734962,3.6621566330048,NA,4.37848567968006,4.13957099669636,4.63918610344378,4.96053150768206,5.92914983524833,5.76786446498039,4.84415960916207,4.57128070770874,5.3282284518526,6.23545140269589,6.28952246434731,NA,4.48154569963559,3.70397517269054,4.76169123259915,3.66839391119549,3.53634568219965,3.37774094234685,4.13915732559711,3.88245055579829,3.51353497506879,3.77225316839748,3.87066554687334,4.15676147250937,4.54638206928483,3.5821850104653,3.81403169582358,4.17865748679447,4.23625673612494,3.27374906139464,3.84476798682189,3.30716912013438,4.51536995519714,4.84608068910743,4.95999127616261,3.55612476124108,2.92455390949667,3.63221152163207,3.78257961203326,4.20770477891761,4.17254902446519,4.17164861939351,3.50676654098588,3.7665762699212,3.61911629289549,3.46353062185011,3.57135258431643,3.81927667135154,3.52574348585056,3.90402832017407,4.36162399788424,3.93428926721738,4.09671960636073,3.80977889550497,4.12809241593764,4.05924749502896,3.75769532842219,3.30684834478868,NA,3.46381524128702,3.4239858025162,3.38876252172798,3.55396451523745,3.62920856365728,3.81121887198378,NA,3.95578617063535,4.16445529667683,3.932513204295,3.83976244986676,4.04835399122163,3.91222269398685,3.695639012127,3.51611517415303,3.35337348204921,3.73959521077532,3.43669293838765,3.86930499323306,3.73047343568435,3.72161600729985,3.22422566919724,NA,3.4661307537369,NA,4.11148010729369,3.89431971648426,3.75174329688518,3.98935451928117,4.25505592989776,4.56658021008784,4.01474807506093,3.38888708504158,3.44852994860547,3.30839420303757,3.14436817058056,3.00197416362461,2.97022818396025,3.3199983349475,4.00193995455774,3.08777695220873,3.65598125414823,3.21614921561259,3.5121936166471,3.8338709320141,3.76968786780975,4.23433399775662,4.21011786358274,3.73558326979426,3.38017539796398,3.35693636888331,NA,4.02334932552823,NA,6.37125538095528,4.93947281969206,6.52315494989266,6.70341050641353,3.62325934438884,5.39895657902216,NA,4.45469091730538,5.29597041247383,4.12589188809725,3.89730125669242,NA,NA,NA,4.50654305813574,3.75207598860501,3.26462281824068,3.32237491452783,NA,3.27569059062367,4.10791585916811,3.34547625934896,3.76903895120595,3.3394425918712,3.81386835665276,4.13560237246845,4.30666753216312,5.1158065716069,5.54921184110266,3.96194171288237,4.30581564115108,4.79122433004728,NA,3.2973134494525,4.41386424341429,3.32770525286417,NA,3.32962125522588,3.72277233467672,3.62654331074594,3.58901115772727,3.77162815846884,NA,NA,3.69137519698559,3.91314311938125,3.8206613077615,3.79066088414177,3.88952295546922,3.9015008751082,3.70640476329408,3.48506821447488,3.44226084651387,3.61226046167562,3.49363587280198,3.72655184915113,4.07725303313376,3.94222266707083,3.67399177534206,3.67370053998193,3.82415502937402,3.98698497898423,4.44968368338832,4.55977472226623,4.35136985338331,4.38784559808464,5.06133357499482,4.32550507031437,4.49172927842235,4.53664540496808,4.48556040878719,4.75727358676936,4.56843187442797,5.03708555405712,4.52037308171813,4.63900994291859,5.41703427471274,4.50784506272149,4.07570776502061,4.22557525779462,4.54340089989159,NA,5.58057342812244,5.17796163426836,5.44321094305222,4.56235292185239,4.18856867807161,NA,4.65150498882345,4.11387407683331,4.1461117848893,5.00423457563612,5.27839378085578,4.8473565055399,3.79304080123721,NA,4.84229270513345,5.12519385976521,4.83690982122494,6.70626380131813,4.62921879097119,4.73471751924352,5.65994840635847,4.80999381355301,6.08813048874664,5.74578560617304,3.90905482916587,5.09982394929726,4.84484906046488,4.56788754553751,4.54692769777345,4.76975489727087,5.69567691164407,5.16944694388538,5.28965082676391,5.55150709599754,5.25266302498175,5.09247470872238,4.70811580074376,3.99133579221439,3.96994391388012,3.89236204134247,3.82910484968309,3.84497074875282,3.93596896665566,3.86749360928182,3.97884774524536,NA,3.74397135773062,3.84806741472022,6.10840777829854,3.88179069106911,3.72607869893392,3.68048112988675,3.89905412986634,3.67030761266911,NA,3.78492199613683,4.19601758155371,NA,3.93788006497737,4.00538905596487,3.94585193673587,4.13074409160324,4.02784602376425,4.10352296236891,4.311126490631,4.13267695932147,4.09250713512896,4.91495501108963,4.50778111169038,4.32984931501258,4.71271565249438,4.81341112813631,4.71476444881568,4.92472467795953,5.05940780934195,5.32732822374911,5.10513836688528,4.56979683565377,NA,3.6482530520265,5.16808820293625,4.9708531551977,5.90037823179731,6.64643954168942,4.91884789311827,5.6783291054953,5.69834016184969,NA,4.56652859153747,5.01587336412886,4.93775083486487,4.77590419459437,4.19975084614286,NA,5.60109224650904,5.29911436307402,NA,5.0530842106571,4.66704208564976,4.53176246109515,5.26316752461901,4.62862280035424,5.33099800922531,3.99528554570661,4.06158857254805,4.58941271074505,4.89802525034834,4.53656183191084,4.59939731341418,4.65670827123424,4.45582190308826,4.66142284773342,3.41521526683103,4.93868337711458,3.87250207254236,3.80422377812171,5.30580027754825,5.55925722148803,5.48088760286691,5.4131890728825,4.71266669631692,5.11546595229573,4.29168296469625,4.79448864273748,4.39571798941251,3.83808717378999,4.51667240319715,3.90398391155436,3.73804220959445,3.86951933148518,3.49078895407626,3.36501524339613,3.65359774570959,3.62529486129986,3.33576688712657,3.352233656949,NA,3.47166449641196,3.52544860468471,3.6331071994918,3.66853330571177,3.70193129230039,3.65027931291442
NA,NA,3.42805748298822,NA,3.10290228661129,3.39022143985294,2.82902362817218,4.14462354097356,4.52534954897241,3.38819020418584,4.49144560479816,4.65801872258746,2.73672487729317,3.56537675677077,NA,3.18928509178971,4.00219042659137,3.71982736720531,3.60204039870851,3.80847344527024,2.96471723910315,3.68278155110956,4.21537926112292,2.69912106207221,3.10846079701089,3.26872241192195,NA,3.00096552990647,2.51575436781875,3.25963051209731,2.42724756098459,2.36823051757828,2.45327058847446,2.67551064051327,2.50734405228328,NA,NA,2.21112345336469,2.61443103190709,2.78311489415202,2.60827885152188,2.46353394372882,2.70958408385786,2.57868172665138,3.43948496193317,3.25488054432489,4.46298603852844,3.42094838637833,NA,3.59044736704696,4.93153762718667,3.93271978928369,3.79035158208058,5.72517455651036,7.43899368758786,8.01504417104025,5.13363737683595,6.40686414860569,5.29713371456438,5.38295264476659,6.05889853565101,6.19919707962709,5.4219574800536,4.68516932159,5.07188348878667,4.46861721894666,5.42327024815186,3.64274970232771,4.35807160173422,3.39597994662457,3.34661665182235,3.4298975216159,2.01483649912098,2.37799215986146,1.94941504818724,2.28460225408782,2.44772665649052,2.59401394671492,2.42472606158803,2.23127499267983,NA,1.92628979820885,2.60979519390531,NA,2.52880244633432,3.0456751818635,2.65295346885445,1.70996189397646,2.81553088796897,2.30198578861536,2.86840771331169,2.67886491164313,NA,2.92824635062065,2.39008988940667,1.71249730937984,3.30204303800525,3.18656923241287,3.17066708513178,3.15044718198859,3.6388441983357,2.7997576137188,2.07137871935788,2.74719448311449,NA,NA,3.22248820430316,4.1110985660078,4.06686468847379,3.51223886399208,2.1239543387444,3.29659306890817,3.09358929240283,4.20493362330658,2.39424191818337,3.24349665957675,2.93503532292475,2.45534078831595,3.13370724797692,3.07848383481331,NA,2.11667539742921,2.46090262509645,2.33323218698583,2.248366018559,0,2.00670332892893,2.26718900401535,2.21158485066279,NA,3.452570153849,3.59809297374178,3.74112205515852,3.00470029285174,2.76528527880162,5.44375969985995,4.14766207455064,2.54617945225728,NA,NA,2.50233645752216,2.68043601352984,3.1890159688816,NA,3.67510501468847,3.55666942062935,3.4457674180681,2.95902744514131,3.82986482958502,3.60601755481038,3.80473956585676,2.7487949725389,4.87336915928688,3.9686726211674,6.11222460647138,4.90603491219242,3.69763656966509,4.3289910162623,3.41751912500857,3.08664221189576,3.27304374574991,3.0801405211879,3.49079065276177,2.7171983615386,2.92393193378481,2.98137806238811,2.96291807888703,NA,3.13534056788563,2.84967967089109,2.68433778660334,NA,2.42914408011789,2.75451708827138,2.6917284941453,3.2633072521977,NA,2.78395152600189,2.94512977545633,3.29747605793079,3.20788316776984,3.30457423502607,3.13759986928764,NA,3.66381423245547,3.03421331830546,3.36429061915499,2.98812713661058,2.69581166609698,3.02462881360089,3.11450328093313,2.82471882406053,3.11804325578319,3.28167068637775,2.9833799700409,2.6858874416082,3.39230102148631,3.37094742275289,3.33451717393968,2.90768398539085,3.40118400501714,2.97909623806496,3.46475984729606,3.49338123097888,2.91531579659985,3.32118020772686,2.73008489230194,2.86712845196371,NA,3.45468142815121,2.8951902627624,3.54315105879461,3.88336034753054,4.94899335624413,4.7576344840349,3.64295132216358,3.39585584555457,4.48716158612518,5.22566111857611,5.35319264182844,NA,3.94680163414919,2.93506883349325,4.33307573230278,3.07596326567058,3.13966407421527,2.77713156049045,3.1704561842465,3.0703654131929,2.95734582773023,3.09490724677384,3.27462153365744,3.37826657513815,3.78275472608049,2.77389263995221,3.28539014898757,3.38685375399093,3.67715849769365,2.67804322794196,3.1190160666942,2.67924819252567,3.91318643984174,4.30612387110538,4.09655556702716,2.70600358384745,2.44617537738532,3.0583647588254,3.10009555011741,3.52105511261742,3.47286121684027,3.49222007613553,2.8826728913668,3.22634702437443,3.00853426372587,2.9143208901016,3.08020409590953,3.64667169615988,3.20901528988862,3.54131119718992,3.90819443131944,3.36423270772258,3.62831602624552,3.19720507273823,3.65808425662529,3.41634505257325,3.0700911257522,2.54061351363045,NA,2.56499896347574,2.84220339160427,2.8962543271746,2.97308076392372,2.96971839932579,3.08814150564891,NA,3.83616980335356,4.07388310095287,3.82904909435929,3.47459027759558,3.70667457106608,3.50379105427318,3.51694921455651,2.92375907016302,2.90361421298038,3.0895982843961,2.80009194505977,3.41644238591071,3.29326657292272,2.96015114767899,2.44791060600711,NA,2.41186604493839,NA,3.20872646516092,3.27030467918718,2.70205698027773,2.91155699423357,3.29455059783248,3.58215508797529,3.23017891341364,2.6985975274802,2.41316055161324,2.32260672853102,2.11410642965037,2.18425160176758,2.01545126872358,2.45705416066231,3.0927573748094,2.52658251019336,2.79716110593307,2.24792241208549,2.96416086825393,3.28661690217714,2.90246794858638,3.36225482121106,3.36090672910518,2.93945699878153,2.29711572888645,2.72508807023136,NA,3.25319491721505,NA,5.74282216358533,4.42776837573091,5.96653965615296,6.07628133518287,2.90499114651894,4.8138889559187,NA,3.77508684413887,4.60356299817473,3.2467889814015,3.02830656641296,NA,NA,NA,3.61386617694479,3.10117931564049,2.85862974320575,2.70225942237744,NA,2.47739911580774,3.47002410417803,2.57480627513273,3.07802625726884,2.92981078727776,3.154477831242,3.34170582748468,3.44325723106039,4.30550858563857,4.85049033454492,3.32745048125991,3.55264707406412,3.8517900686905,NA,2.77703237788202,3.85491878597724,2.8875138141278,NA,2.6758724914865,2.9108260541698,2.89697292943121,2.80650829284087,3.14128426202709,NA,NA,2.84654545881938,3.34254178593904,3.19272022175977,3.13904953358417,3.18571787625976,3.53271474041631,3.24239828789694,2.74463431752696,3.02381319303811,2.96021697966116,2.76717913585543,3.05593849349,3.13916732268217,3.22107389417235,3.51712860105722,3.31115006160937,3.0653838912959,3.14093044338982,3.40940922756228,3.43634885075693,3.19898695791544,3.3269091658225,3.99788137780222,3.17002979638689,3.42127125825668,3.3739808196206,3.26311237445224,3.59960078040223,3.42293346424336,3.85970922030188,3.59244608602292,3.47247701135192,4.52107401629543,3.89386929079302,3.15199314639941,3.39325070782862,3.43382074801335,NA,4.45441048251357,4.2375158596334,4.54555606314267,3.62167318130433,3.34328733032442,NA,3.88307139232688,3.29401084044229,3.20250048435197,4.18629444954234,4.35945621905426,3.98957923992983,2.67017632374185,NA,4.01019974843432,4.21781729354612,3.91258723006167,6.00262080683245,3.8057236288701,3.7735067833075,4.87152000016318,3.83436484203059,5.40747817001325,4.79728007050507,2.710272107038,3.96956734961309,3.72176029112057,3.64174756720447,3.55168179554382,3.91233831262117,4.75907286635475,4.16632315046352,4.24366405670963,4.56736343269363,4.33265862857683,3.98323444499611,3.60910813049906,2.79509291453988,2.77013304558537,2.74771295021504,2.84403335628364,2.75414098684804,2.70065005448779,2.64590951836331,2.77986163314953,NA,2.65813852971834,2.5948443864652,5.27261968524949,2.79806907954885,2.4330389265014,2.4889403318635,2.77089604153231,2.54600845116757,NA,2.65590041364454,3.15503529574871,NA,2.9270549807637,3.12937301807092,3.03622893625669,3.03290005680996,2.94388518512481,3.29890383694446,3.2986140751641,3.07643665195313,2.90254196067689,3.81626548568696,3.2940779300191,3.07789232897782,3.49780063880176,3.66212848646535,3.51532715569961,3.71076346419691,3.86086711485291,4.2415306528828,4.21706001095389,3.33775411913723,NA,2.69381595653706,3.99349907407427,3.85822695365692,5.0540754669178,5.72959070481528,4.12384173816771,4.84455837401432,4.95087013960299,NA,3.70856012716246,4.3534212796447,4.28284120604938,3.88756517793758,3.35989356407693,NA,4.91770049840569,4.50806256524586,NA,4.10296409297725,3.63278995628993,3.4631304947608,4.34964470692958,3.65215332549657,4.5881236968158,3.1747192659533,3.00943036787564,3.72709689395921,4.05296928105379,3.80022291463462,3.7471390678525,3.87311375441206,3.71251303039994,3.83457732573131,2.80057858949824,4.12034321103584,3.28593783239011,3.19421052201771,4.31127313906212,4.55274812444901,4.63729782047768,4.37573005661268,3.66135354886438,4.13852216767327,3.354945995227,3.9701220553827,3.48334474408135,2.77831805062841,3.48042135410982,2.88049305620215,2.67783155209786,3.07288582464068,2.63211649933297,2.59220181042321,2.5361456249877,2.86450160976064,2.61201826323773,2.45557701775148,NA,2.5481058905323,2.67547976167952,2.76689693465026,2.81296883429144,2.98239442283287,2.74511545847987
NA,NA,4.13983229592123,NA,3.96669147993827,4.1342278222477,3.8459352980878,4.73309830829356,4.97953666962495,3.65559023178732,4.68473507330209,4.83377956785082,3.45177963248358,4.10206053167096,NA,3.64472531321935,4.11623445771934,4.01061095613504,3.94376634041414,4.00357340019384,3.32898279748134,3.71264360248067,4.32835113024375,3.33612250308159,3.39485274026079,3.52532210193582,NA,3.58235445566813,3.18048563660324,3.38173330575135,2.99878163022708,3.27735539377537,3.54687394706358,3.63628221178561,3.26407591914547,NA,NA,2.95100130369012,3.33396566428117,3.30777147984252,3.1926644446319,3.01746200496167,3.30911817362965,3.08595711505777,3.78724292370371,3.69466455568193,4.93577083844545,3.76030214186901,NA,3.99749267274207,5.19477990587939,4.36085957104145,4.2208983940946,5.80942833721769,7.60763529211417,8.31177359453993,5.43864237779086,6.78998648268091,5.73555670781183,5.86458858676186,6.40787904412248,6.57544171218596,5.81874440856322,5.08235936592367,5.46061000640981,4.99371579515337,5.91833223939207,4.26297342451249,4.73870687958369,3.95290041124981,3.74871772739347,4.10248434674349,2.82587796480365,2.81842672562766,2.62482742479822,3.09101476262292,3.21501096720852,3.02955362277466,3.2930019279157,2.99383293630164,NA,2.88696787713821,3.40019461731862,NA,3.50778681667709,4.00113840349788,3.56271356575826,2.5160413423181,3.81589336190593,3.2213950867112,3.8519870761214,3.70739012311559,NA,3.77749467451121,3.50367851244346,2.45337885794601,4.30230007735585,4.13399453710707,3.98874655238028,4.22843484188133,4.20834708494933,3.70062800250745,2.64785856346689,3.27828105591118,NA,NA,4.15623197767082,4.64659526859619,4.42801850275988,3.96283188945305,2.28180268307245,3.85955107887388,3.95654002095516,4.54358910140213,3.13877916181258,3.73742663494004,3.35828573003231,3.21754014120221,3.36984450362329,3.38398390949218,NA,2.4909672312874,2.31401977762622,2.59538275014063,3.01523514979252,2.00670332892893,0,1.43845330172114,1.75876193936164,NA,3.1985127324276,3.11114490715009,3.22277950646736,3.01931138995818,3.04597453901448,5.75463106221229,4.63360093716046,3.20078866902683,NA,NA,3.45585726706203,3.42687550321249,3.97983544224672,NA,4.1793144837185,4.13989174724565,4.037104157515,3.50212524474633,4.325803819634,3.87317029034904,4.14526288567942,3.25313254085789,4.92559306603803,4.25689918350513,6.29075734448462,5.11417963815295,4.0973370506538,4.82136372352966,4.07989971243403,3.68015745637561,3.74631384582643,3.80346527683052,4.05429933704801,3.32639289953583,3.47555475698503,3.58387889958961,3.58956096853998,NA,3.74950709513764,3.61244113103185,3.34834513179444,NA,3.05409078576133,3.60863842325875,3.54080815850359,3.91519520926992,NA,3.68635034087515,3.76295663397008,4.03114332381094,4.03588686378336,4.00398669274924,3.83046514192038,NA,4.43710122589515,3.66578729919739,4.08929043645615,3.8018730357425,3.5629649158605,3.8255073111729,3.96635157919252,3.60379546773082,3.90949019724453,4.17488388976087,3.81186571022082,3.45783190052459,4.20696864841276,4.09313102833465,3.99041950082813,3.46641422528449,3.82479865416678,3.4712944669644,3.85802846692546,3.96409379001804,3.4925012993034,3.83177810681177,3.43069079209693,3.77884822239371,NA,4.05405604856888,3.64402431706305,4.24933262251299,4.5790626863085,5.28301933683546,5.20952651364897,4.24058266449669,4.05712818006966,4.87274858442655,5.64695523942736,5.80170543499559,NA,4.38886935054844,3.54564174967646,4.59812212871604,3.49981095614907,3.57473092502413,3.22011557484009,3.65150533166199,3.52518485975913,3.34541186329777,3.40586202409681,3.60977059084158,3.84637398900975,4.16445830719129,3.41916754398932,3.75216469696224,3.6360010200607,4.24687070356314,3.2914276123237,3.62491670913283,3.40492009462443,4.48981887742476,4.819629488106,4.69663011727596,3.3651218175713,3.20977283310727,3.69303222918812,3.49484335008062,3.99029102906003,4.03465687165476,4.13809333426803,3.59516160162024,3.65984586975634,3.49964193827106,3.21945923791819,3.66967970938866,4.2425869390352,3.78237521862052,4.06745805556166,4.23904326131587,4.0155517575395,4.22353359453668,3.81371987199538,4.25709866287715,4.13370415072388,3.8979506165642,3.44408738373539,NA,3.63549368637862,3.77481510687255,3.7233805157239,3.9337294616054,3.99633878581235,3.91598489531955,NA,4.44414974295018,4.69615741185544,4.44885443598625,4.2046449853447,4.32567431342744,4.09620555601407,3.96612112777639,3.674468395057,3.67660681501384,3.81384543733323,3.71339423268919,4.2718858768006,3.75392306925099,3.38816315459359,3.23576334056476,NA,3.14644750492986,NA,3.68669754893411,3.78841170573047,3.46106644314833,3.55883620539345,3.70908912467138,4.06506826041286,3.7094638343127,3.19151046054623,2.92303388698744,2.68933409073806,2.53730352012487,3.06370908212154,2.78762977664515,3.032460735845,3.36983770066607,2.75799448058563,3.15459066335674,2.94742645058637,3.2996780607355,3.64979119889848,3.21707090500535,3.53548730184704,3.70288634787486,3.26832008078885,2.87287366924473,3.04403907837012,NA,3.4871612215408,NA,5.92099675242754,4.57330695775132,6.09868822632585,6.26893839488902,3.33385803069619,5.03178533439152,NA,4.12213589265114,4.86895517926957,3.73346861961651,3.54127631749051,NA,NA,NA,4.0006215887574,3.58462636633295,3.36435721924185,2.85872916894833,NA,3.01328983149297,3.8150305332746,2.98062912561979,3.34754430677931,3.40249838979741,3.50926107772555,3.85916614537495,3.73137092101608,4.44918883538895,5.20580545547749,3.76790956525312,4.00068236831574,4.53807177706092,NA,3.41722685854514,4.06555676494655,3.46206305826454,NA,3.51882560171927,3.93599939501484,3.73396590033669,3.65691055028805,4.0458219039109,NA,NA,3.88515866320264,4.23852451913096,4.13420706725458,4.18573794316107,4.16193848050731,4.45039373149461,4.12745590069653,3.63564369425325,3.9657207062325,3.90674630151653,3.78158815961905,4.06619631291157,4.07063862251034,3.68193870392469,4.1758795415503,3.71261137461035,3.6208813477714,3.75724867427109,3.9814648655985,4.15679000092251,3.90509917745699,3.92868126309112,4.35452118568733,3.81413545469425,3.92310754842881,3.99564065694836,3.92598382533316,4.22446214165274,4.00618088074465,4.4890389954225,4.22292989630948,4.11857264160823,4.84053314584702,4.17733120122372,3.64275467646803,3.91410910513517,4.01365178058388,NA,5.09093259640993,4.67961287645471,5.04838417587823,4.06304596204074,3.77581328574943,NA,4.21694099597283,3.76240782476267,3.64841956451564,4.40098658038314,4.79059247189497,4.221592083715,3.21649606497071,NA,4.37622401730887,4.61819002868275,4.30456035693019,6.24453807076807,4.16242905945892,4.1766041744897,5.04815987112146,4.16987688398997,5.71487256537009,5.21209208015047,3.35138447930556,4.56131867592704,4.32125661353805,3.95051656512578,4.04059346613224,4.3588281957502,5.10898594225084,4.62676322838078,4.72912988772054,4.91872639035813,4.7591375217278,4.52038803952434,4.17512514763669,3.60607736775734,3.65799516314968,3.5614804582302,3.72515076901572,3.75096087858789,3.60626992274435,3.67057261985748,3.80578966332367,NA,3.58940836384918,3.57761208423777,5.63776787897454,3.84571475606766,3.54434073106202,3.58413337391441,3.61621876708699,3.63907794182645,NA,3.72084877785877,4.23708423572872,NA,4.0045381663274,4.25643774207006,4.12961178881329,3.78166047016871,3.91672927868977,4.06691983621921,4.01342616713191,3.81443044140117,3.65522799311705,4.31833226550968,4.11233216874491,3.8962324182149,4.16911815942152,4.37148918817155,4.0971607287014,4.27245336794041,4.46480996342631,4.76608149609857,4.74818991883687,4.10385883335655,NA,3.68960994988424,4.59505014190416,4.35204661929514,5.36711958316106,6.0650740362807,4.51839406548467,5.15694422169902,5.30065235040318,NA,4.07770966426832,4.65412921768811,4.48399878438786,4.12982862065392,3.69616675099958,NA,5.00583706623512,4.63829563406405,NA,4.4437153297226,3.83665936912527,3.74647884608189,4.49623294440205,3.91355580915205,4.68862573229533,3.70159356242407,3.45669933578039,4.04492145407316,4.30897125557876,4.05288885681304,4.04842109344533,4.1827234699151,4.06608805838475,4.17075843782742,3.44009187216722,4.38109362942909,3.57259442151809,3.44132688072148,4.68520557013767,4.94958898018604,4.98585417039079,4.67226935495421,4.06517963008338,4.49343994166452,3.6356296016716,4.22223265224479,3.87303349593723,3.31813146329813,3.72585665007368,3.2463692289625,3.31154867889448,3.42474805695507,3.24136226733579,3.386974958741,3.22896039942501,3.34675375578713,3.31805637890579,3.28935385436379,NA,3.29727392926161,3.47794537336409,3.68933469283829,3.76517187932439,3.59621248466739,3.40775228270871
NA,NA,3.83161773450405,NA,3.7573705726675,3.88358802846505,3.6051189917764,4.33109190876164,4.50979843641979,3.04875923691103,4.12436494712026,4.25555584005992,3.1461269986589,3.81833027420511,NA,3.35006257550508,3.5334677115092,3.42737901401625,3.37299723031242,3.34291220448869,2.86106248508415,3.22332629653282,3.73156238295256,2.90986344381777,2.9354053805068,3.04561077729131,NA,3.26880554842328,2.9441074593639,2.91957443894566,2.52468011154337,3.05072241889245,3.35104316747945,3.43182059168282,2.99631060558753,NA,NA,2.68405384647525,2.99006279189716,2.84467079976132,2.7141925307677,2.59932475961658,2.89507444319904,2.90070508434733,3.38698205670882,3.37719802413505,4.70815452297705,3.48197247955949,NA,3.8931658509898,5.00005908516277,4.1218108920696,4.04630424769729,5.55596843196614,7.37461691664287,8.12984641575655,5.26402139916295,6.59683438207832,5.54776202406368,5.69768993674017,6.22733309896934,6.34290901647972,5.57158699155824,4.92476038099114,5.38631922512534,4.86247400406363,5.843917990694,4.24328914536834,4.59233082596722,3.81308789373387,3.55015089029667,4.03491141912314,2.65768585139035,2.89676667357116,2.53772399487306,2.96688372054565,3.13999001302034,3.13257375324008,3.1743260331815,2.85994199822278,NA,2.68925594269512,3.2469905525224,NA,3.51702251523001,3.92515894073801,3.55915269719062,2.20194468957892,3.69830890762531,3.0058236297172,3.73699569327122,3.56742017541552,NA,3.43371152576278,3.42759710929484,2.09148028352557,4.28680706458827,4.10921889302528,3.810722892773,3.97775601113765,3.94807931864785,3.64371228331443,2.27082346609694,2.85442373679275,NA,NA,3.84089101676143,4.13306287968914,3.86167962247651,3.53479905558793,1.64766691573212,3.34939575278874,3.49607453998483,3.97070482481632,2.63681717604797,3.25681115322183,2.81829766191675,2.73487262267649,2.8036050951347,2.90648738473622,NA,2.3271425261551,1.88263086969007,2.53954457481543,3.09724521009764,2.26718900401535,1.43845330172114,0,1.5275566513509,NA,2.40984219650557,2.60710116593352,2.52173652828408,2.47981945753253,2.65273889081766,5.41038181076172,4.32722652197172,2.9830216178013,NA,NA,3.40887821844961,3.27194692018513,3.95235509028145,NA,3.90158948386843,4.04351325491005,3.98355042504645,3.56273620606917,4.02054466040699,3.66496817890753,4.07626683871148,2.89178370030549,4.46150768476765,4.20860053766533,6.20350013175585,5.05448954566458,4.10692667275772,4.81282612014941,3.99782701190529,3.58570092500743,4.05963844438477,3.73012729315834,3.99062589655353,3.32963270114529,3.31409586540111,3.46022938897211,3.49335206672149,NA,3.61266885749268,3.43113899672392,3.18972332759633,NA,3.18250941247641,3.5850413724633,3.29215233236099,3.83926022769921,NA,3.42087209355367,3.38443380272861,3.87917797960782,3.67009519138535,3.91469042476565,3.56885443180879,NA,4.28285613048591,3.39121837041764,3.94513947551657,3.58740836797861,3.27921167285836,3.54051234383149,3.69089338648284,3.322061824043,3.65553790576353,3.94178623783144,3.56198852774895,3.25205209700335,3.96333184858698,3.81422311775092,3.73232636783668,3.22696488484357,3.53042480730478,3.13409989705406,3.49062129364592,3.68950026214461,3.14980525931167,3.61362196542423,3.02038787673112,3.43323972119455,NA,3.68284430268272,3.35348457355029,3.87777265494714,4.20296592377187,5.01356102573188,4.90928006846342,4.08831186107027,3.79105624255395,4.59944315880136,5.37928739326704,5.53098385703837,NA,4.17896722301791,3.28678685829328,4.22701116188292,3.21251340698832,3.31343168178433,3.05405609434956,3.47930935516952,3.24111048442946,3.22142197555121,3.32004110955695,3.55697860687184,3.82308474797419,4.1424695899312,3.20894572886836,3.53280533511956,3.42762022998976,3.85831983635403,3.06470711755292,3.44514294711022,3.13723361891778,4.42640258845643,4.69273716639543,4.56652392177161,3.30184530575145,3.22980972988269,3.64918256365733,3.66982203316957,3.87987048210259,3.8224218768023,3.95135316940922,3.41256484040135,3.71245037281626,3.44070011286195,3.29888267385025,3.60577285635094,4.22225534536649,3.7259362434005,4.05539539874009,4.32065754785236,3.96197378550263,4.08239925919568,3.68654537688624,4.06574998769066,3.93018304113023,3.68801100957117,3.27568430078087,NA,3.43364073018743,3.70507526002047,3.83000759174797,3.81454040325953,3.81964273185878,3.78573150517984,NA,4.31820043211289,4.42415442573109,4.19343081757597,3.9609097278883,4.01713909523719,3.82776049740494,3.77342887546486,3.46930415740869,3.45682942131505,3.46711198537527,3.48262923175705,3.89280598434973,3.47815640273657,2.8934333190219,2.89902975442245,NA,2.77681727794874,NA,3.32778437618527,3.33386390643053,3.08179949796667,3.16110537957954,3.31901154367727,3.59103995766641,3.28495869543797,2.73663199908188,2.50846946635396,2.38266801232924,2.29874389035763,2.8133922044203,2.39518533866804,2.57034901472664,2.93134677955784,2.29945369095737,2.83173348234957,2.71528907992467,3.04581523658107,3.33047188242266,2.82167649165876,3.06193576102054,3.38412367894243,2.89140398913856,2.44863919531608,2.67441805274,NA,3.01934374680306,NA,5.5180547243449,4.24679344097413,5.90119726658981,5.99514026486885,2.9208338814097,4.69136757892929,NA,3.62050346172893,4.41433681657995,3.31491108922871,3.05267955871783,NA,NA,NA,3.70763256837717,3.44282096512005,3.20633181545969,2.74857934140831,NA,2.78286061178423,3.52080647581179,2.71190473076394,3.1725313071847,3.22527983026091,3.16470134033684,3.57207747976814,3.35602122241467,4.06448608279581,4.78014299933508,3.5348341082912,3.60706370711939,4.11917559247925,NA,3.0975588641709,3.76439419619097,3.25858984196627,NA,3.31223119369879,3.69236349803775,3.59587608876825,3.55271464283922,3.92967529585383,NA,NA,3.69898431558022,4.03738026636232,3.94321918217257,3.97745052848252,3.97512254288066,4.24397942977873,3.89134086487671,3.37178766477693,3.88853838308577,3.70748264592928,3.59850049098503,3.88132575414968,3.8186693906593,3.42884079508937,3.90471089550364,3.32088491242518,3.1942968426528,3.38003529482591,3.58922037220964,3.77330691629559,3.46599122190887,3.47290243987114,3.99684370898102,3.5218019647141,3.59014951973462,3.65282517900557,3.50778163056584,3.84980906961487,3.60491417021925,4.07409024075057,3.92277118684704,3.72196674304907,4.48563313516004,3.81589307508005,3.26302147304211,3.48668345965374,3.68426499959971,NA,4.84616790092555,4.35949076277495,4.75214453993517,3.77471219276233,3.4649097971802,NA,3.91370707783357,3.38427375682753,3.2782073253944,4.14415852601757,4.52348714976323,3.93758270928609,2.90888242673768,NA,4.16974175675261,4.37996051439184,4.11074700410362,5.9363531196209,3.78245826760772,3.94475647371919,4.82840331291755,3.97870472864378,5.5136843478917,5.03899086300813,2.99530701205152,4.37456028096119,4.14974174639282,3.73871836640582,3.80859118398654,4.14665147763514,4.8573921053627,4.37229201330799,4.43940558695358,4.60014008948282,4.35917565612566,4.16494022078692,3.83468155884505,3.43968509842296,3.3588887644008,3.22412838680158,3.43612408092099,3.55237961658112,3.29640979217272,3.41140953951476,3.64569244036684,NA,3.34213193092577,3.30590461809106,5.28140519367389,3.57177754833637,3.26219706392997,3.34417567602651,3.24876724255825,3.36984313020972,NA,3.45248103277735,3.97736034473021,NA,3.73533393236967,4.01046251169494,3.8706700370284,3.53923838410604,3.65190677995695,3.78339223459504,3.69241046189889,3.41543654880697,3.20468352756065,3.87220594697981,3.75803155750658,3.53605620075674,3.82271785770767,4.02539826847432,3.70741415292237,3.90030246485802,4.08875901654838,4.30540973205794,4.32226168471506,3.71542133956883,NA,3.56904411978505,4.22695766274549,3.91465901391786,4.96951972390082,5.76515228330563,4.11707382761456,4.8057397381261,4.96652063171857,NA,3.67921351079618,4.13107382923732,4.10518959718217,3.74958637826499,3.21607243208254,NA,4.4248850583311,4.07811034122305,NA,3.98207063630184,3.3863771438965,3.30129053369897,4.05918647448821,3.47205810784221,4.29927325073268,3.36016405604121,3.0464847484617,3.67874674534849,3.94769446446061,3.68434054914039,3.78789668871709,3.89077362042622,3.706160285031,3.73495226855896,3.27111361467805,3.94247241166369,3.18785925227359,3.30660852778203,4.36228484756357,4.65681756468982,4.65158137012645,4.39074357754374,3.77205564366086,4.17792913385791,3.17584942007517,3.90513324146833,3.57949257329376,2.99280308820589,3.28456794030333,2.90189939781595,3.08833795939453,3.0764626857962,2.91106868851213,3.09237146448772,2.85352479957444,2.97412446213852,3.13949296971055,3.06852541032511,NA,3.00484068659849,3.16352061599284,3.38617840293335,3.46703924008905,3.16511322138876,3.04907907764443
NA,NA,3.99307317939134,NA,3.77359447595682,3.95764780217163,3.60372778255974,4.39256674309444,4.70443145687386,3.54943279741422,4.62815978549616,4.82454428304222,3.35579590725149,4.08648391168283,NA,3.67340509778772,4.07898830577609,3.84616109199008,3.87206397780804,3.85672964161888,3.2555903564505,3.69410583797303,4.13802502419815,2.99121574883539,3.27515758645261,3.56013456126046,NA,3.26047689877162,2.89038089016015,3.00694030506075,2.75156453860421,3.07185412818963,3.21445578498891,3.25886605025498,2.98643975128014,NA,NA,2.64146894280547,2.99278659383287,2.93326271812221,2.65308670689349,2.6851960267178,2.84606763631268,2.89430437304323,3.3838340495969,3.42435653170452,4.62760362067508,3.57333070416457,NA,3.8177322376683,4.93285815196579,4.07816342305355,4.01075796307484,5.60749430875638,7.42903828390364,8.06116735531029,5.25784486137505,6.49848692373308,5.49234108820239,5.59255939992276,6.17429889903812,6.29712696900468,5.5688463600722,4.93156692309456,5.3437485252506,4.77719995163677,5.7415186210096,4.06834542741413,4.58120106500086,3.75599760653076,3.57994169640233,4.04010175875024,2.73118433863431,2.99936944353462,2.60298149127564,3.03873308643577,3.15654467915695,3.23665138789467,3.05724922277872,2.88240350073608,NA,2.67799594230637,3.24981695645613,NA,3.41815577002926,3.82773416088126,3.45698577942491,2.24584039693436,3.66790231459758,3.02351963137266,3.66637870196021,3.47967496424537,NA,3.40568597808947,3.36874255845783,2.14316315394996,4.26083140066246,4.11572620153953,3.70463269843724,3.85179255949845,4.13414613660313,3.61736553963516,2.31033004486629,3.08034933514229,NA,NA,3.75576204453175,4.34646503552312,4.23778127366712,3.86760227821486,1.84095429312079,3.53310430448677,3.64902944214608,4.33647339796577,2.92206573860793,3.51849223554323,3.24100308561188,2.96747469337457,3.20133161651851,3.30329433131929,NA,2.78552509109151,2.57997838734947,2.94710609774964,3.29089459904939,2.21158485066279,1.75876193936164,1.5275566513509,0,NA,2.72978496950685,2.58235502507839,2.95801757881269,2.69387309148549,2.68103766962424,5.34654081369133,4.33976692897305,2.93722190193349,NA,NA,3.26815362044283,3.15036587761913,3.81768473133644,NA,3.831925166514,3.92177373852355,3.79136793372832,3.33441759315545,3.89148786919532,3.52009836877289,4.06031789470042,2.92896764173666,4.79558313966403,4.13971728507291,6.0831818624465,4.99556885457656,3.8981694599078,4.62818615930243,3.78898185620101,3.48984366076214,3.92889257850663,3.58527960025532,3.88424355722376,3.2459454938975,3.30215216879906,3.48173640520864,3.51011009316142,NA,3.74231856225518,3.52649725987003,3.28282596655383,NA,3.17659184607468,3.43041196143594,3.22826565352751,3.95667620148874,NA,3.4880693377596,3.42421931651469,3.80083440525272,3.66241322882023,3.93463949251557,3.64152370585859,NA,4.34402712463528,3.58418914432906,4.03868510613092,3.47663590546892,3.335445829043,3.6748660833682,3.79622651174058,3.47174807758729,3.6900904044796,3.95771813875051,3.71601826802676,3.49568246717789,4.11248869867537,3.94293498882663,3.99342935965235,3.55781780044033,3.96399726248133,3.58994574954146,3.87567499188321,3.93611205029946,3.34861225368359,3.93883238307813,3.15843679686634,3.45368045406382,NA,4.01201423637478,3.49751872684901,3.88450638809012,4.11835607902123,4.80332366031814,4.705032002202,3.82258269817021,3.65827010652643,4.54395910511482,5.26672830440815,5.54694709034352,NA,4.32821135410047,3.49452461426523,4.59197456685409,3.50763768245372,3.5552516667791,3.20553983949413,3.47895747473161,3.21212421036876,3.21679953933993,3.3641837488928,3.50195247977305,3.68356046104439,3.95656913720162,3.06721091923103,3.62311072726616,3.51333270308889,3.87488989909189,3.14052199581167,3.52588797568788,3.13459373888898,4.38493429353459,4.58886141082395,4.46605519220324,3.19446852549772,3.17722494573898,3.605009306566,3.68142415940619,3.80570490763396,3.66834758201747,3.80463789098082,3.35692628145576,3.61835491663871,3.40397010456574,3.33587874312282,3.51387004843369,4.16157128284463,3.71872133786627,4.00890209366348,4.31383243631355,3.92297124719935,4.1519993154649,3.66647655254562,4.06891910149176,3.87369751141501,3.66884194234749,3.21666031670895,NA,3.36204675548644,3.70094828116074,3.8185775652224,3.74980726646598,3.74572108567356,3.79008160673856,NA,4.44280982185766,4.49960461399828,4.24249295234257,3.99960280334529,4.07432225705196,3.90476907293492,3.8909192735981,3.4824020890399,3.43412765208335,3.49035547356869,3.52701752567867,4.02328762168749,3.70923849183101,3.11936184304741,3.00760917653209,NA,3.00439632974086,NA,3.65381089490943,3.65555161906536,3.13767399639487,3.25053420295224,3.61176375955875,3.90814847647514,3.57478569274553,3.20003211320631,2.82845799028175,2.62341260768367,2.43786970465481,2.88147200050251,2.57576416934664,2.75459568011485,3.0502503516437,2.64839609564253,2.98368429075564,2.56056655656445,3.27020613198338,3.63848348623108,2.99497048760187,3.25454776702947,3.38117771186342,3.02858739069539,2.56178581444799,2.93954559670991,NA,3.16971057471754,NA,5.53772183263129,4.24331669301837,5.87875382113623,5.95898711027085,3.07883360420902,4.68507507850848,NA,4.0683063923703,4.80391871514627,3.64196981177886,3.24289827458103,NA,NA,NA,3.6856671153912,3.46668323334691,3.23593257232703,2.72641645290935,NA,2.79009144258114,3.55858328141628,2.75252988651958,3.19681710190875,3.26240262245802,3.28638464901386,3.40537221814658,3.47362031416551,4.17057692744587,5.02383071262915,3.54018372884501,3.76788523374537,4.17136770761857,NA,3.03458573607742,3.98801270927035,3.29369369193345,NA,3.2661021401782,3.58843077206068,3.60226991933519,3.47606292639803,3.93391143476556,NA,NA,3.67989142312854,3.98943868016977,3.9426535713564,3.89811310769674,3.98881726014874,4.29157249685739,3.88203770633574,3.50277107051123,3.88808033001065,3.76336716088829,3.61797974490059,3.87736154760079,3.89323137287605,3.67255896653194,4.13585660097514,3.58396887573164,3.40966556087701,3.55212390756876,3.75608476755823,3.94356347037169,3.65273867542024,3.65829586709226,4.34421906845547,3.7196089681849,3.91375136365148,3.90784812277994,3.66089689105264,3.98673626079211,3.82852372455502,4.20022705965209,4.16186959598861,3.86734484218211,4.78706128346805,4.2210091542341,3.36283526373537,3.50691451743238,3.6980766644342,NA,4.82421466225308,4.40286972198713,4.69516105729703,3.84858234959983,3.55547034591333,NA,3.96997735591662,3.52980920095829,3.41821255841262,4.27205683633138,4.4628226880217,4.02311837144351,2.96881610747705,NA,4.11408334011264,4.34893800959218,4.09759607578775,5.95304160112823,3.90085783791151,3.94882920592435,4.85999357296015,3.99513627320081,5.48400280983069,5.04714211425002,3.14069660131492,4.32511580636163,4.17165825016382,3.7697558629157,3.80977004040856,4.1083676080794,4.8283270855407,4.37925332784151,4.47476320331264,4.70478673614181,4.47976249598334,4.22475464964235,3.90385887780565,3.38758503488088,3.32141696129398,3.10888489558223,3.34950055212277,3.45398953800988,3.17586548818171,3.26675712909602,3.51324027194349,NA,3.38192518806534,3.35948928613225,5.348221162628,3.53019790418348,3.27708059569648,3.3503353563064,3.40773293608623,3.33134831964314,NA,3.4597424375086,3.89569259880792,NA,3.64053655168483,3.8514381346137,3.73073371126138,3.54819629337052,3.59788234317797,3.86106569797303,3.79459719997409,3.54561214239001,3.27867791035222,4.12567480632179,3.89799087761098,3.6808255779373,3.99713058811413,4.19398810075179,3.93560687681117,4.12387564669021,4.34383056075096,4.62339673748567,4.6146696408747,3.90992766604971,NA,3.52832608010694,4.31894250614957,4.14824947774219,5.30011922932541,5.99058812879535,4.37886450655293,5.06638426494552,5.23563657557812,NA,3.9066472227173,4.40103889086495,4.36038833510541,3.94520321373124,3.49160280012409,NA,4.68625346648876,4.34126647059115,NA,4.25738393737517,3.69303520520377,3.61266000353313,4.41328544047195,3.89589714610573,4.64095981791164,3.4709977121223,3.29091621457691,3.92460835229833,4.16647882940046,3.92624401868215,3.80857349027114,3.99275321746488,3.7770908356689,3.70532621494832,3.27036529585115,4.07981609922665,3.47360514287777,3.3639191434331,4.43923969916911,4.77040275805868,4.74656043328975,4.44268091796035,3.81603614716726,4.24143958973495,3.39080003320945,4.03396371270511,3.68622250074887,3.02940038536292,3.52516362221953,3.01665076881833,3.03750578208429,3.23011156575471,3.01210538240137,3.24260363357268,2.97970074700911,3.21818668959701,3.27885669583221,3.1048464463887,NA,3.0632097229064,3.13227474981494,3.238972668466,3.30099223852303,3.24342883924712,3.07423032842223
NA,NA,NA,NA,NA,NA,NA,NA,NA,NA,NA,NA,NA,NA,NA,NA,NA,NA,NA,NA,NA,NA,NA,NA,NA,NA,NA,NA,NA,NA,NA,NA,NA,NA,NA,NA,NA,NA,NA,NA,NA,NA,NA,NA,NA,NA,NA,NA,NA,NA,NA,NA,NA,NA,NA,NA,NA,NA,NA,NA,NA,NA,NA,NA,NA,NA,NA,NA,NA,NA,NA,NA,NA,NA,NA,NA,NA,NA,NA,NA,NA,NA,NA,NA,NA,NA,NA,NA,NA,NA,NA,NA,NA,NA,NA,NA,NA,NA,NA,NA,NA,NA,NA,NA,NA,NA,NA,NA,NA,NA,NA,NA,NA,NA,NA,NA,NA,NA,NA,NA,NA,NA,NA,NA,NA,NA,NA,NA,NA,0,NA,NA,NA,NA,NA,NA,NA,NA,NA,NA,NA,NA,NA,NA,NA,NA,NA,NA,NA,NA,NA,NA,NA,NA,NA,NA,NA,NA,NA,NA,NA,NA,NA,NA,NA,NA,NA,NA,NA,NA,NA,NA,NA,NA,NA,NA,NA,NA,NA,NA,NA,NA,NA,NA,NA,NA,NA,NA,NA,NA,NA,NA,NA,NA,NA,NA,NA,NA,NA,NA,NA,NA,NA,NA,NA,NA,NA,NA,NA,NA,NA,NA,NA,NA,NA,NA,NA,NA,NA,NA,NA,NA,NA,NA,NA,NA,NA,NA,NA,NA,NA,NA,NA,NA,NA,NA,NA,NA,NA,NA,NA,NA,NA,NA,NA,NA,NA,NA,NA,NA,NA,NA,NA,NA,NA,NA,NA,NA,NA,NA,NA,NA,NA,NA,NA,NA,NA,NA,NA,NA,NA,NA,NA,NA,NA,NA,NA,NA,NA,NA,NA,NA,NA,NA,NA,NA,NA,NA,NA,NA,NA,NA,NA,NA,NA,NA,NA,NA,NA,NA,NA,NA,NA,NA,NA,NA,NA,NA,NA,NA,NA,NA,NA,NA,NA,NA,NA,NA,NA,NA,NA,NA,NA,NA,NA,NA,NA,NA,NA,NA,NA,NA,NA,NA,NA,NA,NA,NA,NA,NA,NA,NA,NA,NA,NA,NA,NA,NA,NA,NA,NA,NA,NA,NA,NA,NA,NA,NA,NA,NA,NA,NA,NA,NA,NA,NA,NA,NA,NA,NA,NA,NA,NA,NA,NA,NA,NA,NA,NA,NA,NA,NA,NA,NA,NA,NA,NA,NA,NA,NA,NA,NA,NA,NA,NA,NA,NA,NA,NA,NA,NA,NA,NA,NA,NA,NA,NA,NA,NA,NA,NA,NA,NA,NA,NA,NA,NA,NA,NA,NA,NA,NA,NA,NA,NA,NA,NA,NA,NA,NA,NA,NA,NA,NA,NA,NA,NA,NA,NA,NA,NA,NA,NA,NA,NA,NA,NA,NA,NA,NA,NA,NA,NA,NA,NA,NA,NA,NA,NA,NA,NA,NA,NA,NA,NA,NA,NA,NA,NA,NA,NA,NA,NA,NA,NA,NA,NA,NA,NA,NA,NA,NA,NA,NA,NA,NA,NA,NA,NA,NA,NA,NA,NA,NA,NA,NA,NA,NA,NA,NA,NA,NA,NA,NA,NA,NA,NA,NA,NA,NA,NA,NA,NA,NA,NA,NA,NA,NA,NA,NA,NA,NA,NA,NA,NA,NA,NA,NA,NA,NA,NA,NA,NA,NA,NA,NA,NA,NA,NA,NA,NA,NA,NA,NA,NA,NA,NA
NA,NA,4.34386826076973,NA,4.23965532309286,4.30027840424993,4.17765778247901,4.54862090516212,4.70566307841821,3.46562592668686,4.13513972394502,4.4248119633214,3.74415509826849,4.35372642688543,NA,4.01752795509292,3.57173977912255,3.84153979700586,3.57877410121276,3.26896121170573,3.22924777444929,3.57202672610088,3.78540562662898,3.28900793805376,3.18364672791053,3.52800524212538,NA,3.66394696054133,3.47130355218102,3.10643565627342,3.10889349552005,3.62313448303879,3.86657681331394,3.81188644307057,3.39633176220079,NA,NA,3.15339320656114,3.3209615420738,3.18400467951502,2.8824517037844,2.88017092899894,3.00541379986261,3.29314970764606,3.00704732416105,3.37324036907617,4.57672677928324,3.64751755924225,NA,4.2065245875422,4.89376973183945,3.95812197260488,4.03032847435565,5.08978915066417,6.76820414242642,7.65346607996998,5.00269649797767,6.19251251123759,5.15709297142818,5.39513118135069,5.86764455995053,5.7795244570095,5.0559406570466,4.78540189801256,5.08611260934056,4.75093053144475,5.90563225739695,4.53183832492492,4.7221746812844,4.04057272634826,3.95760826148849,4.60084235564584,3.45412156423998,3.74309815403374,3.39586286419671,3.61806752515101,3.74285920290058,3.91841832618286,3.95061625871213,3.65578971636197,NA,3.46758486364212,3.86705970061072,NA,4.23625132207707,4.46214816766812,4.2274691840648,2.96952773010725,4.20503358930281,3.6824671453984,4.38202718567725,4.15110171646633,NA,3.92783520196913,4.13981588648682,2.89769616253104,4.86659110264659,4.73788349993806,4.44504834853323,4.56727446331001,4.51488910727273,4.30240727257112,2.93743249895629,3.69955138879489,NA,NA,4.5271288869624,4.53612845084625,4.11345864037829,4.04854254994205,2.38568350322637,4.01087574828362,4.32868102935997,4.24251093875832,3.32655290642674,3.83313577047741,3.46799823325438,3.46179876468975,3.50840106798764,3.8014985691322,NA,3.60393620698358,3.19068309951875,3.67462553314288,4.30930731987047,3.452570153849,3.1985127324276,2.40984219650557,2.72978496950685,NA,0,2.15027645276223,2.73314328573865,2.42111588375752,2.48696947533009,4.59123577132157,3.97156756753173,3.36213026930727,NA,NA,3.80778199385412,3.55103378929002,4.3968765227954,NA,3.80668321787661,4.13013493119422,4.19792320197731,3.90662448043961,3.77825679082315,3.77001163335573,4.16342068805733,3.00686836622546,4.14730929262188,4.24259419893993,5.84109712239372,4.86515327810293,4.21843492360219,4.92992115970028,4.27517919359544,4.00514265377906,4.69236519677735,4.34296939245364,4.36588756492329,3.99805230238245,3.74613809716754,4.17479226759709,4.14186405604193,NA,4.14290129499715,3.98061094470101,3.76259316395518,NA,4.02220581371511,4.46449413546398,3.92866254740525,4.66376028746776,NA,4.1245239508695,3.97639218411812,4.49264764416071,4.26555041208815,4.68979835307591,4.17910482634381,NA,4.78872582570941,4.33680309925101,4.5185263792688,4.27237347153145,3.89299905018523,4.13616922606364,4.31881252170027,4.08947150459015,4.27272142898964,4.67308618846566,4.19985670867641,4.08723737972844,4.65407257349889,4.64029792791139,4.56674227444515,4.07549387347306,4.29270565560414,3.89980335060711,4.11499172537418,4.27955677619015,3.63670341904493,4.22368292756917,3.71714844877661,3.90537499271405,NA,3.91904567713793,3.69144607374045,3.63852114854226,3.97080349046112,4.39958029028026,4.20188386070916,3.85505575320624,3.80484307152685,4.27948922644117,4.86630987554711,5.30294603856415,NA,4.2338615411767,3.69359670431057,4.31956352354247,3.5234854376901,3.60282302199757,3.50832794706109,3.6676813094925,3.52668442345888,3.72245176846408,3.8379825282737,3.92960834166868,4.21827023540641,4.29685917002117,3.82016615010408,4.12764615317226,3.85864657043194,4.55414740351963,3.6621682370335,3.93150425727285,3.85391735238377,4.86546853515819,4.9878873554975,4.66334919560872,3.90248743558627,4.03613078747745,4.25392404757593,4.23674215269755,4.16775706879766,4.14694010771322,4.25361652972118,3.98320257826265,4.28695722251833,3.86579822410232,3.86040161789221,4.20214328107155,4.77578262850503,4.30407780664452,4.59745681504843,4.93655877408167,4.68506455276972,4.80426352621087,4.26544104120528,4.67539177066561,4.57519365978876,4.33842073338343,4.05850552629886,NA,4.10180970948909,4.38452301487842,4.63778366714992,4.62068812755251,4.53330137182477,4.43544546552589,NA,5.09882918606356,5.03788726216146,4.81908100136712,4.6566720656672,4.74707141297553,4.60564277749409,4.56518816965499,4.27964590001163,4.2910516928731,4.26940976206269,4.39166742607206,4.71252232793854,4.22822772492686,3.41661959165565,3.60336671072527,NA,3.48741186342992,NA,3.78581039976949,3.90503961376426,3.32721799502947,3.37668103177304,3.78892007535724,3.74226573049143,3.56217645965351,3.30526201002346,3.02334097081894,2.92700191286335,2.91614375082961,3.74722656151595,3.31658488661537,3.38162561440166,3.28390828319776,3.24628507170484,3.38176660941118,3.39485055248099,3.96439611663034,3.8695236307994,2.90780136941803,2.66761386787556,3.29711374145258,3.20699701298549,2.79116001444405,3.49204674169165,NA,3.01245252684699,NA,5.00527773421371,4.15249747152455,5.56528676306765,5.61033367604918,3.28015754223946,4.64276492567418,NA,3.80961999360569,4.40280563428696,3.38185582970967,3.25326629833065,NA,NA,NA,3.55260886695954,3.85148920155277,3.76620857864396,3.3222877203703,NA,3.26739968610504,3.90413695718088,3.18290479015648,3.54824390165408,3.78875002948058,3.44637936808943,3.65765187673041,3.21076674809903,3.7965695716364,4.89075982512895,4.00183601502123,3.78434112531525,4.22208261315966,NA,3.54160415015114,3.94269626848154,3.86524199439775,NA,3.86110987032257,4.1918201648671,4.20451360488522,4.33411084985586,4.66853346663777,NA,NA,4.39103450732245,4.71771728016533,4.68860357085603,4.66400269482273,4.6533841142331,4.83268660343021,4.55569374327261,4.06567244419341,4.64176845959776,4.42251059776833,4.33674562033712,4.4877570435751,4.30954837812861,4.04303893269223,4.74162628738763,3.76498048988453,3.56716377624476,3.67694054569909,3.76177628460487,3.92898246747173,3.6269671567934,3.59106772312497,4.06449588605357,3.75084623640924,3.82992382192584,3.88316215821234,3.7030697326586,3.90545186597719,3.73952793927645,4.00815580115265,4.03350461134308,3.76876316223719,4.28717061474411,3.82874595258425,3.12075675126091,3.26761131995364,3.33227862830293,NA,4.73689647348449,3.94515349512952,4.52713996808661,3.63896892366096,3.42930781228086,NA,3.65620008173312,3.3232304070883,3.13072023032339,3.91047300958676,4.09755504295434,3.60479890014466,2.998480986421,NA,3.90613786508515,3.96610362810711,4.03712557020603,5.24391375761861,3.4313219299174,3.87738331454822,4.50055681983384,3.86613671773528,5.17243836426131,4.7005011756337,3.0995929170456,4.22635634301332,4.12972135640059,3.6637624404564,3.67302822966099,4.12430010647184,4.43311863003584,4.13299472029789,4.0714891694304,4.07873869476051,4.04965823577946,3.91190553613519,3.60209386311994,3.73020522667132,3.52747430688308,3.45920207629966,3.74658950987775,3.92235757636362,3.51817720898714,3.81027640348805,4.07994995980608,NA,3.88328560178263,3.8375689967668,4.69983049048143,4.12968227918547,3.82885011982271,3.97668017493043,3.79274695123099,3.99908691437637,NA,4.04417232509079,4.51583025896704,NA,4.28808936740617,4.59876222471506,4.43610659015718,4.06486098877642,4.20764431773339,4.35540366204811,4.23911240555095,3.86864680908989,3.56757029732478,4.02686506802526,4.1096950875676,3.84461557338882,4.02438221141681,4.28176765523907,3.83377398498494,3.97218786244008,4.11242540427117,4.27198526593492,4.45293449219424,4.03512443611178,NA,4.27109552106592,4.36311458051752,3.87856359725648,4.85460124503669,5.70392563089015,4.09806544478917,4.74965471003361,4.97681861139514,NA,3.69382702275029,3.98764285972577,4.29978985153533,3.86382343449427,3.31139852010191,NA,3.9581676179265,3.59608191807835,NA,4.0690382028509,3.2777399149192,3.21772190231974,3.73413075940732,3.32304910775279,4.07323411776526,3.64162863265793,3.04248061112805,3.55715617733423,3.72873907097372,3.59848169029758,3.67586097717048,3.74066799307615,3.48797348047188,3.16409618724414,3.75753436919129,3.4035866880144,3.3782126826874,3.65002334176817,3.9390018892504,4.37242029418032,4.25872714458033,4.04464707287286,3.57345300293806,3.81437039952593,2.92471677325564,3.64340804044836,3.67625444045796,3.1313571148729,3.09484067955236,2.96989978836353,3.34791465460464,3.24011771052467,3.28358474061833,3.67512211005946,3.19305911072418,3.54176747391233,3.76409719570243,3.68974925692686,NA,3.53208709344427,3.71217737968628,3.91186515727387,4.03280484190368,3.63151103443917,3.54711259969885
NA,NA,4.54962879884961,NA,4.26371782883286,4.55511547159422,4.38386052709423,4.83884862777346,5.16639274016832,3.84946651449168,4.50265680276753,4.8244980317761,3.97304990371909,4.50704195849599,NA,4.29966876266034,4.40679542144436,4.35472429760128,4.00946106894206,3.67002709667986,3.44815046774949,4.0446993996056,4.31664841630749,3.60147049210088,3.79445222977361,4.04458096395557,NA,3.90479668601865,3.75953332176162,3.44682448982688,3.38039840011777,3.83095208888589,3.96457718787512,3.91150285664781,3.53043645044758,NA,NA,3.41309633169434,3.73170906605765,3.62646223674708,3.10147443196658,3.08914066625659,3.16124703499149,3.55421163185377,3.2292204499612,3.65680918755997,4.73783975801654,3.92216223312774,NA,4.55927980513154,5.28935827644549,4.14769243570362,4.34936828183629,5.53256291520224,7.23519793697161,7.96584107797312,5.28734043991847,6.38961468068862,5.41492720519013,5.55089239583885,6.13120823483576,6.25270395542646,5.54022803388677,5.10658625839189,5.44635750063587,5.07868697633659,6.16433449008602,4.7417355716909,5.03601908763838,4.33841182377764,4.34261678921655,4.85319669648351,3.5933307775715,3.90316783975095,3.56488600672064,3.88136238735951,3.94598878099925,4.22213407506329,4.11545654886195,3.80130081924541,NA,3.58518177960882,4.01272056457441,NA,4.38481293851842,4.61690622777282,4.42891810343587,3.00462021274432,4.35501940576174,3.84407271643087,4.57311581573603,4.3615634483547,NA,4.24587898517411,4.29905997345103,2.90133165515333,5.05627230585937,4.91053820754161,4.64167379448688,4.85212487124929,4.95359052359779,4.41495580225085,2.84320499910321,3.85420912243477,NA,NA,4.78390034646619,4.84872023755793,4.42650487525201,4.29559543062267,2.2472585604245,4.20786208155313,4.50895742727454,4.66542393631393,3.39040559561306,3.95275401644123,3.69092820356753,3.50687380545645,3.5074659987582,3.94347043660448,NA,3.70767926543406,3.2720160677309,3.79951785051195,4.66041654826206,3.59809297374178,3.11114490715009,2.60710116593352,2.58235502507839,NA,2.15027645276223,0,2.69685445888133,2.56358776408531,2.65418669248971,4.9324906151123,4.2619662289337,3.57178052412243,NA,NA,3.92655696986578,3.56204617861532,4.50209527524663,NA,4.08062467531412,4.3239487480277,4.3635106644684,4.06847039052936,4.09972282336636,4.08176550291435,4.42716634028342,3.29509927061197,4.58647658421916,4.48467606917677,6.20604140434608,5.29017454915177,4.43137223672903,5.16523648849626,4.50687549089932,4.2815046844405,4.85048405446854,4.54301035354008,4.63640150260394,4.24725622407126,3.98486122618719,4.42547205733735,4.41198269206542,NA,4.43028232456268,4.18016310046935,3.96958960623484,NA,4.2927270732705,4.67617885133422,4.17440752924942,4.97813585698748,NA,4.31787478131936,4.2324529123973,4.85957130496467,4.61594010902334,5.04253783615106,4.59259868364001,NA,5.15248411126603,4.63038713534795,4.80783168285388,4.58018050754139,4.25542658951297,4.50624439041831,4.64906272268777,4.39078738631034,4.61040904411996,4.99901517211354,4.58993830656058,4.35515826934518,4.92505916520081,4.95014735933298,4.88423224770702,4.43834573621367,4.60638563872485,4.14797565053399,4.3525912696025,4.42252555562463,3.84694361201995,4.42539511356053,3.90978697705743,4.12495522026016,NA,4.06169474634265,3.6382403785483,3.73447299895882,4.14914910036221,4.66799229453905,4.43320288797746,3.98578183906708,3.90911402993847,4.34856780176489,5.08589905065005,5.51407688712371,NA,4.46030872632735,3.75245572779298,4.59224131182371,3.72577667379605,3.93870739468393,3.81188079944481,3.91779108547796,3.77259930770965,4.03875721484345,4.11806081567591,4.22865912843939,4.44352335319221,4.53435801801672,4.06505386756341,4.44929792690638,4.07967938799881,4.77715273978639,3.94490717483977,4.24165188918326,4.05250063372195,5.06464002754729,5.22420490179887,4.95340911120792,4.08103422479794,4.31409267837648,4.42829437142515,4.51147094196686,4.52592786525979,4.49279601237368,4.46863726242203,4.2123169315019,4.46043660910426,4.14001759299021,4.23747726370876,4.54916498738381,5.15426958727412,4.55855584981911,4.89983081449677,5.30360416393174,5.01024942267137,5.09086140125178,4.66169088921583,5.07819838466625,4.89234582867923,4.69189436636801,4.32633853132527,NA,4.28017256744292,4.7195703110731,4.94374233194778,4.87926886665172,4.75668476589415,4.74007054037583,NA,5.43810724836326,5.30652247510316,5.06811142082411,4.84439184288412,5.00732349128356,4.84615294409105,4.94327765617651,4.51781199264775,4.53444166886825,4.53389148138617,4.62108106670479,4.92053806501206,4.48037608618785,3.65093394945079,3.80672022790844,NA,3.62954368264872,NA,4.08089553095429,4.08837999594593,3.63963650446123,3.67472536582599,3.81440789320687,3.85055389908484,3.79426265153282,3.53801414368049,3.22693905308347,3.1570890787683,3.09981518847063,3.84796934514918,3.41208364278414,3.46324052344534,3.50831985689462,3.49038211902618,3.65400991432207,3.57650325514706,4.3002911754532,4.18666683543348,3.28647763359598,3.37641485311162,3.62996101032669,3.51393108640761,3.09478748153089,3.72221904200652,NA,3.35293914941696,NA,5.38757286339891,4.61384585173868,6.00643775469159,6.00982771532525,3.62226161698551,4.94757735390898,NA,4.15793160505379,4.66024829714928,3.67080395042492,3.36819571619852,NA,NA,NA,3.80481093033021,4.05886711525961,3.91324428283322,3.42445777464325,NA,3.39592178948533,4.08005730438155,3.43822146822518,3.9261271700765,4.05497228545074,3.69550993640686,3.74557673635803,3.52896877051023,4.18298396200153,5.15421162115871,4.27161743042649,4.0461420154292,4.43099997844042,NA,3.74642387752154,4.22988416038033,4.12700187017775,NA,4.0886431673359,4.35931824958966,4.38798691178142,4.50052178772733,4.88143440710194,NA,NA,4.60761692177705,5.02627047313789,4.96044895625054,4.95155988773257,4.88517920005368,5.09798889780607,4.8035226734763,4.27756690433408,4.89737321936967,4.60677150326473,4.52900504360703,4.70255301702111,4.43647188772804,4.29134118166153,4.99066781886007,4.090456756394,3.81585966131322,3.88378733242238,3.89318034519249,4.11064264585333,3.7673318696124,3.68071035554348,4.17225356718144,3.85656708791826,3.95411428914649,3.91457059584179,3.79443960709549,3.8883050230573,3.78199860116478,4.01318335792572,4.12140324223231,3.78606377253468,4.45299509194476,4.02827919849583,3.28328173297697,3.34202613292672,3.51017009916266,NA,4.90450380205133,4.22053401337544,4.63691083231483,3.74074975685825,3.74132433071552,NA,4.05010465581095,3.64243171361758,3.44591641407182,4.33033332499294,4.37144040014088,4.07359661373602,3.26075124119122,NA,4.21335931286746,4.25957861333505,4.30363201761151,5.63285222684798,3.80251436769583,4.17173254541733,4.96987025182704,4.12288428354494,5.53317991167346,4.95303183295797,3.17204711302923,4.42916965571469,4.35915037457857,4.04472472210524,3.90056883519481,4.42866730923544,4.73010283284221,4.40844912244537,4.37127559127161,4.31694443059539,4.27632025103346,4.24596604730233,3.90265289747039,3.91034136887175,3.71485933932285,3.645960208287,3.91186697623317,4.08897911227032,3.65839774704438,3.99379927208925,4.26607174816427,NA,4.12036666003635,4.029977840057,4.97886019162799,4.3629972617404,4.02893704132846,4.20811228518779,4.07101020636259,4.27258332598146,NA,4.25727676427782,4.76416540919572,NA,4.5266916462014,4.85857151744658,4.71694746338509,4.31483551580964,4.44314414497328,4.57427635235146,4.40419183185794,4.0637984679995,3.79194025103201,4.31728681671531,4.29670030923008,4.04159360093823,4.19639671735472,4.52724434086723,4.01992337319171,4.16938872454418,4.3017244483234,4.48339983398252,4.71333802786373,4.22299147898489,NA,4.55164329118068,4.48961299251505,4.01675204717376,5.02543728181752,5.83740593081327,4.36014517885212,5.04225692498752,5.24030103547082,NA,3.97103363683529,4.46684908702981,4.68639699748983,4.302452246379,3.80065466594371,NA,4.72343364668512,4.29218367004004,NA,4.45791801578513,3.72944399768612,3.61497114742134,4.18959928614301,3.71849735063934,4.60470618375271,3.87221108028994,3.30042222699806,3.85653164499095,4.09693104585474,3.84291962972674,3.88879650164743,3.92852105415095,3.72411731887672,3.43204132320427,4.05413392760016,3.69196041920975,3.70908105787972,3.9492238929141,4.10150191717667,4.48904676963989,4.56254823511758,4.34792169642512,3.80508162963563,4.21312969881299,3.3197888772042,4.00937303137558,4.0033040849028,3.4016470297671,3.44746272008923,3.2080160011395,3.52685269808507,3.53840562945155,3.56989769083225,3.94142763223355,3.47815339519295,3.97553480389101,4.05620495764216,3.9861929070794,NA,3.8132593969849,3.96297176148648,4.17292948699225,4.30965642700901,4.06547701347625,3.9002552180086
NA,NA,4.93537169572792,NA,4.67531244519385,4.99809570050689,4.80155633098191,5.3590636065933,5.54432504424866,3.96411609898046,4.94474804956658,5.02727345648558,4.04647215464998,4.69246320925545,NA,4.44704876892322,4.85784251204069,4.57384301924693,4.34264538093059,3.9125368133078,3.74188450540407,3.883817116043,4.52911089602033,4.0125979377568,4.17981929779342,4.26248152134099,NA,4.20001828053033,4.1883922371709,4.11347803254425,3.89583388139736,4.30589454994162,4.4908185492708,4.61019083655431,4.0485999655096,NA,NA,3.96089097871546,4.04480311586375,3.87886982644402,3.69995699215864,3.47965908857796,3.7324382158302,3.85714328491699,3.8541002331139,3.89924291772565,5.24576338719568,4.19292203691171,NA,4.75849595025089,5.57799279587224,4.71214665062265,4.64361907516857,5.41497198504929,7.02440658193037,8.25116867034478,5.60308082192842,6.88957060981496,6.00689134007967,6.09375816335211,6.48492212278073,6.66010002286115,5.92595767376437,5.4995562592977,5.86035391508072,5.44268922724841,6.41121319283439,5.08551194993326,5.31013747227085,4.59256487341335,4.16570648297626,4.90907606446935,3.83287979323873,3.98375696462246,3.73786647541571,4.07161609181494,4.20382641597346,4.31753706400046,4.3947104345911,4.02317892114154,NA,3.89976937045593,4.28609403572069,NA,4.68076630769562,4.99260408081561,4.74946364284007,3.47145008997934,4.84627094679169,4.26432357256586,4.98142761053392,4.7057863614101,NA,4.61268489484647,4.62310617121822,3.32304683357615,5.29234880836621,5.11747496385693,5.07927714591767,5.16080662387831,5.20725762747845,4.85044379998465,3.28428089504487,4.3239130168377,NA,NA,5.00349623158131,5.34859548077098,4.85661859426793,4.50518390097541,2.81045162302643,4.48916404933733,4.83196258777575,5.16259467059842,3.88827822638605,4.64547081680093,4.13234417421993,4.06471833926704,4.20529023260045,4.4260735054998,NA,3.49432391518699,3.29050485158379,3.78417846533017,4.36051519227754,3.74112205515852,3.22277950646736,2.52173652828408,2.95801757881269,NA,2.73314328573865,2.69685445888133,0,2.2502219235266,3.01966031432723,5.76569839842898,5.09224587185157,3.82375571533399,NA,NA,4.37597247301549,4.23937201815626,4.81029857920837,NA,4.40665219665241,4.70300564037085,4.64435307650697,4.24182928561249,4.28296417734735,4.27354755040896,4.45151153207818,3.69500559847174,5.04736431109855,4.73499389226417,6.49031027162573,5.59950305059489,4.81704689533557,5.40407109354141,4.79880680083404,4.48179945064461,4.93033460693733,4.65686998919448,4.73217979557654,4.2621222639328,3.95752346156931,4.40896530992025,4.47465046841236,NA,4.28851316149335,4.2732728322834,4.03276159915935,NA,4.31744150210798,4.83442568358372,4.38525999650964,5.03903960788668,NA,4.50496218940905,4.34288002870336,4.96103808652922,4.80451427832244,5.07901077993143,4.61848960966469,NA,5.23695030280795,4.57429939704629,4.81081320873687,4.71324606401344,4.37419985652415,4.55894845213707,4.6881725768637,4.35624766220782,4.67569555396203,5.06113710100259,4.52810645253148,4.2560255418413,4.8631861376843,4.83461707356716,4.59263882895797,4.2160786037758,4.23670832125685,4.07931645307211,4.06242821138254,4.33465083352329,3.85685614103364,4.07433076917985,3.82840920497014,4.36828465370121,NA,4.35089963534745,4.11494436817004,4.3603718629534,4.8090439508739,5.3878190363323,5.36776954300653,4.80665874128295,4.58393226493336,5.15149667058699,5.99968518259746,6.27392089381974,NA,4.80955210608388,4.18534748566719,4.61733111794852,3.71666450714721,3.81743910720605,3.82704346772596,4.25047295504513,4.04193616527962,4.0282905632168,4.02741123846476,4.11420890242388,4.56925055104146,4.69678821536239,3.98138125068307,3.709940310084,3.67660830599459,4.58091453432339,3.76215744705534,4.23663139819388,4.15627212462583,4.9016272137154,5.27085900818548,5.16280559311147,4.17851589259274,4.20736614397008,4.42150477408036,4.54461659733104,4.62190992567507,4.59041725909918,4.68317981104269,4.18280449732958,4.46882053366821,4.23265423348276,4.08491486388527,4.59650269829036,5.14227143359347,4.56694403206659,4.92748776730082,5.2202256679461,4.88655850951081,4.82972403727663,4.60965669210194,4.99549421578974,4.93251799808118,4.73627849338347,4.49240393949144,NA,4.5988742060716,4.7109336265612,4.95693452355878,4.99024048969586,4.95034777670657,4.91209864274515,NA,5.23016051627954,5.2627440107306,5.08295013693937,4.90995053213758,4.97720114757768,4.72449570544259,4.68170186871603,4.51036056699073,4.58526587961666,4.65754832881931,4.85363512775887,5.00522908514822,4.61220512487037,3.95499299262454,4.04560000519965,NA,3.95623827413516,NA,4.22195375534442,4.04613413770552,4.05086450222692,4.24937624513972,4.29462991786129,4.37537206337768,4.11296634436493,3.75882871253726,3.45910620230603,3.32579311922942,3.34491631209111,3.66018945986133,3.55600381887115,3.62345341769438,3.86358828568028,3.30335893388241,3.91121192973316,3.87448487252343,4.01723367498634,3.81862456537228,3.31061488045978,3.79365551082314,4.0800246979975,3.80519267255405,3.47443559351787,3.50921491103655,NA,3.87091110532602,NA,5.76414528835238,4.86164312797287,6.18957230892539,6.2931138471708,3.8771022400687,5.07909674695205,NA,4.57594246530615,5.28848859312889,4.03298227235146,3.76876388648582,NA,NA,NA,4.17374600903084,4.37811504477545,4.23799287438682,3.67466415974618,NA,3.74043295907303,4.51941861292788,3.76236292305131,4.06509664562841,4.13816419203282,4.04935713667705,4.39229162964,4.05651697122375,4.56939152753265,5.48121532348002,4.79330593091628,4.55639926028423,4.97405080794582,NA,4.0417725239583,4.51675975615748,4.1016285343294,NA,4.43446169576898,4.76000440099992,4.80486757694808,4.8248689895265,5.13334529146824,NA,NA,4.89344765017406,5.21749383442485,5.11473703275784,5.12457913287451,5.17094405765848,5.08288007299237,4.91286481712861,4.51061052410753,4.89692200774414,4.86125901501951,4.8621039830096,5.03054255019356,4.97683395672327,4.69038227422269,4.93848897484737,4.23817430042395,4.23436208974704,4.34768010058943,4.5736076014113,4.62574480482553,4.37303528705332,4.29115621263709,4.85087524329479,4.50338562712959,4.5442365398794,4.65159314954293,4.56442308065442,4.85047001354841,4.52354893445502,4.960556904402,4.61355649040667,4.56018206887076,4.90756185215345,4.38149473423331,3.59882404626977,3.85361680502134,4.39079220465955,NA,5.57579862746892,5.01941252779217,5.24168053723869,4.46935070841861,4.14433575763746,NA,4.56742607735042,4.13466202027526,3.99393927255249,4.59631814776121,5.13574459449174,4.34691894990431,3.6397971188029,NA,4.48654532216065,4.77778041399421,4.66464456093866,6.05658807153822,4.23403568274781,4.60142436175948,5.41973122937814,4.5288520595923,5.85689821423889,5.50233034621793,3.92212900373113,4.96841079226053,4.80424613794665,4.52834842132311,4.49351293829679,4.89561010370323,5.47267293555432,5.04329598934957,5.03257923646756,5.20842637229909,4.98051272011017,4.93361250997523,4.5495177950106,4.3473713963463,4.2875118838492,4.18681996224399,4.47694116486828,4.5602285487642,4.30576323156924,4.47962189661093,4.68388227162278,NA,4.42709693613697,4.50496173943291,5.7905466311009,4.76197824895814,4.50504097485133,4.5434958225461,4.47084458774022,4.59778724413493,NA,4.68103733933308,5.13752911858436,NA,4.95275081179652,5.18654088543424,5.08892698496886,4.8081753864064,4.89565674783679,4.82261917080908,4.83276349038377,4.58568170779843,4.33889408350939,4.86253886286934,4.85561216687138,4.6519985425581,4.98975701653602,5.15276188509274,4.73731252564139,4.79846231985269,4.98570609180482,5.18729542416891,5.27794176774552,4.86221326470595,NA,4.84944411998144,5.33389543029217,4.80787812854908,5.74660567406284,6.57108508022037,4.94621988820324,5.78971296995686,5.96256189750052,NA,4.72856945142499,4.96893670369174,5.18011356566532,4.86488984742167,4.28509340687275,NA,5.22972593283987,4.85747650727271,NA,5.10811318368433,4.48532622349758,4.30102007483259,4.97468593064401,4.40067043468965,4.9413910648563,4.18990639996619,3.94128083086245,4.29577781570777,4.52757640058602,4.27080164519502,4.52912274731209,4.58706393668683,4.3174896190679,4.14518213936492,4.11747710301706,4.57450749360256,4.12028731059543,4.1830745661056,4.75093410506485,5.34045529507784,4.95848374138149,4.88836040202782,4.31262011825772,4.90264882818735,3.93034627520915,4.37706501486436,4.39275449735086,3.8750566709962,4.18355345685561,3.83218849296979,4.04715910324442,3.90691452352018,3.99729357461288,4.27892306863879,4.07938590491581,4.15123519238582,4.1485687741049,4.29637045881593,NA,4.19391327288838,4.31320502012483,4.46440116898397,4.55468592826486,4.20709823534257,4.1237986726322
NA,NA,4.13094984367058,NA,3.88212346797434,4.24216749361085,4.01107152259701,4.67818028474151,4.95522670283107,3.65862353115148,4.25304786369205,4.43109202169263,3.48043809145952,3.94545521302052,NA,3.97237937584844,4.26294838005377,4.14442787789184,4.02738471197206,3.71474539498518,3.29651824919847,3.61924983454565,4.21436208434804,3.52942399726906,3.71342558676367,3.6732810333362,NA,3.68596131818002,3.58030300014881,3.57927015146834,3.21734118204107,3.57726081969562,3.751423001052,3.80842193771543,3.40625528023692,NA,NA,3.18419022844635,3.24706324573997,3.24042031154825,2.93470710760065,2.84500752521391,2.75665490156545,2.74223227439097,2.78453569534265,2.94016426560135,3.83082235114196,3.31238763270812,NA,3.90911930385357,4.49078357058851,3.45402144354847,3.59347137657387,4.71805064610144,6.37805956198573,7.28619452987782,4.6165115752626,5.79557062350727,4.79162891002443,4.95466672330929,5.49343711810599,5.65521053129172,5.00213519043007,4.66996698824318,4.91026649818047,4.47187476694552,5.55714316996588,4.14806710292101,4.5271331852172,3.90472331869143,3.60966760767216,4.31191588782108,3.06408694395633,3.44250481459023,3.13448849183306,3.43557843558635,3.57471221963953,3.72001826069846,3.67529682743848,3.39874658644525,NA,3.19276791526022,3.48328788669743,NA,3.89398804582817,4.27631110456736,4.03030251318627,2.69348343085866,4.04650200434231,3.54237224207994,4.25257409096419,4.0598861495976,NA,4.01280573393879,3.94188155507837,2.53539306121335,4.60770524102612,4.47210382237496,4.39199538105753,4.52489269170849,4.52106996117751,4.19919656763256,2.64040315175957,3.66927498360587,NA,NA,4.50574528350646,4.73643392590152,4.40873180831186,4.14227616421261,2.19330614604665,4.05234194097005,4.07345646695386,4.43356567950439,3.23633974500844,3.82403728360947,3.60838091367641,3.32213641961121,3.55958455633087,3.70704070699176,NA,3.27820566855437,3.15036106877512,3.5361400942878,4.00129183383396,3.00470029285174,3.01931138995818,2.47981945753253,2.69387309148549,NA,2.42111588375752,2.56358776408531,2.2502219235266,0,1.82757320313622,4.59546620025213,3.71628152763855,2.77380377927152,NA,NA,3.4613567349551,3.12157798655074,4.11509655215252,NA,3.59513341668202,3.61107273750068,3.85211569509776,3.54099860157005,3.67399349734761,3.53255326011534,3.64893725606987,2.88968144149997,4.49732276358976,3.90714778006158,5.49408372466417,4.57275041676681,3.95078269449573,4.53360032348562,3.85779414584681,3.771087424089,4.37286919318142,4.02470287230265,3.9713278123265,3.77101107190124,3.48288632483019,3.87880820394389,3.98219065295284,NA,3.90257919315567,3.799008066844,3.38133416995645,NA,3.7960593330842,4.25766970676789,3.70994382334142,4.5431710420242,NA,3.95281222769124,3.81257294221987,4.5404625277187,4.31342063669272,4.72351847382733,4.3305983460451,NA,4.8774614589097,4.16850709250764,4.48922260039218,4.17612019715368,3.91476702604896,4.18762604007371,4.22332701470447,4.01076084753572,4.24193339578896,4.54093111933045,4.19204740600622,3.89530831790437,4.43008896822866,4.37963735079302,4.272571547578,4.01770668217261,4.09714945235474,3.78822352456873,3.79061278088753,3.94503331122265,3.57046214038187,3.91117944978717,3.44024200103824,3.94943720987302,NA,3.97903316901951,3.41923222049941,3.73536184350644,4.1637695174431,4.6938330467011,4.40777736124181,3.91198416332915,3.70525493760176,3.89103151282402,4.81449943251314,5.41101094279949,NA,4.09971388086278,3.51306494487332,4.21594124100869,3.29840736401964,3.42088652745173,3.33479590528255,3.40798100270155,3.3051190995567,3.51650405077436,3.56912022406076,3.47332569443199,3.70007902372126,3.77124669871232,3.28799014781228,3.41403409356672,3.21824345998475,4.16663398724301,3.21911159911552,3.57741316310746,3.41701138845644,4.50100161264618,4.50223567943596,4.27459937114239,3.41048081877226,3.60815435136733,3.70852292747542,3.90960649433096,3.89474137406418,3.84164349027358,3.94459768218387,3.62684346871451,3.80829962036653,3.48063259978903,3.60172674126893,3.87099128730397,4.50447480308236,3.88759272554596,4.31608668334748,4.7075808917848,4.45677508527178,4.54057062501298,4.17078701489336,4.5994779762151,4.42851255395315,4.23963890898063,3.92355700487274,NA,3.91546945767012,4.25849437405029,4.49187627852282,4.39985901794655,4.30872638120465,4.37179991439428,NA,5.03739360077014,5.0304654253216,4.81241324989533,4.59380800993023,4.61982117431937,4.38804916511456,4.44756153176543,4.09909651199677,4.10766975153424,4.22704371755232,4.32159202236126,4.585141780275,4.1722498708556,3.48245092749712,3.59592082582526,NA,3.38167307276125,NA,3.67525576229972,3.65784019365009,3.35819942750916,3.61078039077791,3.69626052516184,3.81760887024377,3.5733744872196,3.22271231515521,2.90177860196531,2.88348997139415,2.89557643832844,3.26828901481007,3.06681605876487,3.15545622020863,3.27726622065373,2.96479275676164,3.22957880862803,3.09794876187918,3.70215012755198,3.59307002309769,2.86224950495715,3.18107855536733,3.23581265617072,3.02051505066453,2.67586050432032,2.99288362984163,NA,3.06554908577757,NA,4.9391065904559,3.99132047681998,5.24779478010019,5.43374015627207,3.00009374974814,4.43942329970291,NA,3.97716801956129,4.58675357332586,3.1963694115177,2.86322785541975,NA,NA,NA,3.48648211213533,3.7123711874038,3.50886880138946,3.06853032485583,NA,2.83955965685634,3.66714526390222,2.9242226884106,3.23912523718289,3.53556491777354,3.17298858775422,3.32442901167642,3.03947880211492,3.4956765332474,4.85313616841574,3.80596859649062,3.84421963359264,4.3796405273594,NA,3.37392219362015,4.22655260404149,3.35422713277107,NA,3.59534071741543,4.02917261624546,4.01833194426906,4.11275908028634,4.53166392995445,NA,NA,4.30528488585269,4.67906195199278,4.53742901816612,4.50062896752378,4.55500567492704,4.6504377216462,4.38812959699276,3.95676370577626,4.49423513136633,4.19502663373127,4.15102304771319,4.37108584253867,4.14565518255937,3.96717780557135,4.49310749168855,3.7243216634706,3.58566944029992,3.67907777339126,3.70398719955061,3.81617025831559,3.55142771167495,3.67646029130035,4.25220862959287,3.68105758729492,3.77852406157403,3.77570898738942,3.65893233625423,3.87591317680209,3.59599257032664,3.9969793478185,3.94630518244575,3.62910897416456,4.24106253448937,3.81714951438326,2.85634509715214,3.32787178543687,3.24507338438661,NA,4.59327540517248,3.65301159759434,4.01019172180157,3.27111152496646,3.0424601889072,NA,3.46827698873967,3.06290037054208,2.87301211381533,3.6177013782633,4.05875625127626,3.35493980890773,2.66436633105906,NA,3.4221148008731,3.54303435998881,3.73914602682802,5.1373993499944,3.17436704551612,3.60576115346033,4.30867420789215,3.57739224961914,4.87657721867594,4.51837747930167,2.84760420220592,3.85864529197881,3.8944448874312,3.48421199151418,3.42451643432162,3.87505815936215,4.37414682568164,3.94832908158566,3.85142014202831,4.01707381879435,4.0268053719277,3.79056601218278,3.47026563827039,3.47914548900161,3.21177846151682,3.05834386529103,3.60325463986226,3.77416417010701,3.25184382431066,3.60570807029799,3.84867514376238,NA,3.80420891545583,3.74176580391648,4.69199608147671,4.08448997842227,3.76352078326612,3.83693087587327,3.73617886042451,3.95809427366318,NA,3.92246904360779,4.4175929922408,NA,4.25685378434744,4.56773565620627,4.43672588838851,4.04160527791678,4.16609563581882,4.11475861356452,4.19399348351054,4.02991421480416,3.79788850692072,4.40611279539532,4.25144306420523,4.01861801414746,4.22369812770336,4.3140474469861,3.93258378983507,4.11248568594904,4.29680091328238,4.48827662579986,4.58247712116684,4.02437130768357,NA,4.21718116689388,4.53313526957114,4.07082664117586,5.04820662112261,5.806137828108,4.22592549066058,4.99333662184057,5.12340617827056,NA,3.97552090820477,4.41158512868375,4.4129580503292,3.94860516316186,3.54021610604824,NA,4.83609675808102,4.52449367768842,NA,4.19579770402274,3.56624379076865,3.40941940461011,4.12695682762457,3.45958029740167,4.14024763698039,3.15975390584783,2.79940198002112,3.28109686227907,3.42829720631911,3.42118343160842,3.35042690090249,3.57371347580233,3.47888708773443,3.42235894399445,3.63502505562937,3.94293099489093,3.37078489723174,3.52157985012449,3.76827934267348,4.30862560789611,4.06189415731621,3.86200759504889,3.30183729597511,3.65748881692675,2.90190387502224,3.30165321200145,3.40058473717723,2.80646250712492,3.11189810399592,2.82116593611494,3.11825266390223,3.1276118154064,3.20902418066814,3.57239347278505,3.16776990449348,3.51741761923614,3.6457943277712,3.54747657293517,NA,3.47997444544656,3.63285047187787,3.83864272885103,3.93398922535638,3.61963347624748,3.49203805003572
NA,NA,3.91065433451332,NA,3.70649678504967,3.97797279556015,3.63847482317916,4.45441079141404,4.76060487771675,3.53124878760203,4.18425855701301,4.33329808143803,3.15039964352358,3.94087330779558,NA,3.80632977270953,4.24973761891605,4.10009108676155,3.92006241217379,3.65931530572859,3.16628507365845,3.82641559991113,4.09775186707411,3.29730695220788,3.62705934528547,3.50941175850282,NA,3.41087843796865,3.36177415649621,3.39617378670751,3.09057640648101,3.42164459797694,3.47054821419801,3.50645134423722,3.07410878822354,NA,NA,2.96010391934613,3.12229558193141,3.19781339193466,2.75149800549587,2.59791992495967,2.4582461508909,2.56869441766656,2.39531743143008,2.5606530613402,3.49607265884246,2.87619917951288,NA,3.43066532626516,4.02239237084505,2.98762333387765,3.10917844057711,4.52792880403878,6.34605809980316,6.81717169128077,4.30674906744534,5.30238980621235,4.21350564917404,4.32733873357851,4.86593749051267,4.9958322311973,4.35770083991559,4.12130719424082,4.19356074447583,3.78373793034648,4.98573239064589,3.50193933165576,3.85658248370228,3.2475846556731,3.15564885710216,3.87083642365049,2.77038578399162,3.10531222840568,2.78432566345488,2.98277688285068,3.0686590614246,3.43397700288264,3.27513404259002,2.99704045494171,NA,2.80945007969813,3.13123136969403,NA,3.4699206927363,3.78108009641715,3.59732715385506,2.404104649961,3.6081394789392,3.17740493897751,3.86679107853087,3.62104460367432,NA,3.69194974761945,3.48806533631266,2.2707530134264,4.23887208549196,4.06623042915353,4.09161654849723,4.19082527977525,4.29718043482811,3.71008932434891,2.4300698469396,3.56769225107719,NA,NA,4.34604355759562,4.70127588477216,4.42202834547609,4.01324532796045,2.1513052913094,3.99287621612064,3.90122587996529,4.32565456773183,3.02764069428719,3.8191470665384,3.4887140597709,3.27316268230842,3.59355600031406,3.7901377643315,NA,3.22619873939744,3.12064853994088,3.37501540140116,3.82119429371651,2.76528527880162,3.04597453901448,2.65273889081766,2.68103766962424,NA,2.48696947533009,2.65418669248971,3.01966031432723,1.82757320313622,0,3.87088703830692,3.06909888358599,2.38430761513523,NA,NA,2.91233720310382,2.46011524847778,3.53273353332177,NA,2.82519146555336,2.97395246744586,3.42299919724169,3.0712139777585,3.05848720270488,3.03420003991791,3.19246153544497,2.41201306249246,4.24508998294832,3.19930646915708,5.00635159269984,4.19696007418917,3.33038113962332,3.9686593076137,3.31622331368379,3.10910198464636,3.84167784810168,3.56358981681097,3.55587580081897,3.24874171281711,3.06373829365968,3.52937147872933,3.60276677665906,NA,3.36543920022022,3.27913445371248,2.97489798916931,NA,3.4581968426202,3.95429967344076,3.3332771523331,4.2385633024211,NA,3.67724519616041,3.5184146660874,4.19122863700906,4.12396286841908,4.42678776572613,3.94903475469625,NA,4.54868227143641,3.96008278715722,4.06461760977853,3.82220127587631,3.59326440287574,3.87739888390725,3.97457664243829,3.66560439908441,3.86554223134874,4.22418953152882,3.76974958552574,3.64155559077288,4.27579376925985,4.12504532276538,4.19983214174632,3.78174472896427,3.9937921130871,3.68667490165913,3.86482587007268,3.95064679956384,3.29287985426016,3.68259704671849,3.30683840686758,3.65799643119653,NA,3.71596357564283,3.2156662211869,3.35055861036558,3.79186606720298,4.27105733494413,3.84287539406242,3.43448548472302,3.3871590757545,3.49276666181287,4.29475561761056,5.0522473873485,NA,3.95223820769653,3.37002916407398,4.17228030302591,3.1562748413633,3.25148034076561,2.91772522304294,2.77652742902283,2.73298070172786,3.07283092093965,3.21981518223818,3.07362266799097,3.26630413716804,3.3131844772723,3.23037387034616,3.72353663607491,3.41995406504437,4.23773534861979,3.13501393494212,3.29969550654127,3.30585332231321,4.18018825026918,4.05645452910779,3.69465733555191,3.10919973722417,3.27265045890963,3.37532807239443,3.31664530038819,3.15393575891006,3.20624152672822,3.30415916169441,3.22410528699714,3.327541609636,3.00359716421003,3.1961056833624,3.41204316068289,4.06343555527205,3.50060828585203,3.99844925013906,4.39827523052068,4.28461861502068,4.34449091680917,3.78425754574292,4.31811725517511,4.19254283956929,3.99489758010837,3.53575140171397,NA,3.53482282366469,3.86352521117721,4.06216031471734,4.09637830685632,3.97517683129176,4.0511867081373,NA,4.84624477395717,4.83363421864326,4.63902208528549,4.43889970346449,4.54527516066086,4.25288777829748,4.22216365378176,3.82528288810131,3.81655703082679,4.03447150056069,4.08490040698102,4.46808212422224,3.98023616605317,3.3717997549238,3.40800558682118,NA,3.31778230884563,NA,3.74758680264121,3.81040300344383,3.25579536709814,3.4397157631411,3.68812447332444,3.69132481664774,3.44438957037371,3.18688603844188,2.87286680718462,2.82260734245033,2.80232795661937,3.39405698618152,3.08679893555974,3.11056475312322,3.19173550329533,3.03003158016398,3.20083429566802,2.82871798414215,3.47346589646466,3.41935693823539,2.52312182764649,2.82322299110305,2.70575940577713,2.76273851275058,2.36089208427808,2.83569379821317,NA,2.66710098030808,NA,4.49431045095123,3.61525848286415,4.79455920885997,4.95791856478359,2.68511307053929,3.97628682862662,NA,3.73122864807991,4.39042791197835,2.73785962801315,2.45298722516244,NA,NA,NA,2.93529521835912,3.45892553926489,3.08882052603318,2.7738647907434,NA,2.58491171414329,3.29955979738439,2.53003459082599,2.95255714093784,3.02835541240486,2.70798862901854,2.88363277153888,2.52354954417786,3.09305922974283,4.34996165140409,3.39055722521711,3.4737467294947,3.86105211265715,NA,3.07878596613535,3.86403289720639,3.12175068710665,NA,3.18554781509335,3.65129635497498,3.62032602314296,3.78509241254837,4.19060429069405,NA,NA,4.02203210813644,4.36634046376838,4.28587285478577,4.22199211087285,4.18682502404048,4.22308733329669,4.02273104876822,3.63116865854902,4.03035343448133,3.82251232076996,3.80124239193122,3.98100537288798,3.87220590489244,3.81462459572083,4.35670462340325,3.57654071765491,3.52186353071599,3.59702867111063,3.60847403089293,3.71641295435885,3.36212138001064,3.39527902526682,4.00466276745158,3.47777385066495,3.5222668351198,3.60587941790501,3.44092817224704,3.62945894367781,3.51023432051269,3.88700215670229,3.88567517322049,3.50682204829151,4.22538585235653,3.86819414952909,2.72226491750813,3.20297253297768,2.69207553893062,NA,4.32798601384756,3.10693052309202,3.51082538434994,2.71614005890428,2.43441445124116,NA,2.75258733676952,2.48741433927439,2.30889985203122,3.28235517696252,3.36376057195724,2.94160312738735,2.36541233200484,NA,2.78212845741003,2.94995946202921,3.11983457520151,4.61318010758522,2.90533195344731,3.01158586320766,3.79128401437323,2.96792053135469,4.17584113860464,3.68508712628995,2.34711330078163,3.20831307954043,3.13353213017,2.86370012351957,2.78676664983835,3.28720340077236,3.59249357953669,3.13776716546953,3.09497050619647,3.40955832796906,3.38793227055688,3.27198896318526,2.87231105725826,2.81163753371789,2.62904133968241,2.49593744852322,3.1127370631757,3.23942000132497,2.72710747555017,3.12210576424249,3.34658566999376,NA,3.39937936962148,3.35356079100487,4.1052832716713,3.68764873580312,3.36907329575674,3.45826592922673,3.44054272752508,3.60982520759353,NA,3.66907862609705,4.15167817590437,NA,3.98326317211327,4.28681068013642,4.14009516986282,3.84659970703224,3.95845970794505,4.05196871684627,4.06647690658548,3.81509889298637,3.57573966242388,4.13544783470672,3.93968799505498,3.65199149981048,3.9436808461437,4.15302977776612,3.74756503290653,3.89713156150407,3.96436550051446,4.23033444147256,4.36082633404002,3.74603983170506,NA,3.97348122631455,4.31966183824538,3.89096179924159,4.81725301610498,5.59738186584048,3.9437569421067,4.77629397391474,4.8408946592022,NA,3.72924270673962,4.19582823319421,4.16809597839393,3.76427998422316,3.27838200007465,NA,4.70434947003156,4.28449813142034,NA,4.08320300409943,3.41804594501473,3.11743811946116,3.9745054811726,3.39077206443454,3.91310233926652,2.82929042508229,2.22710578899481,2.84427477354846,3.10699050941872,2.93597023932257,2.8790096573861,2.97963527213209,2.86932993946121,2.7659101468427,3.20546839857308,3.52994628349267,3.2433476991624,3.16882088447255,3.30758172764128,4.00773771538382,3.44675992820996,3.37197791310146,2.84318735664971,3.08901646568584,2.4284085807951,2.82677704279765,2.93429196419369,2.2440520837986,2.70360129066327,2.31404200349854,2.6113017163988,2.73226139875068,2.77844382856688,3.15031821617002,2.84516291607208,3.27727501814975,3.1883110001168,3.15921825149806,NA,3.11660012057368,3.31502994579105,3.47143895406513,3.5580639300598,3.3605185161082,3.05056144655441
NA,NA,5.78502422522112,NA,5.69144425949533,5.77207178182476,5.66289907848888,5.92685016214643,6.2416812236603,5.40882731929506,5.5719678207998,5.93883725271232,5.59090564652257,5.94025393413741,NA,6.01702206250006,5.97670991583162,5.97552121178833,5.89881911459471,5.82410755552218,5.6479358165661,6.03330369649512,6.16692976944113,5.58353973036404,5.77812013639729,5.86640825867443,NA,5.76658048900476,5.64717122844092,5.48596727302798,5.37232627436842,5.66117407446401,5.76006760111998,5.61147771848668,5.55558964998222,NA,NA,5.26314956522253,5.46693840587394,5.50501171217266,5.0337290921687,5.15254564980427,4.82544855862923,4.96985293047513,3.84706850581864,4.47285644966182,4.28121308230117,4.74225213480267,NA,5.34626992623207,4.2559386084966,3.71731494558361,4.17744712561621,4.36793411903529,5.33104254329224,5.16776391690144,5.23727452766555,4.19404333761211,3.67900735708129,3.75466789569564,4.30328546853066,3.83283592703562,4.09322206296744,5.30941944749925,4.09859562765706,4.70533079397318,5.54694013845705,5.04041726181496,5.23590017519871,5.09321102081754,5.37982848886599,6.16778822154951,5.22385565307878,5.57937760547885,5.37936625202724,5.47720568020974,5.45703684175602,5.73343313799441,5.60977800758072,5.5665818171868,NA,5.3329081321631,5.52047512300993,NA,5.75961891788948,6.01198132501182,5.76595320151213,5.0588606047837,5.66235813595154,5.45030215967518,5.89523988676581,5.79716805196944,NA,5.66993941039656,5.67573821609787,4.95054247497847,6.30934578852925,6.13745597630364,6.00394297638138,6.16396153201422,6.1165038311359,5.66615969562488,4.9111883285849,5.7078745596226,NA,NA,6.36252981791292,6.26750432621391,6.11364286471709,5.94994957149456,4.76446367430805,6.02365996608231,5.95519998247199,5.78327763617416,5.25645254434433,5.69667768651432,5.71575215206904,5.59227312463666,5.78831452374946,5.94784793088645,NA,5.8783369200753,5.84381940971306,5.95130074381361,6.34505026713749,5.44375969985995,5.75463106221229,5.41038181076172,5.34654081369133,NA,4.59123577132157,4.9324906151123,5.76569839842898,4.59546620025213,3.87088703830692,0,2.31170842010163,4.56554448283748,NA,NA,5.2120140086069,4.32401209535143,5.91418190633062,NA,4.21143318700745,4.65512456658354,5.36978348961564,5.3272854827477,4.24390564490601,4.78005805906874,4.53242120150121,4.55764021121389,4.99231649637807,4.83617529191176,4.69059178117482,5.05053991194245,4.97047613569095,5.1553400170162,5.06696197621948,5.30366152165538,6.14744621582893,5.75081986509842,5.60059546898949,5.64733978484942,5.47352539832761,5.72184992616775,5.78096305598559,NA,5.80475550373727,5.58234126506233,5.35000428368619,NA,5.91507339476493,6.18344262384859,5.61102291329165,6.40533139975052,NA,5.87942712308693,5.90324472674412,6.37770810433708,6.21611663477844,6.53495925690661,6.14267257512488,NA,6.63329476376484,6.15917422340858,6.31428621515004,6.06896256778319,5.82807038434683,5.98832059265288,6.05175461126057,5.91717129201753,6.0761066667655,6.35352526373419,5.99409923911686,5.92389969017547,6.36762094246349,6.50170956627953,6.52265420583702,6.23702216785374,6.37130662638843,6.072457955008,6.22649047244231,6.12692703950595,5.69431354549128,6.17900347488651,5.79596616391516,5.98091841383293,NA,5.69616419278359,5.17900147918099,5.44076633680034,5.70747440086915,5.86705950162114,4.98511783737223,5.13641203588415,4.96850957568075,3.80396775610088,4.54467983189804,6.20318589071437,NA,5.58065591967582,5.42453778917511,5.92611613432615,5.33868461589478,5.61876613128315,5.26291614712576,4.63672832647749,4.90783059301022,5.39743576404983,5.59266580410165,5.46362167217781,5.65953637159328,5.12079684312295,5.50030881756872,6.08763390825762,5.77940808555383,6.503747032618,5.68572865155906,5.8599194576515,5.6654670740788,6.53842117826804,6.12918135424481,5.38348896888219,5.42424233350301,5.71996391091802,5.68605296665573,5.75045063780681,5.14889055126041,5.31091409869534,5.38945129182154,5.58558690007949,5.51171399220955,5.09520371878471,5.57689426436152,5.71799091588545,6.33817229522499,5.81086447555451,6.21359023621494,6.45303609456436,6.42575172516271,6.46529587144122,6.00422789414977,6.36685849486403,6.1275184141286,6.11219885583611,5.7822264623293,NA,5.7781003354771,6.21660473733966,6.40444222473293,6.28333785931115,6.15896459518192,6.20158457434982,NA,6.91722332321136,6.89891104386321,6.68948731290793,6.57555242874933,6.69813676407798,6.56968474232278,6.60997320953004,6.21271413211706,6.24075095812832,6.21987950933193,6.1604912809852,6.58539739474142,6.24758059446035,5.72437504606125,5.81268373353096,NA,5.61971773521308,NA,5.9426994241489,6.13764329504724,5.54269993016244,5.47097632190263,5.77442555255827,5.72302461187705,5.78250918665177,5.59985829414994,5.44798280886631,5.51525174279124,5.34184908884617,5.9479208438731,5.58075805197674,5.70121367448711,5.77342382942886,5.70144926851139,5.5858135856305,5.34972578090041,5.94619000845575,5.67959337479185,4.86590034105565,4.46924084681613,4.4597322373182,5.086649633429,4.73665905375992,5.38449356053811,NA,4.52377266381128,NA,3.70787651766382,4.54237505628712,4.04052545548771,4.82403260410625,5.05616021448264,5.19975507846121,NA,5.45362832810689,5.98624567904399,4.6834047549467,4.66784966708117,NA,NA,NA,4.68042812770728,5.71533213538816,5.47962638591603,5.28275326801129,NA,4.93442253468131,5.47655288470384,4.90893998707612,5.07820705247912,5.46046010694736,4.67606049084273,4.32805828687353,3.99239148585346,3.8479277992162,6.08855322676336,4.9837576245958,5.44381790024808,5.90033311073909,NA,5.23890061737793,5.91249780471155,5.4156627646321,NA,5.37526918052789,5.80913604288535,5.81928708316792,6.06467253044182,6.28653652067796,NA,NA,6.12827716372258,6.31762644233676,6.34499673674684,6.36086430912779,6.19863722740805,6.36491929630291,6.1948785025337,5.87026391454672,6.35715699453268,5.96577912666699,5.93235694136665,6.14295690017291,5.71327469437646,5.86143360670881,6.65220625250996,5.88686327977783,5.67580303312376,5.68200984603233,5.52591575337816,5.69133053597018,5.37832436879965,5.43599498423167,5.73082419403911,5.50701196480343,5.49762325273057,5.49425775498925,5.37471930951608,5.2452936862358,5.34291398958019,5.56967557802807,5.85914966206608,5.30659260702812,5.89904192859709,5.85861503846092,4.80435683278025,5.17588850865761,3.7363751198406,NA,5.96701824989066,2.98206564421061,3.80370457331296,3.80844273371318,4.16818009853336,NA,3.43262286949457,4.05424505025505,4.03637259753816,4.6231367556828,3.4431754351737,4.13246794195742,4.7410759942257,NA,3.79258876050723,3.12530767555147,4.64984551362729,3.61857572528221,4.27362181046732,4.44481136175308,3.88510655852945,4.30477722822645,3.63302737939527,3.67765729580261,4.41100110383633,4.32850481501455,4.69939868476361,4.13957554112379,4.02069116578118,4.55468284153662,2.8950443411111,3.33526358945181,2.91466479440864,2.90379973679338,3.90211544831806,4.06493600135617,3.97062779323029,4.96753457291971,4.5375067288512,4.3602059917856,5.09512815724286,5.42254726704935,4.66866135550606,5.27195973139382,5.60129462687215,NA,5.70121813396694,5.54163397525646,2.56771066389161,5.84656734161183,5.55556767990839,5.68380756012481,5.67268097128054,5.84216776423583,NA,5.87352692253038,6.29897532437353,NA,6.07650746125294,6.4000814033249,6.23989029748365,5.80065029537041,5.99369547586915,6.21285250014301,6.17607460723132,5.83209222722851,5.64123719797772,5.95724491823167,5.8735671744311,5.61409068509635,5.6949465435429,6.08024219173346,5.5756991021989,5.61256293026202,5.62327087184656,5.9541188506933,6.14190632086415,5.67249450696714,NA,6.1046060214842,5.79469908172051,5.4049424251503,6.08257024695677,6.72955205807939,5.48382130122453,6.03600751428203,6.36467059186842,NA,5.4136931816796,5.78799098275949,5.85580773302603,5.52699546033034,5.31154162415594,NA,6.09502292514325,5.78116326077581,NA,5.90930974141037,5.28967392573828,4.94112674961105,5.12589206088458,5.15267327013674,5.79240041449786,5.19401591602261,4.24953728519942,4.9034927867515,4.8775411830444,4.72509997818124,4.17650571832136,4.3325049245797,4.17142194461225,3.93274236546395,5.77791670538332,5.04725562180937,5.38610242011287,5.60081772842363,4.0854720685216,5.06660113294569,4.33152895497757,4.27406912972648,4.37960571507087,3.04154668626774,3.98119999452603,3.95788383058912,4.66819463679499,4.3238623730235,4.07591345551885,4.2914702761463,4.77315857539709,4.91327049085267,4.95971712044427,5.3726588799649,4.94816493081638,5.63446830386617,5.75524424725697,5.59942701085803,NA,5.54094170453079,5.66329103156027,5.8248523993175,5.86873971487766,5.67629195229925,5.48243621941801
NA,NA,4.67470644016948,NA,4.47813459506529,4.8238998379655,4.55091578066514,5.08546799991973,5.44752375261209,4.48281541643739,4.63029191192761,5.04685485203944,4.44744451028152,4.94719779724135,NA,5.09169931657066,4.94217159335775,5.08388616610564,4.91628676691285,4.89918665413395,4.56988121946879,5.21092597891879,5.29405790187595,4.51456006488147,4.64937838308885,4.76726849685959,NA,4.66059125417372,4.52832712822354,4.48748234114466,4.24635414144703,4.38926337095247,4.48245893272035,4.4154439038755,4.38441184169422,NA,NA,4.09345290488281,4.43283630311809,4.4852665600584,3.97873637796996,4.10482911508212,3.75036877724155,3.77455216012038,3.16156616107276,3.70709995455948,3.81592314183372,3.94406346818569,NA,4.46441304662273,4.09055733135866,3.26515264825061,3.57335734491501,4.4655993916449,5.64589332578119,5.9804537281911,4.53733469253122,4.43245591640917,3.60162395232307,3.8648823804176,4.46120802670397,4.23876018091096,4.0568312578895,4.54240898091328,3.95684739216344,4.0886099819541,5.12196900365536,4.14768380300806,4.50369930205418,4.30606728083767,4.56363637658231,5.22584863549784,4.1502088460343,4.53320715079829,4.25409646752757,4.39978032167732,4.41068138056563,4.71129640140708,4.47914140697213,4.42047145475863,NA,4.20602327770427,4.45833104653222,NA,4.65787789508119,4.8881020022354,4.73246225091211,3.89442865954615,4.64741203094285,4.40906602660879,4.90881409981586,4.78236384484934,NA,4.76697283977984,4.57829697374868,3.79324613346174,5.26159397338452,5.11300035956037,5.03861118276156,5.16988841400497,5.11164834633037,4.58691870262897,3.82223006368298,4.6284555545318,NA,NA,5.39100052298007,5.39342917834325,5.10978592839982,4.91583957540294,3.68421612056713,4.95045512279107,4.68806303451679,4.79347106023323,3.95651942725492,4.56228324869968,4.51440940558175,4.37115495774468,4.60132065754703,4.72351977303707,NA,4.72779056742728,4.71130912026147,4.86366966365298,5.18168977556177,4.14766207455064,4.63360093716046,4.32722652197172,4.33976692897305,NA,3.97156756753173,4.2619662289337,5.09224587185157,3.71628152763855,3.06909888358599,2.31170842010163,0,3.42836609028143,NA,NA,4.03300791158296,3.21531124083692,4.83842679955499,NA,3.54444079824596,3.7672702414315,4.33998616244791,4.32885090542666,3.88523031206945,4.08485823602205,3.98366192953957,3.64445492983171,4.46308036599028,4.02866973177573,4.66671621320843,4.2817714184122,3.94201536427513,4.43428143791051,4.15147088133638,4.23167855888634,5.03179748984024,4.67854681170842,4.68651109811587,4.54183806367505,4.46928973854746,4.64931447468072,4.77271138861203,NA,4.79979060331843,4.56839023888725,4.31247290487616,NA,4.7513771049349,5.0591145294602,4.55785653601655,5.37668872034655,NA,4.86374178326461,4.92101638083533,5.45264388739455,5.22532250402195,5.49372288260181,5.17579892341258,NA,5.74850983492678,5.09459061041074,5.26028252207961,5.02955014840976,4.8122400238462,4.99428257351059,5.02873827954021,4.8881324555303,5.03365782422411,5.35936030152226,5.01748995460869,4.87688829200826,5.28467802460627,5.40014724807159,5.54904126231141,5.15655269089026,5.37687328535484,5.01843057384951,5.29371064081156,5.20177270932255,4.69098207352771,5.18918873775321,4.75235521601455,4.9947155430193,NA,4.73953814859154,4.02104750411562,4.56117215272646,4.8314341387316,5.1261756510825,4.32756778711437,4.12414525330086,3.81515198893997,2.89156466236901,3.87143964845735,5.26758659756594,NA,4.27473231203682,4.11084206048991,4.85402777909518,4.30578842931054,4.5247704620257,4.25264315454343,3.72200571343119,4.03459236173095,4.36708920972369,4.60077923414314,4.41077167050481,4.55599756972551,4.21722756708021,4.43108651131413,5.10404559254026,4.80286239372159,5.41639205459795,4.64427441789873,4.850119124055,4.46106714413818,5.5759060086436,5.1701529211165,4.47347098573788,4.34137809728229,4.63573817511564,4.70185098572995,4.59873391462862,4.17617138557669,4.3297552311582,4.42254857824375,4.53274004351017,4.41342629915261,4.01417825587685,4.50633213294109,4.65987466867638,5.30265941921797,4.76947498928272,5.23109580239714,5.54573922670969,5.38604111591269,5.49749861721262,4.9851294057763,5.39543068544621,5.09894568594498,5.07465126156603,4.54361259927073,NA,4.65943954858886,5.15532650608731,5.2845818255464,5.21960475124581,5.0550981638574,5.06543578891089,NA,5.94741184358733,6.0034045511065,5.76275869554372,5.61051461943102,5.77296495746721,5.54181745595894,5.60976684077719,5.18215382134985,5.18504184734805,5.18174559820515,5.02962605203312,5.58334206762042,5.11450075312913,4.66582003212824,4.74102794553109,NA,4.44993907653785,NA,4.78896576763498,4.96206748847323,4.39547438900896,4.36341207967768,4.55247698718403,4.64085518458257,4.6940906318841,4.36910114042556,4.28381918851552,4.31678582036577,4.14444008584089,4.75002939687082,4.31657419309256,4.46715583438666,4.55576797417674,4.55549979312096,4.35938110600467,4.00580810271637,4.82329570858679,4.7269825126914,3.89787281858741,3.60187274296242,3.49358805894964,4.00698570917177,3.60137454135046,4.23863772802825,NA,3.59840705799654,NA,3.96316783681145,4.00026068255608,4.43550898610618,4.64898612817079,3.97497960215536,4.60258159203714,NA,4.57436448955639,4.9949788460166,3.52405217500562,3.56962816057914,NA,NA,NA,3.8494708167578,4.57438910988729,4.38575491612888,4.12658767148659,NA,3.81561831163467,4.34333554922569,3.8135180771912,4.1025641413823,4.40213417485187,3.56946653811225,3.35365946287539,3.18159728470357,3.44980674866535,5.03971240328731,3.7712935321006,4.43194835388624,4.92478495171274,NA,4.21548049380929,5.02673133327017,4.34739295141996,NA,4.25514407957691,4.70619702525692,4.62839480068687,4.96495869806715,5.18712068031001,NA,NA,5.0877932833979,5.32568138067158,5.32449723717367,5.32277022644358,5.10878384911045,5.37492739307924,5.1521275086594,4.71608877150233,5.30246616121942,4.75980034154318,4.72190853856565,4.99981703833897,4.44523833281391,4.6226394274639,5.62848201798989,4.8978621011788,4.60179134423374,4.52736325316385,4.31701679031639,4.47142452707179,4.07645133955306,4.24534802356688,4.55366232665352,4.2632899875174,4.22920250402847,4.1730764502903,4.0433562018257,3.95174507353942,3.94550777791319,4.31420421039053,4.65546010685561,3.91661302487849,4.75541842475683,4.74874387279252,3.82416677633989,4.23986785015443,2.81730563299238,NA,4.83752448092691,2.39887196782771,2.94922744019631,2.89304766755058,3.32893657946978,NA,2.95618834741263,3.24551584698222,3.10358194472664,3.91026688609915,2.96227988101093,3.56994189191007,3.64716489634647,NA,3.25950502602703,2.67903217740662,3.83733323831529,4.17313288903331,3.48162157276768,3.52244390662334,3.51122039879262,3.51255502684955,3.76426296101097,3.4247255836221,3.16847048726499,3.41244824483612,3.82292524832533,3.42112934288541,3.18204628121829,3.79273795378148,2.85858892240728,2.82711715192619,2.52323410028843,2.65570739561159,3.46338329937443,3.29433457520493,3.19594006797803,3.88523657426701,3.45823579594469,3.23187671353398,4.10150543949744,4.33592135011915,3.5919319414866,4.11255926379527,4.4051028450517,NA,4.58011549561295,4.3726518228701,2.94067175689882,4.720313870297,4.3424547666745,4.52733471617017,4.50733714730516,4.69600561933804,NA,4.72894536486189,5.21138984720059,NA,4.99283021259351,5.39107534862798,5.22007434060681,4.69846025503914,4.88050897014554,5.14149796200815,5.14261143394486,4.78372383672051,4.55717049990828,4.89971451303865,4.70556590529934,4.45178538479431,4.62608834773123,5.00335820445972,4.40523246016048,4.51332103544207,4.52911545116342,4.91269811213986,5.28171168906482,4.4483410576924,NA,4.93937032153946,4.65328258183256,4.1637752661348,5.0680163904135,5.6715252584391,4.37295613687551,5.02826085061638,5.38084868319992,NA,4.29530503560669,4.83296371470167,4.84769037995577,4.45914713496756,4.17703030268237,NA,5.32329516352748,5.02593868646201,NA,4.78652498234592,4.12023221024339,3.76727885575872,4.20220500696784,4.0216909114438,4.81658266353226,3.90656620146112,3.15502270317098,3.95020654679915,3.96467005331085,3.88524052594917,3.37506659197371,3.66962231997072,3.57562171852825,3.51842899161264,4.77419416327252,4.41433533443495,4.42318240735501,4.61991801559106,3.3551901801686,3.99992342587505,3.7724641309559,3.57099779581044,3.48608597119319,2.65801254343534,3.22131159281526,3.34630683678525,3.73649163591149,3.3444176676329,3.21551959023645,3.3498353620215,3.74860620259582,4.06658666195626,4.00061319157337,4.37716446097039,3.91636198095301,4.64693154916112,4.71067417545013,4.46929363608018,NA,4.45822588780288,4.63153716429553,4.78600570200306,4.82488594266336,4.67798814398249,4.41757377529018
NA,NA,3.74911239948726,NA,3.35161034170571,3.66039230660909,3.32983507339696,4.31451035530203,4.58200700280003,3.31516460907822,4.38975659282522,4.48404245756285,2.82865309306693,3.69741251638129,NA,3.4783895800175,4.22644466126758,3.88262873919018,3.79776972593678,3.78842380278637,3.23509503786796,3.91738169184,4.20949916616787,3.11226408531276,3.64491271848379,3.63239771195365,NA,3.18641084155847,3.15429945915395,3.43750885095828,2.91068875858387,3.17037631363802,3.1359761167588,3.30077622834091,2.97086738566735,NA,NA,2.81521893590172,3.02596652471201,3.08055434519104,2.57401826246901,2.58476824899258,2.57761894050198,2.19230446923917,2.6776365464711,2.71241466372318,3.47763538196533,2.6493697485866,NA,2.98061372506243,3.92840100972722,3.09320990545106,3.07323020163195,4.8728640108062,6.69437072849723,7.14789697258053,4.60691201650104,5.6087318165447,4.57310836445828,4.65759409583633,5.34906858146435,5.3657900350726,4.6544588406389,4.30449522541003,4.45128405561605,3.92499219905512,4.93827953582316,3.27558791055121,3.89435767790271,3.04457926407981,3.00202152339538,3.47465417061082,2.39986049513412,2.74167886410412,2.45481036173937,2.67685976356977,2.86957660244823,2.96402153169641,2.76054419959037,2.55735703372612,NA,2.49233361715793,2.7995026095075,NA,3.02871135164204,3.41593638011724,3.12484695988646,2.3457478487639,3.28308219630816,2.83394037788341,3.38123178336235,3.14364671323091,NA,3.31169690474844,3.07562835580182,2.36114293026352,3.75415405148547,3.66000278397891,3.65433282834217,3.69844926940871,4.06626082707034,3.24116370457558,2.39722335244451,3.34350178439317,NA,NA,3.95945930101015,4.49212857797144,4.47850927714447,4.14560671176622,2.60777713699818,4.03124952557295,3.80261306458025,4.51524577468531,3.12110120583306,3.72733032137968,3.45510810355079,3.20712863756064,3.81756403818193,3.7079365690954,NA,2.99926706107277,3.31491677766149,3.28370506128829,3.4019038623071,2.54617945225728,3.20078866902683,2.9830216178013,2.93722190193349,NA,3.36213026930727,3.57178052412243,3.82375571533399,2.77380377927152,2.38430761513523,4.56554448283748,3.42836609028143,0,NA,NA,2.29493745006429,2.04309033273236,2.90731277117542,NA,2.7443109760261,2.67169756561966,2.98617990067041,2.72823352009268,3.10007011030148,3.06370147835321,3.09767890096813,2.23433471453973,4.33312253512002,3.36832207884099,5.35430194687394,4.37360024793534,3.31242868461418,3.63671642554575,2.90452950491209,2.91114814681148,3.33640427597263,3.00777331477958,3.17701526986519,2.87299898108892,2.68284414335041,3.10624840109161,3.26728427359939,NA,3.21333976263717,3.2266198532962,2.79963813117299,NA,3.10756274837418,3.53473177210784,3.25549240811857,3.98174377785707,NA,3.27027601873863,3.33708817126941,3.87802561161418,3.68637287290709,3.86100726903683,3.61888083861231,NA,4.20082584156546,3.48420843424678,3.605482635504,3.48571670085399,3.25157829892463,3.4930722374086,3.63826199560225,3.21535866851361,3.39080452110801,3.73364256299571,3.47274333766261,3.17250646400769,3.54855401140527,3.47771936480792,3.62507145543253,3.30926712449456,3.55272611166873,3.45327741642174,3.5294148587651,3.66137947717565,3.24269395301155,3.45848813850056,3.04109222433728,3.53095134270315,NA,3.81430491194777,3.23149105491814,3.87164027360945,4.23844840843006,4.91669235783805,4.50222714423581,3.75090115954092,3.3403771278275,3.85392333437436,4.61451035605901,5.1933492156266,NA,3.81442975339995,3.10407838185642,3.8404871800884,2.89105204169542,3.09528984358309,2.6430531037309,2.9184741055666,2.71346671013506,2.86137732997767,2.95160913405766,3.0855096618785,3.23277440743417,3.25588222610808,2.97588513991372,3.29192126598878,3.17783519104655,3.94157278092628,2.72666557389551,3.10073962433361,2.83794203996068,3.91647151503657,3.83730116220013,3.59607445797974,2.82966301276356,2.88692212574067,2.93924015195933,3.16911124747378,3.25534503761073,3.16102562395683,3.11731787334487,2.79441139396374,3.18343376361346,3.06769218714473,3.01284584784696,3.04065013807415,3.68441146803431,3.33262328300208,3.73083780834281,4.2726983986088,3.8916362210101,4.00930189824519,3.80762649985116,4.09252140211288,3.98098680242519,3.80119356742199,3.42378675524956,NA,3.28294533176218,3.48523854174976,3.73386847210762,3.76641190782588,3.74050841366723,3.92112063589192,NA,4.45222407267447,4.60610561536817,4.40674792350099,4.16978058675354,4.37305361170681,4.0551638699253,4.10250048987356,3.63547066883011,3.73276161544634,3.87575662307075,3.76932542982522,3.98809628455627,3.81792071399435,3.44956931041139,3.20660751575945,NA,3.08899683606517,NA,3.83605306022512,3.9292760397688,3.38784637311581,3.4510211504695,3.58584161013252,3.66920731032314,3.53424428423992,3.24508080015896,2.81428755369261,2.73328841873453,2.66511198411083,3.02771319933005,2.84812111660387,2.91499542891063,3.32853239153305,2.79604057776178,2.92587165139445,2.43454595579629,3.14278984544212,3.12395232372688,2.5947826163794,2.88607940946774,2.74275388033817,2.59917974075469,2.12069103067749,2.49943227483229,NA,2.70868466128314,NA,4.8308246878077,3.63705427921275,4.94888922614239,5.2187834668631,2.54574641633203,4.10295646693866,NA,3.83117206239042,4.54102405445665,3.02671700860308,2.62889283127186,NA,NA,NA,3.0889414475207,3.06922344913554,2.76439687228714,2.68898692540401,NA,2.39317807541556,3.25712954707623,2.4682735029461,2.85588460025439,2.75749758026709,2.81067985193724,2.93604052226803,2.90592477085977,3.7386152944936,4.73199773405064,3.25462072509381,3.42130640418522,3.79493498504123,NA,2.77099441891729,4.03157390435954,2.81512912081969,NA,2.74363590948578,3.23215409437304,3.17944111633602,3.32846047241187,3.70524883431647,NA,NA,3.57500988274938,3.95379516850705,3.80317775061948,3.72915044432363,3.73525000859148,3.87027257102487,3.67459445030308,3.23085857727082,3.46397454448768,3.38894408436617,3.39993551183775,3.37777712117878,3.60352117989836,3.54869865713525,3.88823031628591,3.42370720099376,3.30346928380928,3.3825921916997,3.672318761504,3.76419664015046,3.53721544900032,3.56496619888869,4.22570058140095,3.68391607585881,3.67113277086313,3.65635110673979,3.53913636694968,3.69551635157662,3.52476616012994,3.89103574529819,3.77385388917599,3.51396011914036,4.34234840182757,3.78914521783799,2.94447318973282,3.29529981071286,3.08472916746689,NA,4.37350166598226,3.43930347897277,3.68093841217427,2.85321038620575,2.64250153187532,NA,3.06166712099378,2.68640696762924,2.56117084658325,3.49585399805986,3.65008096214241,3.33619924735694,2.45380167476536,NA,3.31012909024985,3.4286714455654,3.4014912224079,5.03824762230024,3.18570901568901,3.218810880397,4.15791974757439,3.23693046151979,4.54728795057281,4.02203759762811,2.54750393959625,3.54904305967111,3.31598498021165,3.22816130538495,3.0806544467234,3.41863474834871,3.91386540936964,3.43798002100851,3.47872252362369,3.84059402686087,3.69800210261401,3.44124865556104,3.12598831568461,2.75291824250978,2.58005193008406,2.40067062639458,2.99444740994646,3.03701387766792,2.75187533572701,2.9298613913516,3.11645194059308,NA,3.24597519090561,3.30523616056013,4.47830532477381,3.49169766059104,3.33068260823999,3.37294436591108,3.51266276998844,3.42833730711183,NA,3.54952777142995,3.98869198496526,NA,3.79887071124376,4.02183464054404,3.88926822291762,3.6880721354132,3.73124075800704,3.82013550643064,3.97884959479429,3.78625266598129,3.58508130034581,4.36572121871905,4.07639601131307,3.76968998050393,4.0518081727554,4.2262860189505,3.85999073690684,4.05936170793129,4.19100233223806,4.52746645564523,4.54778729491944,3.83941625072982,NA,3.62534468255473,4.31058772611638,4.03751306409364,5.04410166719171,5.74323558797105,4.11079744855598,4.87876102380608,5.0213136652894,NA,3.79980837271896,4.36869024650355,4.36328691741365,4.00373161117571,3.42370718663665,NA,4.86207064901548,4.50432439629031,NA,4.15377537469418,3.61367738185375,3.49306367119851,4.30954007422599,3.52536131847445,4.37805395184194,3.04709762761854,2.83005978359308,3.52010774707899,3.68757688932461,3.39162845402792,3.2954130124495,3.28463883829014,3.034088476023,3.24810342756344,2.83926245600269,3.9988314142486,3.08671283825433,3.08701716467606,3.80774406266907,4.22189729320901,4.02271653144797,3.75819103615345,3.09363318201051,3.4561264033649,2.66878253013024,3.12676651791769,2.81608130928176,2.32287657676213,2.91634484848113,2.44159642019256,2.36908837517057,2.70068750653106,2.4954983446147,2.96528498810046,2.78673788852577,3.16899545646722,2.87106697318195,2.82308713032229,NA,2.87204699472155,3.01147213687256,3.18082679384291,3.15545517202123,3.13793325901637,2.94194204443079
NA,NA,NA,NA,NA,NA,NA,NA,NA,NA,NA,NA,NA,NA,NA,NA,NA,NA,NA,NA,NA,NA,NA,NA,NA,NA,NA,NA,NA,NA,NA,NA,NA,NA,NA,NA,NA,NA,NA,NA,NA,NA,NA,NA,NA,NA,NA,NA,NA,NA,NA,NA,NA,NA,NA,NA,NA,NA,NA,NA,NA,NA,NA,NA,NA,NA,NA,NA,NA,NA,NA,NA,NA,NA,NA,NA,NA,NA,NA,NA,NA,NA,NA,NA,NA,NA,NA,NA,NA,NA,NA,NA,NA,NA,NA,NA,NA,NA,NA,NA,NA,NA,NA,NA,NA,NA,NA,NA,NA,NA,NA,NA,NA,NA,NA,NA,NA,NA,NA,NA,NA,NA,NA,NA,NA,NA,NA,NA,NA,NA,NA,NA,NA,NA,NA,NA,NA,NA,0,NA,NA,NA,NA,NA,NA,NA,NA,NA,NA,NA,NA,NA,NA,NA,NA,NA,NA,NA,NA,NA,NA,NA,NA,NA,NA,NA,NA,NA,NA,NA,NA,NA,NA,NA,NA,NA,NA,NA,NA,NA,NA,NA,NA,NA,NA,NA,NA,NA,NA,NA,NA,NA,NA,NA,NA,NA,NA,NA,NA,NA,NA,NA,NA,NA,NA,NA,NA,NA,NA,NA,NA,NA,NA,NA,NA,NA,NA,NA,NA,NA,NA,NA,NA,NA,NA,NA,NA,NA,NA,NA,NA,NA,NA,NA,NA,NA,NA,NA,NA,NA,NA,NA,NA,NA,NA,NA,NA,NA,NA,NA,NA,NA,NA,NA,NA,NA,NA,NA,NA,NA,NA,NA,NA,NA,NA,NA,NA,NA,NA,NA,NA,NA,NA,NA,NA,NA,NA,NA,NA,NA,NA,NA,NA,NA,NA,NA,NA,NA,NA,NA,NA,NA,NA,NA,NA,NA,NA,NA,NA,NA,NA,NA,NA,NA,NA,NA,NA,NA,NA,NA,NA,NA,NA,NA,NA,NA,NA,NA,NA,NA,NA,NA,NA,NA,NA,NA,NA,NA,NA,NA,NA,NA,NA,NA,NA,NA,NA,NA,NA,NA,NA,NA,NA,NA,NA,NA,NA,NA,NA,NA,NA,NA,NA,NA,NA,NA,NA,NA,NA,NA,NA,NA,NA,NA,NA,NA,NA,NA,NA,NA,NA,NA,NA,NA,NA,NA,NA,NA,NA,NA,NA,NA,NA,NA,NA,NA,NA,NA,NA,NA,NA,NA,NA,NA,NA,NA,NA,NA,NA,NA,NA,NA,NA,NA,NA,NA,NA,NA,NA,NA,NA,NA,NA,NA,NA,NA,NA,NA,NA,NA,NA,NA,NA,NA,NA,NA,NA,NA,NA,NA,NA,NA,NA,NA,NA,NA,NA,NA,NA,NA,NA,NA,NA,NA,NA,NA,NA,NA,NA,NA,NA,NA,NA,NA,NA,NA,NA,NA,NA,NA,NA,NA,NA,NA,NA,NA,NA,NA,NA,NA,NA,NA,NA,NA,NA,NA,NA,NA,NA,NA,NA,NA,NA,NA,NA,NA,NA,NA,NA,NA,NA,NA,NA,NA,NA,NA,NA,NA,NA,NA,NA,NA,NA,NA,NA,NA,NA,NA,NA,NA,NA,NA,NA,NA,NA,NA,NA,NA,NA,NA,NA,NA,NA,NA,NA,NA,NA,NA,NA,NA,NA,NA,NA,NA,NA,NA,NA,NA,NA,NA,NA,NA,NA,NA,NA,NA,NA
NA,NA,NA,NA,NA,NA,NA,NA,NA,NA,NA,NA,NA,NA,NA,NA,NA,NA,NA,NA,NA,NA,NA,NA,NA,NA,NA,NA,NA,NA,NA,NA,NA,NA,NA,NA,NA,NA,NA,NA,NA,NA,NA,NA,NA,NA,NA,NA,NA,NA,NA,NA,NA,NA,NA,NA,NA,NA,NA,NA,NA,NA,NA,NA,NA,NA,NA,NA,NA,NA,NA,NA,NA,NA,NA,NA,NA,NA,NA,NA,NA,NA,NA,NA,NA,NA,NA,NA,NA,NA,NA,NA,NA,NA,NA,NA,NA,NA,NA,NA,NA,NA,NA,NA,NA,NA,NA,NA,NA,NA,NA,NA,NA,NA,NA,NA,NA,NA,NA,NA,NA,NA,NA,NA,NA,NA,NA,NA,NA,NA,NA,NA,NA,NA,NA,NA,NA,NA,NA,0,NA,NA,NA,NA,NA,NA,NA,NA,NA,NA,NA,NA,NA,NA,NA,NA,NA,NA,NA,NA,NA,NA,NA,NA,NA,NA,NA,NA,NA,NA,NA,NA,NA,NA,NA,NA,NA,NA,NA,NA,NA,NA,NA,NA,NA,NA,NA,NA,NA,NA,NA,NA,NA,NA,NA,NA,NA,NA,NA,NA,NA,NA,NA,NA,NA,NA,NA,NA,NA,NA,NA,NA,NA,NA,NA,NA,NA,NA,NA,NA,NA,NA,NA,NA,NA,NA,NA,NA,NA,NA,NA,NA,NA,NA,NA,NA,NA,NA,NA,NA,NA,NA,NA,NA,NA,NA,NA,NA,NA,NA,NA,NA,NA,NA,NA,NA,NA,NA,NA,NA,NA,NA,NA,NA,NA,NA,NA,NA,NA,NA,NA,NA,NA,NA,NA,NA,NA,NA,NA,NA,NA,NA,NA,NA,NA,NA,NA,NA,NA,NA,NA,NA,NA,NA,NA,NA,NA,NA,NA,NA,NA,NA,NA,NA,NA,NA,NA,NA,NA,NA,NA,NA,NA,NA,NA,NA,NA,NA,NA,NA,NA,NA,NA,NA,NA,NA,NA,NA,NA,NA,NA,NA,NA,NA,NA,NA,NA,NA,NA,NA,NA,NA,NA,NA,NA,NA,NA,NA,NA,NA,NA,NA,NA,NA,NA,NA,NA,NA,NA,NA,NA,NA,NA,NA,NA,NA,NA,NA,NA,NA,NA,NA,NA,NA,NA,NA,NA,NA,NA,NA,NA,NA,NA,NA,NA,NA,NA,NA,NA,NA,NA,NA,NA,NA,NA,NA,NA,NA,NA,NA,NA,NA,NA,NA,NA,NA,NA,NA,NA,NA,NA,NA,NA,NA,NA,NA,NA,NA,NA,NA,NA,NA,NA,NA,NA,NA,NA,NA,NA,NA,NA,NA,NA,NA,NA,NA,NA,NA,NA,NA,NA,NA,NA,NA,NA,NA,NA,NA,NA,NA,NA,NA,NA,NA,NA,NA,NA,NA,NA,NA,NA,NA,NA,NA,NA,NA,NA,NA,NA,NA,NA,NA,NA,NA,NA,NA,NA,NA,NA,NA,NA,NA,NA,NA,NA,NA,NA,NA,NA,NA,NA,NA,NA,NA,NA,NA,NA,NA,NA,NA,NA,NA,NA,NA,NA,NA,NA,NA,NA,NA,NA,NA,NA,NA,NA,NA,NA,NA,NA,NA,NA,NA,NA,NA,NA,NA,NA,NA,NA,NA,NA,NA,NA,NA,NA,NA,NA,NA,NA,NA,NA,NA,NA,NA,NA,NA,NA
NA,NA,3.93552452599676,NA,3.41707834088212,3.90340832525966,3.42976739614685,4.61079208751191,4.99785901918353,3.96543693175327,4.74128569529922,5.01140024932802,3.08759932153237,4.01625002713614,NA,3.66895645121094,4.53927963732101,4.29716839670879,4.01881045134057,4.1365955170291,3.36311217397971,4.38057790048434,4.57340056254082,3.1219171967971,3.63661784257561,3.77279167682999,NA,3.26297787882048,3.13803072493725,3.65473892641293,3.06502114456883,2.90973815610358,2.72821439853232,2.99774694662811,2.75276942647604,NA,NA,2.72814773198976,3.07666620804777,3.26302532485394,2.85137815864884,2.69107176331871,2.63790131936999,2.70442231954729,3.17073799259928,3.11205245438147,4.26263202163196,3.25756464212172,NA,3.04795131908128,4.65483072678445,3.50869824781722,3.38590260165951,5.33453662366175,7.21121388666223,7.66754525240122,4.9701631111323,6.04110567795169,5.08633051804972,5.09616374204212,5.84817927047258,5.80167485784056,5.10840224669209,4.52380427422424,4.88883763947682,4.23469424797311,5.42632597613446,3.67954590797592,4.30530721096558,3.1972340564308,3.52108230088539,3.49982741541289,2.62451228361594,2.92016518666936,2.60674435910476,2.60532074974357,2.98794914578508,3.28736340807777,2.96285711099126,2.58520634160642,NA,2.5200346975071,2.86213025940154,NA,3.03325509210663,3.23362127039905,3.19595034764227,2.38775256149977,3.28638917267425,2.95054324627431,3.46999018419183,3.1511647403375,NA,3.56917268423262,3.12282944853028,2.47209953761879,3.77250991068454,3.8413657895884,3.80790578454029,3.77667213173282,4.42862874571817,3.27248473762685,2.46986328948128,3.4967306690282,NA,NA,3.91373326609997,4.67981705489214,4.53857553495527,4.11405352501844,2.85367253428061,3.96704129412335,3.72139246200391,4.59127561153181,3.0384279593783,3.65630325632558,3.42023810407972,2.94366216444747,3.83131066239088,3.90386740167213,NA,3.04247077652696,3.43697858882327,3.47111937773453,3.42058389667225,2.50233645752216,3.45585726706203,3.40887821844961,3.26815362044283,NA,3.80778199385412,3.92655696986578,4.37597247301549,3.4613567349551,2.91233720310382,5.2120140086069,4.03300791158296,2.29493745006429,NA,NA,0,1.6102220569542,2.249137227978,NA,2.9984075158188,3.09716834326343,3.2487740188381,2.72058979357783,3.37961095264702,3.54171041412821,3.82984135101356,2.72948231948809,4.88526857043545,3.71024785533657,5.8075737658628,4.86913342157358,3.45253568313777,4.00959305643725,2.94316339257712,2.46608140954436,2.96832699960396,2.85080631746888,3.42308708624622,2.63803252621741,2.89883983367574,3.05018293245444,3.08108788131574,NA,3.40871519554955,3.30692587420359,3.13577537433943,NA,2.79370795117686,3.2310065758575,3.03316845283139,3.82950536164032,NA,3.14778891492897,3.27685786136454,3.4155911830449,3.59948864563054,3.89380736901638,3.55506056662335,NA,3.92510623327949,3.68514647987584,3.65725492435941,3.38234313866616,3.15214377524919,3.32186555511307,3.66378637819855,3.38362941075024,3.34548813836199,3.90773715394672,3.41174557835367,3.31882832174304,3.61317372894812,3.35290693511554,3.58301610011597,3.2231343964897,3.67191344286644,3.43769159229086,3.72205938436354,3.8415384698311,3.0537591297701,3.42472562909462,3.16254903747055,3.45342744280976,NA,3.68097827856833,3.25040702459582,3.79529000134892,4.0611012508727,4.9944667832436,4.661953219553,3.68752478928919,3.38318457766623,4.17844820386716,4.87389244048296,5.26550275805889,NA,3.85706792103728,2.9651417551512,4.38486283029947,3.11759239348332,3.22880816237487,2.92888135189973,3.24561430831906,3.07089296075845,2.76950649728835,3.05434541173358,3.22667758285947,3.23997308189001,3.51324425801535,2.94262794712302,3.55548375119031,3.60426664910011,4.09983410217533,2.56536644062748,3.13880603083706,3.01212496517022,3.66029275330737,4.19893576330001,3.87601601687063,2.55836426138132,2.6264014840424,2.84468419883827,3.16164979501316,3.31655969962767,3.28501529273058,3.20050363394667,2.80341064100198,3.33429403163256,3.01838555936622,2.98269281401102,3.10754809357608,3.60850402610118,3.27962414469978,3.6633712072092,4.40731398194374,3.77404773801095,4.0288737723983,3.80957785298078,4.23023073707007,4.13191265702673,3.66530349418467,3.18798368056471,NA,3.15329666224191,3.41468355304647,3.54350532936084,3.60419795931162,3.55055217608697,3.54673325345084,NA,4.22943724576908,4.40991513429762,4.19163490171281,3.88721148941355,4.13867929494899,3.880592297896,3.88092005568567,3.37665919869562,3.37217959257272,3.73465042603411,3.44363074013264,3.81681290980904,3.5373558612704,3.30175687139347,2.82287739589189,NA,2.84662728047776,NA,3.74183131108907,3.86680447478653,3.03075409833982,3.23971981822755,3.68771368199865,3.79949224765314,3.48537491503224,3.25083911742419,2.61442841439752,2.49116069810104,2.51806972261839,2.78724501706782,2.70719347028023,2.91851732656829,3.28537463421986,2.90233747021243,3.21080890980278,2.23310636766966,3.15351632001195,3.23366224595543,2.82036168781713,3.27812661991373,3.03700168081031,2.86839305033542,2.28750147867373,2.93712426206487,NA,3.21525352209738,NA,5.60461061899134,4.52999420063498,5.6319187629743,5.86147331769287,2.9960747525683,4.70091979872562,NA,4.07515850726612,4.7032447987701,3.44606421389553,3.13957205671011,NA,NA,NA,3.30580376862735,3.4725942938042,2.68285987373459,2.61696737790195,NA,2.74395465076572,3.61634332621591,2.69840581886779,3.13790205549624,3.08684375949072,3.31569994241534,3.47255482804651,3.3725452886788,4.37722657217637,5.16459464222062,3.74012247237199,3.92240986609354,3.69755155217861,NA,2.88754681715999,4.364005447567,3.10624583599871,NA,2.8129104538673,2.80786279292854,2.92533064630497,3.07135423587635,3.48599514475761,NA,NA,3.34911918955505,3.84226358318107,3.58480750939876,3.43752772760887,3.53000649082083,3.76432953576675,3.45603111054569,3.09280867114953,3.07279038715005,3.21369286157671,3.16374550660851,3.16735528880066,3.47541170102199,3.37279649257427,3.72658459311264,3.56792764627023,3.23015586617784,3.27053043326101,3.54030267627666,3.62151777851743,3.40059483919905,3.61393925247184,4.22093275012435,3.62575722507084,3.62857380137078,3.61109919934472,3.47516687988618,3.60747271814861,3.47951369693826,3.9169527822815,3.33908425169683,3.33947933214488,4.47190320860264,3.90394347590555,2.97832756990312,3.24061516206127,3.30024335695015,NA,4.42265791989496,3.90114443533785,4.29725592990409,3.40229316141729,3.14539261709165,NA,3.6392594223131,3.16689933663259,3.02287546059351,4.05975992501172,3.93608763864811,3.82153169316881,2.54550780316577,NA,3.80912526559396,3.98133382452619,3.80089268009338,5.66488039107441,3.71098718228367,3.70415250544174,4.67393927358896,3.66391508378524,5.17337906277095,4.54709376836446,2.58110446417248,3.88223295104634,3.65558175890214,3.67224284802071,3.4477091783436,3.88328270012564,4.40060963885237,3.92171304406717,4.03683219980043,4.27018516829517,4.00445363914184,3.38678924801916,3.15372589602292,2.78461968491778,2.57497253080469,2.65096309642018,2.94915509018762,2.8311430352781,2.73177734644229,2.71182524109224,2.92875898791393,NA,2.94421325120689,3.01625009054864,4.95425072555655,3.27114454592842,3.08258717086476,3.1768655256265,3.35770619784857,3.02493033815203,NA,3.15258279545487,3.52957340036023,NA,3.41627188822326,3.63246174530016,3.51892276284309,3.39939528495818,3.2804379119908,3.48436520420981,3.58007833913963,3.37585592958375,3.22071825343949,4.23584837826943,3.7410246546208,3.53070009992903,3.93522025008819,4.03229319767763,3.80453915615571,4.07171797923128,4.2491550496279,4.57056672925004,4.55966695111454,3.65758358645718,NA,3.35934656964954,4.26418093942886,4.10785046340549,5.14316294602831,5.80370302123717,4.25837861414799,4.96675464246051,5.10654533427584,NA,3.86907930082602,4.48755704282467,4.52778612924768,4.11265727455198,3.58044127700991,NA,5.08752498299227,4.7043999675078,NA,4.30128500262578,3.77728856597018,3.6803601903699,4.53738548839314,3.80782019613505,4.69486677298849,3.57280614844344,3.19592627487502,3.88992294018138,4.15305810585768,3.86705598717389,3.7922117841956,3.79891467333773,3.54138314244617,3.68244125119489,2.80395285735318,4.18824399372354,3.4973442644082,3.26211094127175,4.1167452863596,4.44659372954556,4.47702037684882,4.13653220926635,3.36227982206215,3.9916146473943,3.25785452890428,3.81631747980835,3.31905230463393,2.71302048870349,3.32530830857562,2.82866492657229,2.59853773337714,3.07329451697094,2.75918671089161,3.03582701432767,2.82056433855265,3.24252740294432,2.93203323088472,2.73855192400657,NA,2.79845869858375,2.90453643475974,2.93578269438021,2.95361313051359,3.35448394645975,3.05928741837279
NA,NA,3.88273159425774,NA,3.3870221128836,3.9261368722364,3.53055897885015,4.55788150420459,4.96644937771228,3.82918784115013,4.57625228412687,4.83579041910611,3.16995914312747,3.97292003484878,NA,3.72003227377467,4.48905576042589,4.21509065364475,4.02160770359628,4.09326481136959,3.36933487270921,4.36572158979949,4.52174943545165,3.21064307717898,3.68960658514569,3.77814645716652,NA,3.27552382466592,3.191420815963,3.53535623272172,3.05919843981687,3.12618961533111,2.99411858888514,3.05909424067218,2.81451515903213,NA,NA,2.70914950234072,3.06194036351158,3.25921050680763,2.73289994163806,2.66173268137194,2.4297745084581,2.49551349574475,2.52804788985733,2.61366655780268,3.53101763994658,2.68467655827851,NA,2.78042361505094,3.82290825592246,2.69173852797824,2.64708380820828,4.71954138142448,6.48193141167461,6.91335212364837,4.31644593423764,5.18932403522331,4.23406667919948,4.23007357002173,4.98367953495559,4.99124568675559,4.37227119403257,3.93144384326826,4.08114254914656,3.61412203223392,4.75904164390936,3.1392363396904,3.80974264360487,2.79935388878132,3.21521641543842,3.3739429095494,2.46720950174119,2.89449796908067,2.61656777246229,2.70767626744825,2.77280860351465,3.14310698341496,2.78345212384597,2.61991349356679,NA,2.53133338884127,2.76421182366719,NA,3.02698335159145,3.21190898219903,3.23651442967801,2.41932855906633,3.19575333354448,2.92504517321545,3.48699209129784,3.19404656148162,NA,3.59889838038717,3.17226350218024,2.46822031079137,3.86444718792389,3.86640925379255,3.94328312391534,3.93443200691196,4.43299486090509,3.38531491120946,2.5247878359729,3.63715434343857,NA,NA,4.17632033612413,4.67602555371293,4.55658536481835,4.18386264491849,2.75692487211433,4.08355687646427,3.89340068248187,4.59557062750495,3.17687043601331,3.75618918337356,3.62988475683095,3.13380579086453,3.80037806415596,3.88228824916863,NA,3.18851074049362,3.47783515548553,3.52162328966628,3.72132815609521,2.68043601352984,3.42687550321249,3.27194692018513,3.15036587761913,NA,3.55103378929002,3.56204617861532,4.23937201815626,3.12157798655074,2.46011524847778,4.32401209535143,3.21531124083692,2.04309033273236,NA,NA,1.6102220569542,0,2.27993095857804,NA,2.22004112128388,2.43319760706636,2.86415751073809,2.42150311535918,2.78983913637647,2.85817692611774,3.16498758722071,2.25487465297302,4.24685063446723,3.11452309115796,5.08039359027702,4.19530823305327,3.07553608939601,3.51898331016123,2.71581566570672,2.49571381346726,3.15564554471192,2.66812975821207,3.10295105108337,2.65441624716821,2.82457819139029,3.10617312779579,3.21260345451397,NA,3.29600552160895,3.14287277745733,2.97559864725113,NA,3.099831958137,3.53906252136315,3.15767307842084,3.99047737870022,NA,3.27257534232973,3.27193681136328,3.87567813302668,3.74801631884148,4.13477880861246,3.76053155039442,NA,4.33673435521871,3.73404971299361,3.71776440161404,3.47266256555152,3.31518712264634,3.57435311276075,3.72264657809376,3.43888841208938,3.52442171547309,4.04304543878798,3.71953731907493,3.42993370473406,3.85527597053267,3.80157347802976,3.86593111286887,3.51054074948535,3.83074570136541,3.54144373113373,3.83020721909301,3.80968368131482,3.23014249379975,3.71734194644012,3.36382799680772,3.61284192472005,NA,3.90989480699764,3.27581905842482,3.83679953606462,4.12739121546869,4.72178708167072,4.14193518763948,3.36679629762124,3.04258345087473,3.37079310078245,4.17513613978742,4.86187126540568,NA,3.52187605181318,2.814891865877,4.0789173700721,2.97170320300351,3.10250515798202,2.6974316549746,2.76847864217864,2.55844849445561,2.73543396803455,2.85344564443257,3.06736415118755,3.01258535248703,3.11724292748783,2.8113823178956,3.66514339836203,3.39327392386985,3.99417401517549,2.89962266151542,3.18939392876586,2.86008211183762,3.7074166715207,3.79478669473114,3.45036574085874,2.60817351514381,2.89436844034544,2.88322698198421,3.08693609582358,3.02841527143529,2.9699932624837,2.86661632127068,2.876850228223,3.17034011010407,2.85733351041124,2.98578487193918,2.90596700879255,3.55457138553618,3.08591155510347,3.59603594632129,4.224210459729,3.89908486339262,4.00164536408032,3.71326996287455,4.1625314950678,4.01083739639136,3.75585807511975,3.34854279211091,NA,3.25339578912205,3.60481487324798,3.80818114425983,3.75198288853416,3.7342856876021,3.77342322930192,NA,4.40068963608938,4.57335238747968,4.43712355976119,4.12215347764803,4.35046993902079,4.1149447954274,4.09272539762993,3.6906520644656,3.71284195116245,3.92807662363059,3.74824318000144,4.02721174730314,3.70622059028021,3.31489065061911,3.05769911725638,NA,2.99804616905899,NA,3.85629628622646,3.88391625486738,3.19888106946925,3.31546711054367,3.72882710544161,3.76787481384547,3.47418027072415,3.25528823340129,2.66418494466014,2.61081552401561,2.55627452165283,2.97462341481592,2.83080528068896,2.86284843003936,3.22061545852914,2.93906431435035,3.17379788123434,2.42539096851377,3.27340531809135,3.27921658788689,2.58631126723685,2.88810233191157,2.6523539359327,2.63858960100328,2.01851562079149,2.7477702289246,NA,2.7347209822012,NA,4.69475792675164,3.81025526302924,4.77139807525812,5.04177765774127,2.67269992483828,4.050353304678,NA,3.84143007001279,4.52980637963434,2.93191544972836,2.64809779996855,NA,NA,NA,2.72924622355481,3.33305424800364,2.49336938813829,2.4880956881537,NA,2.3949830282429,3.11994850863129,2.42147565908645,2.81436560968763,2.92962607296375,2.80865347152698,2.82069050350765,2.62754793486939,3.56024230724547,4.70409981689105,3.35668649002539,3.61107525257761,3.59519242328543,NA,2.79837173654676,4.22049506587254,2.93334717229759,NA,2.7684598949185,3.05962837039391,3.12195748758957,3.27189051077791,3.69732964491689,NA,NA,3.58229403074506,3.99820532815116,3.87513354427411,3.78945249486654,3.78181373341403,3.89274115228969,3.67674988058739,3.34865736990981,3.45170196366228,3.44368544699274,3.41278763802302,3.41015264860886,3.51543142066701,3.52417972630956,3.97252930692594,3.59065714740881,3.38717624545571,3.42695787516406,3.52840312343865,3.77850459004258,3.47632244661713,3.54583279320982,4.08004806595754,3.55380912436847,3.58512400742639,3.55296673354487,3.41004971179428,3.51760829015641,3.45328074783944,3.8626019057318,3.65087361362038,3.38021749260859,4.33866365636299,3.83683110145071,2.7352828468745,3.12240096226818,2.70125866431422,NA,4.12324434213848,3.12735132249769,3.57571042387436,2.77125112597681,2.57353600248187,NA,2.8013703558101,2.49922022769982,2.38584413385333,3.41413828437465,3.08624376713169,3.12771106209478,2.32147581605087,NA,3.03263927255037,3.07411552686767,3.05541514609233,4.83034961974536,3.13574753900496,2.95591096608659,3.722691744516,2.87468045745257,4.23517536939339,3.68223674986008,2.18399783473926,3.16957422914646,3.11165758664126,2.93487571977169,2.69013658586123,3.19419036347797,3.4506315593384,2.9627485568105,3.18367830397773,3.40227916267272,3.19970369225157,2.90535769117107,2.55730619211817,2.41985017348714,2.19914795135414,2.08047654199368,2.75478831431638,2.77333046185309,2.51420085278059,2.74747619744346,2.98378377055107,NA,3.0620557183258,3.12408815853671,4.15341287193199,3.41801566950461,3.19358038399202,3.32910907669972,3.499921775007,3.29754733134983,NA,3.34534149090132,3.79089963841576,NA,3.61340657715261,3.85631238019958,3.75791920610984,3.48530403253459,3.49819275324117,3.70557211834223,3.71413235859065,3.51433825484614,3.39260442936524,4.29648490481315,3.86614294933146,3.60701301549436,3.86909876130639,4.08141985211582,3.75508525203759,4.00113091617963,4.20111950390949,4.50096363951477,4.59268965550268,3.72614161221773,NA,3.65973933779901,4.19925698258833,3.98884833356424,5.01293931844167,5.65362846442891,4.17079090252843,4.83902575799901,4.93950362101391,NA,3.74138564892891,4.37788396577732,4.39450746447277,3.95506766730873,3.45540536836088,NA,4.96600318331327,4.53661123261935,NA,4.12743148678862,3.52444544844404,3.42266271410134,4.18971443535196,3.5030017789283,4.36868816619389,3.15899581936327,2.70443687993095,3.49073077289439,3.57431565773012,3.31812511079821,3.01053036851494,3.03619549319194,2.83284555701059,3.05315402134953,2.93707883540131,3.89984574602,3.27570372390565,2.99274484946263,3.47198056109498,3.8975674552989,3.69931649356812,3.36605577358568,2.74972399662433,3.10212853306376,2.58907540810892,3.03058901884705,2.70924749568018,2.17137913970478,2.66790763455319,2.24575122341839,2.22136958812453,2.61854014367853,2.48242246535921,2.94380356800665,2.61326130225047,3.13938366728035,2.98540417444868,2.76800651161678,NA,2.83932749130283,3.02063915398788,3.11464907011474,3.14067146776481,3.34696840937039,3.07095920448092
NA,NA,4.41216306235654,NA,3.61433253908345,4.34580664491206,3.88350061551869,5.16581747691936,5.51326856479165,4.45956664835154,5.37990158001718,5.54660212556297,3.25946651880544,4.6177379899874,NA,4.06898059082319,5.18480968103292,4.82651268124891,4.64529841403196,4.69592573055835,3.9445556540859,4.86392291684532,5.09539213759978,3.76153096682352,4.30128152927883,4.33976960990568,NA,3.84638135112822,3.81358226144934,4.27230193106164,3.70620178348098,3.76489468011344,3.52319787139998,3.77279020610712,3.39500112337561,NA,NA,3.45381493671621,3.73152337717881,3.98635782638294,3.48354120964968,3.31141392001346,3.29810735807836,3.38585061328794,3.71091166941642,3.28602892774978,4.72522167650683,3.36027139649397,NA,2.95307342536659,4.75309905390215,4.01601201911352,3.69118539154081,5.84587554507027,7.61699673042668,8.12387968618926,5.24760821697342,6.46805684233162,5.39087220543502,5.37648683374404,6.02916575458117,6.0001043861865,5.17157694817459,4.39920712164143,4.96322617471711,4.20594376690728,5.2941363879548,3.57825950796392,4.29998413491913,2.99053215042082,3.47104533937424,3.18763751629164,2.88189725268099,3.08629747171232,2.82135241381832,2.79952840844287,2.84550395169001,3.33277866903111,2.92235863575311,2.62909245613089,NA,2.76943319241001,2.85598390880483,NA,3.18030933179172,3.1169358611729,3.35611708848244,2.92515293770721,3.32135577392384,3.19141321895364,3.64533159840881,3.14547938798932,NA,3.90825733489913,3.26083745472913,3.07711061854614,3.65156921771595,3.75278713495893,4.11659874464496,3.97629536686593,4.86504920047378,3.46371669599967,3.34189631658436,4.15003520534366,NA,NA,4.36993810977901,5.23750924598129,5.26787497353524,4.86273951910867,3.61998291761179,4.66558214079893,4.46414072067573,5.40529120692995,3.94411006615979,4.50070755289147,4.23236778721844,3.76763415821906,4.52789450238544,4.66635685791242,NA,3.73951498844288,4.0358141467486,3.96275888971361,4.04579613146036,3.1890159688816,3.97983544224672,3.95235509028145,3.81768473133644,NA,4.3968765227954,4.50209527524663,4.81029857920837,4.11509655215252,3.53273353332177,5.91418190633062,4.83842679955499,2.90731277117542,NA,NA,2.249137227978,2.27993095857804,0,NA,2.66339938978591,2.98840357453061,3.11087295115444,2.41779154023663,3.38309716228209,3.45437954893755,3.84012350248306,3.09390359074176,5.26205853254929,3.44026115316721,6.19899793051964,5.11007459909812,3.62112945125951,3.96108749194612,3.17263582011944,2.59397096007725,2.55303712400928,2.40696235925533,3.02046026672053,2.34661912641341,2.60962900591395,2.98418675376185,3.22970687470027,NA,3.07857580186241,3.28122390103846,3.34348936679357,NA,3.07925751058871,3.59815715351108,3.31676215963276,4.05353605163122,NA,3.44127989758781,3.36015139090642,3.75276111179507,3.8172021594918,4.02632137657171,3.7244478009386,NA,4.43582560303893,3.9152601272699,3.24425344635862,3.30476864811437,3.34782558892438,3.68135010775033,3.94556269870721,3.41514894650343,3.33503790574264,4.0719877889973,3.79234870976117,3.63674034223421,3.95271744084118,3.73734941329858,3.93256061071714,3.49131210651144,3.88746399598404,3.98133655007572,4.1278645761958,4.24838940725223,3.62049735130406,3.83565003457072,3.70707288629279,3.90950769096641,NA,4.6012515369851,4.08561454588123,4.45176832868883,4.73265852641206,5.39362172347911,5.13433269624384,4.06923722584936,3.86926740364819,4.93215011284784,5.52561939917711,5.81452337858273,NA,4.47901944892084,3.73817494263244,4.92613485899054,3.71858133941073,3.46789312677691,3.06917681096152,3.57164683126001,3.23959779954734,2.97226116141718,2.93774259380959,3.34952871746874,3.19503018396778,3.61625713112895,3.29336740981148,4.00728469436644,3.82248220846499,4.54496827862285,3.22253687722971,3.30863706223717,3.43527345585995,3.1181101788752,3.93039253441107,3.84716204250848,2.6789055031701,2.89780972220449,2.84528251966514,2.85347043487131,3.33060356162034,3.08227541297137,2.57285955878718,2.88544932623883,3.53547014130031,3.39933696126637,2.99167548255367,2.86886756311706,3.1670676309996,3.08866679915969,3.46355699438934,4.25471667239304,3.84847737599758,3.89606736263763,3.80631084374329,4.23291664743118,4.38671354445705,4.114342615232,3.82340798398889,NA,3.60313462553829,3.56091120105397,3.70666869327353,3.89807462821993,4.06512987739246,4.13205057688416,NA,4.60284473922105,4.84948833586568,4.7127568903793,4.42715623313251,4.69289619296338,4.3874203512891,4.15688170525055,3.82860920158908,3.92854796426419,4.24270899826795,4.11190719660482,4.3855211344316,4.16019135466526,3.87195127531318,3.39004751161889,NA,3.62530497832972,NA,4.44621430409671,4.4547899784232,3.75665140033952,4.00408041728978,4.50408138953527,4.47828850810308,4.11044061982934,3.97301836463384,3.23570191593796,3.08612703422933,3.18260179864096,3.31697714533908,3.4111751027739,3.44811416517302,3.73610503420494,3.42408862358601,3.79902272473584,3.00369613903168,3.49099431120287,3.40109956027092,3.03811710116176,3.57630518424321,3.69140015888889,3.45258151336168,2.79083587294716,3.30428423262346,NA,3.66021804535864,NA,5.94028516910226,4.75712790931057,5.84449157464104,6.08717782962777,3.33161132584843,4.8555705896048,NA,4.49037289071262,5.31825078914131,3.83503462716681,3.66579478218764,NA,NA,NA,3.52034627071853,3.56364145556668,2.77450470680115,3.00590831477948,NA,3.14956196985968,3.8445778412754,3.11365154677872,3.42447687264815,2.92603731905706,3.47888777208529,3.79100848700201,3.64900743248984,4.7061732139164,5.40177698360471,4.24326105754303,4.19835602899071,4.06640840883988,NA,3.38497649712838,4.63189185099237,3.29314147335571,NA,2.97461611929963,3.34139141613222,3.27340172122491,3.45361054104577,3.82812915457593,NA,NA,3.82382056349941,4.221177439633,4.10646936800964,3.9619305657872,4.00862821557731,3.90687578168292,3.90493132853154,3.63196983842432,3.11356061747813,3.50521265516282,3.65127677919773,3.33949689421837,4.00512926996932,4.06802789600768,4.3072948034798,4.0183836321772,3.99481507886268,3.97352549478599,4.28690766555003,4.35020380115372,4.18755397558056,4.28686787942624,4.81012545762769,4.16372926847475,4.35909611589024,4.39938155691243,4.24906452669954,4.43589646749653,4.33123820173488,4.71091029436792,4.34469386730516,4.22038307294417,5.1017180937841,4.47702215014023,3.62310000963496,3.87239917621471,3.9736012711323,NA,4.96366119568148,4.61463430414006,4.97136386634979,4.02136817467731,3.60314187068619,NA,4.07937889726805,3.69887028915568,3.57005355736084,4.31205519206454,4.38227761576018,4.16738868828873,3.11559635248877,NA,4.01696245068474,4.37189145047918,3.7750558242996,5.9873293356046,4.24032307559987,3.75179037154859,4.87290297154929,3.67714234969542,5.30490434323673,4.62356707306274,3.16717477287167,3.83814614526372,3.46101857181811,3.739432605515,3.50870447444704,3.97928191514065,4.71510870818502,4.0769193550448,4.39597318267569,4.78556580770505,4.39756268084215,4.10788709248203,3.7428593797831,2.56761460296692,2.91344333467321,3.01746354902643,3.27969164468742,2.8403478542012,3.20655959049412,3.11228100208392,3.10038693883535,NA,3.39876719412783,3.62914663038844,5.57258305202445,3.68437108431549,3.57807231785867,3.64833263653739,3.92920468174012,3.58386872104349,NA,3.68723107250368,4.03703176500092,NA,3.89943635861624,3.98894642964248,4.01179836340438,4.07075879587298,3.99601411647843,4.157540285012,4.23691356204027,4.0664650582089,3.89675241591754,4.84140937640525,4.3605882747553,4.16349267304646,4.49704881169681,4.66241017137779,4.46685068009884,4.70654006588141,4.8373088976736,5.14248028402028,5.2040034609704,4.40963420333646,NA,3.98778983167096,4.95512034382773,4.76287426824966,5.7578114229877,6.44067625860218,4.9064992691596,5.61814768297043,5.64786125797887,NA,4.45455741967118,5.05714850963067,5.10345451824793,4.68901668778788,4.06977757201146,NA,5.65379714940819,5.16967453820013,NA,4.88121707378573,4.34881033978833,4.27406777285924,5.12526251064159,4.4096471362411,5.11454460077859,3.92247692256624,3.69587602339814,4.31919388280978,4.50953345559207,4.07419247506139,3.96226938249207,3.79015242620656,3.63232557150915,4.00958024096775,2.42341778753278,4.70658642956816,3.88593899074727,3.12251701785254,4.60024277204333,4.94508670821192,4.68331451639126,4.44368241759092,3.68572216504089,4.48890291329657,3.61232299632389,3.98941774572988,3.38710262982537,2.97592100322684,3.78022944753106,3.09859737911477,2.64842552321273,2.98591143957314,2.90567445447444,3.24117264668324,3.30909127126219,3.549977524786,2.69292964484732,2.94349255126634,NA,3.10213303207249,3.2774681162527,3.23697615688213,3.14512741442781,3.51006152895847,3.19850200209152
NA,NA,NA,NA,NA,NA,NA,NA,NA,NA,NA,NA,NA,NA,NA,NA,NA,NA,NA,NA,NA,NA,NA,NA,NA,NA,NA,NA,NA,NA,NA,NA,NA,NA,NA,NA,NA,NA,NA,NA,NA,NA,NA,NA,NA,NA,NA,NA,NA,NA,NA,NA,NA,NA,NA,NA,NA,NA,NA,NA,NA,NA,NA,NA,NA,NA,NA,NA,NA,NA,NA,NA,NA,NA,NA,NA,NA,NA,NA,NA,NA,NA,NA,NA,NA,NA,NA,NA,NA,NA,NA,NA,NA,NA,NA,NA,NA,NA,NA,NA,NA,NA,NA,NA,NA,NA,NA,NA,NA,NA,NA,NA,NA,NA,NA,NA,NA,NA,NA,NA,NA,NA,NA,NA,NA,NA,NA,NA,NA,NA,NA,NA,NA,NA,NA,NA,NA,NA,NA,NA,NA,NA,NA,0,NA,NA,NA,NA,NA,NA,NA,NA,NA,NA,NA,NA,NA,NA,NA,NA,NA,NA,NA,NA,NA,NA,NA,NA,NA,NA,NA,NA,NA,NA,NA,NA,NA,NA,NA,NA,NA,NA,NA,NA,NA,NA,NA,NA,NA,NA,NA,NA,NA,NA,NA,NA,NA,NA,NA,NA,NA,NA,NA,NA,NA,NA,NA,NA,NA,NA,NA,NA,NA,NA,NA,NA,NA,NA,NA,NA,NA,NA,NA,NA,NA,NA,NA,NA,NA,NA,NA,NA,NA,NA,NA,NA,NA,NA,NA,NA,NA,NA,NA,NA,NA,NA,NA,NA,NA,NA,NA,NA,NA,NA,NA,NA,NA,NA,NA,NA,NA,NA,NA,NA,NA,NA,NA,NA,NA,NA,NA,NA,NA,NA,NA,NA,NA,NA,NA,NA,NA,NA,NA,NA,NA,NA,NA,NA,NA,NA,NA,NA,NA,NA,NA,NA,NA,NA,NA,NA,NA,NA,NA,NA,NA,NA,NA,NA,NA,NA,NA,NA,NA,NA,NA,NA,NA,NA,NA,NA,NA,NA,NA,NA,NA,NA,NA,NA,NA,NA,NA,NA,NA,NA,NA,NA,NA,NA,NA,NA,NA,NA,NA,NA,NA,NA,NA,NA,NA,NA,NA,NA,NA,NA,NA,NA,NA,NA,NA,NA,NA,NA,NA,NA,NA,NA,NA,NA,NA,NA,NA,NA,NA,NA,NA,NA,NA,NA,NA,NA,NA,NA,NA,NA,NA,NA,NA,NA,NA,NA,NA,NA,NA,NA,NA,NA,NA,NA,NA,NA,NA,NA,NA,NA,NA,NA,NA,NA,NA,NA,NA,NA,NA,NA,NA,NA,NA,NA,NA,NA,NA,NA,NA,NA,NA,NA,NA,NA,NA,NA,NA,NA,NA,NA,NA,NA,NA,NA,NA,NA,NA,NA,NA,NA,NA,NA,NA,NA,NA,NA,NA,NA,NA,NA,NA,NA,NA,NA,NA,NA,NA,NA,NA,NA,NA,NA,NA,NA,NA,NA,NA,NA,NA,NA,NA,NA,NA,NA,NA,NA,NA,NA,NA,NA,NA,NA,NA,NA,NA,NA,NA,NA,NA,NA,NA,NA,NA,NA,NA,NA,NA,NA,NA,NA,NA,NA,NA,NA,NA,NA,NA,NA,NA,NA,NA,NA,NA,NA,NA,NA,NA,NA,NA,NA,NA,NA,NA,NA,NA,NA,NA,NA,NA,NA,NA,NA,NA,NA,NA,NA,NA,NA,NA,NA,NA,NA,NA
NA,NA,4.60093653894706,NA,4.2177989125456,4.56791492973825,4.23374152969033,5.16865460065193,5.48137359886403,4.34519788498196,5.11980398056291,5.27403003116971,3.75963693313753,4.80412705734706,NA,4.4485752390833,5.05033360247974,4.82745939868167,4.79553491381124,4.6056734882561,4.12083513217871,4.76499423441371,4.85793920235136,3.99349574640918,4.42762054154637,4.42061338801999,NA,4.04647556768521,4.03090869906722,4.19800626373045,3.91566522106316,4.15076555889777,4.07257640863802,4.14472311092587,3.76860472049939,NA,NA,3.69100691840027,3.85954245157527,3.98442383926558,3.37730511972789,3.32326078127191,3.11600215585002,3.241575973237,2.72870719892095,2.74155132387942,3.66930060232004,2.72323436538021,NA,2.47332280966138,3.1769766615426,2.84375337513605,2.55117493049828,4.05115791700931,5.83512234081378,6.4807607216145,3.99938782805417,4.81834018127183,3.96799432993486,3.84447407525775,4.31321746914396,4.32567005305054,3.72656058200867,3.41542760626352,3.57042478979102,3.07057843800767,4.3132634345291,3.18671840695697,3.49847129985707,2.83079014315842,3.19073647227848,3.71111290857465,3.23821393608101,3.48895159219936,3.25855892716423,3.20987002255825,3.18284275847231,3.72825425099424,3.42235059666179,3.33990075326215,NA,3.32920088421674,3.43345750361982,NA,3.84720572923668,3.93329222950532,3.97144982847693,3.28723199356688,3.91830058789788,3.67610919898909,4.2357631686906,3.87386719835379,NA,4.23143393651575,3.89179011184776,3.32349648733581,4.41596022211735,4.41005333456081,4.64047790381379,4.61133487929147,5.0382826919928,4.04444219779739,3.4708284735092,4.41934301069368,NA,NA,4.90037021963376,5.43738943726679,5.3549385065321,5.01751591738821,3.54044363566094,4.8960450983332,4.78735644474147,5.18724782865059,4.09847158271491,4.61770634296454,4.35271418989417,4.11907249685669,4.5665466029988,4.69052760808833,NA,4.17296466182061,4.21425919887947,4.3153924221513,4.55467094695022,3.67510501468847,4.1793144837185,3.90158948386843,3.831925166514,NA,3.80668321787661,4.08062467531412,4.40665219665241,3.59513341668202,2.82519146555336,4.21143318700745,3.54444079824596,2.7443109760261,NA,NA,2.9984075158188,2.22004112128388,2.66339938978591,NA,0,1.91038372853301,2.75919144813511,2.46941667576997,2.33785661223983,2.47414153540621,2.66861568176684,2.56814514607083,4.13322308075793,2.44155684576754,4.4996451112645,3.8157826943838,2.9670534298817,3.21916728930268,2.91564881374119,2.75993938093284,3.47535385790666,3.08597792506073,3.13012092492515,3.03978353263445,2.88545615920247,3.49166512479507,3.75710672092157,NA,3.40505380898713,3.61786796579489,3.47056411980629,NA,3.77374964512024,4.30140906193644,3.72270381095908,4.66056023418924,NA,4.04327083671611,3.81566246276522,4.41905393796875,4.3955843871135,4.74297221659141,4.35690892317338,NA,4.98835508844643,4.49625150984964,4.1013157790492,4.12314634004122,3.99886852601476,4.26835630224386,4.42745894320818,4.07747206569216,4.14095833368527,4.74217593669021,4.29586260771405,4.21842972670128,4.57843389157322,4.50511117037577,4.66868956621208,4.18693761139375,4.39857090046707,4.40079020721338,4.38026079998401,4.4269880638241,3.84098186543052,4.21419144152594,4.01900439967692,4.36319108935943,NA,4.74747661404059,4.22746607012616,4.56599808147792,4.88023815613544,5.19623830282448,4.71722069004506,4.19320176422494,3.95804776322589,3.97169266477386,4.59124500763462,5.56758263125171,NA,4.44837337939599,4.01835453893843,4.63407631635768,3.53510350473554,3.47076086856818,2.9570885034974,3.08925834781027,2.90480448541703,2.995522653206,3.03024300341324,2.99705739679848,3.10860261351821,2.96034514513283,3.39320233689084,4.11543899579284,3.66276373719212,4.63318173848498,3.58402099167837,3.47006730252225,3.67362572201926,3.69566636465614,3.52467011030106,3.21145794088327,3.27957757061317,3.55612994928494,3.35604094737254,3.18088959564322,2.94075546653503,2.83630710537146,2.64884216692479,3.32568493972435,3.47136757066143,3.23022167282239,3.33491187440544,3.28722311904813,3.85747379731199,3.46008789613688,3.83226240875553,4.4755224229873,4.4221593028497,4.38294563124487,4.11639690682363,4.62358884082266,4.60279967693746,4.47979595158806,4.16331834093738,NA,4.10198777889831,4.23367848268296,4.48880842789409,4.57589251369193,4.62661686931248,4.71166699451068,NA,5.27785767495637,5.33350052988576,5.17495227264631,4.98698735666238,5.17608658123127,4.86924693460644,4.72805552287316,4.41693299385837,4.52827100081155,4.68412904828771,4.72205789394102,5.02467952839492,4.7921439951914,4.2549600916182,4.06974289958883,NA,4.12795861484376,NA,4.70683161536379,4.67453546554419,4.05862512542845,4.24759268304912,4.7463849491238,4.6369136321475,4.30897158158213,4.14280563239376,3.57819559780396,3.46191587131473,3.55829675900651,3.89013584314232,3.80916300707392,3.71725025155001,3.74163199956306,3.68159801878599,3.96721103752386,3.40924674002394,3.77976497003288,3.46511924063728,2.61796353991625,2.95310188713212,3.03607817783693,3.31056662674483,2.64328000163813,3.17495095768883,NA,3.00909139734192,NA,4.11108580178,3.42814724683182,4.05563612357901,4.34884801817807,2.98470794833495,3.40171007737264,NA,4.34680970384128,5.22388830159792,3.21480701710861,3.17176692702537,NA,NA,NA,2.75441712444463,3.75319142197777,3.09241283347051,3.09688097293107,NA,3.15049539971649,3.54342518337315,3.02510974232584,3.32377260975033,3.11846687702637,3.0583738981379,3.15239113532104,2.81760830648652,3.61049123569412,4.86367176342052,3.88811445861699,4.15144589452873,4.20420737707384,NA,3.58338208461209,4.6072890475577,3.61491232602018,NA,3.60230367325134,4.04487352673179,4.0989041118362,4.27309463018581,4.66738032537005,NA,NA,4.4955440491412,4.86890948014605,4.83011087132809,4.72291710443766,4.68973562396837,4.54700367886942,4.51618839416902,4.19436549011032,4.10429123036153,4.22900245586616,4.3087241481343,4.12919820627456,4.4653306176624,4.53706560719089,4.95171753117034,4.39264965560843,4.31195786233415,4.25479471347454,4.49997106664073,4.48858557000114,4.34462975509858,4.37338385970811,4.7756256318569,4.33566086164236,4.4469373141343,4.49106294111994,4.34788872616363,4.50298292711474,4.40774086013514,4.7273558314697,4.51644841947835,4.39228265286686,4.90131132171696,4.36220882513392,3.34588553006205,3.72939394747218,3.22555143038079,NA,4.92369382589798,3.48770964212883,3.86533783044556,3.25978079162229,2.85030747808274,NA,2.6978505154326,2.84159855328586,2.66985934160801,3.02833878593217,2.86288762072174,2.68945609413292,2.78721781737485,NA,2.60508053543174,2.80921011945729,2.59672577477952,4.07953764120413,3.24455332988733,2.58882479173448,3.1274157592522,2.32298508835518,3.4482242107917,3.0184625922211,2.91678813179542,2.98195883809201,2.98637206809314,2.99743703750008,2.72095815540903,3.12367734553063,3.04311797927298,2.41684660438715,2.96653744233972,3.52880524117455,3.39573209554241,3.26650671643252,2.84768232888406,2.76373485659262,2.78638344753143,2.71932426828336,3.50939547365768,3.40611501483826,3.29820227249208,3.54637289122928,3.701434204713,NA,3.93926109906592,4.04900541173144,4.23708966485371,4.24580417636388,4.02528718827044,4.15181753417482,4.25638893719849,4.16998793302299,NA,4.28714143731184,4.68283051311102,NA,4.50907910561098,4.67672064357181,4.65206866462944,4.56435191573973,4.58715172057156,4.77929634673518,4.80785638013578,4.52414723809263,4.2830669099143,5.00877347071297,4.74008071649516,4.49894972065378,4.72110072594537,4.97852547513245,4.62360724953369,4.79798866748668,4.88160697944279,5.17511482093582,5.28135929632224,4.60297304563578,NA,4.61089005806476,5.04907684071179,4.80419257661947,5.61742448783628,6.29667338530929,4.77477098680172,5.52680284707657,5.6170782038642,NA,4.42835976184852,4.86835962407791,4.99661960005204,4.60566535345272,4.02380373609828,NA,5.29725339723099,4.81375749930244,NA,4.86343836699294,4.10383296672503,3.90971859451789,4.69955299982905,4.20969124478033,4.62524426709894,3.54004644518297,3.13555698966579,3.77984856975141,3.7820790618895,3.35903233616025,3.13826593762753,2.95793367291721,2.81023139736573,3.19925975839714,3.25703859353917,4.49247711995745,3.83527837579952,3.30424953393462,3.67932669625082,4.54084789571083,3.36578574733936,3.24462055380261,2.85820459989245,3.13373155393254,2.80288261324124,2.81869147654286,2.77894731439298,2.5614222637674,3.02561910901234,2.62487201205931,2.63625833610206,2.84503452698196,3.06329610546953,3.57874771561715,3.46525229583463,3.85176073553049,3.35533249595849,3.55898142942141,NA,3.63068379719104,3.83233397180145,3.901764790216,3.81407483420499,3.81600077294727,3.58187884087552
NA,NA,4.72293324863529,NA,4.19821441271956,4.60016656978404,4.21893649625791,5.29872281540283,5.60343354344713,4.52985070472111,5.36191272975675,5.46513633757316,3.7336686857395,4.7566162787574,NA,4.46654518292319,5.23391512036448,4.9613184395401,4.78728179707752,4.68827355893146,4.05612278914943,4.83440739935564,4.97840961502597,4.02491916891313,4.63714450116825,4.69483457709838,NA,4.31223490043476,4.24326458751531,4.40012282197485,4.01408420777265,4.29528291225756,4.24584767778718,4.3445379792523,3.98867350617523,NA,NA,3.93418047845618,3.99267781592423,4.08752118413822,3.62457193405851,3.61351754065,3.46312535926298,3.14958730512845,3.15619905888171,3.11761731475952,3.40274003406473,2.71872472788936,NA,2.70650308474628,3.30183077315859,2.83659765529612,2.49663033582557,4.09648442436752,5.97485971082025,6.47774368256484,3.77696388588697,4.81362437076575,4.02297112321243,3.87388885302258,4.47333934559235,4.66662720655795,3.99234329788843,3.63904072869819,3.81624508838507,3.10522497513259,4.20153767866216,2.9535460239831,3.70537895953922,3.2071769088905,3.22527684033749,3.81781612629052,3.22859020946458,3.41275189910277,3.19725572870608,3.23370515168282,3.26961356703544,3.58552396151146,3.35601741816929,3.30502323341997,NA,3.29194904069765,3.45794379451953,NA,3.69236310179766,4.00423751041264,3.85835018567328,3.28089527527398,4.00434632107848,3.68789490226576,4.17173450637632,3.95661989613611,NA,4.27116854917646,3.89170633978351,3.32988031352689,4.31249070600788,4.35115482107156,4.57771010364497,4.61754871416824,5.06738593412148,4.00323276124085,3.53210974264738,4.44027685470402,NA,NA,4.85432136144948,5.46230067276124,5.47788568760856,5.05981685402939,3.61607976629416,4.94084377058883,4.8222340580089,5.39432090127902,4.13447702200277,4.73975052395752,4.46197128083244,4.21517435176742,4.78140014047606,4.79771795493983,NA,4.09101819143946,4.34884006396491,4.41027063055281,4.57473440837761,3.55666942062935,4.13989174724565,4.04351325491005,3.92177373852355,NA,4.13013493119422,4.3239487480277,4.70300564037085,3.61107273750068,2.97395246744586,4.65512456658354,3.7672702414315,2.67169756561966,NA,NA,3.09716834326343,2.43319760706636,2.98840357453061,NA,1.91038372853301,0,1.96423263020426,1.9944250012538,2.67528069027512,2.21516889612334,2.44941030519792,2.51288016539229,4.5097401560748,2.32987645480238,4.24478376248063,3.45634924549106,2.75910758689213,3.11777004326423,2.9542826174108,3.0689477543392,3.49403408524185,3.23802161222066,3.24979389794246,3.20057654386361,2.95989537332124,3.57269251498916,3.90355868448548,NA,3.6041958449036,3.78608290434172,3.31491979692655,NA,3.76741404791042,4.35514112140112,4.02066916125148,4.78744623331655,NA,4.13080795184503,4.11796807267398,4.6591914057121,4.54234623370501,4.74424384218162,4.55366589237036,NA,5.2620862125431,4.52945251312491,4.3228103074382,4.2295544273393,4.16279057294163,4.48160775638989,4.56380329145397,4.23767845925019,4.28674415311042,4.70759660184937,4.49310885821602,4.26467703561104,4.54806129073779,4.57088055113924,4.72198801239466,4.40097636382264,4.61750003307013,4.5350061641606,4.55070445002084,4.55646495851646,4.21164629156924,4.47369627933284,4.18059552999794,4.52201322538985,NA,4.82407064088193,4.3266930444363,4.79225935099969,5.15275757061545,5.42787249460684,4.94503181521316,4.31945657419688,4.08841987565949,3.95988114569261,4.86658682522285,5.62147285982407,NA,4.40721370410065,4.04356124539376,4.58437362651364,3.55179109095081,3.44165721364925,2.79328388190023,3.00220632635988,2.82059941103257,3.09250947517778,3.16622185448878,2.95141639224348,2.8701159838178,2.66832536155512,3.46489323315834,3.90354071872646,3.47020780664786,4.68977227765624,3.60173988795089,3.33361193685631,3.59598328275359,3.88038886732679,3.41286892876507,2.75969962791767,3.45729444152344,3.45384972092377,3.29757986373138,3.07793094384839,3.05410027308743,3.08577925423512,2.87366195452457,3.3528371355688,3.41931777200869,3.29743794592073,3.40696538072746,3.46238885241251,4.06257111772934,3.59920744780548,3.84874643147252,4.40849224196476,4.42939494910552,4.47709649783928,4.17262721436885,4.6717115713395,4.56567577744255,4.55561784951698,4.22958952328923,NA,4.10886604587577,4.24029861204417,4.45379599820163,4.52123566868378,4.58610045703305,4.76975145823227,NA,5.42078717285958,5.51510158448049,5.36840435989853,5.1510041173516,5.26101244835482,4.92246344440268,4.92524585330595,4.62745807215429,4.63406693485481,4.86971637876701,4.83382143646105,5.13618339656635,4.91743269624339,4.51898162659763,4.28859978838128,NA,4.27361554830662,NA,4.78254651956366,4.76396434620055,4.32051649263423,4.50792235486006,4.73981226877973,4.80283337831125,4.41202133632845,4.14381078191755,3.69079115114774,3.49026854188261,3.68417885282847,3.83406037112548,3.79350970808936,3.70988047679037,3.87811028467366,3.73745328161044,3.98384797615875,3.44218035785556,3.89395893033333,3.77604855594778,2.98488182870341,3.3788792031847,3.18284265084086,3.4712391185246,2.83221603759921,3.12953180952772,NA,3.3200830076355,NA,4.47970955621156,3.61718467883024,4.33104140462731,4.49034523647361,3.02617918883059,3.618035407456,NA,4.65382273347949,5.4171734053325,3.4842842943664,3.31544570408747,NA,NA,NA,3.194559149875,3.69704794514079,3.41612469898657,3.34722582958141,NA,3.31465211956065,3.85439421878646,3.21330880015298,3.49573084912005,3.35705512112968,3.47725042640495,3.35767648119062,3.24663967514527,3.92391078257966,4.87711330041088,3.92489198779266,4.08465894901025,4.58850915632802,NA,3.91638539720061,4.69084735120237,3.84563557974259,NA,3.88649153651183,4.28524837364917,4.26479853354197,4.42994926730715,4.83712722011908,NA,NA,4.66908371492416,5.10701935848058,4.99790560099183,4.88809906433228,4.86582328216944,4.79854814000564,4.69878527062254,4.38486052284636,4.31096140795755,4.36742440809173,4.45801196941735,4.34006220587182,4.57297698389179,4.5943895212555,5.09236286133323,4.65476293099187,4.59047059335332,4.50135892852852,4.78621089106478,4.85612497723662,4.62251390159965,4.61999652969892,5.09159869642391,4.5467466301045,4.68285840585225,4.57319110578477,4.57133518800557,4.70395960843773,4.47947939614823,4.83038046783944,4.68412224874549,4.44548934653162,5.18352720667726,4.49451139338119,3.54766511163907,3.91492414315358,3.58748154875234,NA,5.06666175650057,3.72796622173437,4.15806699174197,3.64253010393805,3.14509203844022,NA,3.18748781720015,3.21474977543384,3.11316977098529,3.33855977164823,3.30706685365284,3.0998183637644,3.10522264469373,NA,2.9937195023924,3.1547264370717,2.71051184005885,4.34228268124084,3.44454467501672,2.93231998806416,3.33168904149735,2.80223188010729,3.89267573832282,3.54499818512646,3.22583422569219,3.09836460053177,3.37873114278476,3.45207995535963,3.13411705885932,3.53690361831387,3.58743340079907,3.09934960991594,3.56173037072434,4.02479401880504,3.84674772433406,3.58483230570858,3.24204640409026,2.98700061893599,3.03433195625779,2.97160992350205,3.68253617266899,3.564939312895,3.44962907481073,3.70972649487215,3.71433871835652,NA,4.07805169964061,4.19268943969799,4.68167663524019,4.41547107234743,4.17763662716413,4.29413962305661,4.37849239691012,4.44228720828292,NA,4.50949823851218,4.89258268318761,NA,4.79081807976298,4.9574042107588,4.93828102343887,4.81467742117072,4.86721715624835,4.95331092506387,5.04780728937289,4.81316991784908,4.63864266903288,5.32159395847511,5.00903647591486,4.71369871656652,4.92747573272576,5.12279561915022,4.80937223655454,4.97280369495919,5.07453562583323,5.40348747012808,5.40820696862796,4.80296406507199,NA,4.72861600942373,5.25143362007497,5.03116873054649,5.96067047270989,6.58799264301239,5.12928003818529,5.8021808702506,5.89344545571861,NA,4.70598001229014,5.25324231669432,5.31159512172654,4.87210561667331,4.36162350848623,NA,5.73834257535308,5.29426749330547,NA,5.16498267753294,4.3798131049302,4.2564355911515,5.06607650517812,4.45993318955175,5.04601764575719,3.47421459274656,3.37841526931663,3.85898996136555,3.96332109405793,3.75953298214305,3.4777469149508,3.40304663674809,3.33292849316026,3.7448985267002,3.63413606353677,4.87977155986726,4.16484803790154,3.77642809031036,4.19661079625052,4.8003448542632,4.03866509307861,3.70024113962546,3.2762610511412,3.62581495728902,3.38784125163993,3.10393238758738,3.1138206528576,2.92349560366568,3.49461887157858,3.05724405227005,2.99277800592451,3.35475072461296,3.48589211345488,3.93441592414596,3.83641760749125,4.29084090015782,3.64556858786239,3.85964095594271,NA,3.99616381217773,4.20835323698551,4.25360509985579,4.17056070840077,4.26011113677116,3.98126395373599
NA,NA,4.6773249270353,NA,4.1315077295867,4.56157439321175,4.17104294070796,5.23982369648225,5.60889965288452,4.52138982964419,5.42104972888549,5.58715123687298,3.76529198002412,4.74146098702123,NA,4.43603098521189,5.28022387103965,5.00222165981505,4.70110092514048,4.68406642742513,4.13042782012668,4.94311111470262,5.20434121225722,4.0002695356851,4.64902669197385,4.66910209249606,NA,4.21735093439298,4.14181974120452,4.33691144987339,3.9509264583981,4.21843175496606,4.08932123429277,4.25173740794944,3.91062973267021,NA,NA,3.87167620154359,4.03104558329364,4.12640486525055,3.55003751719693,3.58830351759607,3.5068301449432,3.25602058348326,3.5186064746523,3.4608576082018,4.23031562062588,3.07371191721988,NA,2.9763307875062,4.10953926614385,3.56314187819815,3.01521760566604,4.53087973148174,6.38401963270258,7.10966556199335,3.87928072682006,5.49507916314641,4.82122297136794,4.55627823606087,5.14769187328106,5.33848274293206,4.46794725326811,3.73081332882493,4.31165263304912,3.47993159385905,4.37753053941129,3.13808820747783,4.03107237259571,3.34089372184356,3.23117130524607,3.78309132022809,3.20754716400476,3.3793695914973,3.13562817105772,3.23872910138449,3.29113886182539,3.54453866711461,3.27516230717904,3.20725702737855,NA,3.25852585093064,3.44892250272703,NA,3.63724200983211,3.96251928328291,3.82802457751426,3.29002437435314,3.95610946661183,3.65913867067703,4.13287393986426,3.88086979651037,NA,4.26114022912207,3.81136833357393,3.32606341267561,4.31396127023761,4.24575685010737,4.43143602186148,4.41015316460979,5.13015617563625,3.84085021476535,3.51907224181308,4.35939883483316,NA,NA,4.69596062556113,5.35510352612863,5.41947927111738,4.95902413205921,3.69181032107896,4.8598803820858,4.77686323816485,5.51354024406343,4.07099892750489,4.75377855466423,4.4160858489787,4.11359237280156,4.74380663449303,4.73590744994131,NA,3.93372930355421,4.29542331460679,4.25434318769751,4.35288164158005,3.4457674180681,4.037104157515,3.98355042504645,3.79136793372832,NA,4.19792320197731,4.3635106644684,4.64435307650697,3.85211569509776,3.42299919724169,5.36978348961564,4.33998616244791,2.98617990067041,NA,NA,3.2487740188381,2.86415751073809,3.11087295115444,NA,2.75919144813511,1.96423263020426,0,1.90753143315623,3.1344090744197,2.33700997176477,2.76628744161588,2.80571187233133,4.94652570111775,2.85157086055394,4.6888203625661,3.61878147854634,2.80533513396197,3.29576734141796,2.94242603331273,3.00736866377429,3.44627712353276,3.17092284664297,3.27534938700499,3.15482489678628,2.89786560709799,3.40862851648912,3.77841442362801,NA,3.618853760341,3.72566489759907,3.35997746369055,NA,3.6332736413195,4.22824471771712,3.9387660723176,4.70076747473199,NA,3.9991410365952,4.0418940628741,4.52500782993324,4.30596053284583,4.57612463926685,4.3478772117439,NA,5.07642905009735,4.38907241651869,4.20874163511467,4.16736228028013,4.14955366249772,4.33931379031518,4.48487299946863,4.11518052148034,4.21034852876233,4.66730446713355,4.43049743158925,4.26396882457231,4.48729899773424,4.50832800008225,4.68624988130768,4.33190390714885,4.64874465230105,4.48721809438329,4.54339301574768,4.56133253038885,4.14290430121858,4.42906033187729,4.07121410537216,4.34595257585115,NA,4.73633596235989,4.3149297303121,4.836640387725,5.12106168097379,5.44767160652165,5.09726408622962,4.28701529878536,4.03501022609199,4.34924162179989,5.20026862926317,5.65078523887085,NA,4.24153085222101,3.84389189810461,4.46681729731889,3.55246975656538,3.30943614949925,2.90533339421199,3.13473123834445,3.0548516846599,3.02986371963967,3.03821806210777,2.84124573844709,2.6610617632217,2.72566326287846,3.52918047281236,3.88558177263593,3.23576393127665,4.50442856326303,3.52768372144315,3.19852097408861,3.24112831156972,3.75665981734787,3.29700668538042,2.93642272383694,3.42641876716703,3.47376660622309,3.27281155703474,3.14876314112085,3.20832457278143,3.15126978920617,2.96871116016847,3.31103553336036,3.23514584003288,3.30778013596476,3.39142762374424,3.39638649895731,3.87465793034776,3.50117938080977,3.62804838831729,4.19699716825129,4.19532572765582,4.17551992148641,4.05494504716518,4.47437000142383,4.36320044499949,4.46265335739848,4.07324681899017,NA,3.9111896698877,4.05499690149769,4.31175277404436,4.34834638800546,4.48983591246266,4.58060675869578,NA,5.30088392838529,5.3437365804034,5.15620588926061,4.95252967493192,5.0245143488144,4.67480648297316,4.7489969577736,4.5055532553597,4.55604437915986,4.78228417008615,4.61267470750583,4.92528316174655,4.79796235848954,4.36926244963006,4.14569513192799,NA,4.13729277663474,NA,4.53753682631358,4.54304496868679,4.13664226759613,4.32879838355976,4.55451880448583,4.70379031231271,4.35560297691068,4.02765081802216,3.49140097033518,3.22674542464093,3.47536157145125,3.53358846683695,3.54409757844177,3.58039957480225,3.76881344159649,3.64170587202855,3.96692849846804,3.32776855724919,3.83248965555611,3.92761678273407,3.23539462084207,3.71116510739656,3.55264101871301,3.68534273253272,2.97410184000902,3.15944641631013,NA,3.59194058337492,NA,5.24628786556183,4.10895695530075,5.20524109923485,5.10715852350522,3.25134418933415,4.02813283311673,NA,4.72437491686225,5.45836967967756,3.78039213497612,3.60237069631502,NA,NA,NA,3.33380334167411,3.51058075093376,3.38996660083741,3.45193198888134,NA,3.34176663140498,3.96995362085916,3.40621681414454,3.5889917923326,3.33925307293444,3.75806858007984,3.76408127790168,3.55218621717684,4.31827853322905,5.0368491978681,3.9319813280414,4.05845368623053,4.5776465680897,NA,3.81108494911489,4.65647529140925,3.73420746223543,NA,3.77889357258727,4.25736734337125,4.14085551047577,4.34477194239137,4.6241213166743,NA,NA,4.56988637124996,4.93340859273613,4.8445909882402,4.75675695763024,4.671182849134,4.66564398236835,4.52639683271571,4.27977969483955,4.32959725954781,4.19931051960683,4.31518550116217,4.19786283460537,4.46283985248439,4.53929923632188,5.01581599051738,4.64817541344648,4.55073125494706,4.37984302009258,4.66479628942945,4.85167553546143,4.55972389507358,4.49729136773855,5.05933521331033,4.48194901473147,4.65347127413563,4.57685123637911,4.49720134072675,4.64871235945699,4.40745447160397,4.7812860313512,4.62975875200071,4.28783435835324,5.25099195694037,4.55708558435323,3.52315249353506,3.7462069569999,3.83423321768708,NA,5.00039953089499,4.18249455834018,4.56238277320929,4.09695806315094,3.59678604446211,NA,3.7878109419834,3.65963339052505,3.56383994010136,3.83175806826411,3.86772756243889,3.68070783769973,3.26678200405246,NA,3.58975010344606,3.83696083192987,3.2043205923135,5.0959870920797,3.6697852466892,3.32652916858913,4.03820646550337,3.3523040086439,4.5554385170027,4.24319063075195,3.36803602199748,3.43358321710775,3.67952390766712,3.85799649088024,3.52955991155575,3.84267973239279,4.35583238687384,3.86801426377241,4.28851882016189,4.62986662076287,4.26182702786152,3.96857774535944,3.63058810917078,3.03199205884159,3.2877463617528,3.09952730682562,3.61429746577982,3.57640916083231,3.50741761921372,3.69294180613449,3.68343747627746,NA,4.011496374886,4.12172067633624,5.30263866387028,4.25063496981069,4.04088440501224,4.15036909221543,4.26322126204677,4.3107210942628,NA,4.34963821909597,4.73752457256607,NA,4.63076590343235,4.78846036605404,4.76350934158542,4.73263808947708,4.72904831647081,4.83103919459797,4.92464555213406,4.68033050186871,4.48806114818338,5.24384073300302,4.92550257539145,4.63522290295312,4.87065701099248,5.04295786033768,4.76929549535921,4.9318877706897,4.99379269551175,5.39724973055697,5.42235148658232,4.75073572951541,NA,4.53322217635881,5.17927964648024,4.9997611956979,5.95027538515737,6.58108307710897,5.08724399390402,5.80350201007246,5.88507722498998,NA,4.62718521441838,5.20445087447556,5.32836048656754,4.90290499665261,4.30320167540258,NA,5.71831582530052,5.26372793102491,NA,5.19300597664768,4.41797411876574,4.32560409595133,5.21526441752894,4.50953626696231,5.17310185569429,3.41800810660324,3.65702207333023,4.08308954366678,4.29965317986927,4.00416654806654,3.84485262188829,3.76606797424184,3.64789591580243,4.08097600732307,3.67449339910338,4.92044695423524,4.19436916288826,3.85876873354863,4.50201802253439,4.9365576534461,4.47790140431599,4.16591926231153,3.54640174325843,4.23886690060097,3.76537114163026,3.48861518719608,3.31537912644536,3.14619257884783,3.81157093303155,3.26851590251863,3.11275080620648,3.5046172206499,3.54252059639957,3.9273191809232,3.9276584379145,4.31271834978689,3.59550340052837,3.77729222670531,NA,3.92243220868012,4.08055301753715,4.09041308682881,4.01954850514803,4.13820199580405,3.95410185251251
NA,NA,4.28656267923717,NA,3.69979903970611,4.13295877424978,3.76013248570655,4.87719989227228,5.19967159554538,4.08895430945965,5.15451347450753,5.32277931772457,3.18365501369863,4.358050699344,NA,3.83346759952233,4.94367582563044,4.53970669827934,4.29852073140089,4.345321587559,3.76720410586649,4.42139931505512,4.86673594385571,3.71481040099459,4.26928226534344,4.38972494120979,NA,3.87245976690026,3.79187594169141,4.10609513715515,3.50067173174046,3.88630314616168,3.7556765407606,3.91344737046074,3.50508678856188,NA,NA,3.47258535411634,3.56178510786714,3.65228745824123,3.2096207421644,3.11998427188075,3.12494210660174,2.76816623322857,3.26820193643961,3.05127319053446,4.10453830468307,3.02059954180589,NA,2.72056788138124,4.10799993633734,3.43150654137363,3.00625914892215,4.74923613212026,6.5140942213853,7.22963901013711,4.10637861874315,5.58598486879396,4.74400712665095,4.56790677099605,5.18549968271439,5.3990848770313,4.59058863973768,3.903971463715,4.37552574094965,3.51398570146616,4.43197357812071,2.94063462754707,3.9218856919412,2.93121309943804,2.82406357836858,3.23888941174072,2.60636654760594,2.79710238232119,2.54207858915809,2.61586181728294,2.60609184423583,2.87793664938516,2.71929990682864,2.66142451544231,NA,2.66800649506856,2.97101715885433,NA,2.93211920278499,3.43525955710346,3.27201245087886,2.79373295252387,3.47375525001669,3.11825038812964,3.63495003380943,3.31625956735294,NA,3.83275718372139,3.2803330419679,2.83067981469573,3.77020761317457,3.81931551207419,4.11888843735705,4.08314654378908,4.8320266045753,3.47515638257693,3.03633349416386,3.9783392074311,NA,NA,4.26439598800043,5.00379529514624,5.03087205329403,4.44595938787416,3.24357898214514,4.38051885175739,4.39295055419804,5.20700352433076,3.71577014667645,4.42681808837142,4.1739915825299,3.82105904544602,4.46832568758915,4.4735003277193,NA,3.49503899969895,3.87175291272051,3.86533439824037,4.00218836910117,2.95902744514131,3.50212524474633,3.56273620606917,3.33441759315545,NA,3.90662448043961,4.06847039052936,4.24182928561249,3.54099860157005,3.0712139777585,5.3272854827477,4.32885090542666,2.72823352009268,NA,NA,2.72058979357783,2.42150311535918,2.41779154023663,NA,2.46941667576997,1.9944250012538,1.90753143315623,0,2.69132633249488,2.0866759658932,2.50477108067427,2.48151926334122,4.76671629164736,2.67644460088904,4.93376352389939,3.78708739309325,2.86599023066214,3.37690535469104,2.92191426866975,2.65995442787949,3.02977806436282,2.64749208840743,2.87049134742375,2.65520267237521,2.4564963001957,3.0328513214024,3.38945877460971,NA,3.0608772585395,3.22765092997484,3.0157021089171,NA,3.13162509480819,3.8932331296884,3.57924126547604,4.28172106204169,NA,3.65969924996079,3.62270242987616,4.02453240433334,4.07746105100756,4.24094081158761,3.98477478578287,NA,4.67001823920067,4.01626864481311,3.83838213837819,3.70919728404103,3.62752340663721,3.90848525637017,4.04328849181835,3.69231726730369,3.75018508032479,4.26474399920951,3.95462998107645,3.74041758760862,4.06971019115453,4.1643253850022,4.15985628674458,3.82980216342138,4.06759562876687,3.95269790226001,4.0216306665027,3.98967336621033,3.55556533904026,3.813666084468,3.60516424398314,3.96132476988856,NA,4.37160448744038,3.80264424024339,4.42607202807962,4.74433303297283,5.18379689491986,5.00704980555642,4.1549167442249,3.93162687644712,4.32064226805284,5.23988556099355,5.57915709877973,NA,4.16988207414569,3.69685388686802,4.46314533996864,3.25395845479126,2.98110273127594,2.41127516007772,2.72229561729994,2.63280674444379,2.58224170292627,2.56392425969143,2.72426273389247,2.51620665971551,2.88499834022668,3.22428509450895,3.61872971012748,3.07616179302936,4.25016704757259,3.06402795598898,2.92633089285017,3.14004780080387,3.37057127962703,3.44520877851822,3.1016733000935,2.99277247008519,2.98994154472617,2.99566325567645,2.7147218652864,3.04284157922209,2.92991056684347,2.71889610969186,2.91816084905177,3.21072720539516,3.02747080496454,2.89762166040533,3.13776827179633,3.57475219002112,3.16857259726045,3.35505390981948,4.08925335984238,3.93778799301291,3.98158258367479,3.73003544004447,4.16435384597901,4.21945768676163,4.13215412401741,3.80126727626132,NA,3.54826384950689,3.70140882177126,3.9309814973531,3.93748583266075,4.13525088445171,4.23967939784205,NA,4.82920557820215,4.9445881185539,4.78082345833192,4.56491469481213,4.72732643265662,4.49771846769953,4.40481352605401,4.03612059057261,4.12065893181323,4.31769568064704,4.28132167882047,4.53286099024807,4.36339622109946,4.05516242502164,3.65338384055896,NA,3.73371197548347,NA,4.34439835450423,4.28013948934977,3.75005285020603,3.9911926831334,4.24933175404398,4.37777260487991,3.98909392998577,3.74739549797405,3.1742161276772,2.89890716893601,3.11868279133003,3.23178529163647,3.28991054731105,3.26126915158981,3.44810248938568,3.2056463490181,3.64033717328272,3.01170814844715,3.39713989287675,3.35859109633453,2.74349717353454,3.31696868228136,3.27345461750514,3.23487682021528,2.48723043994876,2.66406535134664,NA,3.29795754109388,NA,5.18498564184485,3.90281455813986,5.01699804195288,5.07006557529118,2.9392031324332,3.9257085255089,NA,4.33726346806533,5.26658499860474,3.43370503829256,3.3080747690012,NA,NA,NA,3.13116839423689,3.25238151271301,3.04936348610591,2.93577709157796,NA,2.84604949967749,3.62818004405916,2.99916366152548,3.16744257569035,2.95556595653099,3.35735723146772,3.51186396782252,3.30116629340041,4.03545712635666,4.85375189278597,3.8594519658224,3.8233010049851,4.20600373980113,NA,3.50432240254222,4.3216664299564,3.3645304220949,NA,3.41470311389305,3.76512824312263,3.78004190524171,3.84200385452584,4.2018714832049,NA,NA,4.03829917076601,4.53362306494604,4.4264496128788,4.3365893232871,4.31875551824854,4.26426093459994,4.17923852107349,3.84378230271858,3.67539967668915,3.83423108396545,3.94170243645097,3.77053361583799,4.16440085346756,4.17756077715787,4.50681067872239,4.20416832304923,4.15347319123817,4.05375458466989,4.41058138503114,4.53647643699498,4.25539390496794,4.20764241517323,4.78498046221518,4.1724705935508,4.34601824321792,4.29092496842293,4.23303221336023,4.44491006128743,4.21518343060431,4.61865635205387,4.40655598407001,4.15318120123683,5.01516944487982,4.33037520572251,3.21296064696259,3.46669078190929,3.68918486427647,NA,4.90907246979616,4.11366292488722,4.55613524755561,3.80126106140364,3.18140089156929,NA,3.49130643437874,3.36066527930357,3.27563660363742,3.43914006696494,3.78707006300015,3.24937786784667,2.81633665277118,NA,3.27616153212152,3.61255918031192,2.92416323349911,4.97846366107925,3.40570547489894,3.14589978939408,3.92125394155405,3.03487959637293,4.53946304445042,4.06161304652602,3.07426089633924,3.34307189277561,3.39016634242314,3.45554987761887,3.2007034611594,3.57658254550164,4.2071802865809,3.65667678703614,4.0781014854952,4.47889731367779,4.19825388808803,3.89739101543307,3.52349123285034,2.66227024236262,2.90721636600038,2.91097311718103,3.28366373631973,3.05407680397875,3.1422333375234,3.24835387241508,3.19188456596947,NA,3.48084683312,3.68590963005866,5.23085602817835,3.83517435388191,3.66014790183553,3.73083112271966,3.89596324520663,3.84801065193942,NA,3.92501021239628,4.29644097531772,NA,4.20478591268539,4.30542916289213,4.31314894963914,4.32262435296906,4.31234204477283,4.42727871434762,4.49120736572059,4.25085911994269,4.04843293724651,4.85660083260769,4.50819211436518,4.23762876533052,4.55094734204911,4.70340255261356,4.49540325140906,4.63441898354082,4.75512570749461,5.11521881083759,5.05793703817817,4.45471366246073,NA,4.08335063735419,4.94624815749709,4.76264402688862,5.77368094399815,6.40787488241581,4.87688472731837,5.61161118348931,5.69768755988229,NA,4.41948054002067,4.95141780251713,5.12545408771203,4.67433700587101,4.08022796842665,NA,5.41043556419087,4.92060557841352,NA,4.91457212344112,4.25755469830107,4.0967850627421,4.9837980492985,4.30197240460279,4.95486870385031,3.34545540042586,3.33262874773146,3.74879689219587,4.02681934106857,3.75043138192684,3.61317884659768,3.50311042959278,3.3465737358319,3.70997237858748,2.99711028330665,4.61610466846476,3.78958965456394,3.31419797918579,4.26975972423804,4.78302299560575,4.23716463494683,3.99173787565389,3.39428495776678,4.10755128379278,3.51634394354796,3.4541005023585,3.15270941123291,2.84109478182115,3.5740260286086,2.89422234967985,2.63050799241155,3.03144600035182,3.09951315535476,3.42625253171607,3.47969462085022,3.82547476567968,3.05960898246151,3.31640921652451,NA,3.4690449262887,3.6152562421554,3.61209508556424,3.52187776229148,3.71024515253944,3.46168153977158
NA,NA,4.71995908479867,NA,4.3166433082002,4.6021881052414,4.30172983018728,5.13021534564207,5.45457912927968,4.45054427873987,5.33204962202131,5.32879916982136,3.72824999558418,4.63266377437491,NA,4.36079089022861,5.23739316589243,4.83190095295087,4.78646384151135,4.65072848286015,4.23916937898297,4.65807396109488,4.9034687374637,4.07198148018727,4.61432930068656,4.65096812047184,NA,4.23839323547401,4.23109476428721,4.43497702177092,3.96233015464151,4.30110429793559,4.25895096956169,4.32642340048367,3.92580327560367,NA,NA,3.80908219128386,3.81870507164595,3.91998274336118,3.56904365409114,3.46635886273282,3.29421869253331,3.35763775257194,3.07312370903228,2.96214500558167,3.73168244631082,3.15256786786603,NA,3.1598672626675,3.52473135130568,3.01052016585958,2.73333886671889,4.10753178863111,5.86031210698042,5.9695793567371,4.21664580882623,4.77570383028018,3.92549309032438,3.66231953616361,4.45922038088853,4.4048794396515,3.75329345704873,3.9324906419166,3.67292545263061,3.39809119128261,4.2895324230409,3.33667153497396,3.87448710602351,3.15877647803991,3.13489180148442,3.9190822997806,3.33827159029677,3.61699986786624,3.37823317487986,3.4990100259977,3.50171444318894,3.84026674292754,3.58073321740626,3.47856678864335,NA,3.4417878919245,3.53551303656759,NA,3.91157798671034,4.13886278811617,3.96287574408191,3.46417722438264,4.074400010512,3.80216387181277,4.25391928795067,3.9401061125436,NA,4.2382673788676,3.98613582987096,3.45012347773611,4.54205974783562,4.51913241250103,4.60694997847825,4.56792032199394,5.13689926739149,4.19234493655935,3.62666309728497,4.4601417516489,NA,NA,4.75831968263063,5.30121207576102,5.20649752336953,4.88602527727054,3.58560475661473,4.71780098545535,4.84355160814795,5.43976799232034,4.17927208850467,4.8251409257571,4.48521333519572,4.25919579749751,4.75336319495117,4.96787068992538,NA,4.1432616686179,4.23865492884062,4.36443990678267,4.59351693406644,3.82986482958502,4.325803819634,4.02054466040699,3.89148786919532,NA,3.77825679082315,4.09972282336636,4.28296417734735,3.67399349734761,3.05848720270488,4.24390564490601,3.88523031206945,3.10007011030148,NA,NA,3.37961095264702,2.78983913637647,3.38309716228209,NA,2.33785661223983,2.67528069027512,3.1344090744197,2.69132633249488,0,2.47932528201832,2.74672001474865,2.83088620519411,4.62197822417008,3.20128165234417,4.57992387183711,4.15787672319954,3.29741512388507,3.43484526172857,3.17167408288769,3.25757462272041,3.9014977003594,3.50786020200981,3.33548866590454,3.41309707964801,3.17977493317267,3.64181844017472,3.98763279010377,NA,3.77191109662148,3.80543796776594,3.66434605289215,NA,3.89987245493895,4.49329048937392,3.97980497035624,4.78845744101905,NA,4.18721598545161,3.97185609153047,4.48416359147721,4.45603450866518,4.8525946895606,4.34457825527887,NA,5.00144952367371,4.43046627128841,4.34691231599529,4.1416071589044,4.05892618440085,4.29640627865422,4.49780138322489,4.15603499704933,4.1657845094298,4.73980555519835,4.37641834292864,4.27072503958283,4.69368092617759,4.62294202753928,4.65037613916561,4.39100109450473,4.62038632050454,4.47747943207654,4.44349105893833,4.48526213771812,3.9246159420685,4.24955493666444,4.02157725956857,4.40830459165254,NA,4.77095830202899,4.32181561662767,4.67295770968999,5.01974157603995,5.40889036772574,4.8471483685232,4.48035175241038,4.19895491623099,4.25322194837296,4.84467015967091,5.89933803893497,NA,4.62339207554763,4.0917391978405,4.66686432354293,3.58330970274607,3.50060663421907,3.23214347006082,3.17240487570681,3.14233414333323,3.22873171826574,3.26557956162168,3.29311957592797,3.51717317989246,3.38979966468578,3.74391186254902,4.13801328638871,3.77044658465112,4.80083151366564,3.60526851835826,3.61878388759463,3.76502851265497,4.12969431136491,3.90612557389901,3.4938394489342,3.50042256608371,3.56064637617426,3.49210195264242,3.65742248418297,3.39857811821544,3.3124679104637,3.20240075704597,3.46650382967032,3.8292735469054,3.49456867356305,3.56584229122979,3.62964511075268,4.0027877939581,3.57866986840346,4.15000402791454,4.73520272639509,4.6253537829882,4.56798686147829,4.29343079273694,4.71801694337663,4.77153104616579,4.63047750736645,4.37468912797578,NA,4.1224199115163,4.34040846691484,4.62164973119692,4.53537550021706,4.67854639241871,4.78023012454206,NA,5.30435512928867,5.34292408495733,5.14936908754816,4.92312004300239,5.07782885334746,4.88970738960646,4.80245264659781,4.44339179773649,4.49869796085962,4.66749985208759,4.74776117184145,5.02472092220118,4.8445759332735,4.32436784632068,4.0819381551637,NA,4.15852771283008,NA,4.73450151785657,4.68827838293573,4.20230434744586,4.28814894330942,4.81396281010894,4.69579117382843,4.37897896773848,4.17621401447011,3.73142613767207,3.61210076689503,3.61973105721962,3.91984294994127,3.86976919663279,3.96367527302578,4.07536873507304,3.83450032563299,4.25982400396974,3.84533318859042,4.02218406127339,3.87411184238304,3.03026940406298,3.3603974831884,3.39136010601501,3.56579370580227,2.89047687504612,3.49319458119316,NA,3.34461885522172,NA,4.18227277947638,3.61202669808182,4.19544289454507,4.59493332940076,3.30284337761824,3.83710885771247,NA,4.5609704017664,5.41139514091771,3.58169838568132,3.4425939826177,NA,NA,NA,3.13585500439685,3.83644727749412,3.50551552814605,3.4994060406666,NA,3.22879006476354,3.95986733485382,3.38855389743459,3.47921782939919,3.29089983758981,3.5011584812727,3.44180669810779,3.13295523212848,3.6156566247555,5.11385336336207,4.32358827264249,4.28536180405534,4.52292784659915,NA,3.76013153781444,4.73046311363177,3.64400402574801,NA,3.76265386179865,4.17363931071729,4.26609358601131,4.30761886300915,4.67355889818477,NA,NA,4.56677416316103,4.88457812556123,4.80456293657587,4.75413010383288,4.70559336964294,4.6148813478793,4.56717070618108,4.35295896283517,4.30899695436979,4.35198154130549,4.41012783179656,4.34300390653696,4.52591627660695,4.59124679943796,4.99091433985386,4.52964225576809,4.45076773432093,4.48827766489489,4.69567807410415,4.82499589879981,4.5461183151291,4.57809855101009,5.0963888740011,4.59855033784629,4.7489629743106,4.74021829613518,4.62844986662978,4.73775933463303,4.5978171922098,4.99566210030684,4.88809451537046,4.56387815461471,5.34602368902114,4.81753372981128,3.56047920968942,3.80423950162106,3.45428919630909,NA,5.08453947924465,3.60121802025733,4.26905858454843,3.62587194551102,3.0619479715522,NA,2.90485675325044,2.94897139194643,2.98588905448102,3.520952498827,3.30684831521305,3.02058625747979,3.1471591178469,NA,2.92415153883471,3.0979363197811,3.17026835952942,4.2280901476708,3.35388751852488,3.25427318961382,3.59134374609289,3.20092350657481,3.55917211661058,3.72581403972705,3.34415430012453,3.44231686335892,3.61819106916066,3.23617087512822,3.12290110512674,3.42778460751218,3.60223752207455,3.30032120615087,3.48741528054488,3.88422462309424,3.70537973677405,3.67128588271621,3.25319679891733,3.25368482834734,3.11086090516581,3.14555743546411,3.65410269276903,3.61929117338786,3.36608421136849,3.64532380029537,3.80929877855347,NA,3.97196747733505,4.12496814592797,4.2518208039808,4.26134405027303,4.11806081002562,4.17976374662955,4.28178208533434,4.24375265965211,NA,4.31310846961975,4.6828824681999,NA,4.51485656118891,4.66613775000076,4.62206410554322,4.62950296505899,4.60906184470762,4.72761299148246,4.79543169959866,4.48049283666944,4.23778943689297,5.01705954812875,4.7896544249772,4.55399831790773,4.85268284185527,4.99748207073327,4.75274080667576,4.89139541567641,5.02161077381554,5.30942006860548,5.2718498745903,4.73823799838312,NA,4.58581746228168,5.19233611727341,4.92376914644751,5.90407612960289,6.64738025422498,5.06918387811661,5.86783578753232,5.92180032340703,NA,4.6809455973313,5.00655299671631,5.29364289300942,4.97279817967058,4.31557190636314,NA,5.3759924548899,4.97259853193653,NA,5.21690287816793,4.62126981447608,4.4996277897736,5.28133521827541,4.61304908200349,5.10662650291462,3.92977775131746,3.57817679464803,4.07130381700352,4.17485903670691,3.78256158330575,3.59309187150734,3.53982289469665,3.03620928996018,3.07513583742515,3.42306575645483,4.61452048798627,4.01262038855985,3.77638903701741,4.25346085459751,4.98508058592683,4.03179703384453,3.8518203274705,3.3998402873585,3.4317142001462,3.27025137876146,3.2471700230077,3.25577111885568,2.87264110886121,3.55843215543633,3.02497285930889,3.05607764085773,3.19870623529164,3.27637715216666,3.75552172312095,3.67142457372335,4.02934141237393,3.64110482379511,3.77429650371713,NA,3.84102706999891,3.93842061617718,3.97042866644675,3.93319964707434,3.89260292562013,3.70021949458884
NA,NA,4.78726344267241,NA,4.37537607558695,4.63873298551352,4.35329106370598,5.19957870512559,5.50781862493771,4.30769378987067,5.22899990511812,5.23864622103022,3.83096320340846,4.51878246168787,NA,4.15871561644801,5.06408970425765,4.75094055600934,4.38901454899618,4.3962143297006,3.93234529053917,4.65965790726036,4.85577017445817,3.98616179573679,4.52282187023614,4.66014775985334,NA,4.29369747940091,4.22553027254816,4.28024461437375,3.83772318480763,4.35046984300898,4.32527273297786,4.40100433010586,4.00399497531498,NA,NA,3.88772387971455,3.9561314099449,3.96272207208301,3.48052692985549,3.43475457049711,3.36993648564069,3.15525929792752,3.18285652971548,3.08472470977804,3.89251379913449,2.93324955333564,NA,2.8321099191617,3.56750136608636,3.16001667186365,2.77375461639013,3.92807288840339,5.88771388062602,6.41230866131059,3.8803507667532,5.06290849692676,4.43082498935719,4.14999415902876,4.69876469674486,4.88989215618703,4.16936289360983,3.81759706982282,4.12876752914755,3.45904170641069,4.17990079114983,3.18892534698758,3.77375655944053,3.26115155089741,3.02585072826421,3.84548686969011,3.23077349101781,3.33349255931366,3.16128788928188,3.24399279974191,3.25119801301926,3.50123666114147,3.36080638835036,3.383854315074,NA,3.38984724846978,3.58514928534561,NA,3.8688546157879,4.25513656013375,3.96763122638409,3.3592900749329,4.13725606796479,3.71158265213787,4.24169647953902,4.03338187231227,NA,4.21552795874389,4.04979078513094,3.35002393842971,4.63034067313646,4.63564058609222,4.69761690310448,4.71072963290548,5.20627685080855,4.22214217887054,3.53573375318709,4.46991689046389,NA,NA,4.88510565100374,5.35807689038902,5.37111840244091,4.96618828428178,3.52325137161324,4.83752353421904,4.84321469342604,5.42628296188132,4.18795588236127,4.86392428373304,4.55537059147704,4.28460043194754,4.73807454046926,4.74996150014133,NA,4.08896303784163,4.13778262505561,4.2723355472881,4.43451794218173,3.60601755481038,3.87317029034904,3.66496817890753,3.52009836877289,NA,3.77001163335573,4.08176550291435,4.27354755040896,3.53255326011534,3.03420003991791,4.78005805906874,4.08485823602205,3.06370147835321,NA,NA,3.54171041412821,2.85817692611774,3.45437954893755,NA,2.47414153540621,2.21516889612334,2.33700997176477,2.0866759658932,2.47932528201832,0,2.21809665254546,2.35599407099078,4.47853877620398,2.54336676047076,4.26289192418559,3.36429990259583,2.82819642559329,3.23722097166552,3.12697650510676,3.0229798656415,3.75513444737509,3.17151371128678,3.17888835785532,3.10417551579746,3.00598836217708,3.55991573857292,3.79902408118565,NA,3.56003136970723,3.67085499197041,3.36923951284515,NA,3.79064928360049,4.44648476966049,4.04892442192083,4.81033628385091,NA,4.11117767200107,3.98886743930161,4.54270699778019,4.38177279966243,4.71920900476043,4.24866834837231,NA,5.11839759748204,4.47364957589091,4.43629459350671,4.26943742350133,4.14005086702819,4.3541110697615,4.58394955664076,4.24459107071852,4.3383538235137,4.83076231036476,4.424553459214,4.3413565365294,4.60239050024106,4.70195502822254,4.65051524968732,4.329274544357,4.51759934023371,4.36110206377862,4.28306621165818,4.28594667645484,3.93420556509902,4.3287677541016,3.99166853550779,4.32528488402021,NA,4.59902073621583,4.35113486910487,4.76707972951684,5.07668194918503,5.33843639675616,5.02395207129872,4.56834056030433,4.32227842285959,4.20581589268402,5.21125662462145,5.81535542113787,NA,4.55311427722144,4.15155020207417,4.55772333120593,3.53480285223359,3.3340706268349,2.7633397418647,2.90818209376195,2.48976946042726,2.89228921415343,2.78503848012304,2.84853082663998,2.91314952974285,2.8030536432028,3.51368427767889,3.756417172001,2.9916928515735,4.30758570482958,3.59516725256213,3.18559888073906,3.18876325504519,4.06589155519356,3.42901292615822,3.12437475798495,3.49159711434152,3.47824985240392,3.43603107620099,3.15202139501701,2.96285736098869,2.95879040207083,2.9666144825391,3.3631437459255,3.38333511502639,3.16308674787497,3.29037428475283,3.35988104279673,3.8834189861865,3.35376209718794,3.6665501976802,4.16553018906863,4.41451092982612,4.44941306484996,4.10351727352173,4.32080461101339,4.22862929037997,4.41646850956425,4.17876165171122,NA,4.08043281487514,4.23075114059372,4.5733280068516,4.42177008978669,4.52678128527317,4.64835855964033,NA,5.10145751357501,5.16651711560397,5.064241465412,4.93016710662752,4.9820420214299,4.6182270449429,4.63231898662598,4.42397175042227,4.41224169405601,4.68869731501991,4.70827497982473,4.91518529991073,4.64730921701167,4.16205172520129,4.11980814219638,NA,4.17353933630078,NA,4.45614325277779,4.2745576046349,4.09474055071237,4.3552082542716,4.65624371015109,4.71617442073753,4.31524114594912,4.03980595051419,3.564859409414,3.35358921206106,3.57400332236672,3.75753178658283,3.72202204484874,3.64960991118768,3.69627044477269,3.56483128663388,4.00704623178988,3.50863863167503,3.82091562926721,3.85040874740785,2.95342110727399,3.26160311833764,3.24398680576396,3.49231067407769,2.86433486010218,2.96532668341332,NA,3.17669516662355,NA,4.37375892681677,3.43942846179797,4.31768662119991,4.2904328927165,3.02574094833928,3.42366702871803,NA,4.54614397344491,5.38565786463158,3.462802953865,3.23106413504287,NA,NA,NA,2.97979670576003,3.73752362101075,3.50564980207892,3.361923549649,NA,3.08142447047314,3.64015916003019,3.16523322623544,3.42359648647516,3.23687662391491,3.43710418044627,3.49142202436656,3.12971515541832,3.48024291848095,4.87159709564628,3.86395276464595,3.76454495068452,4.31949718788707,NA,3.75700137554679,4.40005972011663,3.70344843138686,NA,3.92898303235661,4.37039489085736,4.44180268075295,4.44977080322063,4.86775527904278,NA,NA,4.69750324745201,5.0290328558878,4.98279757997093,4.91544433464461,4.90641017432287,4.87855925335748,4.76637727757228,4.45111695852196,4.4872512297578,4.50425519486417,4.5537430246573,4.53762366862945,4.69417089115321,4.66050022602075,5.07557734790363,4.52014331494732,4.49365947104145,4.45849830596311,4.72772259086923,4.93825159180068,4.62682858582514,4.53348313627856,5.12534265029224,4.60851683469631,4.72762097445068,4.74787199744273,4.58254330249429,4.78426844861988,4.60628023473304,4.96449312267096,4.87154404146342,4.56826003546641,5.3425598609835,4.65939148238205,3.5245637234659,3.79761650965553,3.77273682559864,NA,5.28846573798842,3.93341870674612,4.45029680403276,3.88790109890573,3.27800637712216,NA,3.29719205088816,3.27211473187583,3.20504359486592,3.26453671333055,3.43668144548968,2.99947486387356,3.04282628366274,NA,2.98326245378877,3.41042098209679,2.90712784972047,4.31136588046047,3.12876940355318,2.96474890283819,3.31108649808106,2.97174762510977,3.83479004740793,3.85861913511598,3.38233796510674,3.54650491011139,3.74053725665812,3.60158581657797,3.39484532275173,3.54786152824995,3.72618744637567,3.44248726224899,3.86808499670508,4.10542702563742,3.63646999524436,3.90275226753542,3.44015891741615,3.2531016073403,3.36049889283172,3.07711044116117,3.56664400337597,3.76293717765205,3.51479271346143,3.83861818032053,3.96767273316065,NA,4.12593264557731,4.25978520164777,4.69545091627854,4.46204695644145,4.25345660577084,4.29306016817097,4.38080908776588,4.44521483044663,NA,4.49370818370965,4.85262007788525,NA,4.73521473402716,4.87687922718057,4.85365684938532,4.77938018997796,4.81984936564736,4.90597738984502,4.91923695640413,4.69026864858065,4.49853630270685,5.22423468112646,4.98434842760464,4.72754178489418,4.96020461618672,5.12261943388667,4.87755312318425,5.00792109224903,5.11204345164553,5.4177148646694,5.29997599291671,4.85398841921284,NA,4.7081060110457,5.30101706921014,5.02838438699996,5.9293884685441,6.60749502217205,5.11722598336103,5.77847391880432,5.89860596361314,NA,4.73386418471674,5.21968101578757,5.36264950313013,4.96800314442725,4.41251022974145,NA,5.58543737185128,5.1241337278316,NA,5.19899431632482,4.48980886052623,4.36617121899456,5.12336293397397,4.54248517703268,5.05129263927756,3.54114940296413,3.59092339884191,4.01026105122193,4.11730023427898,3.77296446290726,3.63246556199432,3.46018670454544,3.32641771977707,3.66886324404349,3.6454342180213,4.70677671619338,4.04084375316773,3.59485305427583,4.28219952046316,4.87131308180393,4.13323408558969,3.80319192693764,3.35029915589121,3.77046865466141,3.32480685191365,2.96727431661046,3.1826178237813,2.98815015048168,3.39153954308116,2.88376504264397,2.95114377146472,3.12411964318081,3.35584897333583,3.86573196675866,3.80984661390867,4.14220397912949,3.68646604190792,3.91252548594423,NA,3.99451059183322,4.09503224951332,4.16730682109162,4.12490731818336,4.07640592794084,3.94901693358594
NA,NA,4.86625628140623,NA,4.44213058498975,4.7526830635144,4.46366888133382,5.30256309075275,5.63040107506866,4.34962265221762,5.27785613675779,5.37085840260177,3.9100159291525,4.59791284410815,NA,4.36522605794529,5.37252663782059,4.89332184604888,4.715964656677,4.65601479464204,4.27002779548892,4.79381203080693,5.28392011214851,4.48353611960783,4.9718522448587,4.93011794050926,NA,4.69169324743596,4.63737704881353,4.74747770224546,4.162552847274,4.6772003050567,4.66959381236133,4.74451140840432,4.3953304657242,NA,NA,4.23676225446528,4.25213740527846,4.2861585909584,3.9217035153215,3.81636262630847,3.69317474676549,3.35904077581505,3.13775763733785,3.01849504224003,3.56987993560391,2.84589793304894,NA,2.88958692388424,3.17787094573872,2.79573789535876,2.49381534067259,3.69899283818333,5.44355730174852,6.07645667012716,3.83074919693845,4.70103585778035,4.04700491167621,3.8170362883265,4.35951958897221,4.49869078092991,3.97240287843676,3.7959862917336,3.71206731038696,3.13220274593896,3.98266065134875,3.01335236345953,3.61180342238662,3.20205456382091,2.87415728646648,3.80738069373209,3.30723157703124,3.40492377993659,3.39818557594255,3.43753742278275,3.48010983544868,3.53458263365731,3.58522601617912,3.57210169240116,NA,3.60018800026605,3.74431427981582,NA,3.90872624171773,4.42992429468802,4.06533509420894,3.62360965831657,4.27736073962912,3.89471492197435,4.40287497664554,4.22672491556812,NA,4.46529205004539,4.12674328132642,3.58341404249998,4.6495075715918,4.53119263850115,4.79102877850295,4.82203862151829,5.26358014913356,4.29387445505149,3.72285109624633,4.60224330318013,NA,NA,4.98935253951135,5.44637184895868,5.36240720241436,4.92215758719614,3.78355935388913,5.03208716194704,5.04331661290712,5.55599896161548,4.29949860826765,5.03286620581383,4.78159682859588,4.50840586482582,5.07297053254098,5.01088437274512,NA,4.09332465698246,4.51611717398756,4.50902494833759,4.5237267936366,3.80473956585676,4.14526288567942,4.07626683871148,4.06031789470042,NA,4.16342068805733,4.42716634028342,4.45151153207818,3.64893725606987,3.19246153544497,4.53242120150121,3.98366192953957,3.09767890096813,NA,NA,3.82984135101356,3.16498758722071,3.84012350248306,NA,2.66861568176684,2.44941030519792,2.76628744161588,2.50477108067427,2.74672001474865,2.21809665254546,0,2.66476839964611,4.44562685786236,2.68074741132355,4.0062804575264,3.34597696809226,2.99721661409272,3.00017564316169,2.94675705994384,3.24594923421839,3.80691890112441,3.42474791369159,3.27241986662379,3.55140943040899,3.169018217704,3.75306593531232,4.00241680610633,NA,3.51957229210972,3.81253055850827,3.32218531856265,NA,3.90134829027369,4.54702725905254,4.13014774620837,4.87938708576586,NA,4.28653756698448,4.27002880168065,4.80190492865041,4.69930752900762,4.83110809001698,4.5357367485953,NA,5.30320370518388,4.53429791133676,4.54730620465907,4.52396998337429,4.34049117548634,4.52256789271024,4.628519319786,4.27300480737768,4.47706701435093,4.85527645242428,4.43348452830731,4.25072530013274,4.59102705961385,4.7935371356324,4.61726765580737,4.39071923844723,4.4254914075292,4.33632846716676,4.24694910082985,4.30635849117584,4.05981195630613,4.1674863818232,4.05773688921307,4.54254874043052,NA,4.63122588559716,4.33816089173973,4.95580563330186,5.25356023366099,5.44062235410971,5.11215649929833,4.74029521576219,4.42189516689962,4.17520659786528,5.13033466403939,5.9687134924173,NA,4.66053305673384,4.26865223119441,4.56012945740509,3.49063196219781,3.47278398957173,2.86808005336624,2.8755393223204,2.88316056789609,2.91175765846238,2.97123754955876,3.04864426130641,2.99530443817166,2.74966636729945,3.74277124222426,3.69628123384439,3.13058647381235,4.6107859750444,3.56138558804526,3.25844172047996,3.53771063901323,4.22208387835883,3.71439341859569,3.12990101752625,3.58937030056361,3.58967063470118,3.29548276895481,3.35765961097812,3.1727591296982,3.14417839965722,3.1034253943905,3.3314888046869,3.36053420770933,3.19681858139949,3.22981278990833,3.3935133456311,4.02810871407724,3.35866713028669,3.57329221392831,4.2835908237102,4.43428329526402,4.38766002903409,4.24824330463444,4.56180121922338,4.57112658811919,4.60224597606217,4.47429729670242,NA,4.20740469781552,4.36110654179601,4.60054112135043,4.55290831908503,4.71193266470097,4.83781898476355,NA,5.33168070232771,5.3604889948148,5.24379832396794,5.08864348079607,5.07446542242163,4.88997963483548,4.88275844916013,4.67194157000975,4.76262923611322,4.94524511334553,4.94360469957989,5.01868583495036,4.91411741109812,4.60424306381905,4.39646207412992,NA,4.29864813384025,NA,4.72405813766907,4.73397455735027,4.45187952453921,4.58118198765014,4.65049218703965,4.76131612762781,4.49395699612737,4.31448298753043,3.87030604528813,3.70756100402191,3.92681720709755,4.04218370877598,4.06624913629567,4.14223505454755,4.34173063650873,3.8816545164356,4.20300071849644,3.89728881463373,4.22198193515662,3.86792267580651,3.25157418146099,3.53608253346869,3.33791715853772,3.57868905165826,3.19159768752763,3.10768836245765,NA,3.2176705892516,NA,3.97779180077983,3.247300389763,3.71071237313163,4.09089362842605,3.28366347218977,3.34327673009579,NA,4.52754078639939,5.41303153527471,3.32549065568082,3.35987414551162,NA,NA,NA,3.22669439715091,3.79450764974376,3.55086528946938,3.52285889852538,NA,3.17921986434867,3.89405970571584,3.3508466496966,3.4344382359363,3.55364125312816,3.58091963768107,3.31667885483117,3.09490357719338,3.33986820932043,4.87935398342719,4.03760194179963,4.16842080616477,4.77775901174225,NA,4.0453168906946,4.73031142153673,3.75818513440656,NA,4.05755074992268,4.62311370295918,4.53592049931073,4.61908131471032,4.93732327437379,NA,NA,4.8361944637244,5.132233085019,5.07147414072354,5.04826674442622,5.02809146496853,4.94162100851944,4.77360792806572,4.56729480473355,4.65460506597321,4.62148065017139,4.68337257414662,4.65520919522642,4.80406956011133,4.7754702356117,5.08729697073379,4.73619501322844,4.72835068637097,4.69254667970098,4.91668166379918,5.0578138664476,4.78741298723882,4.61678878771047,5.17081706648249,4.71386441875301,4.75918238342476,4.82441976476122,4.76477957478073,4.97019677120759,4.75647866409241,5.1967265142563,4.93140101176424,4.72890656081867,5.38353915554438,4.72392404004543,3.55191199303487,3.97168227206006,3.73725702964821,NA,5.39155586385182,3.64716343563954,4.30400416330641,3.75335920544762,3.13153465122658,NA,2.95242569906597,3.14221774341904,3.24390435990749,2.94231239081704,3.30399743239382,2.74788121272487,3.14604600554546,NA,2.64537232264296,2.80579501609471,2.68407107749118,3.79145517593514,2.96711194739594,2.79039402844755,2.9400664104606,2.76332616267464,3.50535104406801,3.45176225808611,3.52294480420065,3.53665767151622,3.7102864450401,3.33127605885406,3.16286096345093,3.35846210747543,3.53217648061234,3.13242003835155,3.48877604582698,3.89089045363075,3.81188146893673,3.84219897559253,3.40926294965818,3.31693140043915,3.39010544222005,3.29244014681175,3.84796909626096,3.98297541684852,3.67550983100929,4.03608622194322,4.14034253801943,NA,4.33589747914955,4.4489066218698,4.43892023706065,4.63192122803831,4.45025267782336,4.43266242129997,4.48356295023831,4.64684031089777,NA,4.68812742804385,5.07652243931319,NA,4.94011095334562,5.12283551759638,5.06816450579044,4.9676687092303,5.02799811979476,5.02946733895482,5.15160280856832,4.92483464121144,4.78641413525655,5.38470359573939,5.1433380304494,4.84312175981833,5.10546309226535,5.24693934606704,5.00289013674053,5.07685075578581,5.21144344185131,5.54340407398474,5.40041342787111,5.00692214516143,NA,4.87746108390293,5.4583906404734,5.14477574373562,6.1010592542074,6.78419496064575,5.29451797121812,5.99597419740089,6.12384057578903,NA,4.9828933462838,5.47838669719642,5.54472069067789,5.16160591266205,4.6689483600036,NA,5.87387096668779,5.40677447018051,NA,5.37635260395851,4.70994970650359,4.51696221635595,5.21307820527627,4.60485916213892,5.1960564183155,3.79710444572298,3.61468360898696,3.95949785653194,4.09304446938713,3.86863904352584,3.64077324205425,3.47425610890015,3.32749856454836,3.72791537676242,4.00178971877685,4.98779241227611,4.21288666681222,3.89300048655862,4.08475118824426,4.9536270179873,3.6717293973148,3.60776254300004,3.33124868443221,3.50033821969508,3.44758386836112,2.96889127377515,3.34304588997996,3.14714358858726,3.6360304025468,3.13746087496532,3.25802973601944,3.40392631146558,3.61623554285364,4.035244278941,3.98432618989329,4.32996551437902,3.88888961421576,4.10096152666405,NA,4.22539849943198,4.35198074720267,4.4279142185063,4.37064528734031,4.31722228101015,4.19009067598843
NA,NA,3.80762264759668,NA,3.46652957966338,3.74959085997128,3.42950793426188,4.42314334393671,4.72719318617088,3.44857323790635,4.34953686501978,4.4494460177599,2.97431995044471,3.88081502347876,NA,3.4903571408204,4.07104651090393,3.67803655056155,3.57497873775505,3.61857176441185,2.88266409093427,3.8328984888133,4.03645780111895,2.75263627651924,3.3518904531012,3.62224587248597,NA,3.34451949120283,3.18649717445189,3.3695589189348,2.81260002640167,3.12755047311688,3.23036165300487,3.32453304151617,2.99724558114437,NA,NA,2.76627263225063,3.06807156625162,3.12866518766095,2.71754678444286,2.5102991644006,2.49836770392275,2.66439626650108,2.54735304715741,2.66210555035901,3.6883167806825,2.71042278755624,NA,3.05855133311852,3.88405482404555,2.80436169284923,2.89338127071674,4.52891678918636,6.32829823210855,6.90395297096645,4.32417965541596,5.35327592701533,4.38365602286442,4.37710476560276,4.9816991517432,5.06606202226219,4.27507603987451,3.93035724002512,4.18400483114767,3.61526149858447,4.65740580348698,3.22029435527035,3.81041022805009,2.88734743071444,2.94497113788691,3.3883278219493,2.41353766270262,2.73875663400969,2.45537243981906,2.60045872565425,2.65276007380104,2.88383051541913,2.82721019396688,2.70240318825979,NA,2.54659601563853,2.91038727820778,NA,3.2080217210572,3.49937138668119,3.31011159132951,2.35098411671648,3.34927227007692,2.8467762884969,3.53636777638185,3.27237376037595,NA,3.39129934237631,3.15848105050842,2.36732114408066,3.88903148522991,3.81987898346493,3.87916786621803,3.88596398541309,4.18347086090218,3.40123886258133,2.62739652679549,3.33864486193886,NA,NA,3.93787995417096,4.49475073134459,4.48087119706957,4.22420845705878,2.60036218817238,4.08683936341095,4.03783134628054,4.50150444071655,3.19880482636716,3.79364540014681,3.54564422078114,3.17042202510436,3.71161494012673,3.81177632589558,NA,3.2931985409201,3.46005834161765,3.50466816529717,3.75303288945243,2.7487949725389,3.25313254085789,2.89178370030549,2.92896764173666,NA,3.00686836622546,3.29509927061197,3.69500559847174,2.88968144149997,2.41201306249246,4.55764021121389,3.64445492983171,2.23433471453973,NA,NA,2.72948231948809,2.25487465297302,3.09390359074176,NA,2.56814514607083,2.51288016539229,2.80571187233133,2.48151926334122,2.83088620519411,2.35599407099078,2.66476839964611,0,3.79440263471583,2.88636288388565,4.98830846401153,4.11916865525384,3.14635189858837,3.63493020329077,2.96440202787809,2.85513629010717,3.51249073797758,3.03058118913012,3.15170929261278,2.77618867221162,2.46217110154878,2.96811220152333,3.02506740435404,NA,3.01209902143473,2.86744575259993,2.68380472560349,NA,3.00606664113034,3.46865003529396,3.09016520461819,3.82047328885545,NA,3.26224493012494,3.24657501913201,3.78850642107573,3.59741778636685,3.90641411232638,3.45101055152418,NA,4.035922320993,3.55640202245123,3.62567722392427,3.49025050058179,3.15964281570772,3.37615123278041,3.55994984989456,3.28972209532478,3.53660844935593,3.91155381897689,3.425317783909,3.2686435169091,3.66113158944936,3.85199215671289,3.76693444841913,3.37372585442821,3.58144509149572,3.25725725754419,3.53158066882319,3.6078298622008,3.03551209384609,3.52088011092925,3.04681614265834,3.1822944046147,NA,3.68063061300833,3.289961362793,3.85921945674062,4.20363097417311,4.91017119245493,4.53037632788899,3.87029842311347,3.57958620477993,3.84065987020446,4.76714795180601,5.27574834240438,NA,4.0431426430332,3.29110536392867,4.14906758249936,3.07183981815411,3.10529365813776,2.59224188722851,2.70699094149932,2.3928160426949,2.73366757659479,2.79905481171515,3.01748202813222,3.08171624809795,3.24110980049716,2.5573639978284,3.24694828332068,2.8325752199369,3.32730354347287,2.75524524132625,2.75999189832764,2.73071391297471,3.79148631204344,3.89993977074275,3.38762808633342,2.76794658119138,2.8411374644228,2.95718608536025,2.954951576437,2.90381278432206,2.8448397819737,2.81798968301583,2.71478978940638,3.06604111350786,2.74939283358393,2.82976362705063,3.09196869216243,3.74669339888944,3.2269367534273,3.60927436288885,4.11052306514468,3.82502184851467,3.90213843920996,3.55930762254729,3.85998023416615,3.68050402556295,3.55033642355684,3.29537782148357,NA,3.21075793169055,3.48843096521808,3.87737401293797,3.73337535283953,3.7382684762919,3.77338483122335,NA,4.36353065708762,4.50293943729265,4.32188722484509,4.09744821585314,4.20559745411745,3.88966288524973,3.97922021789374,3.55479938884452,3.67725511924241,3.76513872498388,3.66412873356943,3.95839148076944,3.83218439548831,3.23608627540112,3.11265075259954,NA,2.92545836966465,NA,3.58873039835969,3.63503978755248,3.13935091059229,3.25143695914231,3.67046678597854,3.8860994290685,3.48985697064197,3.30658317712784,2.73604235208589,2.62858285999586,2.63088768367841,2.9428781727796,2.77030448981175,2.81538540628123,3.18428608769709,2.90847476726774,2.91325150955261,2.57699226006152,3.33557143723377,3.12513964887301,2.45960081505698,2.63133594018349,2.53696607297088,2.51564018052006,1.91821180637825,2.59067228123138,NA,2.33076735606085,NA,4.62090450934816,3.69155704544511,4.73728262641957,4.9067634394867,2.36457581862774,3.8038759206294,NA,3.5393590857822,4.44951477292968,2.93537119974093,2.63217315315601,NA,NA,NA,2.89090993948877,3.28835777773389,2.82474596057047,2.68567772774232,NA,2.3742917444859,3.18100049455126,2.46537539275871,2.836163016244,2.86680283570477,2.76926895051237,2.99488823151532,2.65307949608926,3.37629230268247,4.33171038521814,3.36497020409664,3.4390430092677,3.62136954419111,NA,2.85106200699176,3.85071430880837,3.1897168538067,NA,2.96730095273522,3.25375326466175,3.36761132522137,3.45291870068307,3.79608280337774,NA,NA,3.53207265825678,3.98808130213916,3.88981270604791,3.87684869981924,3.88814560035848,4.03242887041879,3.8614072912968,3.3848617210616,3.64791224070001,3.615698104653,3.51139767916496,3.51131221321454,3.6983940037571,3.60159003261892,4.01647022132033,3.58995130549354,3.28165920634057,3.2325158251368,3.61079763091418,3.71181328818979,3.51818630134447,3.49587972563594,4.07050323334639,3.62307491314397,3.6999637200805,3.80565158029204,3.60150873825527,3.83840290482872,3.65016927638831,3.99300058081572,3.82737855303927,3.65227708491174,4.49291877921287,3.90748196685536,2.73351649437346,3.11567411446407,2.97143452158691,NA,4.53968259605533,3.44137847075291,4.00319499384547,3.18364402738869,2.70400672432485,NA,2.902591261641,2.62178870482543,2.50786121413586,3.217306245636,3.34782135513756,2.98709482525874,2.20081532447259,NA,3.10231025170098,3.19720367025507,3.00034980281087,4.69339978666005,3.00467507872201,2.91622014211748,3.73353724206718,2.86274273518945,4.25018189827083,3.74998458925255,2.42614311582546,3.36071413329389,3.06901600796053,3.02349310425972,2.92184904317877,3.37259371234577,3.62692212777804,3.14567587259763,3.2508970911993,3.65016507021721,3.35941262233878,3.19677949050066,2.69278137638597,2.54972116430581,2.49429994824308,2.38344901570611,2.89085264526992,2.93903248190535,2.64867450095777,2.88086485151017,3.11726732055794,NA,3.21053766581133,3.23298542032378,4.37732711850246,3.50532881662565,3.1858430491769,3.34208067093879,3.41369390126187,3.33364032240733,NA,3.45592682937854,3.92872143932951,NA,3.74171075513854,3.93993428423523,3.8402043128383,3.60849153489873,3.62603066499584,3.97239364226738,3.95072699207488,3.64480284309776,3.40673941293597,4.2580540766234,3.9223986566897,3.64050818444813,3.90028947530006,4.15097883197851,3.85765804892266,4.07690740147161,4.28648885083676,4.5437548919814,4.49979389540521,3.79402926367592,NA,3.60386271245606,4.25153519870766,4.09602019468463,5.15605856908254,5.85723645325536,4.22178691121595,4.94227559539095,5.08022493780348,NA,3.81083022400296,4.31638804818494,4.38598834464683,4.0346782336467,3.45112495485785,NA,4.8139630979715,4.35497101920082,NA,4.21314310797709,3.54359560713206,3.43255657282898,4.2546223634064,3.58143494802347,4.38277966713418,3.19534496689482,2.74853937247488,3.36870917177277,3.64092178174664,3.30058363223287,3.24283405964494,3.2022463987335,2.94448719836715,3.20058745653462,3.00417519996375,3.89959325962429,3.32337809104584,3.09479048282041,3.75642661404182,4.28469698473858,3.81725909124706,3.49747987549917,2.92149950821878,3.20296046672698,2.51149731566498,2.86270918269721,2.7420077683638,2.14921546613456,2.63830401343652,2.14949818329655,2.36623128257321,2.54297672510204,2.57518779221605,2.87060220663108,2.61436410157082,3.09531320699747,2.88670213691296,2.88188168841374,NA,2.92626737538225,3.11057914898337,3.18452222458435,3.1912544379176,3.16985993108142,2.92673705289561
NA,NA,5.28979875756564,NA,5.30957235556626,5.3323502601932,5.25540067252961,5.53488740551743,5.65813763756524,4.43962659188943,4.85426080224583,5.19425193225704,5.04718769389515,5.41645413703732,NA,4.87967130938038,5.01283690793206,4.85303292857957,4.82628184955758,4.76983607828126,4.61992916317883,4.89538627845123,4.35680261535164,4.39095811867091,4.0455458272014,4.45967218908896,NA,4.59516553114879,4.60451233920325,4.35682320162573,4.35091624457863,4.85671107368398,4.98431984708279,4.95215431928206,4.62724534728091,NA,NA,4.4536589346206,4.82312834867728,4.76355714955536,4.37862168066222,4.40945280681838,4.31266699606112,4.53855747490435,3.90496890009993,4.53954407438941,5.1351392361897,4.13074215735589,NA,4.60491350829253,4.76595450385459,4.17135818448513,4.41518530589758,5.24989626173493,6.68732556486755,7.50559984073421,5.17625104347166,5.9179516284639,5.19065134962279,5.38978883953416,5.67496355705975,5.75854764865235,5.20743677527306,4.68988019200567,5.06505773851916,5.0252113068162,5.9643825689965,4.99973978473897,4.99634741029696,4.56027506790188,4.99721685764366,5.46653488768907,4.48915551346329,4.69133513600629,4.5417223319667,4.64288653672954,4.67583702831985,4.90332776164789,4.84108959468925,4.753827641174,NA,4.62537341417941,4.91709620077577,NA,5.24032588502501,5.45921867783331,5.2659489708976,4.40994001045575,5.20432363157778,4.80468564269074,5.40442317663824,5.29036597016144,NA,4.96783582408783,5.16619260366554,4.44978454548066,5.90050296451786,5.70965307902046,5.6759687861812,5.76935067180854,5.60546052064936,5.40715723002079,4.66137801180342,4.99003069466567,NA,NA,5.76039368711348,5.77267765366406,5.66460406800002,5.52568622926272,4.30083294985453,5.27702963278489,5.55286948324473,4.98157739634359,4.7560433455708,4.83593315474137,4.8149152568329,4.82126659360539,4.62114075004523,4.76695818790022,NA,4.93744246096664,4.84533753056315,5.08454675928435,5.62354035939466,4.87336915928688,4.92559306603803,4.46150768476765,4.79558313966403,NA,4.14730929262188,4.58647658421916,5.04736431109855,4.49732276358976,4.24508998294832,4.99231649637807,4.46308036599028,4.33312253512002,NA,NA,4.88526857043545,4.24685063446723,5.26205853254929,NA,4.13322308075793,4.5097401560748,4.94652570111775,4.76671629164736,4.62197822417008,4.47853877620398,4.44562685786236,3.79440263471583,0,4.28686312112304,5.94150305572808,5.18610288214439,4.68733998763592,5.05716000489035,4.8381310083586,4.72317700271199,5.35280054142109,4.97538312448568,5.17227862860379,4.85553525448308,4.85829074681083,4.91477222709212,4.85836990559665,NA,5.0779927078249,4.88309410983651,4.69049329409337,NA,5.07136969653388,5.32164259265232,4.96365117363007,5.54814986276274,NA,5.11150493404255,5.30468086929864,5.47626671065548,5.27028055803598,5.63055026498883,5.3569594816418,NA,6.04886194780563,5.38600133430172,5.58215638424227,5.48188984478799,5.20227776925062,5.39459878972178,5.47492209899681,5.2710659298872,5.54731356243375,5.75790580645056,5.42218548199769,5.31189028071294,5.68850795122691,5.89548097923912,5.72313368233017,5.33376883056305,5.41516418799719,5.13705233027069,5.38585574359107,5.45641100651823,5.05506143013792,5.529930627848,5.02424743111102,5.30484253365206,NA,5.35801097940378,5.13506549440614,5.54953299481138,5.81355096350341,6.20840187846961,5.59834296663041,5.12183391464444,4.80905454523397,4.8480603703432,5.60001913936672,6.21641331099151,NA,5.24657024620591,4.58444351050718,5.41711492214344,4.51472495093397,4.76459412254104,4.36006061643531,4.5187997857795,4.36034715426565,4.64915952745458,4.80598096501499,4.79785133116029,5.08525171080088,4.88333416545435,4.44798804741209,5.20921755048171,4.99920506338202,5.48101558138982,4.92056374526886,5.06089905270041,4.90335112741656,5.81412182128145,5.61523264028126,5.11682272745998,4.66387767430116,5.06450060722242,5.1633807405244,4.96494770557649,4.86568079463339,4.92071488247957,4.9314965686475,4.95307392993529,5.09452791469355,4.76689385066344,4.9214679401586,4.94947503350992,5.57665296717653,5.13883727063292,5.36077777311457,5.68898491725978,5.5068243323072,5.64114408863975,5.48990395441357,5.66370104802908,5.3475495626936,5.30295835718131,5.07608110587789,NA,5.22883086155405,5.5600771134168,5.74978279436075,5.68092673560008,5.54138884224745,5.54037340441333,NA,6.06033364573523,6.09199432798278,5.88804008070799,5.76240852833299,5.94006873312491,5.65135044554005,5.75636286431914,5.52439600414224,5.50273478941406,5.47145430323556,5.46682604546194,5.84826684853717,5.63099410309927,5.10984478652152,5.07559701904586,NA,4.73864359063828,NA,5.22850006956263,5.27045656742527,5.14510847155573,5.01660266739538,5.25002216152756,5.3924699396739,5.3921469632565,5.12495262650944,4.71365658413415,4.54123447706287,4.44990431699826,4.93876549872657,4.55592951751037,4.7605302443358,4.98374159549819,4.90938829975718,4.66371218589205,4.65214021348412,5.37000993619006,5.04331887655123,4.27554822228795,4.04031273081151,4.3947050520143,4.53162061151816,3.95349676633444,4.59182619996976,NA,3.42988250058671,NA,4.56439590759104,4.194898764112,5.37466127700787,5.04885995209423,3.85494619163974,4.61511964815347,NA,4.13753352248206,4.87697788770371,3.90303385717698,4.03630218031676,NA,NA,NA,4.07519749599676,4.55427669387988,4.39499813663711,4.44585601291977,NA,4.27555551784732,4.55843853744461,3.98431960349196,4.28149431564333,4.64201053067662,4.17963756464241,4.15095540041998,3.90782975285211,4.4887094993511,5.80395915368034,4.61323537123134,4.84614568479111,5.39022865841926,NA,4.70074848876565,5.03737965586983,5.09389879935321,NA,5.00101498719897,5.39799432691712,5.28658785959185,5.42558210280122,5.74825701944371,NA,NA,5.52201647930299,5.77823193075062,5.81399591172606,5.89579501902322,5.80417899000507,5.99335516364257,5.82880594812656,5.3916199467146,5.84054740783265,5.56587322773945,5.5045309096317,5.66737851872806,5.50588985932873,5.06276674782903,5.80774171472707,5.05985343593759,4.98660020940075,4.88499521693939,5.0511508497722,5.25859534788616,5.03318326065029,4.80368580876821,4.52665999771879,4.93922228705421,4.83156794992904,4.83019789703645,4.89333974688871,4.83073915754919,4.84482301761065,5.02951993386803,5.10544672333801,4.99770951020301,4.97058262472877,4.52139650559866,4.1340004518997,4.25616219444599,3.98399608699572,NA,5.70040844377748,4.37228640842918,4.85634636892672,4.25286455271134,4.38065477668628,NA,3.85382591237926,3.95571191675221,3.79604522194029,4.30410132889245,3.90997929421576,4.19237624589175,4.1397478649028,NA,4.45487603580223,4.1646211152088,4.28954343210926,4.93932556373233,4.27986620730679,4.07862950063234,4.23757048555821,3.85326489432968,4.82145700526827,4.3420145633999,3.94094131731083,4.70353441249142,4.70985374765077,4.47305834721161,4.32913701700694,4.77072568043322,4.19772548072673,3.80682960662029,4.07771528792494,4.21675267665405,4.59968707727618,4.44846814994101,4.19739545783193,4.58803031495597,4.50596398684908,4.43301781076852,4.89756942941736,5.14564813971597,4.69429552740807,5.03722395465357,5.3357513157233,NA,5.32425097049766,5.17090484017781,4.99266587747608,5.47259693510278,5.14649679001922,5.3967772823799,5.35229778314735,5.41093233139156,NA,5.45761904454848,5.97288654141077,NA,5.64577275754668,5.92108686877147,5.76051086109001,5.27495982143151,5.47515977000322,5.79081456842716,5.67903757029946,5.28921054232582,4.96224279592368,5.20328123275043,5.45854557929195,5.08473180075,5.13890678378527,5.61566862928755,5.11256352891084,5.22706662950551,5.47089986088898,5.6611341264266,5.66427434484068,5.16923285537202,NA,5.66981530887548,5.21031080214446,5.04900487212946,5.39034348071076,5.97007596181826,4.7148637079467,5.1056699906669,5.49831406199882,NA,4.23846385805444,4.51277691779035,4.97910983107344,4.83530243268052,4.35239048745225,NA,4.85601171028539,4.29868236246005,NA,4.99199611127588,4.27635367591993,4.02801581125495,4.21050152763508,4.22997599188911,5.12838607523851,4.71977992795746,3.91835225226746,4.60361098536171,4.63454845976233,4.22589990307743,4.37016839006884,4.1113391707598,3.97322574867017,4.03385928823206,4.97648968490815,4.31228408680611,4.33278258093891,4.753771161676,3.89046086735669,4.67737925574488,3.88929442972715,3.58378468666204,3.62148431229577,3.70218177474171,3.47064355335784,4.05152366360153,4.18669092676286,4.07162406816146,3.57909411746597,3.84643971299766,4.35083612224665,4.34290439252703,4.4148273133912,4.7812240664109,4.33141677638875,4.76668559671762,5.01479933124757,4.85466685385519,NA,4.79326889011234,5.02138017912534,5.24579173591319,5.33807905329869,4.99077610962827,4.91583753571042
NA,NA,4.82338579273081,NA,4.33114096433291,4.79785279990426,4.46898529669574,5.42440145523787,5.75013143646661,4.58877438466295,5.18545576550754,5.29832160537057,3.88521233106357,4.89799104734136,NA,4.67643470945756,5.33535377934565,5.10214481760903,4.89543129823771,4.82919239540531,4.30931208618132,4.99737006521199,5.28413807604518,4.44054514006871,4.90162921093307,4.83806094436205,NA,4.6194120600292,4.56832153829813,4.71975136984479,4.28341568995889,4.64546157915405,4.59454566418944,4.68398364763921,4.3155146774636,NA,NA,4.22564243710273,4.36510070606827,4.42621797497808,4.00467182164308,3.81121177208217,3.6897235993647,3.49992276304136,3.2714349803326,2.9986018435814,3.91010356473108,3.04115942031285,NA,2.96337051625509,3.41069005569967,3.102534240111,2.874493249244,4.13519689588998,5.60075859272404,6.52922384621997,3.29836847816032,4.5524992840406,4.02921396870628,3.87520845511079,4.04533330857821,4.32126135617345,3.64785371937797,2.80176759411064,3.46333265542426,2.67143443731502,3.94745429381233,3.10354569897538,3.32284241378498,3.01283851656821,3.20313925964827,3.9287236781704,3.50758660494036,3.62969758403606,3.47971932006764,3.40069713474824,3.38772833805996,3.83151220203211,3.74167450738855,3.64723621599563,NA,3.65930685341655,3.67812016904334,NA,4.08572724788605,4.31955964634098,4.22403918749628,3.68014993185687,4.21665173828897,3.95676213840729,4.50307220837231,4.24289327366707,NA,4.61091891920523,4.21552840646525,3.70149985697553,4.67391959165383,4.56628966680358,4.8970171230452,4.95952970574153,5.32210164293004,4.39051687813854,4.0112960942917,4.81738422545585,NA,NA,5.27890394537223,5.7335100242356,5.63584976603888,5.3367748902647,4.00772555185201,5.36187257441277,5.32796651345321,5.6357289052442,4.47645716273896,5.15874756820046,4.86892921220135,4.60183051080074,5.0334022460114,5.16401458426266,NA,4.44427727099042,4.47496794488747,4.57889766293578,4.81007205992794,3.9686726211674,4.25689918350513,4.20860053766533,4.13971728507291,NA,4.24259419893993,4.48467606917677,4.73499389226417,3.90714778006158,3.19930646915708,4.83617529191176,4.02866973177573,3.36832207884099,NA,NA,3.71024785533657,3.11452309115796,3.44026115316721,NA,2.44155684576754,2.32987645480238,2.85157086055394,2.67644460088904,3.20128165234417,2.54336676047076,2.68074741132355,2.88636288388565,4.28686312112304,0,4.06829647085893,3.17929731340669,2.46650622019342,3.22658387572593,3.21397613295961,3.22149304628833,3.66849810388423,3.30961367523714,3.38327270943412,3.25174560786511,3.01163512119114,3.57362469033857,3.80327996459866,NA,3.40620728023179,3.65825959459371,3.42405417027655,NA,3.90188850106038,4.52783093153244,4.125751628652,4.90874488170355,NA,4.32807450523016,4.30179324249665,4.79230252539781,4.72108025746653,4.96107139927426,4.62829921095296,NA,5.37936659278693,4.69593687172429,4.40468243390663,4.37744567015821,4.35970851523844,4.61850025381426,4.79237886186846,4.35704750898251,4.40714841074149,4.96613806508489,4.58635598020027,4.54759118538889,4.84053961384381,4.89933380796785,4.92970377251012,4.57724488372097,4.66885390875136,4.71226090170262,4.60487388795184,4.67043948851819,4.20965697248366,4.43864840118841,4.31031338308365,4.65401650518959,NA,4.87506421357816,4.48831016719273,4.93106677786216,5.30430997525254,5.3612952731915,5.05482207256452,4.46551328022453,4.27936572061998,4.24538814271689,5.08304151859218,5.71672672018285,NA,4.61309847802547,4.2885444496194,4.88263124943229,3.79507492429949,3.70045604539408,2.99126777865857,3.16666120268128,3.14307905154738,3.20274594810182,3.25647914226567,2.99845266804597,3.08287128776273,2.66417392351626,3.70754355637758,4.33210315517903,3.76267132289826,4.96719295620412,3.82376847892713,3.55015629237281,3.95322805324207,3.9388426986812,3.4960854201836,2.85562506804349,3.63274320070446,3.67990294761702,3.54555950599129,2.81592492642257,2.79650003093967,2.74697436590762,2.85103539038608,3.41415964278488,3.2970506889382,3.23904061531689,3.31822628993391,3.42413203192441,4.01959638172232,3.46723128990067,3.78942099421553,4.45700616103857,4.569694877611,4.55762209382766,4.21118304983748,4.7680684160798,4.61593230561828,4.66951794823194,4.27107049707675,NA,4.3072946191931,4.40176805103549,4.59229771175087,4.7395196776159,4.8452664889483,4.87880693998355,NA,5.58084730245471,5.66746313335171,5.44568105676788,5.3476870220847,5.51853411163381,5.18158855984526,4.94431701000786,4.78874351809193,4.83963983506098,5.06903469255568,5.01760853057291,5.40306431281824,5.06937887507194,4.69520693651439,4.48411109059692,NA,4.56095780635758,NA,5.01278009839575,4.95139263347816,4.56742383548535,4.78396459690237,4.97014121514046,4.95791365674416,4.75250757720255,4.49579408718851,4.1020452088358,3.89250339083844,3.95078658289291,4.20178680626891,4.14787577758537,4.16603331858994,4.05954175541208,4.04769549639385,4.28348531311367,3.85471582223029,4.24557815398892,3.90876870001098,3.12949261134208,3.41617559435221,3.47368734650994,3.78107098677765,3.26579033251581,3.47417659223542,NA,3.28522966285239,NA,4.47667211864981,3.85359086816356,4.3513906745703,4.27504146054604,3.28493854748698,3.51832835061265,NA,4.53412426194406,5.28813673867335,3.4231568638696,3.51232783402718,NA,NA,NA,3.16725723265083,3.97252863601619,3.3361128508835,3.38432674722847,NA,3.55942883594803,3.88546863474927,3.45065149573204,3.68199118738099,3.47820092654515,3.33141030967799,3.54368697174644,3.07466887367336,3.79966238585286,4.58837781306701,3.92427250959177,4.21855000139452,4.7415151357457,NA,4.11799428921269,4.63233466649956,4.15995712226815,NA,3.97883246607882,4.60162547942771,4.48894790174694,4.69900351880858,5.00802351684066,NA,NA,4.91988437538887,5.18794451072769,5.12600415625725,5.13621515653802,5.06437691662268,4.97188185633056,4.97555853818983,4.76111436315851,4.66150595262214,4.68505646655291,4.7040257477573,4.73553506206367,4.84790501804225,4.82815104473534,5.36645623897167,4.83772433233398,4.88769862486935,4.81287810441368,4.96641193113103,5.11467202318688,4.86533351971611,4.75959951472944,5.03941272741701,4.69008387380053,4.73866930888021,4.77669404776716,4.73255067272616,4.86951473425484,4.74063758864553,5.12034256735337,4.91287613888637,4.72973987252885,5.10270761791419,4.51603842017549,3.72289870906218,4.12535905472112,3.8188636770274,NA,5.30963097624839,4.03922415572169,4.4180204629108,3.76098301297705,3.29650974280366,NA,3.28902951850205,3.50390943315658,3.36324031420354,3.25761956508416,3.30826072028253,3.14705889331588,3.24096539982816,NA,2.56961070631799,3.02909041003508,2.59275470609423,4.21447476940472,3.52730830549047,2.60957612744282,3.17471784729564,2.41933119142811,3.55533036020662,3.05803497629892,3.29508098727178,2.93195851781961,3.25544787553586,3.36047046096756,3.01910850822474,3.3762854122625,3.39972011875317,2.91713263249781,3.50229207426106,4.01098001602978,4.03043647342072,4.01634151691495,3.6351249400027,3.27728093714315,3.48428784124173,3.40185594693652,3.91530566521046,3.83923425557509,3.7065341688383,3.95526645148995,4.03468741277952,NA,4.39251595224993,4.47053555401371,4.8176380776468,4.67900740054137,4.4410265550302,4.5301859905099,4.61581321538616,4.66247059195809,NA,4.71579117148312,5.12457628776173,NA,4.97378958840255,5.15089425946675,5.12802679298535,4.99569715273553,5.08179761193528,5.24406523294364,5.31742524172211,5.04658331474548,4.87574042292734,5.46852986944812,5.23452354311635,4.90619971897643,5.08773182273726,5.35087811715961,5.02242252881665,5.13896240056563,5.17408247550371,5.47354930757149,5.53689643706303,5.03884502673862,NA,4.99133130193638,5.44977348363244,5.13944727181536,5.89057621471371,6.56857773847738,5.03369879039723,5.79058539127359,5.94679445570477,NA,4.78939038937492,5.4068988483956,5.36637478940261,5.00194313785772,4.49538478764654,NA,5.80075903293963,5.23646749360483,NA,5.22774336557755,4.48123498939749,4.17581913056193,4.87788758694533,4.4554877723151,4.86719076277396,3.65106573104608,3.30805488265406,3.6761322240939,3.876767813772,3.40380488463949,3.31659452514913,3.1420197143778,3.23879235633061,3.810550543163,3.74519809132347,4.89269757698069,4.20227196915646,3.58359485150686,3.74656422594947,4.71743498012522,3.37234423168978,3.60699547132036,3.31183506010446,3.70459960622064,3.37889276086611,2.98274896167462,3.19950518754766,3.13512460245313,3.59443232910622,3.13055191348766,3.21795761813214,3.34691336678787,3.63253486521302,4.00551527049099,3.97914943698082,4.36512520183308,3.74851725230335,4.06473158811399,NA,4.14691153424951,4.35961841760287,4.43053899369722,4.44535025245737,4.37651861100461,4.09928073751283
NA,NA,6.98474608878127,NA,6.7197704227066,6.93153145576503,6.67493527296907,7.31188707451835,7.64106405353824,6.77014548113235,7.1865140812168,7.32995058875773,6.3752299077209,6.84198769923838,NA,6.80728457619991,7.23672535796775,7.04869546621781,6.95391151184219,6.79251720682875,6.5060121077459,6.94276660934507,7.24616163373074,6.57372327703317,6.90288131301402,6.85503685650524,NA,6.59875654094316,6.56553310016767,6.63953693587615,6.40283878651232,6.64790980124104,6.64548011183275,6.67824567570843,6.42957927877552,NA,NA,6.25745004172629,6.22618465029583,6.22235317515309,5.91461170799976,5.87035308769039,5.56387920443053,5.38623551968035,4.7142955812532,4.95185333687952,4.95942839653768,4.99769354316219,NA,5.04192492441981,4.0757064335612,4.15254584371744,3.99700369817323,3.48684917160449,4.59387602305766,4.73730564369978,3.66215688190965,3.48718237344315,4.05499832776893,3.61006139586053,3.55884934934955,3.82907593869654,3.98740082230574,4.65413617529492,3.85209968755657,3.95259971754528,4.42639930411837,4.78510540803818,5.11575751290392,5.28671129471968,5.205390728256,6.27768199451047,5.84230176319334,6.02765274335002,5.94505981397804,5.92466141089539,5.98436920681324,6.20346885637115,6.12430201457096,6.14426099967434,NA,6.07919814394815,6.13549883361586,NA,6.38682569507053,6.73395148867353,6.4595690622317,5.9858901366031,6.59312468358914,6.29966508742855,6.72191783135447,6.61059760442244,NA,6.73689649170178,6.57226381455015,5.91178849360016,7.04407023605428,7.02760603627517,7.03880564395784,7.0872334983323,7.28166082281991,6.60713598600596,5.98658959538832,6.86549487317053,NA,NA,7.26663943864281,7.51438769449981,7.43709120298477,7.09841298272171,5.94239118004432,7.1712456952746,7.1335168272692,7.45382074970276,6.40475245574299,6.98761563348118,6.83180997692195,6.55649449699089,7.01500758793809,7.07357667562186,NA,6.50093979545988,6.53303591396388,6.54719926319045,6.85725518236769,6.11222460647138,6.29075734448462,6.20350013175585,6.0831818624465,NA,5.84109712239372,6.20604140434608,6.49031027162573,5.49408372466417,5.00635159269984,4.69059178117482,4.66671621320843,5.35430194687394,NA,NA,5.8075737658628,5.08039359027702,6.19899793051964,NA,4.4996451112645,4.24478376248063,4.6888203625661,4.93376352389939,4.57992387183711,4.26289192418559,4.0062804575264,4.98830846401153,5.94150305572808,4.06829647085893,0,2.79526383974883,3.83857332373818,4.30046411562353,4.89113455707322,5.25646365882592,6.24262564021388,5.78201271504114,5.58366984827153,5.89377244560293,5.54187224743321,6.10279581241224,6.33109834727764,NA,6.03311201603671,6.18129918263726,5.7628274100136,NA,6.28250236734897,6.72811363767799,6.36946875989675,7.15791548289177,NA,6.67379299404006,6.58607591433833,7.02868429728495,6.91810111407364,7.2061314855381,6.84074981645631,NA,7.43684911365696,6.94030560122677,6.96753038166036,6.80644389902233,6.69318227006614,6.87001153947941,7.01567960970477,6.76110098697321,6.85484403217977,7.19425704820831,6.80991131122787,6.82502453038864,7.02452864393773,7.11008826780357,7.12508959542226,6.91385301263669,7.01924472766415,6.85585181032907,6.70426257439781,6.74729256996204,6.45445065067428,6.79063083256994,6.58155979307929,6.86139726459585,NA,6.76510859376746,6.46696581373169,6.82760125798246,7.07152374071785,6.88463923320092,6.35298916395847,6.22642014403369,5.95586851196357,4.69964541479387,5.82654866713148,6.95171576297171,NA,6.16443160003039,6.16452035593148,6.21804087974549,5.59216874749614,5.63148042551186,5.23674329554692,4.7827047696843,5.10858617029602,5.19689307737358,5.33109998359517,4.77932586024023,4.93544203022592,4.02104356087905,5.82654744958306,6.1445307485241,5.45031414912644,6.85171662827901,5.98741787306474,5.63696969165512,5.88691011466557,6.4654882290628,5.33046042423036,4.36582022908569,5.84570269814156,5.96123308134809,5.83628086936246,5.53755709594398,4.86766768606959,5.00030937123937,5.14009271519205,5.66198548348793,5.38771731814451,5.18188508092993,5.58044415555935,5.79660335115956,6.41078228341377,5.75534535824684,6.07951137710465,6.51956342096414,6.7178834039714,6.72677669227805,6.37458771964926,6.8571560889781,6.77192473291519,6.74805039330127,6.49638727169519,NA,6.42568923466584,6.69122960846429,6.8697114672439,6.84883495520488,6.87528868681871,6.94910286641851,NA,7.6099467563016,7.57333293883208,7.43801636265393,7.31374763415682,7.32781612492057,7.19567465609774,7.15400638564104,7.03603978209835,7.0775544271678,7.18571008221007,7.14178204161213,7.3927645989476,7.13785373904594,6.79991197214154,6.72389740181378,NA,6.61294150166516,NA,6.84926356307127,6.87337021294179,6.4631622640146,6.63105040612762,6.77756730503488,6.77099739967971,6.55900378990559,6.35916817136515,6.13923440578123,6.00727338966234,6.1127474129525,6.37685757912104,6.29975085657783,6.27339856283399,6.11936753417808,6.12822931616111,6.25024367640122,5.9702611718101,6.4805372622229,6.3625836413449,5.32082917117299,5.31064216513632,4.8940851178668,5.65416017869012,5.373686116949,5.51280602311506,NA,5.16273874614667,NA,4.29797859399907,4.81218506245554,3.75168495915113,3.98562049425449,5.30447360019019,4.6682571333746,NA,6.5539364403358,7.21587628223106,5.29934687108258,5.22740748706967,NA,NA,NA,4.84732747216576,6.13839344686321,5.79073279559612,5.58878087396045,NA,5.46461451228463,5.91082608813444,5.41997605703962,5.66134255919146,5.94027967576022,5.62894171268616,5.30269048667245,4.89981204936537,4.88762811940917,6.51937969757363,5.85014970800636,6.15720632374538,6.85733126666873,NA,6.22289970424373,6.67362967838502,6.19328502147491,NA,6.37746765768986,6.85273527281854,6.8154987121448,6.94477004641301,7.18697825773443,NA,NA,7.08988032739816,7.32877755585304,7.29598732811707,7.26680975838254,7.18600231386397,7.23395591684331,7.07166824714467,6.90489408639823,7.08172263518488,6.96104232734758,6.92784445494085,7.00128712098879,6.96152184519639,6.99655137626078,7.4311052239489,6.96421148160484,6.92026711729866,6.88606583897751,6.9063334375842,7.08599706781524,6.80039812671949,6.72781797168296,7.08904976115531,6.73131542109927,6.75541931225095,6.74872313545196,6.70870625898273,6.71944676246768,6.54196231054826,6.84559807727613,6.7119935547266,6.4304333875307,6.8228717624432,6.33991024154163,5.37343845141806,5.84372422449123,5.05710696719827,NA,6.82763226466167,4.55800235773724,5.08369117716865,5.24380348406396,4.89050717981572,NA,4.24773462789747,4.83606018525525,4.81663219930431,4.5170773916079,3.9350080840703,4.14157986635939,5.20181566703889,NA,4.03598937956468,3.83119912227871,4.3290674749727,3.79710034479312,4.6254824117082,4.44554617269276,3.61658322352333,4.53776569929894,3.93431702169191,4.53755389868812,5.40246609556571,4.90102014654029,5.6731828007959,5.13001566716892,4.94934188362978,5.15303991790929,4.05422454580519,4.32141060336362,4.72922512701063,4.94251127583137,5.18157514495496,5.09279908499815,4.84293877389251,5.5770930195708,5.43906410413255,5.28921774020431,5.97989843448742,6.17151145982302,5.70748132710842,6.14956628070042,6.29840345888535,NA,6.50145864967601,6.48996278931035,5.01402933836614,6.76627507872088,6.52208328251006,6.60187103367691,6.60206238132336,6.77623723622989,NA,6.83579206563044,7.14804536868552,NA,7.00507811029282,7.2203485830908,7.1697376924962,7.05950527706858,7.0949947551485,7.18554604606459,7.25188829445822,7.02881018861663,6.90074723108609,7.33951533259935,7.17141417550497,6.8581023696781,6.99244306413285,7.17998097959702,6.86984654149917,6.92514564231569,6.99966012058341,7.34319332572613,7.33523896677862,6.94229658206317,NA,7.03636449768001,7.25237976054305,6.95230609124609,7.7205520978297,8.31130238587266,7.0498453270476,7.63695015470312,7.78972195868625,NA,6.67729427550985,7.17322327534326,7.26163654016539,6.91097910044611,6.50006759722063,NA,7.57757937365984,7.18196353922143,NA,7.11781364446127,6.2736685865799,6.1786985946455,6.73392053026165,6.29411652911738,6.71098833118432,5.48309538122884,5.42023756383464,5.5955480757761,5.60313242422603,5.49360248836898,5.20223905824846,5.16373623877121,5.11266438270473,5.43338016987754,6.41595310296429,6.73512045982836,6.29136178195112,6.01079954226361,5.37877399473723,6.313141451167,5.19049535677714,4.84556175688924,4.87711889857541,4.59538927713106,5.19115353325116,4.29863691698563,4.98750984796567,5.07819012706632,5.24312863057229,5.09796011674536,5.40583689923379,5.58404221017009,5.87557782732732,6.28633809939588,6.09172384958718,6.53617283971255,6.32780544795844,6.41767475549642,NA,6.47862186920339,6.61252457988483,6.68282801853681,6.72354071796695,6.6166847005683,6.42682818216824
NA,NA,5.91181460223201,NA,5.67035749240393,5.88915134364436,5.62057439994928,6.32730028219487,6.62745436676045,5.59312264004385,6.00956632257213,6.21602059644644,5.30906298329857,5.77607663952498,NA,5.62480422329874,5.75882433828001,5.9730793763859,5.77458221381376,5.75561382274888,5.38720525859423,5.93535988967233,6.134574545224,5.51729507774045,5.65351034018927,5.6808100308648,NA,5.46019034620324,5.42855413344319,5.49772877429209,5.19084674343959,5.54349613989278,5.49788428985689,5.59627260886475,5.30107925856794,NA,NA,5.17547010064862,5.17868233905209,5.21500074101155,4.83372138754859,4.78309377793037,4.60013101547636,4.232391704518,4.03977048780493,4.20200458111542,4.63089096659033,4.08090985413186,NA,4.06720528824323,4.14226000954512,3.95392059976132,3.65559563492542,4.15049111438145,5.30414987730328,6.05764337309687,3.25257240449248,4.55808849086574,4.37581052552203,4.24623965128838,4.27127855962988,4.49054931746175,3.95837638367953,3.84148136073213,3.91581191681422,3.59541588697343,4.15224142813851,3.8296685405095,4.20370022582156,4.38998045051272,4.24588657432419,5.2756904064389,4.68244326253179,4.8654055981535,4.73167164708508,4.73877306395106,4.75087943110513,5.01077158526216,4.94596517386664,4.95561541640932,NA,4.92100436209968,5.06252719714982,NA,5.23541171360773,5.65407450027078,5.41071036994633,4.84142166051214,5.49544811796619,5.18013561271823,5.62932344716691,5.54992712101545,NA,5.77137032668583,5.48699185229723,4.78432757379889,6.01524236244001,5.97142091653733,6.00675491764302,6.03003735372418,6.29387886157664,5.5869074370929,4.91499647330202,5.78133497870042,NA,NA,6.26113616841807,6.4747164141552,6.39346809054371,6.04882709330844,4.87846627584198,6.08876243149426,6.06528012525533,6.4237989236503,5.2645592711388,5.85272039272424,5.67988517283209,5.42214514687506,5.89284922992489,5.921340265196,NA,5.35546155470668,5.35793611733158,5.46373712675718,5.7099689837632,4.90603491219242,5.11417963815295,5.05448954566458,4.99556885457656,NA,4.86515327810293,5.29017454915177,5.59950305059489,4.57275041676681,4.19696007418917,5.05053991194245,4.2817714184122,4.37360024793534,NA,NA,4.86913342157358,4.19530823305327,5.11007459909812,NA,3.8157826943838,3.45634924549106,3.61878147854634,3.78708739309325,4.15787672319954,3.36429990259583,3.34597696809226,4.11916865525384,5.18610288214439,3.17929731340669,2.79526383974883,0,2.54698503512467,3.58303779480752,4.02936898674116,4.23826611624798,5.13330208845728,4.62994050896205,4.52189042296654,4.79037623528547,4.53167351327642,5.04456206342274,5.31219835919254,NA,4.95763036337364,5.10630543508504,4.74985862493896,NA,5.22923631655841,5.68365576839117,5.4302424066012,6.16449593563814,NA,5.6345984642372,5.59376982112275,6.12139030345328,5.78269670025628,6.15798745051625,5.88837590100563,NA,6.50842106674535,5.87538990042551,5.91848382927807,5.79779672398846,5.69596571371876,5.88620076740356,6.01118524285689,5.72455290263372,5.86852071415727,6.20663864353195,5.84846660360657,5.79842830489696,6.00425805325691,6.2157302985895,6.1273684777897,5.8708023389233,5.98496229097483,5.84925559919387,5.72222245606743,5.73892516085032,5.4349960276212,5.80785755546151,5.52920115067448,5.77963475729116,NA,5.84095154447871,5.4616047912479,5.90368783215426,6.17800695000825,6.08358115073243,5.69142176493812,5.21701216159963,4.89502209217696,4.26335593837899,5.28955812469416,5.96578147892509,NA,5.16335201609579,5.10144166081919,5.42851701077867,4.63852852720018,4.47919706772981,4.01524758471963,3.87262125810932,4.11423891747334,4.1661465708008,4.18840689177862,3.83965646717299,3.85823458139516,3.2187216151278,4.9376653676391,5.23757598028795,4.5245215098618,5.92513785385565,5.04306047030335,4.65811016256482,4.64783568812783,5.47316042085689,4.31675719013859,3.72842352898385,4.87218617865854,5.03394246294461,4.95510354563962,4.49133765721408,4.23094768265038,4.15673992436588,4.33850757715529,4.73369859183832,4.51897986108935,4.340605592264,4.70029801648798,4.80204526942473,5.32109218547885,4.73461697802962,4.96540133358603,5.57756630515264,5.71335118097437,5.71613881661994,5.48340318768873,5.96062907578809,5.79255117708594,5.75476054675802,5.40720270730666,NA,5.37102224225951,5.69363448033579,5.8554706635069,5.86685936939695,5.91382633433468,6.0218808771797,NA,6.68815812628236,6.60654970237923,6.44110428934822,6.3179160195958,6.36023447677802,6.18492964310202,6.14907265209264,6.03531406394266,6.08119100578239,6.17474044751628,6.07694379158424,6.38549218312944,6.14805100708925,5.78046362170687,5.65488712044236,NA,5.56919619961872,NA,5.85618389383481,5.88659939484919,5.46126753421696,5.62229951713935,5.72500867221709,5.80032832053143,5.59425867086605,5.2081375154305,5.0069746562046,4.86427848325269,4.98841714561996,5.25115685247473,5.14394449980008,5.1283608035823,4.98989303771724,5.03207175728726,5.1971519721197,4.82060470264542,5.36441945816309,5.36584425292446,4.33997876001367,4.23363549401279,4.25263960825304,4.74593373710217,4.26024146043398,4.4665491272037,NA,4.39655182928993,NA,4.53396607300923,4.15922336571035,4.49771166304266,4.10704663260061,4.21973066185241,4.15020266319062,NA,5.49785593723211,6.17013809900213,4.15785876410131,4.33663292888988,NA,NA,NA,4.10316620457644,4.89758712697027,4.70397906590015,4.57112084241117,NA,4.4161507019167,4.75349102746372,4.35680137083064,4.70370721794011,4.86331054606459,4.58438530737492,4.53177473009823,4.27405006649382,4.50815175088808,5.50016055374119,4.80716668188647,5.15757749594063,5.8865559320383,NA,5.30558026981444,5.70455386522398,5.21548714228735,NA,5.38679145935871,5.89333577954681,5.80392568630268,5.9449177785112,6.21196357732579,NA,NA,6.09048502682782,6.33331228452006,6.31610226127158,6.31327583548503,6.20418339305235,6.28282848881142,6.11742501825669,5.88318193258918,6.10967276867776,5.93955382710138,5.91792206385826,6.00353258718668,5.97031764314462,5.82306628729903,6.43418939504897,5.92075264638137,5.91795823358375,5.81980645416248,5.90894552256569,6.1179550841792,5.79696631350601,5.72777286690148,6.06078352613963,5.71423673072913,5.74624022625989,5.74900313752006,5.67267204834395,5.68156532502798,5.44997377286158,5.7705291869875,5.74624158070428,5.31422311858867,5.66000481042287,5.20810625248889,4.52052726816746,4.89987971926963,4.4866040786162,NA,5.89918458197881,4.38542145783878,4.5327443268217,4.53372748000843,4.26153207664387,NA,3.94796111080177,4.28975334249859,4.19517933466204,3.79523312623554,3.71751109054259,3.70599118465063,4.28509840496659,NA,3.6034937329,3.75205120506852,3.50687240182967,4.44220547570835,3.97319733522736,3.54775457485673,3.31025750967257,3.61828012229859,4.12300010345486,4.18987166415136,4.42035032749268,4.12050736780706,4.81324232127772,4.49953733384412,4.27583343643758,4.46436238326678,4.24544777410782,3.98034862536065,4.50565680358675,4.73293719604515,4.86355562548213,4.57306927613608,4.34425287364252,4.58361043562657,4.57949994926916,4.39491398561326,5.00195602834155,5.18396920480595,4.80838268025909,5.16875609091816,5.30298296120271,NA,5.53782163767005,5.5263764544359,5.32249267882976,5.78412784891985,5.47653736160953,5.57713033756173,5.55865812970852,5.78667991454181,NA,5.85698746218119,6.23198807782962,NA,6.06380619945476,6.30193648738576,6.21841610289566,6.05419850477313,6.10440987208498,6.24686876352954,6.2972796531727,6.07536591051305,5.93109587147825,6.47365393639016,6.23728605540191,5.91922241805667,6.04827586213943,6.25569233079421,5.93314244591069,6.00971811156018,6.10765709324568,6.44039224739371,6.41042101603457,5.97674759542922,NA,6.0701079148772,6.28904032387509,6.02778581395042,6.76038448794741,7.35952986839644,5.93976631430366,6.55427430691293,6.767239750893,NA,5.54244286863761,6.10812244568639,6.22139897992632,5.81127611742827,5.3703744349549,NA,6.50856978860279,6.08711130180021,NA,6.0541012362801,5.11465475094122,5.01585879105613,5.5123659132584,5.14795567576669,5.71776403564272,4.28068314098322,4.38211554947948,4.66720826075001,4.71004173570274,4.50846526305237,4.31565144756488,4.18979670810824,4.3221208436481,4.78478305820085,5.37567298383555,5.82621053663035,5.15831532388386,4.90250475551008,4.59442445141699,5.34184488854626,4.47071720139728,4.19996833905955,4.01234007054648,4.42094167017519,4.43491309111222,3.73617004818457,4.09536417928138,4.24033541755782,4.44655545086738,4.2063252333118,4.40969602783461,4.61427764365518,4.85645434522874,5.26296728848829,5.08203072328206,5.49656932760297,5.24370338740666,5.34184611211173,NA,5.42220390898561,5.57518884206922,5.67770278744595,5.70870272977885,5.5644808639126,5.41019012627809
NA,NA,4.78189230084116,NA,4.42512443049111,4.80550665969587,4.38396439516341,5.35530313911043,5.70093543262999,4.71750928359947,5.26393545807559,5.42793407816091,4.08299711432171,4.88267886120816,NA,4.58470755919595,5.20073232015625,5.0310356525504,4.84806195632788,4.80038613863534,4.30623922489387,4.97701098757778,5.17337098468455,4.27746442074762,4.65651239549508,4.5989826724797,NA,4.28025971974971,4.25746808541851,4.49759670721865,4.08702805880855,4.29667604860122,4.15119552116708,4.32186361243258,4.00426863587986,NA,NA,3.9972738431577,4.15480396262038,4.22317335384132,3.79654646193061,3.65831093962501,3.5375487007089,3.31211816333458,3.27215871986017,3.19964690541631,4.04911515987151,3.16810944447804,NA,2.93649668155589,3.74980727644573,3.31835661954221,2.97825388180554,4.1190506167188,5.77034121377042,6.33812101158933,3.23685375681533,4.74534131205583,4.05826137635573,4.06257234458704,4.35830222289419,4.61416330409312,3.89918244609619,3.18013120991457,3.78362282394072,3.02069345767538,4.17517703789128,3.05030719463185,3.67835981716399,3.30073564458066,3.40424260848553,4.1001320966324,3.55675824035111,3.69293198940034,3.5116685922712,3.55365442480928,3.63933861952697,3.98587134636008,3.77583124586815,3.61113190579664,NA,3.63315816962754,3.81438949689845,NA,4.03739952914199,4.32337811671997,4.159219958031,3.58903233669544,4.28023073214806,3.95466305937767,4.447137137375,4.26791464340054,NA,4.55838894908746,4.20213317529162,3.60343840736776,4.842680746191,4.73409304312263,4.80542368005392,4.76801772104353,5.20967601689247,4.35776797108658,3.82335452124936,4.67145737303612,NA,NA,5.06618168186749,5.55293375801063,5.43733854169456,5.05803967433897,3.82186627474003,5.0563732343771,5.00154892929226,5.53481845810593,4.15833597526382,4.83103598188973,4.5908488320549,4.24660328037784,4.79147527390091,4.94937325763871,NA,4.17325504018934,4.3656897106788,4.43947849566415,4.58728635553974,3.69763656966509,4.0973370506538,4.10692667275772,3.8981694599078,NA,4.21843492360219,4.43137223672903,4.81704689533557,3.95078269449573,3.33038113962332,4.97047613569095,3.94201536427513,3.31242868461418,NA,NA,3.45253568313777,3.07553608939601,3.62112945125951,NA,2.9670534298817,2.75910758689213,2.80533513396197,2.86599023066214,3.29741512388507,2.82819642559329,2.99721661409272,3.14635189858837,4.68733998763592,2.46650622019342,3.83857332373818,2.54698503512467,0,2.46773558464343,2.69513147871855,2.80683703531092,3.63385640397872,3.27934097564347,3.36426923629113,3.42495337015302,3.27785013254523,3.79319809035046,4.07520909862124,NA,3.75760692052944,3.94338999468589,3.67627390307719,NA,3.8977969830314,4.24721360408202,3.99813171206052,4.82987775158454,NA,4.26902371216306,4.27212919971552,4.74834076609774,4.54787629410968,4.82617795967011,4.63159333096823,NA,5.20154566959763,4.66249699723373,4.49059254606363,4.49164180772773,4.41733596860062,4.63960312500421,4.767151541806,4.41379002470764,4.56239694960585,4.89724252477115,4.59291584521469,4.56043860820289,4.80952261398076,4.85296041445953,4.94239009662814,4.57589915866862,4.84281999233075,4.68640492841803,4.59713074062763,4.67993372045606,4.24181010624381,4.54635964679592,4.29019279891721,4.593161153088,NA,4.74778501095782,4.31135283172142,4.77177506302512,5.05556126390191,4.99956028553298,4.70594136483896,4.0228651770976,3.73277436193668,4.01905426238534,4.73322458357804,5.48194091489516,NA,4.49057636259499,4.05091566894035,4.39105789122832,3.53490917031289,3.44639025964184,3.02805296889595,2.95770443626655,3.16252862479705,2.8874531019164,2.99589138070955,2.63422670574363,2.89133135360367,2.37643928546901,3.62702044148573,4.21370972043699,3.67701665617471,4.98084329793559,3.84846937890182,3.67997981637482,3.73283583206731,4.30799431838604,3.37288305831553,2.90316820786774,3.51114944178412,3.73752124571007,3.6840215879875,3.21485617393329,3.13536039061333,2.9709160510301,3.04240376074371,3.32888440141841,3.29248664687046,3.25426383220793,3.36567584115098,3.4574403077496,4.00264654152294,3.47076160074964,3.89510600569365,4.55567564636462,4.36712959718887,4.50710718781343,4.29401215521327,4.74881009945571,4.69034585127055,4.55868987085348,4.17701676447438,NA,4.17353931601502,4.39667198861683,4.45955228408115,4.60051992987153,4.64946127237449,4.79642657716103,NA,5.50794649563492,5.55230246986677,5.3257329157501,5.16239878741536,5.27633117636357,5.00700614250005,4.86951970628619,4.77315548440562,4.83801272815883,4.92565573273964,4.8283895561972,5.1756458895198,4.94592991892951,4.6484419118456,4.35331357575156,NA,4.35541524987225,NA,4.81323255650258,4.90247928283307,4.34565758639123,4.53521215281566,4.65709359208736,4.73968873300734,4.51802055815756,4.21013720534261,3.850229352561,3.61319706508334,3.73310122916771,4.04211292847906,3.96861300139016,4.00401477772582,3.90594574111316,3.96828038923273,4.06012737631087,3.59422968421177,4.30940455306117,4.29751372520697,3.39993004192255,3.55430703964376,3.4127504973495,3.7130392349195,3.19799866919706,3.46465692881897,NA,3.36165377157412,NA,4.78107157569964,3.89954871590583,4.57687307574234,4.39992014530951,3.20103297621058,3.6789713384713,NA,4.59266552658316,5.26356331384213,3.40636817930082,3.33822057144486,NA,NA,NA,3.03697331327412,3.76192192105969,3.4249497739437,3.24795584090947,NA,3.34482585180283,3.73674451108523,3.24360572185924,3.67031215800687,3.59150246391907,3.58925353893199,3.63459280498525,3.47422935414888,4.1480825906176,4.91473363499539,4.08236757784584,4.24885758900581,4.7463838771843,NA,4.09071554572357,4.65310191041612,4.14471515939801,NA,4.02443626011827,4.58428525301268,4.44951870662065,4.66606732697041,4.91252394665189,NA,NA,4.78653654880746,5.06325882637398,5.02687207106852,4.98942973841993,4.89867355500356,5.07421332206516,4.82669885398206,4.5888226585694,4.71566470025893,4.60097439877454,4.57396271806689,4.60924820210497,4.73698104737031,4.65055192826951,5.25968888162715,4.75834025630355,4.75317936599738,4.67568032609315,4.76318011142595,4.99555901347869,4.66087580498912,4.64481560495352,5.07439533480268,4.57341078866957,4.67974848568613,4.66123616976426,4.58508783158123,4.61097759482429,4.41546533967816,4.7538687298252,4.70478836356795,4.26225493264059,5.06771581634875,4.56894434726236,3.59313853825662,3.90187529817372,3.68333149674608,NA,4.81598615547134,3.9624891318909,4.27278786658013,3.79628196415576,3.45246700513913,NA,3.40462560906183,3.4683443029311,3.32587782201642,3.52657870807151,3.33902549994211,3.38657164608963,3.16260760786132,NA,3.01919334615974,3.3929496949417,2.79482239584555,4.6431026209284,3.50658797302125,2.80209549940841,3.5244001390298,3.13119010040217,4.15467208716915,3.89675684421376,3.33622904309035,3.37901694725939,3.86918849661598,3.68392047671501,3.43496946462835,3.79224703963812,3.94473431849693,3.5824286486791,4.01153048036245,4.25871258393184,4.24081738982308,3.86244097210049,3.60537059963871,3.41790085958043,3.4595770154796,3.3920856389698,3.88200020968634,3.90340327482484,3.70987968829361,3.87973069764666,4.00977906160493,NA,4.28389768248124,4.31478805166269,4.93317024987444,4.45706434893463,4.23614455694089,4.33698836343476,4.4032799004604,4.4381892615043,NA,4.5233622335024,4.92929622562005,NA,4.73462925372205,4.95433118166743,4.9134819760011,4.84286463086097,4.84454756177312,5.04276973605418,5.13388432478463,4.87357718372686,4.6691671888337,5.32618972100037,5.02955405005813,4.70986696789453,4.95685912555513,5.17186383202713,4.82425834479604,4.94354360250356,5.03986383596609,5.41763726270305,5.47486215138523,4.84403426269667,NA,4.75088946556621,5.23076654871674,4.95778227592289,5.90034981797902,6.53395127016449,4.97871862192731,5.69711040957349,5.81599548714922,NA,4.53466368481685,5.18559177075511,5.20730416683179,4.83964203475654,4.27744707903511,NA,5.69367722560016,5.20386217382441,NA,5.1571071628789,4.3606050581808,4.26191514824059,5.01316194202966,4.38249268523228,4.98637758230228,3.61775513102373,3.54589626294851,3.97846026702836,4.10514744144107,3.6543884121552,3.58613710768114,3.48042043808936,3.40132192984623,3.87525547492714,4.01108093076604,4.81220147771992,4.14562616985896,3.65121630054213,4.04088732211879,4.57504785821061,4.03979084580577,3.69935903202728,3.16696140308728,3.90900114194092,3.55014120542332,3.2958196748386,3.29715331187601,3.23494154952242,3.78856135970392,3.29947519956318,3.30302992910034,3.58738260065982,3.7172711263826,4.07261733426848,3.96119203504514,4.33011698376636,3.91613358676066,3.99609747563781,NA,4.08153715769929,4.23242701561004,4.28694843542465,4.35075464976221,4.35582982427944,4.07695561083123
NA,NA,5.10593726538496,NA,4.75694174500539,5.0534352639007,4.68216553477136,5.67873163055489,6.0221354391742,5.1133265207908,5.79513263372188,5.82606144628549,4.44413109189298,4.91933558670334,NA,4.80000159511068,5.80319619976813,5.47124166731154,5.42246107045561,5.47451775578423,4.96461196851758,5.36397844700228,5.74535849611294,4.84463595935509,5.33291257157015,5.21294406856762,NA,4.88218566644909,4.84851139015644,5.12187883416727,4.63156928829439,4.96156073033822,4.83898533307575,4.94255717639126,4.65615227880281,NA,NA,4.62198786866142,4.69902847677455,4.84836894014158,4.41854733558384,4.33039406106009,4.20128953121642,3.98264438940913,3.8179365181475,3.56864748088146,4.25607856600967,3.49355126620082,NA,3.15001005186242,3.76666299775849,3.48751650956555,3.16000831908785,4.54025029292153,6.02799652075563,6.06842952638986,3.74113878250648,4.76085094152713,4.19699420766086,3.95756402931997,4.52368897189291,4.64631425678807,3.91068509589988,3.83621372787303,3.93209628523843,3.30150820341152,3.62432304446325,2.96151716312215,3.89263880093278,3.36084509225004,3.43837357823642,4.15640275190106,3.81437720660811,3.93356006402833,3.92730798469622,3.97633423679594,3.97529605969029,4.17551041518115,3.98589062153599,3.95835966052109,NA,4.01179166324557,4.00248442098916,NA,4.24780518413855,4.64197503626364,4.27528439412135,4.10541373085031,4.52674131201078,4.22705682634505,4.6223856690835,4.45281198511126,NA,4.83466596581039,4.49329183612016,4.13737607074188,4.93719854540043,4.92100604671796,4.99239053025674,4.92439726746989,5.53645583568816,4.57971218678289,4.35613609363791,5.08685745532062,NA,NA,5.25154486190156,5.8429622864158,5.97488562722552,5.56713772196957,4.47058821733963,5.50696894356311,5.42119804479554,5.99666047043405,4.84409768532193,5.47332057751149,5.34169306885819,4.93607581230332,5.47731064085438,5.51794243015998,NA,4.73127621856473,5.05115337560333,4.94120353509083,4.99260987216544,4.3289910162623,4.82136372352966,4.81282612014941,4.62818615930243,NA,4.92992115970028,5.16523648849626,5.40407109354141,4.53360032348562,3.9686593076137,5.1553400170162,4.43428143791051,3.63671642554575,NA,NA,4.00959305643725,3.51898331016123,3.96108749194612,NA,3.21916728930268,3.11777004326423,3.29576734141796,3.37690535469104,3.43484526172857,3.23722097166552,3.00017564316169,3.63493020329077,5.05716000489035,3.22658387572593,4.30046411562353,3.58303779480752,2.46773558464343,0,1.93601786389392,2.99204508599349,3.55382344767775,3.16865364786506,2.80081403514227,3.59172609266493,3.55150258338309,3.99131206836203,4.36069604869152,NA,3.95885666279986,4.26023574193063,3.78942075900643,NA,4.15650684825128,4.45837952457143,4.22455322221015,4.92924767636956,NA,4.4941866026086,4.39259688251313,5.01317057932605,4.74041944220455,4.96241145689661,4.88411031002244,NA,5.51192391961788,4.74063274034201,4.53097224768153,4.61055916641893,4.66669543770657,4.94067866704748,4.92781061834352,4.59404503747095,4.72324192130204,5.00507741123185,4.86573069590673,4.71443763687781,4.91180126904544,5.01032572390537,5.03987656326952,4.80058519745794,5.12900676585091,4.9953581719976,4.8156847320943,4.76328213013454,4.75642925226761,4.97946422553678,4.56822506542989,5.09853937503143,NA,5.49696053015982,4.87630795276915,5.36379879500131,5.61001785050308,5.80490703960836,5.41191605408226,4.81834027871634,4.57321607678094,4.47316961667822,5.29312117647412,5.95928333838362,NA,5.08799165668916,4.63616377848126,5.06377312974149,4.09494849864597,3.93929016615952,3.58078254141258,3.36936772573648,3.42513612729142,3.37966818006105,3.43616992012478,3.28660080658902,3.3441639902688,2.81179697511231,3.91872050579636,4.27371156985854,3.87946134722059,5.33456515903517,4.15508846992619,3.66864255360417,4.0253095083052,4.55955953441972,3.5696464785661,3.07487681986309,3.69732091005393,3.85440192668955,3.53041258139559,3.6155287566637,3.26575196477699,3.03146921433954,3.03325525137672,3.45040456604913,3.44558422207738,3.4383912538138,3.50472942597877,3.43085256796109,3.84317633035294,3.18714228274485,3.54073568227255,4.10649237757992,4.28945483409932,4.36830184777395,4.46262353376382,4.68328979365356,4.92799996478633,4.84241866392439,4.69518093572409,NA,4.32435676018729,4.45039555000361,4.530147229779,4.53640871009458,4.68795768849632,5.12792634133048,NA,5.60707651187614,5.6346255829568,5.48642679714082,5.31155103463852,5.39817772956427,5.2998873991919,5.12975718446853,5.0021304109954,5.14589244213777,5.22564021100201,5.20916499606359,5.47984820514101,5.37118036113326,5.13640595200893,4.76992299676087,NA,4.81507864872322,NA,5.35428222373509,5.33756467743703,4.93905797772668,5.11627867916206,5.32446366947792,5.32679821487647,5.07093800855216,4.77148006005722,4.44994069063237,4.26118071628271,4.34887755220443,4.4447177506692,4.50725915352021,4.66839961982117,4.78093811394966,4.35536983150276,4.57195541334646,4.19957782740016,4.71658156800369,4.58570041861414,3.94322388461988,4.08064624251356,3.97548897854602,4.21811158663452,3.74808134388854,3.82621758434812,NA,3.87948606965057,NA,4.83096197903251,3.8594084606509,4.46767304986897,4.73088072143976,3.71630383230901,4.095711829014,NA,5.03075708857365,5.88404054770905,4.02470306952834,3.94589208426174,NA,NA,NA,3.75472240830327,4.25208479900366,3.93215207128852,3.93083409257488,NA,3.68623658432208,4.4169766091272,3.75926491209128,3.78556434581318,3.77506452591937,4.0586499234502,3.95141159144465,3.83054784828965,4.39949311739218,5.48390782327054,4.43171935916371,4.72313444636826,5.13554668533093,NA,4.50974623628762,5.26997357950636,4.16554778272994,NA,4.27826261022455,4.87143839526323,4.73644545576473,4.90303427887277,5.09348440661176,NA,NA,5.03531012226574,5.24622258387111,5.21855818184103,5.16099726707493,5.16276560205988,5.20508371657632,5.01834651033141,4.90929111700107,4.82960273109901,4.80525088867876,4.8791771595895,4.79970503209433,5.1216673589988,5.1646023015351,5.50857371567233,5.10841437039497,5.18645664396121,5.23150770222608,5.40227555972036,5.56235705123933,5.29001207960089,5.27379087163367,5.72261182163865,5.16247001366956,5.30708867246349,5.25367091267903,5.20723447833387,5.27431891172993,5.16952204673238,5.4804950026157,5.36354900323777,5.06957619262935,5.69292200499623,5.17607099432509,4.14824185835842,4.4882730482219,4.18120163316981,NA,5.53214690325257,4.31680542104942,4.64808414423771,4.22711316437836,3.76769394032229,NA,3.548953693749,3.77674618345331,3.69055820926047,3.7561898106557,3.60244303709631,3.59918720741614,3.61574096680423,NA,3.46967699041999,3.63586579745629,3.43260681587456,4.49701732787731,3.55315715199663,3.44736825323165,3.87543892462153,3.66909322185674,4.20642767911743,4.12482628251005,3.9058880359717,3.84224630018044,4.20885560115629,4.01198073949817,3.71089654549868,3.84208255244591,4.13055643704392,3.81588095436601,4.19297426224927,4.52089737459129,4.54083950158792,4.37533385582123,4.05435980147966,3.72718816253492,3.81494274082128,3.78304677908948,4.13967812303867,4.21662277608694,4.01732834956052,4.27388071683863,4.37889266193795,NA,4.63038307985426,4.7316779634608,5.07579564153555,4.79697944909773,4.71481083485153,4.73414541400493,4.89986348788581,4.83235605243474,NA,4.94925927378406,5.28969394672236,NA,5.10043709366953,5.21452779116367,5.24354427806706,5.27579392379496,5.26374829085763,5.34834165851507,5.50280252482186,5.31936001260952,5.18940781775931,5.86389723728241,5.57031867901079,5.25642390169404,5.5044561904946,5.68952470775229,5.42167010493654,5.53547668887163,5.60843080287561,5.97119517550564,5.8649244194692,5.40295388266198,NA,5.14872117820757,5.80129277465107,5.56392586310821,6.42575661815927,7.06826674798024,5.56659125195471,6.23524601117917,6.31806971849706,NA,5.1988670978549,5.75329410752479,5.79823602722204,5.48683842154347,4.94694866339788,NA,6.1293082684942,5.7441403355205,NA,5.74056161484984,5.08546090264452,4.89867965263794,5.63159506956084,5.06152445319624,5.57294828283845,3.93508479303666,4.14671798738874,4.51465965946106,4.66166070751043,4.21293339672258,4.07523346657499,3.86636820557075,3.67801549488251,4.12520812828494,4.34868771523199,5.31768053267404,4.66013093727527,4.30247021443311,4.65077058861392,5.24800971290334,4.52204008351367,4.27906451697713,3.86487502134345,4.23003217155062,3.96224467651651,3.5460122276027,3.6214548947471,3.60673545716197,4.19791963938471,3.69043505727304,3.57570446516129,3.85189680029065,3.99526884106999,4.33094621228339,4.38751163050043,4.72266438713238,4.21180027310896,4.34497935381296,NA,4.45330580784303,4.52502985204294,4.58641470602101,4.58743788263685,4.66748929811241,4.46695897112129
NA,NA,4.23398341412851,NA,3.86578549628087,4.19567325111233,3.77056167707522,4.88835291313033,5.28267433275585,4.38082977864016,5.12003062160265,5.28155280949945,3.57778123452564,4.1944649383832,NA,4.05470977042747,5.02498603418021,4.69453051899797,4.73685043414431,4.77677726700642,4.15523328921921,4.71430244316798,5.02342962525963,3.85681730919018,4.47519229976332,4.3959821109514,NA,4.05533410606358,3.97347531097335,4.31272228482958,3.72131750708624,4.00696428615369,3.91207099634311,4.05954002855631,3.74976039763578,NA,NA,3.66323645764523,3.8030822696699,3.96125523158454,3.56258262665588,3.44788109975109,3.32469667026743,3.18890037646017,3.24994055161052,2.8695705828862,3.89459988031847,2.8980615367059,NA,2.58138512778534,3.72738816950267,3.07172032235541,2.82807238784537,4.65583541536437,6.47187720989274,6.7483932837796,4.16936175183483,5.2658044715391,4.38157987421484,4.18242370093932,4.96215434755483,4.91811711959082,4.21115704350269,3.81060832363359,4.01785491432379,3.23400805229977,4.05382739146165,2.69337612675595,3.55927878776738,2.8116483604458,2.86601064897662,3.40028611792953,2.80797482033083,3.05525335687225,2.94190661662219,2.89919970947259,3.10066718921366,3.35520493786558,3.01914590608182,2.96309349735182,NA,2.97611476728334,3.01125547943438,NA,3.31858499921564,3.74547193298792,3.3648373540116,3.05915352428114,3.62051653541806,3.25301675179131,3.75243408223424,3.51524220618214,NA,3.85484410084405,3.52958844681204,3.13309399961899,4.12310704060885,4.07788099520203,4.0850766889919,3.95847593751391,4.69361540422393,3.69123380067245,3.38845689539588,4.07767163534005,NA,NA,4.28541611949458,5.02708777188665,5.17545899013812,4.76557560306045,3.5674711710201,4.61406069633194,4.48119796688072,5.20593794349508,3.90911460653694,4.61118078844811,4.37790498546439,3.90899276456103,4.62689873961379,4.64233500672542,NA,3.88698729284099,4.16714007379171,4.04339053300213,3.9808472511198,3.41751912500857,4.07989971243403,3.99782701190529,3.78898185620101,NA,4.27517919359544,4.50687549089932,4.79880680083404,3.85779414584681,3.31622331368379,5.06696197621948,4.15147088133638,2.90452950491209,NA,NA,2.94316339257712,2.71581566570672,3.17263582011944,NA,2.91564881374119,2.9542826174108,2.94242603331273,2.92191426866975,3.17167408288769,3.12697650510676,2.94675705994384,2.96440202787809,4.8381310083586,3.21397613295961,4.89113455707322,4.02936898674116,2.69513147871855,1.93601786389392,0,1.83529284869961,2.79513297432113,2.31338484900192,2.02713931252345,2.66248662935225,2.73635360288623,3.15361531808202,3.40939933119927,NA,3.15444958707045,3.37815919419244,3.00853421061008,NA,3.02330276835125,3.48364391018865,3.11529078377824,3.94101027532597,NA,3.34738418739523,3.3014952191838,3.79496795802595,3.71262288664289,4.02249985825141,3.69599314509947,NA,4.34327729044398,3.68761018397606,3.69057843097774,3.60630364799121,3.56736280338717,3.70722183089123,3.89917150864887,3.62077713494301,3.74535665379585,4.13130355293992,3.73039421748172,3.78808929114065,3.91294438458715,3.92245922035661,4.06148019397721,3.76726380931621,4.1688881194316,4.09556274308958,3.82219758001308,3.85504241940722,3.65944374362503,3.99521334352639,3.55693846599347,4.16028548485659,NA,4.52530793452416,4.02902333951826,4.55797141399989,4.78081105281485,5.30571117438269,4.93726866022647,4.20448554930088,3.96626895925013,4.2701824335677,5.04240719366231,5.58728951119052,NA,4.45788281770882,3.782040159037,4.60623029653496,3.40973511066009,3.35140508656337,3.04296410085665,2.96548638457976,2.85095050832345,2.66810482251572,2.90310475835057,2.92984784616135,2.96178462394399,2.71325522363002,3.16030693651233,3.58693431519922,3.41113749482414,4.55299394456214,3.08414857700128,2.86911609487091,3.25729820067717,3.82743300090632,3.37001581339819,3.0819839032925,2.79974735716256,2.80846291208549,2.61804411039142,2.97309645639281,2.62020559655372,2.37034821922384,2.56164803725183,2.56964193073045,2.68823742736199,2.63043034808922,2.7722201118518,2.63889961216722,3.2253054021779,2.46727274922717,2.77228643355913,3.48704911407847,3.41739411417395,3.54987780159629,3.6894790128019,3.82475398647552,4.06270073283216,3.84851016663455,3.73307947104266,NA,3.33020698653171,3.51722743641296,3.70091057751578,3.50690409849584,3.6517887820932,4.10418437806163,NA,4.66904386608585,4.81252435941486,4.5744027399021,4.32299054506827,4.36667781731348,4.28792093241434,4.2248934039281,3.99336175931019,4.11173529369642,4.2424469851832,4.21951140658171,4.57561702997749,4.45919454667135,4.19191327308052,3.80776507677363,NA,3.82902217471356,NA,4.50957525002444,4.51715226431687,4.03660799143621,4.19616960788156,4.55979884840266,4.63253233312236,4.26497649517911,3.99371200129299,3.58151211662141,3.44795192292109,3.48061833549056,3.55793442049641,3.56793475024676,3.85553814066087,4.10050275905783,3.62578446809675,3.8801176358236,3.35426663071166,3.94711557481925,3.87955836173474,3.31241188371,3.62744481773939,3.44436086886,3.49583989854248,2.94919301115735,3.2341912682888,NA,3.36900272917774,NA,4.95485395716805,3.79677328304847,4.81366051206305,5.18990221226523,3.13672822985781,4.07012655855075,NA,4.43367143731664,5.32622702321133,3.55570334487081,3.34437412693117,NA,NA,NA,3.34316735467853,3.64597212238089,3.19716204897587,3.18044785595482,NA,2.96264828408025,3.78966731993333,3.07137591022443,3.20511463269634,3.13828920759334,3.40519479512637,3.3176681230165,3.24076160436944,4.05542625340929,5.01931075240972,3.7699158529685,4.07060547807485,4.30075523267441,NA,3.53998183302815,4.65898234961747,3.30823546520194,NA,3.19683182219947,3.80177646066494,3.73479231079291,3.87859587516102,4.08623081555164,NA,NA,3.99422592049669,4.1733718306737,4.16736691071577,4.09081459770821,4.11053597418827,4.2228017530362,3.97178222786702,3.86473336853036,3.8344109117904,3.83451416244206,3.83054225279431,3.82308131680481,4.17358748586277,4.20244590376847,4.53547250622491,4.2243717111932,4.2214250610108,4.27153123040729,4.48704852739936,4.64485504010455,4.38375874358831,4.48913806646497,5.01154503515025,4.41454857209062,4.48774910009083,4.47851176145247,4.36335435687462,4.54555710472913,4.42663606123794,4.79743594355357,4.44931469960444,4.34425021530844,5.12554213941845,4.55371755922854,3.57932705566529,3.91846845022454,3.69717638880692,NA,4.98028859805346,4.0340277466612,4.4355035301709,3.75915850089899,3.31213405888222,NA,3.30288635106698,3.2606302923855,3.15623218504392,3.60359524878202,3.59723245119338,3.47315825259709,2.9741653017081,NA,3.39051268459165,3.55948830592207,3.33523433801364,4.93852919040397,3.31507355437478,3.24342254378586,3.98050559194813,3.39148459771878,4.50698273652691,4.10991926367883,3.15595736243466,3.64509449835672,3.68121422049243,3.4559240146765,3.25952915834716,3.46402682442929,4.11214147444072,3.62234632937061,3.87436637125153,4.25203858490064,4.09478345304902,3.79004601808549,3.47201294073556,2.88256532770326,2.91770021942479,2.95446063916778,3.28517461859937,3.3588647095042,3.1186826247443,3.31363814419665,3.51576871140361,NA,3.71638556022208,3.80269717331932,4.90958064071835,3.83172824651322,3.75883637293033,3.8237740071807,4.01470947383742,3.80226617830478,NA,3.98663227564053,4.31319777720619,NA,4.11469822862563,4.22483084814184,4.23227447690228,4.31508719804811,4.24343990025424,4.42184860006599,4.56386601394142,4.36007451341331,4.21480657626675,5.06117688334983,4.68650885381492,4.40335315603128,4.72235515462839,4.89496160930978,4.67046154598406,4.84811350267627,4.95900975621686,5.31842374071428,5.18677365174289,4.57284432634609,NA,4.11863257478313,5.05326727254861,4.88372534823773,5.81971578748428,6.47747345673843,4.93555381361201,5.64309974992997,5.72641261561628,NA,4.54003686769534,5.08001144753949,5.10398617204397,4.75526324522346,4.20620793069289,NA,5.58793562118504,5.18630271875194,NA,5.01970257093567,4.41213028126066,4.25416373843569,5.06124807004551,4.43353230828046,5.03411561142424,3.43769893831476,3.49127563438335,3.97601546926142,4.19174890574859,3.79442247508474,3.59542219190468,3.48396238119475,3.23224952593197,3.61332031162327,3.49332231291332,4.6798763185838,3.97192321661786,3.57846231338151,4.28260382535927,4.76626700142214,4.23844818530059,3.98506574968807,3.41364330764857,3.87280388169537,3.30218716221215,3.30842758616669,3.11852319902733,2.84267718770866,3.56238121269175,2.98760676496271,2.82042919731222,3.13086976375707,3.1338082641133,3.41461318970251,3.42991867802157,3.73883806382843,3.34481080432306,3.33066748285734,NA,3.41221530486131,3.45322971645036,3.47043951451925,3.49705122578599,3.72699569355512,3.44482865932238
NA,NA,4.11074260392034,NA,3.77289152453051,4.17461250369977,3.64675619572015,4.85603585823529,5.21552757358811,4.18246432185241,4.95221141384736,5.15250062356791,3.44659365590556,4.34360042897316,NA,3.85507190186334,4.74744907620326,4.51782203001299,4.4720443957243,4.47848219338515,3.79532777830618,4.62388808624353,4.77537172415588,3.54546190104574,4.09623246123023,4.02000861111948,NA,3.73689803522072,3.66910809671899,4.07142693499317,3.45263374885252,3.69049550050639,3.60346541425004,3.79679400435721,3.35932223542479,NA,NA,3.34910208072914,3.63840029825676,3.77112263448154,3.33572971620894,3.12544729823338,3.11395570772328,3.03847511641986,3.20438455319392,2.86263967423576,4.27139599843948,2.7822366013571,NA,2.36619049714952,4.06796403003952,3.47564265122945,3.04236490963523,4.74876930490998,6.75632590505535,7.35091717773738,4.4611408307855,5.78729748386729,4.8439983933773,4.70869280137025,5.372753789327,5.29358053966593,4.61928209140793,3.77797309604672,4.29925042432059,3.45396145771054,4.7197155326985,3.01442121257596,3.44081711154378,2.59820735764089,2.89382262790838,3.196163588112,2.62047322462727,2.71471754115298,2.56206561762471,2.39699044100646,2.64640046234056,3.07128780957181,2.75907731796532,2.58422492988728,NA,2.66927917819084,2.84684814269732,NA,3.21488148628665,3.43739838739654,3.26533103972197,2.74989475817932,3.41717264078868,3.0494123930986,3.58468494030132,3.29383212244815,NA,3.62502412039221,3.27312523663624,2.82210407845345,4.05947369651556,3.96750888358605,3.930277559921,3.8267901876489,4.42137963347866,3.4693134431971,3.17099210300173,3.79985332139485,NA,NA,4.20391555807823,4.94216219859709,4.93824400248284,4.52427639761293,3.28456415921633,4.41606189395269,4.22897257920479,4.96085930883023,3.60954791544344,4.39364278090721,4.01756347647466,3.59296145389975,4.26744386098935,4.39979635392488,NA,3.54264951947301,3.73242275794736,3.69993560715733,3.60684275387536,3.08664221189576,3.68015745637561,3.58570092500743,3.48984366076214,NA,4.00514265377906,4.2815046844405,4.48179945064461,3.771087424089,3.10910198464636,5.30366152165538,4.23167855888634,2.91114814681148,NA,NA,2.46608140954436,2.49571381346726,2.59397096007725,NA,2.75993938093284,3.0689477543392,3.00736866377429,2.65995442787949,3.25757462272041,3.0229798656415,3.24594923421839,2.85513629010717,4.72317700271199,3.22149304628833,5.25646365882592,4.23826611624798,2.80683703531092,2.99204508599349,1.83529284869961,0,2.33328350270308,2.05037227263044,2.49860584991985,2.17479124000622,2.52245044670328,2.7628015759749,3.01133699698191,NA,2.74443718454425,2.91614773970279,2.92818781831109,NA,2.59693022327859,3.15885580710349,2.8023373131557,3.63337138504042,NA,3.13371789671224,3.0549778248933,3.2334360117222,3.49681448854767,3.69720456739763,3.12691244877947,NA,3.92089642821415,3.48482599462913,3.35585676853978,3.3850001084324,3.22541113030401,3.2347665308998,3.6932428576087,3.32607344875785,3.45856504472769,3.91948647620846,3.21235210314216,3.49587716674576,3.73806055562057,3.52829212276924,3.80507529596677,3.31003333314531,3.74957316082488,3.72740977547183,3.68896748016735,3.96668494677322,3.29051577724835,3.64962907795298,3.37177629202988,3.8020371813316,NA,4.1244627982767,3.95727230470574,4.37971861581651,4.61766994207187,5.17111264206063,4.7995175559915,3.97560479771558,3.73897499600386,4.33719304551706,5.06428370708968,5.49984747786482,NA,4.12009723187905,3.48899884498525,4.38189887215531,3.16544961730232,2.98690767325759,2.6133613981468,2.96225742942708,2.80109207114233,2.13196243663968,2.35079416892759,2.71274168678245,2.86476746967817,3.00946791776379,2.95318086102214,3.62715908636067,3.34325081713294,4.17227389871299,2.78185975851355,2.85756056250274,3.05614268460236,3.42952191283932,3.48163207616476,3.33054783698044,2.39995990792589,2.50826173984325,2.61736562898717,2.69155343337585,2.5395709328087,2.41410971953836,2.40683659420768,2.44684521301606,2.72409675010404,2.54541233112208,2.41549861194204,2.34747588590017,2.90490632139717,2.43812436575239,2.74241186838337,3.57770512942501,3.30904887187837,3.45192564082875,3.3828818000111,3.70399440128249,3.86542934620494,3.53126305684947,3.25110691868905,NA,3.27670656239964,3.29742302355527,3.39251376656344,3.48716596506409,3.50364283771488,3.70821658377102,NA,4.27012037521903,4.35937996084781,4.15836569527812,4.03478299020661,4.16930105021788,3.98912780104533,3.73039670368222,3.64531203781848,3.76101592491381,3.94414672023099,3.88831067247366,4.33479153854946,4.0464697078102,3.83610445409218,3.40217537273739,NA,3.48239805115054,NA,4.13262818425814,4.16170998683106,3.62667623948933,3.79718061368927,4.32610231415804,4.39777044577655,4.01895621424932,3.78774452016507,3.16804877875733,2.97938836046288,3.07170385526562,3.31019743365371,3.23887233563011,3.47753549084022,3.68639728601365,3.39213613451618,3.60359852928448,2.9624081215155,3.60021789392044,3.61876148476664,2.96403815682277,3.3983801979779,3.29192397445712,3.29575865141845,2.67620295143515,3.03443454618027,NA,3.20523013625142,NA,5.23481254592461,4.03579829326195,5.14195701793534,5.42001766611171,3.01681676319863,4.10709905126199,NA,4.17025477504127,5.12237692184099,3.44682192599428,3.30188213970495,NA,NA,NA,3.10691403793232,3.50800135296688,2.76288593574477,2.76736353007518,NA,2.81904858791278,3.47830829879397,2.77815986236291,3.01843739474945,2.81447333350849,3.18950327055258,3.24095016418447,3.16260592247517,4.13035592564249,4.85592036773275,3.6342330438201,3.89739780576005,3.95674644973671,NA,3.30825614270387,4.33721277549289,3.05146091702775,NA,2.90175022720912,3.55332804388217,3.45011204093404,3.59825320193566,3.82064192295566,NA,NA,3.80152489408642,3.92403820449555,3.94156720843682,3.87421237501881,3.81011741805845,3.92175735098839,3.70570174623583,3.6013303747457,3.46490482712407,3.54830568080539,3.52514332231115,3.63698976531759,3.9570182196238,3.88057510250865,4.19895805024988,3.87427312059581,4.04797828408064,4.0834905381938,4.27556404455481,4.45904354105276,4.17866484980559,4.23176872067485,4.70674762671798,4.12328349691445,4.21406185316468,4.325445593044,4.14219787670184,4.30434368597783,4.16612104338721,4.60659856197833,4.16072793938648,4.08561232343614,4.9315307539086,4.27308070315047,3.35096402472226,3.69622609230101,3.60605160408835,NA,4.81849271927002,4.13746290969744,4.49947517330013,3.69596650476912,3.33580611140654,NA,3.53786535784837,3.23151298549937,3.11528713097665,3.74412606754717,3.7930269826143,3.61877213079884,2.90737779668997,NA,3.62141938342558,3.88817678443841,3.31579290391225,5.31786078445554,3.68490937553341,3.21238085989665,4.10681477765818,3.30872865279784,4.70324568658711,4.22566936763082,2.97172886536927,3.73609821317531,3.60510324107542,3.41856929231563,3.35131715431682,3.72099108686623,4.29886426844909,3.65222770682424,3.99175995220884,4.35212378088287,4.07231894307389,3.78881948249998,3.40496575226607,2.62735009745808,2.84642913236068,2.86695795922053,3.12257769129588,3.11719481086025,3.0537458317708,3.08648934613414,3.29431166981931,NA,3.38566109241508,3.49689243214364,5.06362770400297,3.56082685930055,3.41005143635859,3.51292743211836,3.74916291171392,3.45870289341935,NA,3.71094191082704,4.08530894781173,NA,3.84902289275964,3.98953117718048,3.98863602001505,3.96819796366004,3.95275552530616,4.16408532168409,4.30047020519129,4.05995863192446,3.89966242838212,4.76265160235479,4.36948209870686,4.09330798123976,4.45727621431099,4.6655273964273,4.40634392131601,4.57676600535884,4.70663821705694,5.07351591371594,5.08703988873047,4.32332405727745,NA,3.91699550872045,4.81335467098896,4.64322392673258,5.60818289062538,6.28022438100247,4.69696890938989,5.42366045099214,5.42526172013064,NA,4.24288451082215,4.79486500007487,4.77296630915239,4.43166022898365,3.84528417453609,NA,5.35208098177005,4.8882968333874,NA,4.74241114787548,4.13847009752958,4.00814277151124,4.85589417577784,4.22151971417724,4.86473305542431,3.57749644696891,3.33831000715962,4.0166548723006,4.1949568811192,3.73312040015076,3.61932992602892,3.49200378678956,3.35864693722286,3.69809845880404,3.09443204064149,4.47982138229096,3.80880520641746,3.21210299182019,4.20043463843384,4.66025139130961,4.17553203430889,3.93154139284783,3.28293852849387,3.94196962149386,3.22773621140687,3.41884768105752,3.1178438063541,2.74422435052196,3.42520472859225,2.76453462519833,2.67661466157781,2.88007720533766,2.88947728522102,3.1083200837606,3.14415868045079,3.33942658460144,2.96703551387101,3.02149086283619,NA,3.10084434123813,3.20970021285732,3.20946708575773,3.26699060828124,3.48780057712628,3.1354014077829
NA,NA,4.52367572514482,NA,3.74971742093484,4.51755308250926,3.91098504630532,5.29049722489289,5.63059697140594,4.48331242566534,5.44926870471725,5.59387985038054,3.42631190638434,4.74468104331383,NA,4.22561487817694,5.29609989556047,5.03602688726486,4.84831238833709,4.95528453855169,4.23592233520737,4.99932388781202,5.27422689832372,4.04434935855559,4.53733281232554,4.55520667503195,NA,4.29916200522692,4.21954421520141,4.63938713556452,3.96223356732031,4.17526396847611,4.06025969568013,4.33714204319062,3.91950226838274,NA,NA,3.91576604557541,4.1415706374575,4.26537639790547,3.99395212453236,3.78285155941588,3.86949585244856,3.62187937101693,4.20059698087596,3.64493515788071,4.90734853113649,3.46984240227603,NA,3.20069298646142,4.8616057015953,4.32456533249477,3.97304762574487,5.80025751392162,7.54693664926056,8.20198554714692,5.38416006181801,6.63203399371558,5.63390175358656,5.58257585937179,6.26998019095599,6.22056822551512,5.44812973140898,4.68640563658645,5.18573064859686,4.37673627376734,5.34050911893876,3.49082680489983,4.12926763619344,3.12209295982292,3.40889226727806,3.20024161698594,2.89953359993099,2.48286410371149,2.61982773843446,2.79404550782284,2.8844045958019,3.16186545780733,2.8906967262597,2.51908454472908,NA,2.83983539108184,2.88827307284342,NA,3.2540828656067,3.34379976423991,3.25415746727504,3.07204159042334,3.49494479617228,3.31290229226358,3.64773845920359,3.33870727821814,NA,4.00177022209667,3.34860709688193,3.26039726968602,3.76094132139196,3.6463445140078,4.02934288538164,3.97196187068574,4.80625947543372,3.49160682607608,3.62845967942348,4.22807757124277,NA,NA,4.35022452083011,5.40256739865756,5.38357493231904,4.99647101234551,3.81285331426175,4.79767309167058,4.63392600728586,5.47213193340259,4.03944515879291,4.90340181464082,4.44301526672634,4.10836489178426,4.70289248238548,4.79764059008149,NA,3.59041379775822,4.0745055233465,3.97867134402211,3.66775829533484,3.27304374574991,3.74631384582643,4.05963844438477,3.92889257850663,NA,4.69236519677735,4.85048405446854,4.93033460693733,4.37286919318142,3.84167784810168,6.14744621582893,5.03179748984024,3.33640427597263,NA,NA,2.96832699960396,3.15564554471192,2.55303712400928,NA,3.47535385790666,3.49403408524185,3.44627712353276,3.02977806436282,3.9014977003594,3.75513444737509,3.80691890112441,3.51249073797758,5.35280054142109,3.66849810388423,6.24262564021388,5.13330208845728,3.63385640397872,3.55382344767775,2.79513297432113,2.33328350270308,0,2.07319912589534,2.64657651271565,1.81663194903523,2.48357418472122,2.59912459277557,2.76736597213186,NA,2.85932909229521,3.19538138137915,2.94726834112546,NA,2.40032403614974,3.15254469323533,3.09733429636195,3.61105782415216,NA,3.22473967926576,3.32850133255182,3.43943427300406,3.65914216950378,3.31729129105316,3.43411059443028,NA,4.47624034231564,3.45227452354953,2.94117022984324,3.18265320260152,3.31488406257037,3.651791611932,3.79243642422703,3.20844241404388,3.1984484791991,3.82565996878743,3.67204750111889,3.41993659460177,3.70816875050717,3.63520400857913,3.74010790643293,3.32529754985485,3.83039210090999,3.90952764372319,4.05614997385407,4.22767844018902,3.86071611209954,3.95912961388357,3.64483430673483,4.13054487677017,NA,4.76840596686744,4.3880728075268,4.88525665185424,5.17390925866909,5.82042658527879,5.53785686200969,4.53791082453832,4.38724702320889,5.16552933910983,5.93724794146398,6.16127923762767,NA,4.73910720758082,3.98313571937029,4.95386615409166,3.59887236830191,3.31814553642965,2.99127896377008,3.7047442305168,3.53829049692323,2.73881872136908,2.83757208028221,3.05947807138913,3.40018528234136,3.75493935684362,3.37225090529709,3.74723617161816,3.71613128739029,4.64168224744828,3.27237706018391,3.16358067906257,3.6110747167755,3.29946893340293,4.03818663813392,4.00461193465806,2.77282997926355,2.49371346799188,2.3503049106299,2.28842858115193,3.24801330975015,3.06192423218132,2.75201575299099,2.69463279374023,2.56199425884868,2.87265218096578,2.57095542247048,2.59613554231917,2.91529540929419,2.69166737031798,2.7610613834242,3.58943950343685,3.29410966543838,3.34047642761844,3.61813605610826,3.98612735182476,4.10630528789773,3.9289351704111,3.49536867702953,NA,3.57738615522054,3.18984878863521,3.03652439317871,3.59101775059075,3.78866153564932,3.9544098700699,NA,4.2805892812395,4.55449183754987,4.34380979315075,4.26850046745271,4.47620502623281,4.14715513274585,3.72815540153044,3.72656363889884,3.68867092384815,4.13312409361548,3.99804880878231,4.53262372160819,4.18558119426228,4.21643865462109,3.5746351982735,NA,3.83007326704849,NA,4.55605075018456,4.58866497426607,4.24864453571705,4.39283681231399,4.66777137553051,4.86198635193134,4.53710104297612,4.20262321691099,3.66713416439365,3.39579805556906,3.50467239409238,3.51218467572368,3.60005312260153,3.84559226096691,4.19180986919441,3.70637099192515,4.16658266529954,3.43042280984522,3.66339891735296,3.80316214458505,3.58053518863981,4.09036275590828,4.13071700724413,3.9670856046879,3.417454246774,3.41220396222607,NA,4.0126242771116,NA,6.09237808213063,4.84326233067891,6.00104821146439,6.2422214269422,3.66258182113306,4.95298727052515,NA,4.81518561588465,5.52324095429044,4.19487100365254,4.0748551210884,NA,NA,NA,4.08550257011168,3.79473469673071,3.31774978249001,3.24070785589687,NA,3.52794552351217,4.1682988928781,3.34990275115316,3.56335574216536,2.94290501445425,3.62113627158222,3.93335313241842,3.95970272710231,4.99445972367882,5.39272872837723,4.10132338518631,4.38035735305554,4.59708631491499,NA,3.65762363056934,4.64858716161052,3.58511129881931,NA,3.15922260731353,3.73662484725987,3.4521711186199,3.64341109691212,3.86213083889089,NA,NA,4.03533002202369,4.22765634485788,4.11799886611135,4.04974208009997,4.0507137366841,3.98344467284475,3.91603849915677,3.85382371856684,3.17737427034869,3.58876465663771,3.64404846150588,3.71931251720186,4.21767151345937,4.02448466482551,4.33017566085144,4.22298872062501,4.35487454811849,4.42538867875796,4.80841713388824,4.96231207195912,4.70734146200707,4.72750276061963,5.1858879614463,4.61072739720633,4.75378541381205,4.76103586184641,4.71211350610336,4.84389414126822,4.69090679517962,5.1412310266964,4.76119610644534,4.61953482338232,5.48429956631362,4.78249922413834,4.13231717812058,4.36485265933624,4.46403299954968,NA,5.47128499788137,5.0409928439357,5.27242606931381,4.40007358665865,4.08309189884673,NA,4.50186367589308,4.17194482098189,4.06171914527293,4.72949253657596,4.79341651198205,4.59589989153232,3.65404932415024,NA,4.44942310230046,4.77350305105386,4.23909080245055,6.23094700302459,4.59622078469818,4.15907343309781,5.11987453631093,4.2205814648964,5.61231748265309,5.04486046646137,3.7592920776836,4.35005993855894,4.08543385661439,4.20260613109813,4.02587588615637,4.51121926233147,5.17171989766993,4.57431883026537,4.83660004233957,5.23440601352763,4.97556446666153,4.70708725858485,4.35551254269292,3.08439464830543,3.55266862641305,3.58016909510152,3.68667722258697,3.27760198765422,3.61612050894012,3.48694411396375,3.46157952135351,NA,3.7550383908389,4.00324560274353,5.94376261804211,3.94023117751704,3.91729775389017,3.95169308908526,4.27205006633715,3.91977968949647,NA,4.10772465430041,4.42654420356882,NA,4.23174205393303,4.2650143755615,4.36307738210919,4.39490049118354,4.36923846652896,4.44401246474603,4.7022676404595,4.51010587539694,4.36697879854009,5.22940969505842,4.82714743831945,4.57510751253882,4.95020838240842,5.15109171818382,4.90880017352566,5.08813334298074,5.20515506362575,5.56266920654153,5.57796333998268,4.84587269986724,NA,4.23725715215413,5.3073831594237,5.1091919743019,6.08247168028634,6.70989732699337,5.18789499342501,5.89400809994815,5.98424320241024,NA,4.80716745422808,5.38640940732545,5.36947647490415,5.04663065423015,4.48053917450222,NA,5.92250947321684,5.49021340353399,NA,5.29542098823749,4.7778804779953,4.65921098448033,5.42256920848261,4.81373202163089,5.53798044943325,4.30867287567479,4.12378205803372,4.72000143036695,4.97571658761078,4.48405890333724,4.4038764363576,4.30736081750966,4.18764008051177,4.48758960631491,2.97777811158937,5.03966338357774,4.35246733855111,3.74294271532,5.00618978889729,5.33525426104505,5.10714122462552,4.96211227682133,4.30244363729529,4.85939612739192,4.08477381629226,4.349571634911,3.96503655404518,3.53235719209533,4.27327748399536,3.55921916265357,3.20359201468883,3.53464481231685,3.40904225409094,3.52661861265256,3.74156237290993,3.8843891391798,2.9864119472418,3.38179827934155,NA,3.52592156356459,3.65183133510503,3.57381967069364,3.58053630566397,3.9311540112047,3.54097446210406
NA,NA,4.08128955091198,NA,3.41608119685919,4.07534410687489,3.48466629565327,4.78682423274416,5.20408848023969,4.08473292528089,5.03927607810519,5.14263150361788,3.10547380730688,4.11047076718459,NA,3.65426928100675,4.96328263091785,4.47412689014798,4.34615129253104,4.57886248759431,3.91200216105261,4.67746884883855,4.9706352611266,3.77094665449722,4.33714522964027,4.2944406254875,NA,3.981057580499,3.92615715511079,4.29621417814502,3.55049294729376,3.89529887676824,3.79892678009904,3.99817067287164,3.65652846017966,NA,NA,3.55175478426132,3.7090790643269,3.88159560526796,3.58967232381392,3.40454105719747,3.45106260151504,3.27233889784574,3.72905172164338,3.00925108786902,4.46929276069132,3.10532405162501,NA,2.78273277394167,4.2931417895395,3.72934275544666,3.42204870819674,5.46035560083596,7.15642961015605,7.73562990593989,4.87338215033582,6.0783859756733,5.12106252941491,5.02816045569301,5.72632714982236,5.61891521236755,4.90475430157738,4.16660728350811,4.63759418271279,3.82135427487011,4.63523951019367,3.05834306305376,3.73050951844863,2.56217374955163,2.7977302763297,2.67125945957211,2.27191123586748,2.44751259077601,2.33813495717251,2.34474491750819,2.35578334794345,2.71839131511844,2.32492413282935,2.27309341602929,NA,2.35143374218325,2.44008861234462,NA,2.62930406680653,2.95602607227228,2.73081381462849,2.70293810700138,3.00576125370845,2.72409124819893,3.17707746737084,2.85301098981447,NA,3.46853376850514,2.91208930803232,2.86601364856983,3.48313051790881,3.39834726384869,3.60733875020245,3.56856648828163,4.44900358727052,3.12475006786596,3.19529003615082,3.85381377363244,NA,NA,3.96120631579441,4.83730861944533,4.97691465262266,4.55835669924773,3.46445394859406,4.46436477294751,4.30309982733169,5.106235898833,3.70781044889597,4.62579184426829,4.27358013063112,3.75625938575514,4.50679549347066,4.51060182284209,NA,3.56517269363225,3.87690616375102,3.70747467343986,3.59590176015876,3.0801405211879,3.80346527683052,3.73012729315834,3.58527960025532,NA,4.34296939245364,4.54301035354008,4.65686998919448,4.02470287230265,3.56358981681097,5.75081986509842,4.67854681170842,3.00777331477958,NA,NA,2.85080631746888,2.66812975821207,2.40696235925533,NA,3.08597792506073,3.23802161222066,3.17092284664297,2.64749208840743,3.50786020200981,3.17151371128678,3.42474791369159,3.03058118913012,4.97538312448568,3.30961367523714,5.78201271504114,4.62994050896205,3.27934097564347,3.16865364786506,2.31338484900192,2.05037227263044,2.07319912589534,0,1.75361119812689,1.56214731549157,2.13738779790343,2.48818735408164,2.62521643213404,NA,2.34237352988977,2.64618174879947,2.595879523736,NA,2.57885656006792,3.11294371440305,2.84140417224808,3.41514014979177,NA,2.74788907132496,2.80922988403078,3.37573467927272,3.27917419060734,3.37278624455546,3.13859988118391,NA,4.17265187364179,3.13674382249647,2.81324967169634,2.77071762491701,2.89712805200119,3.26721257459356,3.39571758896024,2.83703170927077,3.0105393195421,3.51743875146899,3.37136408076947,3.18162262964001,3.39834278800592,3.44443752358804,3.36443970501819,3.0912527533098,3.52661924689272,3.56032278612173,3.5018714639715,3.56630821959176,3.45499474508091,3.61494416579645,3.27821354419457,3.80466716923876,NA,4.38541887264783,3.92591859315924,4.53969911478519,4.80376533665133,5.43849193280464,5.14574512206343,4.16957703736021,3.93436160978196,4.77654973157323,5.55941269760517,5.65877273277905,NA,4.38154276551564,3.67086986236528,4.59342407982983,3.42005709190781,3.16639968466687,2.60689185902766,3.12677241037637,2.86478370391094,2.53451060672501,2.51069428118823,3.02105136889428,3.03304474928461,3.24866874331607,3.10801831076533,3.61606538071024,3.47046404522,4.31542385368443,2.96309768858086,2.88963037092602,3.00947299422114,3.20799040140946,3.42320690341652,3.49520243608184,2.63202135625247,2.380341785878,2.53907583518335,2.37888881157547,2.77318709618543,2.40726123191541,2.36039419033572,2.3310724533904,2.7905979760129,2.87633055633989,2.52620344787018,2.21618196333489,2.50553240004451,2.14632183368678,2.4623920165011,3.2695850884857,3.23475215427263,3.29537572637177,3.2163226691305,3.49697790905998,3.73013726855155,3.58387017655723,3.35794789928494,NA,3.1692414162329,2.99382092516765,3.15647113447573,3.1206067722595,3.32661747419517,3.68932390289657,NA,4.03011197371564,4.26777918626292,4.17891518518639,4.02654157598578,4.11889729650855,3.95657415292636,3.56882316990629,3.48531222087989,3.56228196576334,3.91910658656827,3.89490075659021,4.09721486533294,3.99903482427288,3.83605018076407,3.3709209733391,NA,3.56314671223104,NA,4.3238198813211,4.28158300464214,3.92951085492512,4.06256233596257,4.29715668801154,4.48940475456599,4.18374466476585,3.83687626550396,3.35216796802724,3.18601824862797,3.24709652491988,3.20580598201567,3.28611138122328,3.40037922438741,3.86029958503058,3.40370711176473,3.81618570717985,3.11367542136778,3.64989470964606,3.60066858982031,3.17386492448216,3.62343687510561,3.73940005598686,3.56293490935252,2.86305850067129,3.06661146079854,NA,3.55500490670303,NA,5.63110548619944,4.31928981790361,5.58159127807585,5.75045378868626,3.27650188255725,4.60537190285712,NA,4.33532804381622,5.25394673062736,3.68058072245786,3.56297619697095,NA,NA,NA,3.57823637460978,3.48445842807486,2.89054201968218,3.00267772492847,NA,3.09015690518143,3.66537101434589,2.96091488146816,3.20831693550761,2.63275789940237,3.2349274210524,3.46181696441385,3.39580020356581,4.38120912587587,4.90733962609295,3.72282038584009,3.84193394068923,4.1163646641227,NA,3.34774901263132,4.40164999021848,3.06406380345267,NA,2.70021942545194,3.34585077086838,3.26568467336592,3.31785486751727,3.55508469710688,NA,NA,3.63044416269698,3.7746587419173,3.79031335447343,3.7572187728464,3.77713036564905,3.65468008498663,3.65095429991547,3.57445362824736,3.10082411200421,3.37565714037007,3.41134341846501,3.50947273568021,3.87416269617833,3.81449714017487,3.95441823141224,3.90165107775094,4.12078786098527,4.17149298721851,4.44794838440772,4.65260232303728,4.38611142411351,4.39578987502693,4.86689399272796,4.28220487111026,4.41340385039723,4.39224781566717,4.34187045863403,4.52973185189003,4.40054609752566,4.82124205773632,4.49754887221199,4.29428932477287,5.13141866991308,4.46622255620911,3.7752570154187,4.01781143552745,4.06240856341229,NA,5.10573433836899,4.58628770407405,4.85913331844805,3.99458013428426,3.61904794036468,NA,3.99086460208791,3.66125283925737,3.60245758478714,4.2507157330446,4.29591353672012,4.13797228782263,3.23339893185744,NA,3.88537097173208,4.27072831447697,3.67948925152355,5.74878073024121,4.01719897754437,3.55082177866334,4.52211325823954,3.59702751167928,4.99812391867757,4.52788365418945,3.33678535055357,3.87468159351184,3.61572228951754,3.58150427638465,3.43636687140482,3.88350063004348,4.66958322026839,4.01841029293672,4.30045010827606,4.72208754738321,4.44526757535891,4.31802443348913,3.92497091297565,2.71190831229254,3.07835140251828,3.03987329244443,3.18034597309789,2.91257594333465,3.11769336421448,3.13556585933592,3.17726511549496,NA,3.41553261295633,3.68960402320766,5.42880089791505,3.61963262964912,3.56982865943725,3.57787475334868,3.89246764664373,3.61983580602649,NA,3.76040019955749,4.11727600948575,NA,3.93072885503966,3.96539010250849,4.05933175671061,4.04044179143211,4.05983581209465,4.15043214963848,4.36542367431578,4.15407000790692,4.03974361491379,4.90240858834714,4.47207490471618,4.24888458580051,4.61377995045351,4.81389281845789,4.58746951880286,4.7439802309837,4.88429896588461,5.21458789657798,5.18667937146812,4.52258281269371,NA,3.94002685534594,5.01461513981029,4.77683724522157,5.78014588580316,6.42871079105335,4.86398527435658,5.53753282681024,5.65720621194788,NA,4.46168275836525,5.07266740972528,5.06411331833738,4.71530784753303,4.15181859820649,NA,5.62367223411803,5.1554510598254,NA,4.92224379757679,4.39748461752396,4.26201224335927,4.99291601117245,4.42333519768471,5.15204546921108,3.7015543706589,3.70631512031102,4.25916968105832,4.48447553954906,4.01312759990142,3.89467415371151,3.74801404159837,3.65021739601967,4.03469204981424,2.80573772546585,4.6486991199307,3.87437692741185,3.26882882439889,4.48991756157274,4.83836833637789,4.56716902051467,4.4369323892802,3.79307828939984,4.38824565052706,3.61787427486606,3.84523094741467,3.42706001916367,3.07554351666657,3.7738485331532,3.09955284998122,2.76985162086696,3.00884252640333,2.95225658438904,3.15494173484643,3.31634379792532,3.47055986238221,2.78568755578643,3.06255117515837,NA,3.2137753082241,3.3246071896261,3.29169159403432,3.2919766501704,3.5874208387175,3.26069946087162
NA,NA,4.28769335534987,NA,3.66969120441932,4.1569446307518,3.76446536762962,4.89642289724164,5.32438873982073,4.29220517102862,5.20193081149043,5.22936462183695,3.19211405194858,3.93216663341714,NA,3.83884333049064,5.04347378208326,4.65092805083821,4.66777483880051,4.7314385380833,4.11188365025267,4.61910124288395,5.08324963220833,4.07836516952611,4.66041670016148,4.52382689537917,NA,4.32056940236432,4.29520501750264,4.52346879674947,3.80029267982439,4.31643397024386,4.27971934680162,4.37078491923994,3.9984242567265,NA,NA,3.86604997214502,3.87731261937754,4.06444933620793,3.79314114113028,3.55103999634579,3.59468907543952,3.45260429372926,3.67352059709258,2.86193113513648,4.33674368782749,3.1766437369913,NA,2.97553056613229,4.16604636581513,3.66348360430593,3.46101647305713,5.33120081941182,6.9594529189815,7.36993073888846,4.73660578869794,5.93546047152528,4.94016055236901,4.77941834073095,5.4863285260663,5.46634761233625,4.73481066507006,4.26543099362557,4.56187753775376,3.81888031393439,4.32060951392364,3.08275893219572,3.85057294220145,2.83887342094575,2.72450215962573,3.0266744889981,2.58304114179569,2.77268435955237,2.69810829372626,2.71897669673325,2.67270425982728,3.03073988109323,2.73255261811633,2.7610592527723,NA,2.78979074881814,2.68371808129689,NA,3.00438830449656,3.46299987944113,3.04992121015633,3.04440071877463,3.40434135965139,3.03673283680645,3.54174046983829,3.23326132143646,NA,3.81483307084598,3.2935899324203,3.14713440363057,3.72383744918695,3.68089704707309,3.87441382612195,3.86702895016249,4.6118967689711,3.45818016977904,3.5225931903067,4.08551387801439,NA,NA,4.2110293070934,4.95338255394801,5.15842561444898,4.73067305735369,3.6734398636584,4.70573305115645,4.60603551230537,5.37442946964337,4.0207170563849,4.86116354315875,4.63792144754188,4.10304823345007,4.79508511642059,4.75995658410296,NA,3.98947059230447,4.21184968567245,4.10779935517727,4.09988537955558,3.49079065276177,4.05429933704801,3.99062589655353,3.88424355722376,NA,4.36588756492329,4.63640150260394,4.73217979557654,3.9713278123265,3.55587580081897,5.60059546898949,4.68651109811587,3.17701526986519,NA,NA,3.42308708624622,3.10295105108337,3.02046026672053,NA,3.13012092492515,3.24979389794246,3.27534938700499,2.87049134742375,3.33548866590454,3.17888835785532,3.27241986662379,3.15170929261278,5.17227862860379,3.38327270943412,5.58366984827153,4.52189042296654,3.36426923629113,2.80081403514227,2.02713931252345,2.49860584991985,2.64657651271565,1.75361119812689,0,2.23326587317413,2.33682775379254,2.96395767465276,3.27046614467352,NA,2.73134439313475,3.08353740846272,2.74776422552627,NA,2.9976077087908,3.64985489025361,3.20825117098155,3.8252368197769,NA,3.19621298789003,3.08082857605206,3.77995530301817,3.56846093689505,3.89383077005352,3.60967978663707,NA,4.45905595297915,3.46477787798232,3.18415283886845,3.16088991751123,3.22097456547498,3.61946205016228,3.72290770598377,3.24471054228335,3.3831937101626,3.89557867911136,3.64181897252934,3.50509584279167,3.77908935504718,3.86479772506117,3.76323930495738,3.54996312145974,3.83057819413913,3.9259859120524,3.50986633395441,3.37598878462937,3.56447264673316,3.8524412402837,3.45364877518892,4.15251754627666,NA,4.65103069981835,4.01809482128936,4.5530833675372,4.88844888226608,5.49903259151505,5.24667396568776,4.40355082391995,4.21602907895322,4.87179758855665,5.5558161552976,5.88016898119602,NA,4.65337737302053,4.08534874020228,4.80878752683543,3.66657067025347,3.44905837895467,2.98852309939144,3.19794684465126,3.12323722030662,2.97622183864438,2.89449453732873,3.18276793436777,3.22934442709542,3.31705962451328,3.53728609721841,3.86186627413907,3.53487067629134,4.66887714989298,3.30526541287233,2.93804225149315,3.37035247143937,3.55724315936952,3.4262083125531,3.61602163758146,3.03871002115879,2.80473905872939,2.74222065764578,2.67989445717837,2.98961627230695,2.5427165105455,2.40900920378858,2.64637417921543,2.87943265744202,2.97888539917305,2.77358052856492,2.67125162349435,2.9218362669935,2.21617767511762,2.45677029810676,3.13457498786789,3.49871820533163,3.51442094875353,3.47398746074205,3.66404407902181,4.06154165080296,3.96655762031232,3.82598608851501,NA,3.30967794549643,3.33525017392332,3.61639493743501,3.38883451240586,3.62230281662061,4.09681800281692,NA,4.52116267243794,4.73272079034678,4.48723127829854,4.34657346081663,4.3549344056217,4.34675141200604,4.00995614443248,3.7808966682725,3.96146933922724,4.2237662036996,4.34671525336655,4.61926604975135,4.46641785603051,4.12931847644562,3.79213959267674,NA,3.89213659407533,NA,4.48477859877458,4.49749908868128,4.15221144467701,4.25977844024976,4.59203821654553,4.66915002528218,4.2814966821734,3.96713918574373,3.68408014678045,3.5618005728539,3.61050024303854,3.65636373527914,3.68260984903557,3.82067383452564,4.05685762483978,3.61015525689142,4.10355134267975,3.63612609081359,3.9016785251455,3.85757085843146,3.24045766133627,3.65840698560202,3.8422468481245,3.68187106398896,3.07463587122022,3.30748329216735,NA,3.73371583550047,NA,5.53810925328867,4.15325466457454,5.4186617536763,5.63553286111068,3.43570121275144,4.63913659984483,NA,4.48564784168582,5.46741277590441,3.71606219100553,3.70104403787068,NA,NA,NA,3.71005403765239,3.70589810287716,3.38826690432708,3.3617654422346,NA,3.22474700432069,3.92524412872751,3.29667960629212,3.39354365269085,2.97326374158307,3.41874984544304,3.66631742838959,3.41787805969296,4.30213103522309,4.96384411759347,3.98561348533515,3.98174052513666,4.36560364443952,NA,3.70201151919198,4.54001830878665,3.23967399881898,NA,3.0827741018447,3.94084751626828,3.63732757084835,3.76638798202143,3.92863523685139,NA,NA,3.99583402076598,4.18357945651422,4.16442379969651,4.08822113434814,4.07453784840874,3.88827361288453,3.88511229164389,3.7965105497274,3.54502588841405,3.67155640872819,3.77544208144213,3.86616628819549,4.0988772583659,4.23498570405674,4.40945296438009,4.0450815321899,4.28870697063692,4.39880906703053,4.62160316159127,4.7395861439414,4.52212145115484,4.57900238115169,5.09485321728819,4.44505867337242,4.60058135108451,4.62193324717247,4.47032156328267,4.72217873750561,4.59956495514397,4.95664075540461,4.7756043495377,4.53625865948862,5.22551881862736,4.62228285979134,3.94418554046775,4.23893372242736,4.11257891931318,NA,5.20791608578297,4.54606615624906,4.87882576340081,4.01703254064192,3.55073204178131,NA,3.81682595500111,3.63831193879579,3.52975471455675,4.05457703674347,4.20063788145098,3.94682951457413,3.21248021176695,NA,3.7097908533105,4.09365318459819,3.69000098620544,5.47857408023253,3.72516473647556,3.54289655194228,4.44447612803346,3.63880184494497,4.87942017741057,4.52256009917315,3.4740234656652,3.90686838359474,3.7434189496187,3.58545199641471,3.38209918150462,3.67662654624736,4.59845389605279,4.00954017067911,4.24498246211345,4.62598822015212,4.41060713013608,4.33743814444335,3.93477018371966,2.88145162524059,3.17018361248863,3.14029139189558,3.37636659487434,3.17305502720881,3.21631467390624,3.381343355603,3.44219116360638,NA,3.66211075945927,3.91943111000792,5.32591020909967,3.86479594424581,3.82067873478433,3.78024144842456,4.04096377184735,3.93570660494958,NA,4.10706472311855,4.42966634965864,NA,4.30080750770267,4.33881033128092,4.41869073461684,4.36924612137581,4.41983696808857,4.46839337847059,4.65132133175447,4.44948483082725,4.30209266220093,5.07121504242799,4.70407948357877,4.45815071467713,4.75413089719424,4.95873872733676,4.73845568526274,4.88451682397097,4.99198320446419,5.30647131735051,5.21212165909551,4.6794408849872,NA,4.27684195507815,5.1692722516074,4.93185002640262,5.90356479617559,6.59832010245478,5.01601068901136,5.71003047777307,5.81825946877343,NA,4.6843170525665,5.24112972609914,5.22981972254681,4.87505347383228,4.32625892060515,NA,5.72342339741095,5.29451068117617,NA,5.10413217584943,4.53411853875786,4.39196559688132,5.18939039318324,4.57326149785908,5.13853862986936,3.55133537189281,3.7358405158044,4.14403979714412,4.36789618378493,3.98134288801177,3.85480914664684,3.76668087124219,3.64015605697472,3.9672343556722,3.09675059091409,4.74089292326007,3.96403411507814,3.44504524882463,4.54933661270577,5.01719336020175,4.55146307367173,4.39042658155345,3.77139084856247,4.31080587117152,3.54525797593826,3.70512855982303,3.47688277702032,3.10386643066491,3.83465436672684,3.12861700936576,2.84193305042444,2.99144659615331,3.10313396177722,3.36956091244372,3.50597245739541,3.69665412130897,2.98674727567714,3.33876962787198,NA,3.4256491208636,3.51137468926893,3.55713566593467,3.55359665312593,3.68299685919316,3.42253031405115
NA,NA,3.95816937945845,NA,3.2392962187913,3.89108773453724,3.39546823528662,4.64613870612716,5.0075187279242,3.79174885924672,4.86970348032985,4.98626759764387,2.86459584843094,4.09167226490574,NA,3.565944497958,4.63805023094176,4.22569638632842,3.92700909608947,4.16519068978341,3.41961227417416,4.36542981725013,4.73221235123682,3.37459471359656,3.857847976997,4.01487150567205,NA,3.8092107542411,3.66855909167996,4.05488351495661,3.26610864273487,3.57179705113937,3.572099839756,3.82934026925657,3.42143179660657,NA,NA,3.32928867874385,3.52540112713222,3.63181766886225,3.38448703841208,3.11271239705262,3.29963212337234,3.15581632732705,3.64879428485207,3.02642406454428,4.53349361433559,3.23302488818113,NA,3.12431829446154,4.51760922378963,3.85112051441378,3.48588887454,5.48072970360756,7.2383422045396,7.85032170234305,5.04072332217798,6.25892430796056,5.21682983422999,5.15013359620735,5.81451061379833,5.71752352731502,4.89570382272678,4.28806858151314,4.64463849816533,3.92336956899355,4.84749858351865,3.02702265554773,3.73893712345517,2.64144310343543,2.71744672844718,2.85259675711881,2.18975769087523,1.98488458476433,1.90034003940553,2.16302477647135,2.28287053416695,2.55769246481511,2.24354682582484,2.00130589492202,NA,2.1442746980506,2.31722924896046,NA,2.69844696896086,2.9527900877406,2.66706150718639,2.40507506413784,3.02934168921476,2.57416947910666,3.10422224545639,2.69631522568226,NA,3.16683395239583,2.79375628422345,2.58146606088494,3.44612856268432,3.34179196471267,3.44419919032688,3.39330123203752,4.19717550371883,3.02380363881517,2.9464731340275,3.55163092737091,NA,NA,3.70099538467958,4.67284366829723,4.73542414425265,4.34808894477481,3.14614846283962,4.14134605675917,4.02979630056701,5.03588329872134,3.38416307581524,4.34633189209959,3.86255737814989,3.44716418794496,4.12069645916813,4.23537157345895,NA,3.19930741047539,3.46465005310301,3.45184552450715,3.27761080582385,2.7171983615386,3.32639289953583,3.32963270114529,3.2459454938975,NA,3.99805230238245,4.24725622407126,4.2621222639328,3.77101107190124,3.24874171281711,5.64733978484942,4.54183806367505,2.87299898108892,NA,NA,2.63803252621741,2.65441624716821,2.34661912641341,NA,3.03978353263445,3.20057654386361,3.15482489678628,2.65520267237521,3.41309707964801,3.10417551579746,3.55140943040899,2.77618867221162,4.85553525448308,3.25174560786511,5.89377244560293,4.79037623528547,3.42495337015302,3.59172609266493,2.66248662935225,2.17479124000622,1.81663194903523,1.56214731549157,2.23326587317413,0,1.58428616985802,1.76724402801587,1.85017214557654,NA,2.33979586936596,2.37169956396895,2.25048007018037,NA,1.96835242505145,2.62195295046165,2.51311066658719,2.98219205668438,NA,2.43866867750414,2.55274732386753,2.7936358424201,2.68826031926394,2.73775556517496,2.62529184861454,NA,3.69581552089454,2.83467689327651,2.55825008244296,2.44327438652767,2.50210642536635,2.86528814930238,3.14407265016627,2.53778992834065,2.67388110185804,3.18741303419093,3.0081621926439,2.91713045365592,3.21850410086847,3.18861654338682,3.17936239700278,2.76721888091921,3.27023244530218,3.35156503056333,3.40140695902424,3.48347150313855,3.11374764175281,3.36694465416486,2.88455261739679,3.2015132567721,NA,4.03103105095314,3.77255005221193,4.28831677744482,4.6141808642685,5.36787399254381,5.05080006719901,4.15183500939708,3.9278205030282,4.74785043335456,5.52659532448408,5.74154356891844,NA,4.26983872231702,3.49799731502337,4.54578087241069,3.27407976618819,3.01879418302261,2.55127150012911,3.18720293005145,2.77662328527516,2.31951095897886,2.31670874463435,2.68256376098298,3.04904937863489,3.32049700024935,2.67592064315045,3.13831211228903,3.08510999272409,3.83782576216795,2.73116685760909,2.83305004022081,2.87050623275706,3.12691960599232,3.69665421568683,3.74405367573626,2.3751933501983,1.9949047674547,2.35886603179686,2.06411019294551,2.63517524668169,2.53004982622691,2.48198108045014,2.19858006818392,2.55741515691808,2.3642596611821,2.08423069413244,2.26937427624421,2.77633856013874,2.35147677833384,2.4937313517656,3.11451716978441,2.87269990474503,2.94300517057115,3.0111951795049,3.05204497204533,3.13738942254117,3.03488127387632,2.83529393032917,NA,2.91367415712143,2.74635534653218,2.91350050589474,3.002099247118,3.07483833522823,3.27291460803268,NA,3.57653905904775,3.90156311769879,3.66938312464451,3.5958908492499,3.68757754822032,3.27909339162937,3.03372418519408,2.87379347413174,2.86564713099721,3.34833865638287,3.26429810934522,3.76480181047447,3.51012675734326,3.36153113789927,2.87854233664731,NA,3.20028853594268,NA,3.84865770760096,3.82419439846366,3.63639074082157,3.80702518867972,4.14517357666168,4.30931324598576,3.91478169367297,3.52137008874378,3.08079119945741,2.8302566679818,2.8502302968634,2.89742604351187,2.93100592770222,3.15982029205243,3.56542939083834,3.1788734921423,3.6270858113139,2.93776975230882,3.28104577530907,3.37310508513083,2.97465728176876,3.45897333023232,3.61768595519203,3.41397948428624,2.72066376681793,2.93153555130757,NA,3.42018478861056,NA,5.64900243512619,4.35461064667506,5.68462522535648,5.88325171078518,3.10508239962229,4.61671173988744,NA,4.22592538571856,5.04430047119853,3.63279608653506,3.45047867787764,NA,NA,NA,3.52155992470405,3.47413961784398,2.87931871204937,2.76040418349652,NA,2.89294579473792,3.55593089410208,2.76862071955439,3.13214116157135,2.41523285617913,2.95389080733632,3.32401784363244,3.28248358800731,4.24479155664663,4.7144591496987,3.50283980913798,3.59614786866064,3.78737479779564,NA,3.01285936199687,3.99640558576285,2.96878847434039,NA,2.62108333699571,3.186598405247,3.05062331197589,3.13621465501042,3.42795123662346,NA,NA,3.42671925012306,3.68208913494115,3.609975435932,3.51099098870509,3.56110946081204,3.52894684849213,3.46796981622954,3.28904205028021,2.78319098956155,3.14269343266966,3.14547678533657,3.28864887504181,3.71787981527109,3.63160445238276,3.8641802259972,3.71613250021076,3.76292294036796,3.86840578388274,4.26085642794653,4.38172383163258,4.1422596238795,4.13490774273526,4.66049776563306,4.08200329076884,4.25372038564292,4.30287241200833,4.14417765825905,4.39494685894773,4.24262072728399,4.65198367519447,4.42147438522543,4.18303167108242,5.08214115636391,4.40110758428287,3.65996802050897,3.90155976634735,3.96710933783145,NA,5.05114022087355,4.57115909104502,4.84147124914511,3.95346302189168,3.53214394411884,NA,3.95903538359918,3.56803009437759,3.48982816935564,4.19940438052402,4.33392929499897,4.05736648092356,3.07732959168376,NA,3.84534804486954,4.25619235008407,3.84078958216066,5.77909667847174,3.94809484952114,3.7260172457848,4.72290329095032,3.70006651542713,5.13777749937795,4.54738690299255,3.16527134504859,3.86031865019104,3.54624875463148,3.66209605166143,3.42813126455724,3.84244368998599,4.60050181567472,4.03730072207731,4.23483784973358,4.63689936499759,4.19177999855343,4.16779937937736,3.7383016438264,2.57500606198827,2.94252528552061,2.87243475583661,2.91463954303759,2.68939200481256,2.91315597972793,2.91919192133846,3.00127322711658,NA,3.16443991628913,3.42772496739625,5.32989696341202,3.36005718830963,3.31483176533587,3.32751023868944,3.61663878716566,3.32870871620985,NA,3.54510816567151,3.87152480830643,NA,3.72713415065476,3.74004184823407,3.776329471413,3.84774667710632,3.8098213562,3.93531495319168,4.07953247626558,3.89967009904888,3.75383680711163,4.69491347076337,4.27129886413085,4.03482394180132,4.43146962903295,4.60224479015697,4.43043058830722,4.61289957714262,4.73372623837669,5.03952173646271,4.98111268282008,4.33939013709165,NA,3.62167182179759,4.81963833100487,4.60839120327957,5.63991762713396,6.3274359918112,4.7089841246046,5.43933294041404,5.54328104000337,NA,4.37385375463178,4.95489075144,4.90681315633086,4.57160502109603,4.008562414269,NA,5.47224940599244,5.02888320376298,NA,4.81831207970504,4.29821778402209,4.18103175559206,4.92896441985648,4.31340367514626,5.04520000658568,3.70003762300187,3.58707835196085,4.17663178417886,4.44863590747865,3.96324263217872,3.90285859521121,3.79783061490447,3.62188109621199,3.92084467984519,2.48274250636891,4.51640953252245,3.7678802125353,3.31683929095857,4.43122577600666,4.78283239959686,4.54627327960147,4.45196741771382,3.75496687767488,4.30750282891273,3.45294897501825,3.79334070560093,3.39361092344699,2.93371865622513,3.64715305367536,2.96073301076179,2.62559645461138,2.90337183490044,2.74777086017492,2.89882451007063,3.11659245495351,3.34090796304025,2.49927733980583,2.87448575130358,NA,2.95293722812126,3.04451741897162,2.99652191432965,2.9959670821004,3.23673887484386,2.92748415351041
NA,NA,3.91944998248613,NA,3.13055655933954,3.84287506581648,3.38035470671671,4.65981997108075,5.03286026969073,3.69271059551934,4.7277517485057,4.86306588917424,2.60094231894913,3.99250436890105,NA,3.70295400150978,4.54868730474582,4.02125653642077,3.84643913052631,3.79696306887137,3.17102192242021,4.04263005993631,4.59153816084782,3.3545197386036,3.93680956725544,3.99842642065096,NA,3.83505594103584,3.71749787282875,3.98098911241864,3.25540684690026,3.68532493295713,3.70398515268544,3.89220822020787,3.45985640189037,NA,NA,3.38838641170884,3.53860282940338,3.59002379712491,3.3439223799415,2.97682198033545,3.18793331057674,3.1273440129539,3.39888917185063,2.69356070807668,4.28346088211193,3.17947698653923,NA,3.22106768066691,4.39625839421823,3.64910994356134,3.36938443037857,5.25500738274967,6.98444446391666,7.59071522486713,4.76079491840696,5.95789669717456,5.02387083938555,4.86908997020026,5.51262104978641,5.4982007499197,4.64217086789514,4.05275355440741,4.40224638114965,3.69561350964984,4.67163674296836,3.08302560563071,3.85323432119936,2.78801290611077,2.6114143456203,3.0214012147225,2.31695308906995,2.32229824820699,2.09047172854335,2.3126318353565,2.38689604647942,2.72238804497175,2.57096687529056,2.22680507780448,NA,2.29336487829178,2.40568508251308,NA,2.90017147350781,3.17309689541354,2.93042081790465,2.47752656634846,3.16712742161794,2.72519937931877,3.36837232884379,2.89257134464076,NA,3.37793545494076,2.93161568709779,2.56565974323945,3.42512959785843,3.28831877399628,3.57442105001371,3.57391582844342,4.32668171975749,3.18264651030022,2.85707047778794,3.589332023415,NA,NA,3.8369728866017,4.73415308619379,4.72956948385499,4.37198070961974,3.07063683362952,4.2260755618551,4.17600061866001,4.91796345783357,3.36362032658982,4.3027846441541,3.90324919576237,3.4828958003168,4.2111978666414,4.28419854047404,NA,3.27656649642966,3.54475256046139,3.47703890594725,3.6659329662932,2.92393193378481,3.47555475698503,3.31409586540111,3.30215216879906,NA,3.74613809716754,3.98486122618719,3.95752346156931,3.48288632483019,3.06373829365968,5.47352539832761,4.46928973854746,2.68284414335041,NA,NA,2.89883983367574,2.82457819139029,2.60962900591395,NA,2.88545615920247,2.95989537332124,2.89786560709799,2.4564963001957,3.17977493317267,3.00598836217708,3.169018217704,2.46217110154878,4.85829074681083,3.01163512119114,5.54187224743321,4.53167351327642,3.27785013254523,3.55150258338309,2.73635360288623,2.52245044670328,2.48357418472122,2.13738779790343,2.33682775379254,1.58428616985802,0,1.92651127176078,2.35041396404433,NA,2.14211879313406,2.38138848581516,1.99782672266621,NA,2.31952888483111,3.09257172996093,2.59554833153796,3.40360050854577,NA,2.62807645931738,2.50514985099794,3.14517622077465,3.01970030565338,3.19123455137094,3.00690274688228,NA,3.83259410194521,3.07715342162915,2.75517864272007,2.73439742989248,2.67393861361188,2.99109588409425,3.14474521352061,2.58481361642715,2.79369054497883,3.3409682295886,3.10491895222164,2.85461733318526,3.23118714099999,3.34482173955535,3.40029154229001,2.94222874911694,3.22011544192118,3.20022731839948,3.18022735499239,3.24894760368321,2.94972203443858,3.08087207454114,2.76407059799472,3.27537178397395,NA,3.75526612936711,3.45794167826302,4.0449956160339,4.45277560472835,5.13887686016684,4.93399951723842,4.10295096172398,3.84363362896679,4.57544604958295,5.38354713210022,5.57055395446092,NA,4.33719311765378,3.6344860839592,4.42324440896509,3.25763588267592,3.05099708312443,2.61790233246785,3.15150683283668,2.87635128102104,2.39083664989777,2.33839306559313,2.79393354944482,3.0021571183102,3.24238977764277,3.01895877509617,3.06705583233238,2.87609385194365,3.94246007722938,2.69727155774505,2.65701150714973,3.02194262847666,3.11453488170082,3.60851668464176,3.50780624846006,2.62032152150091,2.43140686169646,2.40220577422677,2.34985897002504,2.76317181793644,2.54331297361002,2.43412680688391,2.25707797871765,2.63838418823377,2.57393815052736,2.22486587646245,2.71253338998643,3.20925701919256,2.7011230031781,2.8674423441286,3.505133713075,3.15998364401166,3.02338633042474,2.98615887687312,3.30148521050771,3.37353314104567,3.28185917236149,3.16597889627662,NA,2.95564808063934,2.81957435809876,3.25642768785514,3.28734316873319,3.44234451496695,3.6044421767983,NA,4.01438476320096,4.25315486413837,4.09814758094019,4.02521875455891,4.00003704883118,3.63889430720494,3.33921566094959,3.25570936866165,3.39635479881908,3.6231046558832,3.64086402360854,3.83971269719933,3.78059272070416,3.47639991872555,3.02352883896304,NA,3.1958902093956,NA,3.73170484687659,3.9566893631378,3.57385717087046,3.73430735470945,3.97221848691982,4.12521998763397,3.69075841424515,3.46357886637701,2.94447404185408,2.7812597186878,2.91309537606845,3.06621219142881,3.12940435256984,3.27268359697558,3.52749853162984,3.19645016395644,3.47538811321169,3.08033225908898,3.43410333885855,3.27536161098171,2.73578404109437,3.29159554029873,3.42020408968738,3.28622465734035,2.64717342477154,2.81333002032048,NA,3.37030623183137,NA,5.54462226792797,4.4086630483832,5.49916122391977,5.67503842720154,3.12130997615491,4.42786338376321,NA,4.14994685309433,5.05093877403988,3.48292382526396,3.3083896573557,NA,NA,NA,3.40372433752875,3.53911480332228,3.10951234722004,2.91155837716451,NA,2.89047924203474,3.70686022540923,2.88247411924548,3.15099652032341,2.61669836030202,2.99116979431637,3.41875837561599,3.14797079550038,4.10763818376825,4.37988446979656,3.74906537502739,3.52043519762849,3.81503179773502,NA,3.1406505928917,3.95628934331998,3.12864700324639,NA,2.82307763734354,3.37719621542684,3.28907705060573,3.4394328855301,3.64243712807875,NA,NA,3.56837592211741,3.93968516935583,3.85443473862854,3.76085965709681,3.76103340254564,3.61945684501633,3.59548329189416,3.29649275830365,3.02637553082809,3.3001976671511,3.36996387833036,3.30652281525125,3.75349828190005,3.78254187880664,4.04104048792694,3.76491300473585,3.76483661329176,3.76957705857317,4.19018013172295,4.25351968451617,4.05555529350495,4.07274822238422,4.64792303094533,4.06855420141514,4.21782896056779,4.15443485267269,4.11584258296141,4.36134525321701,4.15701432970739,4.55170391032084,4.2561986562742,4.12430726438488,4.91293527770778,4.24673099422581,3.47903486471998,3.79106453434079,3.82325305783647,NA,5.00313707985503,4.39813872772143,4.78669731656765,3.81829900009595,3.30355799509787,NA,3.78054748756911,3.43788831028052,3.30925083082348,3.88519888481555,4.19123994300067,3.80529824308287,2.86069091726189,NA,3.58714587526507,3.97859521068756,3.67823294896098,5.5285746300099,3.69390169628432,3.57083200205749,4.58429135812678,3.51874268055752,5.01173454103012,4.40920781114898,3.02924558221421,3.60382258626821,3.36986023243135,3.61127524986231,3.30264864759805,3.77517801676627,4.47623243947165,3.91439711695558,4.07872627421704,4.54115090575746,4.15496784512151,3.98076805137884,3.58166915236239,2.52840593854997,2.89377694086217,2.9157812732709,3.09966583315387,2.7140711144212,2.91552537404452,2.95185518052239,2.94005438359041,NA,3.21411211701931,3.45367388057493,5.23008424110443,3.44394746548899,3.36945444434925,3.33360978982051,3.47085891980174,3.44275731045667,NA,3.62484707186274,3.96027108476391,NA,3.85206273048602,3.87720714989267,3.9465305030281,3.99754837740261,3.98825992820407,4.07690344877546,4.20967871249319,4.00855517026879,3.80774343225027,4.63753506407182,4.27461067158682,4.02192284745252,4.38518555591969,4.54810705613369,4.35701034343618,4.52042078647581,4.6040552796182,4.92879145748417,4.93652065823393,4.26669664523843,NA,3.69195424352642,4.81916667770073,4.55276047081282,5.57149628841698,6.27551565318878,4.64095245968415,5.41431830123165,5.53201438083841,NA,4.33032831069882,4.86170944899823,4.84218655487442,4.46389366757666,3.89848842117744,NA,5.33361628511949,4.91332518671755,NA,4.75104893780866,4.1245352093396,4.03726682482457,4.83912151579651,4.14209485470379,4.84301724613691,3.61561523155447,3.36810420462167,3.93509390105913,4.18425507393676,3.69790443525229,3.68662939257011,3.65455391014523,3.45839383067011,3.75209869921508,2.55039811354375,4.45963783609806,3.69177382207404,3.27985087904046,4.34964833893524,4.76679767338016,4.39774809381653,4.2620618616463,3.58651037911042,4.16308828803373,3.30401852565962,3.55018725001293,3.26513373378605,2.78759410271508,3.56792687982147,2.84572034743384,2.5702627162986,2.82358671446337,2.82842253657638,3.05055938915923,3.18841341294885,3.44004426897293,2.44373784679862,2.93941879152457,NA,3.00997109485875,3.12363954338916,3.08302199367361,3.03397814742403,3.25334077447261,2.90824414602581
NA,NA,3.79078556536979,NA,3.06500773936837,3.74763565141319,3.28734536487558,4.54468768526707,4.86993150885075,3.68259072851594,4.71585016461024,4.97748755839281,2.84383494674477,4.10739442149154,NA,3.73739227400739,4.61738902051764,4.12563965848281,3.99943401327761,4.26400462433689,3.50418193171449,4.22532012293808,4.76709046669334,3.39914502769922,4.01104729575963,4.01923421352061,NA,4.09969208097543,3.84556268735326,4.21567805988045,3.27383185280347,3.72547151417394,3.76187371646899,4.00431148766113,3.69494061886205,NA,NA,3.4576208421492,3.72415204809446,3.80783652678824,3.62978730061964,3.31689248832999,3.53196638208296,3.37595137136545,3.79852627264306,3.39602616969632,4.67302753991924,3.58761163846512,NA,3.69733000819555,4.88703881827944,4.1387991046824,3.93856546934084,5.75945652581182,7.39482359983075,7.98093817910315,5.25992084185029,6.37618486529237,5.41617878283126,5.26922077742953,5.95103374787678,5.92906753034942,4.99100805879169,4.41684344483022,4.90526846451609,4.15045681374819,5.05324058531623,3.38594247576287,4.14920138494756,3.13254580986668,3.19495070930384,3.32288843736057,2.35082226108358,2.35968860120697,2.14803755492427,2.41337130262092,2.51899861898754,2.73881082676462,2.5749978906528,2.32507937979146,NA,2.29970642770175,2.61510218731685,NA,2.85831741119941,3.11682323583491,2.92337582018386,2.54865795972297,3.04773167093177,2.64552628049765,3.11338537810746,2.81127190429724,NA,3.18922253938175,2.78034969262124,2.68499885880758,3.46724952138667,3.24577754020576,3.2488390757206,3.16383192708551,4.1054768188506,3.08226652858129,3.10863589159374,3.37903603832878,NA,NA,3.52330909606101,4.43672727200813,4.60164232574968,4.32246780849417,3.24331600813081,4.12344911158481,4.12296603678369,4.86497866275829,3.45302098406021,4.19631241167837,3.83798355658359,3.43459536923229,4.11623481989718,4.2538296285834,NA,3.38552780859384,3.64626440441695,3.65956653251386,3.45193546081692,2.98137806238811,3.58387889958961,3.46022938897211,3.48173640520864,NA,4.17479226759709,4.42547205733735,4.40896530992025,3.87880820394389,3.52937147872933,5.72184992616775,4.64931447468072,3.10624840109161,NA,NA,3.05018293245444,3.10617312779579,2.98418675376185,NA,3.49166512479507,3.57269251498916,3.40862851648912,3.0328513214024,3.64181844017472,3.55991573857292,3.75306593531232,2.96811220152333,4.91477222709212,3.57362469033857,6.10279581241224,5.04456206342274,3.79319809035046,3.99131206836203,3.15361531808202,2.7628015759749,2.59912459277557,2.48818735408164,2.96395767465276,1.76724402801587,1.92651127176078,0,1.59348667364753,NA,2.60542632555154,2.4775998820143,2.36517961729836,NA,2.10735643224069,2.41756517612773,2.42818462659492,2.86967833054118,NA,2.44115896564,2.75653625028798,2.68860658050246,2.51525103223237,2.66656112001872,2.777398770868,NA,3.68814660320536,2.60539677819672,2.84613099245635,2.43595067839453,2.54839533469093,2.66100631990288,2.92457854902002,2.44542624539666,2.56254781158981,2.84372215083526,2.9896644902442,2.89542562133873,3.00819990892783,3.14725701069987,3.238711404109,2.91940942704674,3.29791656730758,3.38488794642401,3.48006210527044,3.61583193675038,3.1685609891105,3.48148911367422,2.82130219081536,3.06124030588058,NA,4.09224241204711,3.74089400443258,4.35008651543865,4.63944395789663,5.44973993094958,5.21042730207302,4.36397471750582,4.05877816193249,4.85078812907495,5.6438186648849,5.85726613509017,NA,4.44612418850902,3.65642659702042,4.6855813402159,3.56230445905585,3.43820533221586,3.02345591257689,3.58964570394896,3.40810694857897,2.81170278263841,2.90204594165373,3.24955969879007,3.49178199626229,3.8372301799842,2.81464966583355,3.36002624645425,3.40840737112952,3.89179951652085,2.79020837703423,3.1190432728904,3.17238831448233,3.57391707266117,4.22250392547794,4.09523884604637,2.53271839211071,2.36846812270518,2.63135060345501,2.72031934697285,3.14488425680047,2.88804949792931,2.76265892533123,2.32748212540205,2.90862603390338,2.65943570915493,2.52464825625511,2.86634101543347,3.34045022489671,2.90191364910671,2.9771429509373,3.50031046128796,2.76729820152908,2.76478454862263,2.96527715763982,2.95815986080881,2.96024207333691,2.9513726416755,2.84027311464264,NA,2.80522750769951,2.83967632909406,3.20526694190616,2.9852240951081,3.09037740001877,3.21463036882624,NA,3.74394663585967,3.93681531419201,3.54509755228365,3.60176100187197,3.65778266780308,3.48722802307166,3.31041812032952,2.94712318219095,3.00813907813973,3.21000167327084,3.1005166512134,3.67720249839834,3.65055474295898,3.56114036707032,2.98098718813709,NA,3.17813366440934,NA,3.97726156163324,4.15730040541897,3.7834920191638,3.87121023936261,4.0970677601812,4.3012251536055,4.03928827057933,3.6788045497904,3.23398724946372,3.07436251857761,3.1107840835544,3.06294058685489,3.0024217238297,3.39765211394998,3.84815815385832,3.38573655405601,3.52284146601523,3.19492295565157,3.61441739188204,3.50396340790052,3.31629914087024,3.71309983793872,3.91896836709143,3.68942311233225,2.94688705431604,3.15410606282209,NA,3.60116841423651,NA,5.84915993305966,4.66642552532163,5.84593253111927,6.12002227969408,3.43680631172616,4.89520308637438,NA,4.12319910537015,5.05015537492782,3.83696337757495,3.79744491945507,NA,NA,NA,3.92928024013207,3.85684710073347,3.28539981456957,3.23412865762194,NA,3.18748648101945,3.97105417224871,3.02530912279738,3.23895341125524,2.74534417468323,3.13523397528118,3.48234878275131,3.44354457126805,4.42788712458931,4.71326007447459,3.55935971684329,3.84664261204439,4.19815819335454,NA,3.18130253884825,4.25307003731229,3.17150949415771,NA,2.6562083121137,3.28694601497462,3.01961463147298,3.15936999813378,3.32657498530978,NA,NA,3.35360367212947,3.40689749173921,3.39843116615934,3.42750938661504,3.47654608778817,3.63923906473342,3.45410376577807,3.38692928239453,3.08174294153487,3.047067187146,3.09340375022788,3.21509992929691,3.65267626655483,3.57275838700643,3.80775416523062,3.92771022727094,3.81178293376897,3.91258875203568,4.30908568531463,4.53149671687153,4.25975814331874,4.22038348927183,4.71538161602967,4.14105588981551,4.29745593620063,4.32999259367852,4.18257392718554,4.40608012108205,4.23423878547298,4.70028522992624,4.54251298197562,4.19304305507278,5.14585368258851,4.52206895912653,3.78888269846952,4.02663832244894,4.04423330383346,NA,5.19852660200636,4.64321756341407,5.01011780521743,4.08020221059317,3.69098709393628,NA,4.08801592081635,3.69765270240249,3.6969711092622,4.34389619374026,4.54970532731306,4.29465237601264,3.31941795844987,NA,4.0276880470061,4.36881273925678,4.12989334912444,5.93141042796243,4.09086963905746,3.96752281930347,4.92644412249595,3.97674781444201,5.35021064815994,4.73869561182492,3.30183613167709,3.97324621573646,3.72143196282745,3.84730456837387,3.57293681082059,4.05409125801454,4.78105331438498,4.22962902273761,4.3431169601799,4.77280795576794,4.45225361639088,4.252105205396,3.90784681563155,2.88098685781058,3.16601311140797,3.14241026037899,3.03994391659743,2.81162326801933,2.9877143465705,2.95217044516288,3.09196139727266,NA,3.25740344518045,3.4680792002909,5.38216785170192,3.27265128822914,3.30117057488338,3.29532320847128,3.60751110095935,3.23062876786506,NA,3.54259306420254,3.93477850085762,NA,3.71927623760918,3.70587356588878,3.67792489540229,3.69023285050454,3.70912374115675,3.93274221582265,4.12577530750305,3.88116946571482,3.74961135386988,4.69725713356213,4.3182043644351,4.08857358830344,4.47826389001122,4.61744561383986,4.44555832028275,4.63173404839473,4.7330090782289,5.07960498505512,5.06007154546725,4.30258024359932,NA,3.68915059281734,4.77743182526074,4.61874723809254,5.65904587997472,6.33061470406501,4.69854380959764,5.45275027551599,5.56830415323891,NA,4.38597473084462,4.92321298781742,4.84247177566311,4.54299540640361,4.00890356023925,NA,5.3763848979475,4.98183892555575,NA,4.82199453709625,4.36420972507317,4.23235168234111,4.94846994744371,4.28461992661891,5.1287028232806,3.96074037754057,3.67987041072898,4.29215303461656,4.58645586575381,4.10596541291477,4.06452700129979,4.00236659782587,3.77106338964628,4.06140617537155,2.81955180351873,4.63362723331212,3.9097988633883,3.68914585518398,4.62649693773033,4.96227335440855,4.74731177169286,4.67280909296747,4.02678936074515,4.35484195878362,3.66877701559094,3.99703087646366,3.52158470961103,3.11430750944528,3.80542222042816,3.13315348530749,2.93398677940648,3.22908651381494,2.98876605631814,2.93306324482041,3.15435822582276,3.41531876380769,2.64981067734287,2.89447144972268,NA,3.04652623446791,3.12598033698064,3.04777154194131,3.01704929311109,3.19015808968765,3.0372506673936
NA,NA,3.93625052453615,NA,3.32025870556328,3.98749242319536,3.47692154015651,4.62082921387237,4.97770511283678,3.7125951382238,4.71329515260603,4.93909529923153,3.09214607837109,4.13392805069292,NA,3.63485427531172,4.58977362337161,4.10310159901705,3.77723722255581,4.19155359820831,3.37251749108733,4.31701314419792,4.67184980169775,3.27909546954482,3.83421109476832,4.08238358882588,NA,4.14962950711163,3.89700236479959,4.21813343176246,3.26957655875608,3.66951614153995,3.77651746812857,4.03634613435581,3.73828013510032,NA,NA,3.54067072258096,3.83191452091501,3.88455395101246,3.71950083215512,3.41662643255144,3.62924020211346,3.51189162861432,3.87603026352362,3.5007487999812,4.77396450015951,3.77247456931547,NA,3.85903734014725,4.98158707722621,4.17450618514987,4.04587916012936,5.84132076900682,7.52695070530845,8.15936190971164,5.49783428189959,6.55770042204348,5.60516250691688,5.53430325821031,6.23337517878789,6.12987209386477,5.28881670703187,4.6718214001849,5.06294277203199,4.3841887859857,5.31708998841144,3.56177230205885,4.14396505548084,3.20390206023654,3.34820365427317,3.36424822684488,2.42550093616128,2.42631215018474,2.29603394783219,2.57210539903354,2.73871512610215,2.97772560930994,2.73075657328198,2.51693965065361,NA,2.45214356554313,2.86949936062547,NA,3.1077451666079,3.37814129574664,3.07734523141025,2.60090983092867,3.2651725681834,2.76988260188889,3.31598735141097,3.06237964677982,NA,3.08684095152481,2.95413383750932,2.73067358540065,3.74621302144983,3.52869518560488,3.45586668646889,3.35543579890306,4.11705884821109,3.15671224451433,3.15114514516975,3.41540347657267,NA,NA,3.51899567235162,4.46120709389182,4.57835201637978,4.39772782213346,3.2733040148064,4.12930993347085,4.03727217182003,4.86186371805659,3.39933869200559,4.24798806546779,3.7606454254742,3.40477432479156,4.05476957164894,4.22235455165323,NA,3.41420972262905,3.60542160799022,3.61168357474723,3.27867762544542,2.96291807888703,3.58956096853998,3.49335206672149,3.51011009316142,NA,4.14186405604193,4.41198269206542,4.47465046841236,3.98219065295284,3.60276677665906,5.78096305598559,4.77271138861203,3.26728427359939,NA,NA,3.08108788131574,3.21260345451397,3.22970687470027,NA,3.75710672092157,3.90355868448548,3.77841442362801,3.38945877460971,3.98763279010377,3.79902408118565,4.00241680610633,3.02506740435404,4.85836990559665,3.80327996459866,6.33109834727764,5.31219835919254,4.07520909862124,4.36069604869152,3.40939933119927,3.01133699698191,2.76736597213186,2.62521643213404,3.27046614467352,1.85017214557654,2.35041396404433,1.59348667364753,0,NA,2.72620629418746,2.29239072461194,2.41813650504776,NA,2.2171533587557,2.41864899721014,2.59448533605234,2.90272928428351,NA,2.41356314197132,2.96041732258744,2.82615557924129,2.61885590117057,2.49877954884175,2.64815316555369,NA,3.61715595229519,2.74837080426612,2.98692280381211,2.63610159403071,2.53530737480759,2.67545608537874,3.04077466462915,2.54751273192627,2.77269280678773,2.87320746382192,2.93271011298084,2.89895770459567,3.05461619948726,3.25965236099977,3.17740470783358,2.85875173532537,3.32358999668133,3.35220624753581,3.48789279154845,3.57413339674909,3.14323515110742,3.45595648375352,2.78901023263379,2.79586008832062,NA,3.85699332877553,3.75408299333456,4.36236604671159,4.74876894693828,5.59590262506344,5.30690258477468,4.50027706628659,4.22684454838462,5.05905579086162,5.86277902504493,6.03465184401249,NA,4.51350891123053,3.70004446424186,4.77935920688919,3.58293295529126,3.5311190139866,2.92912353015322,3.47718177982259,3.15048217998234,2.8947611679885,2.99380682774765,3.35915685030807,3.78745628479576,4.04330873484437,2.85818571796592,3.47378132442003,3.61218474914982,3.89604800752592,2.96383289298702,3.31947128138878,3.22544811988219,3.79013788098391,4.37208999066246,4.2830774209821,2.86187490792785,2.34950467467649,2.89428453211285,2.82665661686463,3.36594733705226,3.28763735516402,3.2434820077037,2.67368730603433,3.07091040779915,2.72513397305769,2.79922843820944,3.02954128384707,3.52082053258153,3.08305412660251,3.21130441421992,3.6861751441389,3.16351765219001,3.29946212431406,3.30424612540303,3.19633792143245,3.0226647126332,2.99926150091074,2.83810872999943,NA,3.10985627851347,3.03657365672829,3.33498770999584,3.17243837365534,3.01867973538012,3.1600018958167,NA,3.6313573941904,3.82533430398944,3.48779218809939,3.55696403440195,3.5980164410528,3.27639608022263,3.15615075686536,2.90959032592755,2.77723717466557,3.17466959111303,3.0332638741549,3.56730170626858,3.5210738743739,3.47493136880757,3.00144374766357,NA,3.21845216696884,NA,3.9108713103866,4.03075255981581,3.80034068932748,3.91129533986555,4.16409525206886,4.42892824393878,4.16422950047591,3.71329001634435,3.31909992197375,3.1285480068538,3.15503679664861,3.14407247394636,3.05084930475995,3.44636701650256,3.89838211080029,3.43544251779274,3.65877652359813,3.24223336756893,3.70255465106544,3.60664855078852,3.4493880276105,3.80898506539282,3.98028828350024,3.75839516550139,3.11542877853829,3.30495161986431,NA,3.59270873445603,NA,5.91957499514131,4.7449052417648,6.06524274132496,6.17244150126845,3.38355325037448,5.04470288115924,NA,4.19509088505196,5.09420651534859,3.91390291472578,3.79714340575017,NA,NA,NA,4.03405307378025,3.83128130778034,3.25979307941788,3.26539316784821,NA,3.28458632235028,3.94296917937459,3.10343523168204,3.49541427249422,2.88953794070066,3.19916802392843,3.39304169322187,3.5291903934109,4.40628099633123,4.8855318954625,3.75038763988115,3.82206682670391,4.20248994992361,NA,3.13840768170821,4.21368420971463,3.40269336942851,NA,2.83902276874341,3.32514120846068,3.15573852448153,3.2733848997236,3.44053089623575,NA,NA,3.41110042664037,3.6933913532136,3.54923357488699,3.55086704501877,3.5261974313264,3.74933437169268,3.59074915366972,3.39076230621506,3.20487131379701,3.18933626406137,3.13895749122432,3.3086316455196,3.73851982384596,3.60206945534707,3.76923800699062,3.85781371835737,3.71688347017795,3.84903980435558,4.23539551268503,4.39799328755025,4.22127659890664,4.14956569666593,4.59685158547178,4.07131382060725,4.22069103655783,4.43387439942348,4.30720668122596,4.51426747440771,4.37144319252053,4.82966590631357,4.55064922596856,4.33688843481576,5.29535337245946,4.57537981589586,3.86175636149088,4.04378499485476,4.15334998057278,NA,5.37406414015453,4.86202519540924,5.17903048010564,4.23384691028742,3.90196499935094,NA,4.2744719402345,3.90327433151912,3.87896361283242,4.61963026445131,4.7431321374465,4.48285361299852,3.48456641792953,NA,4.26174561182548,4.59525757690887,4.38307337235087,6.07302060333436,4.3367445231061,4.21167870559051,5.1471154014251,4.20137351690425,5.54887308851048,4.98206744494888,3.51324678194711,4.40471897838653,4.09206091088222,4.11355491319279,3.89098444081471,4.35826473818222,5.00061458984524,4.51316354223118,4.58074514995133,4.92339966666359,4.55076850405927,4.55703356649149,4.14964994545035,3.23168671923811,3.4368785484417,3.42985729811057,3.31347101160131,3.16014826678957,3.27325670240255,3.22817432685922,3.43730022829159,NA,3.48320406599708,3.61081045770056,5.50675262262483,3.4425432325545,3.39517206483054,3.46292310877981,3.8311803193108,3.38660373607982,NA,3.62308326156081,4.08299764942774,NA,3.85728596837345,3.88007064442608,3.76685885784935,3.76950035155969,3.7787998029642,3.93098191580356,4.16897207003351,3.92374002652321,3.79564920221694,4.71827659531334,4.32349296699928,4.03477621989598,4.43941971008225,4.65744505837954,4.52933704512335,4.68154692285871,4.8253436791504,5.17433123482888,5.06644924842071,4.39991147834704,NA,3.74818696117505,4.800696533119,4.69923735338379,5.76604841262543,6.46438845923893,4.85645875555421,5.59906385376682,5.76160403325685,NA,4.5691522741978,5.08369350783067,4.98614271836087,4.71807827658765,4.19972777559925,NA,5.49285756479965,5.09695673100017,NA,4.98943609049804,4.51615500875161,4.36342897317543,5.02063649592185,4.43870875474233,5.32332271534658,4.18631200033523,3.84879253625721,4.49134200866645,4.80426738882367,4.32500675785609,4.29883030889561,4.23689345448216,4.01272804458998,4.22197883592537,3.04333800247935,4.70351906378149,4.04809049652743,3.83838160064848,4.6693700182274,5.03709032011897,4.85246156992908,4.84998714401016,4.18348331977907,4.54506235820956,3.81901336600191,4.30536209406005,3.98393591837315,3.44473196331128,3.96847712395211,3.39489506507119,3.30491632771884,3.49002557027107,3.23290780449544,3.14721062852565,3.27716806210774,3.57897875546854,3.04485883324333,3.19340920108899,NA,3.26816499452518,3.35470215006854,3.27871014383043,3.3201919695459,3.42987835642018,3.25814810057022
NA,NA,NA,NA,NA,NA,NA,NA,NA,NA,NA,NA,NA,NA,NA,NA,NA,NA,NA,NA,NA,NA,NA,NA,NA,NA,NA,NA,NA,NA,NA,NA,NA,NA,NA,NA,NA,NA,NA,NA,NA,NA,NA,NA,NA,NA,NA,NA,NA,NA,NA,NA,NA,NA,NA,NA,NA,NA,NA,NA,NA,NA,NA,NA,NA,NA,NA,NA,NA,NA,NA,NA,NA,NA,NA,NA,NA,NA,NA,NA,NA,NA,NA,NA,NA,NA,NA,NA,NA,NA,NA,NA,NA,NA,NA,NA,NA,NA,NA,NA,NA,NA,NA,NA,NA,NA,NA,NA,NA,NA,NA,NA,NA,NA,NA,NA,NA,NA,NA,NA,NA,NA,NA,NA,NA,NA,NA,NA,NA,NA,NA,NA,NA,NA,NA,NA,NA,NA,NA,NA,NA,NA,NA,NA,NA,NA,NA,NA,NA,NA,NA,NA,NA,NA,NA,NA,NA,NA,NA,NA,NA,NA,NA,NA,NA,NA,NA,0,NA,NA,NA,NA,NA,NA,NA,NA,NA,NA,NA,NA,NA,NA,NA,NA,NA,NA,NA,NA,NA,NA,NA,NA,NA,NA,NA,NA,NA,NA,NA,NA,NA,NA,NA,NA,NA,NA,NA,NA,NA,NA,NA,NA,NA,NA,NA,NA,NA,NA,NA,NA,NA,NA,NA,NA,NA,NA,NA,NA,NA,NA,NA,NA,NA,NA,NA,NA,NA,NA,NA,NA,NA,NA,NA,NA,NA,NA,NA,NA,NA,NA,NA,NA,NA,NA,NA,NA,NA,NA,NA,NA,NA,NA,NA,NA,NA,NA,NA,NA,NA,NA,NA,NA,NA,NA,NA,NA,NA,NA,NA,NA,NA,NA,NA,NA,NA,NA,NA,NA,NA,NA,NA,NA,NA,NA,NA,NA,NA,NA,NA,NA,NA,NA,NA,NA,NA,NA,NA,NA,NA,NA,NA,NA,NA,NA,NA,NA,NA,NA,NA,NA,NA,NA,NA,NA,NA,NA,NA,NA,NA,NA,NA,NA,NA,NA,NA,NA,NA,NA,NA,NA,NA,NA,NA,NA,NA,NA,NA,NA,NA,NA,NA,NA,NA,NA,NA,NA,NA,NA,NA,NA,NA,NA,NA,NA,NA,NA,NA,NA,NA,NA,NA,NA,NA,NA,NA,NA,NA,NA,NA,NA,NA,NA,NA,NA,NA,NA,NA,NA,NA,NA,NA,NA,NA,NA,NA,NA,NA,NA,NA,NA,NA,NA,NA,NA,NA,NA,NA,NA,NA,NA,NA,NA,NA,NA,NA,NA,NA,NA,NA,NA,NA,NA,NA,NA,NA,NA,NA,NA,NA,NA,NA,NA,NA,NA,NA,NA,NA,NA,NA,NA,NA,NA,NA,NA,NA,NA,NA,NA,NA,NA,NA,NA,NA,NA,NA,NA,NA,NA,NA,NA,NA,NA,NA,NA,NA,NA,NA,NA,NA,NA,NA,NA,NA,NA,NA,NA,NA,NA,NA,NA,NA,NA,NA,NA,NA,NA,NA,NA,NA,NA,NA,NA,NA,NA,NA,NA,NA,NA,NA,NA,NA,NA,NA,NA,NA,NA,NA,NA,NA,NA,NA,NA,NA,NA,NA,NA,NA,NA,NA,NA,NA,NA,NA,NA,NA,NA,NA,NA,NA,NA,NA,NA,NA,NA,NA,NA,NA,NA,NA,NA,NA,NA,NA,NA,NA,NA,NA
NA,NA,3.78894353446611,NA,3.17316972087001,3.80918960814027,3.26895562001105,4.6393690584619,4.98873148640163,3.71987474909822,4.76789705163854,4.85433964000895,2.61902746768866,4.04407969420864,NA,3.67449386357741,4.79846171686399,4.27332623660351,4.17857126028402,4.3423442104763,3.70524986592758,4.36894842329216,4.84717463035944,3.84206840029003,4.34168384259288,4.23678675748721,NA,4.12494008223822,4.11438143047692,4.42317709507396,3.60622691360653,4.05385854294312,4.06107979496041,4.19854158332799,3.75944991523697,NA,NA,3.65277234917431,3.83198667852442,3.93351446140686,3.77052254967545,3.33627143081489,3.58451791406786,3.53316483039315,3.7143211134067,2.82872215939541,4.6133838316425,3.27754686686507,NA,3.26619427945056,4.61318322470774,3.97992850923979,3.82336568919858,5.50417575320503,7.17626405860595,7.9463688250146,5.01740039370886,6.30591712548316,5.21934279351568,5.07727440203232,5.6535515671569,5.71540088574898,4.90769800605431,4.07413905746976,4.68732625773365,3.72723344984843,4.88351510399594,3.23871933285642,3.64637146123172,2.42088128262706,2.59775269809323,2.35074555344885,2.44290448146482,2.60011981684526,2.35863916736112,2.15928442250324,2.05814017984069,2.70284029590197,2.63761804473094,2.35709398846654,NA,2.4175010038832,2.4261304736818,NA,2.76416447611388,2.91609497482139,2.84935394712441,2.67056043024515,2.83362659753637,2.65431046403746,3.18478468836639,2.77714671150044,NA,3.39314029647988,2.70857603051025,2.80872187405761,3.22247491984985,2.93075550280411,3.50242859865441,3.58938905016568,4.05638891672803,2.97281667438971,3.26889793073657,3.71364478305672,NA,NA,4.00056612202837,4.86274984913273,4.7917955555246,4.43307527812521,3.42971673475594,4.55072392894797,4.48760795027148,4.96085311529388,3.73883423861696,4.62619353869791,4.25894798343198,3.89009266226322,4.4779994067503,4.62890663792631,NA,3.65371016077861,3.68606540058119,3.54754616357536,3.57684117072774,3.13534056788563,3.74950709513764,3.61266885749268,3.74231856225518,NA,4.14290129499715,4.43028232456268,4.28851316149335,3.90257919315567,3.36543920022022,5.80475550373727,4.79979060331843,3.21333976263717,NA,NA,3.40871519554955,3.29600552160895,3.07857580186241,NA,3.40505380898713,3.6041958449036,3.618853760341,3.0608772585395,3.77191109662148,3.56003136970723,3.51957229210972,3.01209902143473,5.0779927078249,3.40620728023179,6.03311201603671,4.95763036337364,3.75760692052944,3.95885666279986,3.15444958707045,2.74443718454425,2.85932909229521,2.34237352988977,2.73134439313475,2.33979586936596,2.14211879313406,2.60542632555154,2.72620629418746,NA,0,1.71618255728126,2.09771379108676,NA,2.28416864174929,3.22838336413185,2.68193576856538,3.23525758195667,NA,2.69207453911412,2.52017145156318,3.29288965005655,3.36955621958389,3.21543452603778,2.71596064248426,NA,3.922084442295,3.0155217858207,2.5955541506254,2.98115849433223,2.63152313754567,2.73786509744573,2.91945643435656,2.43062078210248,2.64731684663663,3.28689338945216,2.61965582102023,2.63894087847878,3.04327469853818,3.20075138882227,3.22810502156386,2.61086486278201,2.85454146727022,3.18938461988919,3.12563596943031,3.36868055389175,2.82102738439701,2.97683029635397,2.94396328877448,3.60786610907053,NA,3.98653575560978,3.57723680759965,4.17383926648586,4.60850541345495,5.35288295736241,5.19679780568037,4.2881290884865,4.03113744212533,4.99904433983733,5.73132645027039,5.77895774785747,NA,4.4729790976747,3.86998644536723,4.46573938911091,3.3307593709408,3.14210563656345,2.58090097306419,3.32758095531606,3.14581468986832,2.79265359185155,2.98729249545292,3.38054093698892,3.66449017057148,3.89193644025149,3.57737194288401,3.87849161089496,3.68481713076112,4.45818436990577,3.00721495751692,2.88701276113408,3.54289561249484,2.94860227502124,3.70813046993286,3.49172714658042,3.15311247548962,2.71444496284832,2.86102740956644,2.33096823295502,2.79113087998645,2.69782258764056,2.71333608616877,2.72177574364856,2.89489157234695,3.06148001364408,2.55731202809226,2.64252351469282,2.84073276115252,2.6791007169889,2.9097637217639,3.56435727056658,3.62170145164632,3.53228392489349,2.75908572363844,3.6560419988581,3.77629698832038,3.61616608987049,3.29729167034946,NA,3.20112283725173,2.76398020918282,2.94076486333077,3.29805334973923,3.46458416844975,3.55584659026285,NA,3.82610280689,4.18505667501462,4.05529011209361,4.07984624700459,4.22347792031708,4.17719698779368,3.42778610955479,3.54058022668606,3.64609400484817,3.8295079454736,3.97150775993249,4.24441342498643,3.96437596154072,3.79213263069701,3.41877776880832,NA,3.4981040542969,NA,4.17013307732618,4.2103455968801,3.81614361281976,3.94516556318978,4.23809468041645,4.36532055044829,4.02753447989868,3.75989318436513,3.41814305070923,3.31003283850947,3.37095407619382,3.54464731285455,3.50530831884143,3.65838342382399,3.85188296451968,3.52125770943117,3.78988058138629,3.53863473793823,3.9552344744802,3.67175923021288,3.20564792806027,3.62788101298764,3.9000303101766,3.61488494239313,3.03063390746917,3.19539265632119,NA,3.57000583032669,NA,5.78826852964715,4.68353506603074,5.71717050314642,6.02091365712892,3.47410281025608,4.6700970623155,NA,4.09884421492273,5.18985670147509,3.54214241104107,3.56024543504609,NA,NA,NA,3.69112763573183,3.62720076294863,3.17205318054897,3.24565547249573,NA,3.37306712943303,4.01166745971417,3.30161061485573,3.50598605706736,2.76623025505872,3.19352927585444,3.64407692110934,3.37644932385272,4.38845713428166,4.60522820708234,3.84034830574436,3.69802137431557,4.02368478703829,NA,3.43136717661033,4.10056373167439,3.32381276365218,NA,2.84916142568727,3.51770717603447,3.3509905426929,3.34805403412946,3.44312407300586,NA,NA,3.48896183876347,3.68636582128838,3.78444829912995,3.77308516185043,3.67213468560716,3.32223567521459,3.48882316866954,3.34545145912417,3.05454804505547,3.31213150470703,3.35533128624956,3.35548741068525,3.76387590806765,3.90202140082189,3.90183071396704,3.6978516112472,3.95798563115568,4.03930748446063,4.34450794607196,4.43613819595698,4.2395273626424,4.22226661918102,4.80253410727564,4.14251158923829,4.2975674847692,4.34455576400215,4.29818838128341,4.53097343584863,4.37655699106774,4.79304527699205,4.44546436250305,4.36693530972933,5.1078782268131,4.44263839251824,3.7583640659991,4.03315344576275,4.11223080023894,NA,5.22881342658785,4.71555495583835,5.08188893143637,4.01378007968383,3.62526648843228,NA,4.11969273431192,3.76452864773869,3.6711880081453,4.24143347840669,4.55913280770066,4.16684460525132,3.25278158212498,NA,3.82588984989325,4.28027990414301,3.6198152389026,5.77706470948545,4.10859317665646,3.50672089916731,4.75893435581605,3.5701588746515,5.16049450686419,4.45058304153704,3.30972778992926,3.72920518178231,3.21401963496614,3.41956769927484,3.33502568423683,3.91155157527976,4.78051175744334,4.04620587007043,4.17318865243452,4.7126016958517,4.41476546336921,4.49279629926111,3.98757275530533,2.47597424700827,3.0625080917697,3.18586181588977,3.27145218943916,2.76067778599881,3.16518853121269,3.14278592419318,3.0290740387233,NA,3.25810541100254,3.55780097428062,5.4987937166676,3.57629125214269,3.45332621758025,3.43416876947667,3.80391360463108,3.5851842827269,NA,3.74528579237414,4.20228331214932,NA,4.0297528174364,4.09807526054944,4.13131019544819,3.99438260115369,4.11922166746326,4.19763198093994,4.43615340089427,4.17958914123712,4.03856431636934,4.75261939423472,4.3832495245761,4.13009402325187,4.48270211799971,4.73219404064511,4.47454710494833,4.55946456125801,4.64949554992778,4.97066973500653,5.03443169429433,4.40167687535958,NA,3.98076436723264,4.93967960380392,4.60097790233317,5.65587001895848,6.39448796661967,4.71385766558736,5.52234750770149,5.60096778737412,NA,4.49068541889237,5.04941525834129,4.9046544141865,4.60369478054422,4.05427365610313,NA,5.47823003456175,5.0068735619641,NA,4.91529674720947,4.44880580559371,4.20986084302019,5.00870172979829,4.42118083502536,5.05347469165502,3.87866197032291,3.47325219041076,4.06776848406388,4.35157615520558,3.72681013213268,3.74845660044605,3.61855724744102,3.5604473934544,3.92035800540977,2.69731964342079,4.52141398712085,3.80782796280337,3.07444070811313,4.45495139104738,4.93478214447057,4.39144291408271,4.4772855575151,3.84793219765167,4.43587275181109,3.51622756326116,3.78376550072056,3.51513355874432,3.02598470811681,3.77726577467529,2.98836451589207,2.73158839997312,2.7924354413174,2.80544503919007,2.88143466908052,3.14657151613089,3.15434997256859,2.22291394038706,2.83579025646029,NA,3.01614682716867,3.24903275200073,3.24572950288972,3.19004513064571,3.27086055135631,2.89819892524491
NA,NA,3.47016700869902,NA,2.95414828346312,3.55885695467562,3.00463152627613,4.33080970464788,4.74224064896675,3.45450506313731,4.41812715297419,4.57145781433022,2.59542195558758,3.80222519567591,NA,3.51490099960329,4.44795800590829,3.86305769082185,3.79124901927508,3.94839612585298,3.31575600944173,4.24783777139562,4.63537449405477,3.3260570592991,3.92658359285525,3.92003949551451,NA,3.88369809970944,3.71044025630268,4.07617282854623,3.16324697992809,3.68878434298578,3.69216743678014,3.7402998102495,3.43548053127348,NA,NA,3.2388052687659,3.59317342097861,3.71591097428906,3.56320022515095,3.05218722173534,3.38992023106437,3.55884894621159,3.68663690737323,3.01979345630201,4.65441928366909,3.50344518763201,NA,3.72193938134704,4.97965447299154,4.01852632855357,3.89800412582948,5.65797636194481,7.33081548737331,8.05436580117187,5.19644639253838,6.36599154168875,5.2946895634243,5.13732082514503,5.79445078984831,5.95561924929933,5.12633176046709,4.28490402346751,4.78338684130048,3.96560072041085,5.07004199178227,3.43065381063354,4.03757875822326,2.70829148804274,2.97689464736727,2.7967188607872,2.13612962283884,2.60987123280029,2.25971131107774,2.05066609250268,1.82944675444341,2.65141179625574,2.45524773922065,2.27106991918024,NA,2.05480044085344,2.40882782353305,NA,2.61154273997527,2.74125458730223,2.71959304273007,2.36206614550609,2.62715912642089,2.36949284720855,3.00424212948626,2.68132662550632,NA,2.89296752928397,2.29986010400382,2.41817651985484,3.16022508747424,2.83882762999213,3.24018170652381,3.27019128458959,3.6815283569511,2.67840131813825,3.01269392961524,3.26668535637924,NA,NA,3.71913134412907,4.43312379780026,4.44711517696418,4.17341741686666,3.12560353805092,4.18321960743967,4.10879381117439,4.62290541937471,3.31123778220358,4.20036466653708,3.96889341852405,3.3730515994409,4.00848043935768,4.28825049613043,NA,3.51672688576497,3.5927256935098,3.44603407556011,3.53211349086994,2.84967967089109,3.61244113103185,3.43113899672392,3.52649725987003,NA,3.98061094470101,4.18016310046935,4.2732728322834,3.799008066844,3.27913445371248,5.58234126506233,4.56839023888725,3.2266198532962,NA,NA,3.30692587420359,3.14287277745733,3.28122390103846,NA,3.61786796579489,3.78608290434172,3.72566489759907,3.22765092997484,3.80543796776594,3.67085499197041,3.81253055850827,2.86744575259993,4.88309410983651,3.65825959459371,6.18129918263726,5.10630543508504,3.94338999468589,4.26023574193063,3.37815919419244,2.91614773970279,3.19538138137915,2.64618174879947,3.08353740846272,2.37169956396895,2.38138848581516,2.4775998820143,2.29239072461194,NA,1.71618255728126,0,1.94764834798259,NA,2.29032323948162,2.77791059367711,2.41739798618048,2.84175209899652,NA,2.1157968870701,2.39536453585082,3.16655441816,2.95350517395247,3.01930183302476,2.31794999625533,NA,3.36377114469145,2.69636952303777,2.63150328765918,2.80315466726826,2.27477585170504,2.28112769377069,2.59084468673274,2.18407157902044,2.58777088289505,3.02147930321734,2.28143437772744,2.38409699660028,3.05485357618907,3.14408109658513,3.13440484453655,2.70631330253854,3.06989650823472,3.118336786926,3.28313947730165,3.37938266786557,2.63950433722487,3.00178451709238,2.85380351004184,3.13280154920525,NA,3.483399631663,3.20942503757793,3.87804463913981,4.34368997155593,5.2423853380921,4.96070240494132,4.05371760210397,3.8034546472388,4.83744309940395,5.54824494287027,5.57198511452436,NA,4.30804696972773,3.62397993020113,4.52906559192054,3.44942917962897,3.38808603879581,2.77010528712852,3.25653452853806,3.11486766929378,3.03139824427012,3.11695108268787,3.63347461331279,3.89866695263469,4.13570740528246,3.30754336389472,3.89033442602516,3.65985472137303,4.16904939843605,2.90375422851855,3.03454922841123,3.32891745153906,3.18116647385433,3.9883941287829,3.76545109764861,2.95298999018326,2.62719696067791,2.98792402919311,2.80829974923888,3.13833762985133,3.06960360065937,2.99462338548152,2.75465824836047,3.15971627743876,3.16712811703516,2.90638077503457,2.99696246962718,3.35412844868946,3.01442025111101,3.28985976685226,3.68548848413804,3.56765201075407,3.47267695165839,2.87689777020794,3.43121757111385,3.39032199816171,3.20731768637411,2.95146630491224,NA,2.83299165920202,2.75918230286838,3.0080280712334,3.12153000367852,3.08117625231533,3.1845181242072,NA,3.75417064642469,4.05562773149095,3.8501306653749,3.7517377448933,3.83335632850377,3.67522634228206,3.10970018519779,3.12115279929132,3.18378738462091,3.35984552385954,3.33707256376722,3.69908638106329,3.59755508279221,3.33549002711183,2.95904734138792,NA,3.03993284702769,NA,3.6622397573248,3.83334299047082,3.34228915093606,3.43930953865063,4.01171785973344,4.07206255397964,3.78156848252641,3.59362465645735,3.16365895775812,3.14764582138698,3.02600330628707,3.27345868520374,3.21692470676405,3.49475954591533,3.73616839747535,3.46997369797971,3.69208428305032,3.35839794101678,3.94741534660556,3.77920978751047,3.28719024775229,3.61395882187984,3.91782431182635,3.57646585399766,2.88447624182626,3.36615743257826,NA,3.37225042092944,NA,5.8546181216206,4.7929814448312,5.95532875959307,6.19842521655243,3.39588427776998,4.89047044117169,NA,3.82200510876892,5.00074346053369,3.58002884675774,3.5103086002327,NA,NA,NA,3.6737481619333,3.64919933482607,3.19195332564827,3.2839158423272,NA,3.259359183294,4.01378607516825,3.22746279422078,3.4803819216983,2.92424930700542,3.21047063229326,3.40409751008389,3.09977259254568,4.13804925029424,4.37424218564146,3.73789600644732,3.34808869057527,3.59599734525992,NA,3.21791759189403,3.91724452046625,3.10179449567497,NA,2.60942007882937,3.31587767360039,2.97914369619528,2.97943370971624,3.09851437149752,NA,NA,3.08597739876213,3.25962682624821,3.30148988555536,3.39058782423701,3.20563893656874,3.08798142104463,3.23523200885276,3.05116565297948,3.00570342399266,2.89171019712254,2.89104096554535,3.07769754992107,3.29128690307615,3.57085212782317,3.75963660665732,3.49460130005919,3.63126346045376,3.74765288616405,3.88361454772053,4.08923868887438,3.88623605486345,3.8753525759737,4.34281944269756,3.71120049375267,3.86337002932714,4.0908470475297,3.91156085757968,4.13920347208859,4.07340042216587,4.46154579941623,4.34319546532921,4.06494235321447,4.97168706892547,4.37200993186062,3.54290559095912,3.76419647189715,3.7858645182363,NA,4.93923660522417,4.5573121925233,4.91788308647292,3.83677803213602,3.59396225447043,NA,4.05722772161827,3.66393407380162,3.56011425081769,4.36093782864563,4.49424958271321,4.23238436500364,3.15303112839655,NA,3.88765224943582,4.26698632589393,3.81665507572784,5.83245280620875,4.09850321332689,3.66209549585606,4.87794626788549,3.68241950801013,5.27341727417762,4.4996203417308,2.96463593001492,3.69606219463358,3.30864609540878,3.45927910081251,3.34706920015781,3.89786170924117,4.68332710232613,4.0316786264315,4.06415679077217,4.52090306489742,4.2097889558415,4.31885133207639,3.7994951150268,2.41575932602392,2.92575588281726,3.06640971848157,2.89710404541938,2.53246545989169,2.75593262008374,2.67998789175617,2.7222129935674,NA,2.82108572205545,2.95386176328867,5.2572022688456,3.10356984961142,2.77762688858813,2.87526859810168,3.32373840239593,3.08326533808283,NA,3.17912944604711,3.73867222796525,NA,3.53789965408816,3.62643433890233,3.64409960361477,3.36709551702253,3.5436381068758,3.82296018912541,3.96704304494287,3.69547315617181,3.55961606373824,4.3602828458026,3.92850820862048,3.5959487177249,3.95141449366157,4.28246223046202,4.07309309803095,4.16444605267269,4.26627691581114,4.62914621806249,4.64491831369497,3.91920465709292,NA,3.52830817921919,4.43864898037431,4.24979989051803,5.33466149492328,6.03294741519272,4.42084788788487,5.23633313845436,5.32143584473377,NA,4.15888941270059,4.73302063084823,4.54287460343129,4.2834662539343,3.72872032629868,NA,5.21418874387585,4.70479596094167,NA,4.65017213108624,4.22548182765105,3.95765761539802,4.69814892187974,4.13827310633393,4.91826799140745,3.80559682519626,3.22906300640245,3.95235737494467,4.31079917129232,3.71325804830829,3.73009734891672,3.73349781648606,3.60896918761193,3.86596532265699,2.76935336446689,4.25367578895439,3.70887583212457,3.28605910839101,4.27294005677723,4.67168771176423,4.43989843416123,4.50425140871279,3.84279960598175,4.25686202540154,3.37407579246503,3.90070381651227,3.63534107132063,2.9432366104382,3.58180968261237,2.89809937830978,2.79139513976577,2.91980516614004,2.74262649210496,2.62072487241159,2.73413852237001,2.99273390483366,2.32652351325202,2.59340407844924,NA,2.75594089489362,3.00152212037623,2.97778055626868,2.989899604857,3.08433264102698,2.70022975305457
NA,NA,3.56621885811439,NA,2.94560099500752,3.56519595238061,2.92491558314696,4.24269816187304,4.73173488118821,3.23981136946776,4.31317181500636,4.39191941320568,2.49972966458173,3.53034757721465,NA,3.42006838423034,4.34633291578185,3.74744700979794,3.64488494408147,3.72934078534355,3.1235006221881,3.90514279781445,4.4731346052182,3.33158833176845,3.94694259988104,3.94781763488801,NA,3.90273779004424,3.76822276841861,4.03878705200719,3.03826984635046,3.70125284024402,3.7373704466577,3.81405728824048,3.48148840998462,NA,NA,3.29161942869417,3.52797915150817,3.57419324558304,3.33257931859531,2.96963685671547,3.23723562386258,3.16256970391062,3.3710280791039,2.76866621158323,4.15791915364807,3.24469042423124,NA,3.50181025443974,4.52865118316929,3.62241323553608,3.56852440549885,5.3955947952599,7.09768198711499,7.73296315390092,4.92951839764326,6.05009935842793,5.05523538430899,4.90671137017545,5.60128539059627,5.6600698502197,4.84144074950675,4.2970000131587,4.67492531621757,3.93166396802611,4.89818881840399,3.21366939630607,3.95159258680873,2.94295596416349,2.85663700584874,3.13835240322032,2.05562494907136,2.19947683487038,2.00843185449767,2.18497932612053,2.19939730751772,2.59931226512337,2.42262673084775,2.30370219571213,NA,2.16722640720473,2.34312902609457,NA,2.76520093426847,3.17992294575016,2.76254266767047,2.2814268271434,2.86932460741109,2.4091665468706,3.04766639551189,2.83854102155287,NA,2.91725045551316,2.62215632777636,2.33817204559605,3.26217970120984,3.07412826664437,3.30459649624295,3.42805132049274,3.76092259034597,2.94715032615206,2.75063429272336,3.18712814395656,NA,NA,3.56068628864507,4.28386440903783,4.33270004031159,4.0135509359163,2.88533566092504,3.92863605736499,3.91738516210949,4.46128984143376,3.10590222230232,4.10402829220645,3.86965276992872,3.28615715037323,4.00845277011776,4.07912208564704,NA,3.16356746709137,3.43189357846902,3.41310876518724,3.53979969857999,2.68433778660334,3.34834513179444,3.18972332759633,3.28282596655383,NA,3.76259316395518,3.96958960623484,4.03276159915935,3.38133416995645,2.97489798916931,5.35000428368619,4.31247290487616,2.79963813117299,NA,NA,3.13577537433943,2.97559864725113,3.34348936679357,NA,3.47056411980629,3.31491979692655,3.35997746369055,3.0157021089171,3.66434605289215,3.36923951284515,3.32218531856265,2.68380472560349,4.69049329409337,3.42405417027655,5.7628274100136,4.74985862493896,3.67627390307719,3.78942075900643,3.00853421061008,2.92818781831109,2.94726834112546,2.595879523736,2.74776422552627,2.25048007018037,1.99782672266621,2.36517961729836,2.41813650504776,NA,2.09771379108676,1.94764834798259,0,NA,2.03672473057531,2.90516944454887,2.31078804615809,3.03499943375356,NA,2.2957634677629,2.28865776666427,3.30007924018878,2.98474351563978,3.0637729895346,2.86572248750298,NA,3.74753176381895,2.70496816425376,2.94425197979785,2.87052781218452,2.42580429948015,2.661097991952,2.64804926373986,2.36519100089165,2.83856037132399,3.09540655102708,2.62037880053739,2.17207321476184,2.94372106676008,3.14096977888802,3.02960430627826,2.73334830509992,3.01627815004493,2.71427681558753,2.94434459555191,2.86785582293006,2.63006441207174,3.18766147825781,2.43895839082379,3.16265653844115,NA,3.44050484229073,2.98042710837028,3.71298179316383,4.17932793885275,5.09090928771439,4.88942065853488,4.11422634547381,3.82922612826909,4.54105997913769,5.34063931024075,5.33770923751871,NA,4.26815465417533,3.47993381355528,4.38090717277783,3.1405878288209,3.11813037209473,2.54057655883364,2.95579987779112,2.79215216588842,2.68362698977011,2.85688920906674,3.20280562607358,3.44864947683519,3.62485881226837,3.11539358586241,3.20661864687013,3.08831981303369,3.95966540365024,2.68013243766526,2.4417134305814,3.01066548480611,3.56013016659409,3.8630077710013,3.54945436126564,2.85777865968309,2.42279347071701,2.54954013218749,2.49750155778804,2.88852410826345,2.80580252587899,2.89696505224021,2.58357836545657,2.59937771131259,2.56867852852396,2.5013436541288,2.79470683818254,3.40912543856207,2.79492328721886,2.84470084553162,3.15627428070631,3.09197168510193,3.16036556999685,2.67499230351227,3.23601760475694,2.96057819040336,3.0444627443388,2.72937176523277,NA,2.44577413382799,2.40217372239593,2.92541549787282,2.8397486280897,2.80982043973318,2.99764620603408,NA,3.64934912793645,3.74080308800299,3.72161907094136,3.66954022384922,3.59298979992303,3.48106077520339,3.13939354650197,3.05959983579998,3.10712506739822,3.37390523828877,3.38920503160473,3.75006975152968,3.511212726737,3.3422295166411,2.98127242811825,NA,2.92506377850901,NA,3.56360095275598,3.80012404648581,3.43530057134321,3.49720696959582,3.69988773173456,3.88828137630754,3.6477040101433,3.25827580402059,2.99215196643488,2.86985668800424,2.8563745491228,3.05706168581031,2.93989394574053,3.24859756421543,3.58980979361218,3.12911420827854,3.37041660384347,3.15450377589204,3.64121126385216,3.52666704774213,3.0542685432154,3.4337194551786,3.609448349773,3.28908047449953,2.72945858821958,2.87427348303658,NA,3.31903820245466,NA,5.53909304833676,4.37473995184639,5.63266737491024,5.79039801145716,3.15222602147013,4.64226576649896,NA,3.86218455965989,4.83277263096645,3.28886805018671,3.15147385886587,NA,NA,NA,3.54225957178454,3.53117333041555,3.29005033307417,3.07461906376792,NA,2.93136504204125,3.76220453382527,2.97121103304837,3.14548453189404,2.84715253377238,2.94271063272439,3.19143376206117,3.00166763525648,3.88370558482449,4.26068601338659,3.53956820363092,3.26901802793663,3.73609496036294,NA,3.22086690057517,3.83458243520526,3.14074089189782,NA,2.78852649058637,3.24485912043027,3.10586968910316,3.15753527771654,3.42877382024079,NA,NA,3.18275803972362,3.62549403387198,3.51230551161277,3.55443860555403,3.55604402926112,3.52444884504878,3.33568233146954,3.15868192039601,3.2525445593928,3.21665966004065,3.20654781184364,3.31534864552753,3.48318367306181,3.53635177074702,3.71413772198028,3.51755852294858,3.48826645184153,3.60159932639681,3.93139980311886,4.09409394819033,3.80896698154161,3.75694105363931,4.41082760264866,3.70515670415483,3.84889171096724,3.72639455427374,3.75258437955333,4.00512607645692,3.91261690167208,4.30080645177818,4.14510259055367,3.91740105189307,4.80710278925663,4.21938308291383,3.50882627562201,3.76224941357331,3.68625774932147,NA,4.95177775793009,4.31386440208558,4.69179250488164,3.69337786241533,3.36514241896122,NA,3.81792432368547,3.41742823785572,3.29192558409801,4.11902089034531,4.28684298555036,3.9886738210502,2.97894072901078,NA,3.6800680172075,3.97690176210861,3.6758914168925,5.50191842137007,3.73803187482318,3.53068263277872,4.62343112835523,3.64075528818554,5.1232812773181,4.38596753346669,2.9249429761051,3.61147391147656,3.36512228602989,3.44918641506783,3.1977620425201,3.72420341007996,4.44710204405664,3.89209185397501,3.93185613961553,4.3112336183953,3.97087424293935,4.04456253523645,3.56687046949044,2.51805846540165,2.75911602467931,2.8662330629784,2.93223078542079,2.81193853985423,2.70256008306797,2.86774121731442,2.90515352685476,NA,3.00070430781837,3.1229273617197,5.03812537986802,3.32240560213417,3.08424748384963,3.09125713026578,3.34003589538713,3.32176513534464,NA,3.41772696118684,3.91105288967811,NA,3.79267628444483,3.90892861597442,3.88028783810336,3.65687871811028,3.74420871517346,3.83456775874637,4.07242735261547,3.81548290275278,3.72102278820769,4.42767933966988,4.04673544427153,3.70449994933068,4.0686061589048,4.30790314709628,4.08604518408739,4.18008329015208,4.27510771290574,4.61671088607614,4.58487416744371,3.96934024555404,NA,3.62749611267288,4.49354583070016,4.27133572028109,5.33684568043976,6.06863617818852,4.41177951783124,5.2009799049137,5.31508659645303,NA,4.2031378326463,4.82225560214708,4.6736418118529,4.35404378394188,3.85701284301568,NA,5.24560236796667,4.78771406746611,NA,4.5991255889591,4.11117884538576,3.90054550535242,4.69462691241449,4.04575097310911,4.81724596726415,3.51592687323261,3.13709173271396,3.75173994355255,4.05531794818501,3.64294168620647,3.6189667618858,3.59124039222769,3.51734028004351,3.7322460806209,2.91395778168387,4.27684179271641,3.62171323847552,3.33498340247918,4.14382022101828,4.57836695271791,4.31997482238965,4.32695916918733,3.7166915197479,4.06365376817909,3.2176032848845,3.55141528718915,3.43813905739594,2.8253896963177,3.42697265510424,2.7735830223469,2.70167226651015,2.86074357719456,2.71278790048564,2.87739516780598,2.8448091095227,3.11108109426812,2.47384062792891,2.70017078750156,NA,2.82119010793015,3.02508675253704,3.09205490646171,3.0789117808327,3.22761593660357,2.89287748331519
NA,NA,NA,NA,NA,NA,NA,NA,NA,NA,NA,NA,NA,NA,NA,NA,NA,NA,NA,NA,NA,NA,NA,NA,NA,NA,NA,NA,NA,NA,NA,NA,NA,NA,NA,NA,NA,NA,NA,NA,NA,NA,NA,NA,NA,NA,NA,NA,NA,NA,NA,NA,NA,NA,NA,NA,NA,NA,NA,NA,NA,NA,NA,NA,NA,NA,NA,NA,NA,NA,NA,NA,NA,NA,NA,NA,NA,NA,NA,NA,NA,NA,NA,NA,NA,NA,NA,NA,NA,NA,NA,NA,NA,NA,NA,NA,NA,NA,NA,NA,NA,NA,NA,NA,NA,NA,NA,NA,NA,NA,NA,NA,NA,NA,NA,NA,NA,NA,NA,NA,NA,NA,NA,NA,NA,NA,NA,NA,NA,NA,NA,NA,NA,NA,NA,NA,NA,NA,NA,NA,NA,NA,NA,NA,NA,NA,NA,NA,NA,NA,NA,NA,NA,NA,NA,NA,NA,NA,NA,NA,NA,NA,NA,NA,NA,NA,NA,NA,NA,NA,NA,0,NA,NA,NA,NA,NA,NA,NA,NA,NA,NA,NA,NA,NA,NA,NA,NA,NA,NA,NA,NA,NA,NA,NA,NA,NA,NA,NA,NA,NA,NA,NA,NA,NA,NA,NA,NA,NA,NA,NA,NA,NA,NA,NA,NA,NA,NA,NA,NA,NA,NA,NA,NA,NA,NA,NA,NA,NA,NA,NA,NA,NA,NA,NA,NA,NA,NA,NA,NA,NA,NA,NA,NA,NA,NA,NA,NA,NA,NA,NA,NA,NA,NA,NA,NA,NA,NA,NA,NA,NA,NA,NA,NA,NA,NA,NA,NA,NA,NA,NA,NA,NA,NA,NA,NA,NA,NA,NA,NA,NA,NA,NA,NA,NA,NA,NA,NA,NA,NA,NA,NA,NA,NA,NA,NA,NA,NA,NA,NA,NA,NA,NA,NA,NA,NA,NA,NA,NA,NA,NA,NA,NA,NA,NA,NA,NA,NA,NA,NA,NA,NA,NA,NA,NA,NA,NA,NA,NA,NA,NA,NA,NA,NA,NA,NA,NA,NA,NA,NA,NA,NA,NA,NA,NA,NA,NA,NA,NA,NA,NA,NA,NA,NA,NA,NA,NA,NA,NA,NA,NA,NA,NA,NA,NA,NA,NA,NA,NA,NA,NA,NA,NA,NA,NA,NA,NA,NA,NA,NA,NA,NA,NA,NA,NA,NA,NA,NA,NA,NA,NA,NA,NA,NA,NA,NA,NA,NA,NA,NA,NA,NA,NA,NA,NA,NA,NA,NA,NA,NA,NA,NA,NA,NA,NA,NA,NA,NA,NA,NA,NA,NA,NA,NA,NA,NA,NA,NA,NA,NA,NA,NA,NA,NA,NA,NA,NA,NA,NA,NA,NA,NA,NA,NA,NA,NA,NA,NA,NA,NA,NA,NA,NA,NA,NA,NA,NA,NA,NA,NA,NA,NA,NA,NA,NA,NA,NA,NA,NA,NA,NA,NA,NA,NA,NA,NA,NA,NA,NA,NA,NA,NA,NA,NA,NA,NA,NA,NA,NA,NA,NA,NA,NA,NA,NA,NA,NA,NA,NA,NA,NA,NA,NA,NA,NA,NA,NA,NA,NA,NA,NA,NA,NA,NA,NA,NA,NA,NA,NA,NA,NA,NA,NA,NA,NA,NA,NA,NA,NA,NA,NA,NA,NA,NA,NA,NA,NA,NA,NA,NA,NA,NA,NA,NA,NA,NA,NA
NA,NA,3.52458263447951,NA,2.91285662837795,3.49944672410812,3.01263445511013,4.37944246406713,4.80210858753755,3.4928322586225,4.62403864779778,4.79860138451723,2.68058496618566,3.79760502153253,NA,3.33259331935327,4.38480510776033,3.93475292560457,3.94594987914368,4.19648149765254,3.34740818124057,3.99806790859588,4.55134038153754,3.15136617029489,3.71671729855583,3.85216586900939,NA,3.7846556715742,3.50960800001298,4.07580713593656,3.03512807367931,3.35677385447252,3.42831366875159,3.66743811744871,3.32665333542605,NA,NA,3.16131355255572,3.48298020671547,3.5934892292036,3.43582420017077,3.09729198509293,3.4001981290038,3.26121209274891,3.82612800906579,3.2243188617722,4.71846946861638,3.52043364628503,NA,3.42964018503924,4.92439693806037,4.13460381848595,3.97304115212051,5.79374406494892,7.51741234222009,8.1827928414735,5.36305174079527,6.58563340599755,5.52780972808823,5.43010748177373,6.17132785063199,6.10253247480924,5.22676196076539,4.53787822402436,5.03738760140755,4.22963061218215,5.27678596643538,3.35330046270732,3.99066591600666,2.87927661504098,2.96800400545694,2.86412803159961,2.09616319728153,1.95109075509498,1.84646076793104,2.03388727572611,2.2564212342038,2.42279183379184,2.35247263742915,2.03004378262159,NA,2.05661520693674,2.27159020092055,NA,2.59286894200722,2.9430860123157,2.55899754500354,2.16304744832238,2.77309405750823,2.32209606375877,2.82065939280545,2.56426353732287,NA,3.02100936136183,2.42129050550037,2.33319079027135,3.1145989113704,3.01385416882373,3.1539881177633,3.17632700037229,3.7973185698558,2.82857062763754,2.82364548799103,3.06561493128446,NA,NA,3.23453268611873,4.37857346123945,4.40843456779063,4.04437388882595,2.96720919549222,3.80617216196019,3.80911218005894,4.79840263802315,3.20135397695438,4.06895215618536,3.67611128765682,3.14716645221638,3.9112601184965,4.05526994527015,NA,2.90324325663634,3.12175736949838,3.10637158342327,2.8289350787679,2.42914408011789,3.05409078576133,3.18250941247641,3.17659184607468,NA,4.02220581371511,4.2927270732705,4.31744150210798,3.7960593330842,3.4581968426202,5.91507339476493,4.7513771049349,3.10756274837418,NA,NA,2.79370795117686,3.099831958137,3.07925751058871,NA,3.77374964512024,3.76741404791042,3.6332736413195,3.13162509480819,3.89987245493895,3.79064928360049,3.90134829027369,3.00606664113034,5.07136969653388,3.90188850106038,6.28250236734897,5.22923631655841,3.8977969830314,4.15650684825128,3.02330276835125,2.59693022327859,2.40032403614974,2.57885656006792,2.9976077087908,1.96835242505145,2.31952888483111,2.10735643224069,2.2171533587557,NA,2.28416864174929,2.29032323948162,2.03672473057531,NA,0,2.10742364994198,1.91405729426925,2.26375067606613,NA,2.0346202227501,2.25085604556232,2.26784798286184,2.66600434976834,2.42836483925648,2.3222232570353,NA,3.23718543447544,2.24114830660169,2.62516935007271,2.49322507635972,2.12416508062558,2.33087299432909,2.53393330008446,2.17039730493943,2.48600072055355,2.87035743465156,2.33537382837882,2.23037208387814,2.56893365062556,2.64483171640805,2.62853386730697,2.20235594466678,2.72631900638804,2.82579312028729,2.95139868288962,3.18136487587012,2.66153111800737,3.05985705855817,2.49428722531718,3.03160384638087,NA,3.79103138058166,3.45436583431538,4.02887323698952,4.35568648012318,5.44886956581866,5.26701426072561,4.27770396639642,4.06340158310281,4.92502298072616,5.73154528601444,5.84799276039887,NA,4.34009002582615,3.47036475331402,4.6448272225865,3.23761846820164,3.11923186334201,2.80552387119978,3.50577368838347,3.27360419398777,2.56196797970648,2.96069171711174,3.20930239945939,3.53780903070171,3.91903906139664,2.85390675914505,3.25575422926476,3.41798232379822,3.82760433225197,2.47382186950021,2.74929075239484,3.02626545024275,3.25123744979498,4.22480898009135,3.99951193934301,2.48064317575832,1.9181142717617,2.52701256216449,2.40419106108722,3.01026044609283,2.89123068303115,2.99408888493806,2.29394417589669,2.51556875687002,2.41707136980136,2.08456374177356,2.53035582382058,2.90931361813674,2.61682542688801,2.70302788281148,3.30157110932887,2.66458624241991,2.86093417870983,2.74363439359124,3.13818283396945,3.12210751720893,2.73868870610283,2.45871527770981,NA,2.35273778775706,2.2317609780183,2.31489618645428,2.33637496136371,2.64574018441651,2.75987254884493,NA,3.065457740722,3.61209177903877,3.28785986894286,3.23148955801267,3.28442755964685,3.14680248995255,2.67220963126165,2.64140454141224,2.6415920638688,2.85617868679171,2.76159940687745,3.40862898023631,3.12193758317506,3.17789109740483,2.49867766751022,NA,2.79103825205218,NA,3.67954084217374,3.75269477869998,3.37501067841951,3.52834817639482,3.87259588524144,4.22975793767814,3.75700158013755,3.36277262788802,3.00634338884368,2.79994058472214,2.71386629380988,2.7232360570707,2.70236139270482,3.24853647443124,3.69096820241637,3.09990165920906,3.42486053085736,3.01792828324479,3.44433147041723,3.5137080573541,3.33582987320584,3.76682641229153,3.81005000287061,3.41695950924182,2.84782583053628,3.12820282988801,NA,3.58845459840433,NA,6.02975788878756,4.75911519765205,6.03549876445054,6.30202819225945,3.3855556779615,5.03238511651971,NA,4.06218604133458,5.06312887010962,3.77669259052166,3.72674201383693,NA,NA,NA,3.95063314716301,3.52992522453908,3.12121773390808,2.88117968815719,NA,2.97911902543575,3.82193022078209,2.92140514865874,3.16654509977027,2.65099899987205,3.1234518808512,3.56478229348275,3.52062217240634,4.56452776704759,4.66220150109541,3.53312055813656,3.74741732521324,3.91823458185305,NA,2.94743864500839,3.95414264703162,2.94988201853523,NA,2.45372696079499,3.04354909190861,2.7770177663713,2.6587709687827,2.85401093412563,NA,NA,2.74158045893774,3.10107908971456,2.92098664645359,3.03977928499026,3.01797636017691,3.30295238807914,3.00727935621206,2.81503388129599,2.53513655850973,2.79017688679026,2.72593094803717,2.82373686646835,3.3074412835821,3.19040998624251,3.33399762476404,3.3100831554297,3.35383366025425,3.47859439422499,3.94852006445423,4.11316527651929,3.90335835163374,3.96774219255227,4.56998838330872,3.87126322153827,4.04355336630495,4.13320890466669,3.9672473067326,4.26379375649231,4.08381251898909,4.58495425285337,4.07264165597003,4.12046004880212,5.05998822419308,4.29971253154558,3.73400575993955,3.90509039681673,4.05436931534412,NA,5.15378946472484,4.73741396455913,5.11820266026634,4.0799527521399,3.72674131087528,NA,4.24355157414946,3.7555328898063,3.64164123851068,4.55208107627281,4.66399418284563,4.40060875172803,3.17222551298168,NA,4.28010393768458,4.54905302983116,4.15478955690841,6.15914837450468,4.20116162914457,3.97170948536562,5.09204484724016,4.05580342058166,5.57593438163202,4.88038432155962,3.22139668742257,4.08661244923432,3.69315345287352,3.74104180542547,3.59808010607909,4.05433278572969,4.93669517202395,4.33373959694714,4.41601699113752,4.8821613515661,4.53433216383569,4.33447912077771,3.93202772282386,2.66093241870214,2.97156110787159,3.05401041205538,2.92150989543201,2.62883740461927,2.85243297433433,2.73310459677038,2.78267853490972,NA,2.77978767158395,2.99558727168239,5.57390180539624,3.00584505784798,2.93672257062818,2.91813511683152,3.29502407724432,2.90299423052849,NA,3.09313172303488,3.53882457366957,NA,3.31157937070361,3.33363756507496,3.37954360532037,3.3776046882389,3.33895964824628,3.53124308535077,3.80816048763454,3.57262031499915,3.51000437093688,4.51114346408409,4.03283016581246,3.79307274706182,4.21722141448459,4.36486380362626,4.27418147223993,4.47811987020306,4.62706224710559,4.94506419753762,4.83399820409196,4.08008793931101,NA,3.17968041511898,4.6358924968781,4.51780225799543,5.60260074215629,6.29089687585402,4.64795755520376,5.3821900747418,5.46122978477272,NA,4.29488788984418,4.87078191056064,4.74071513306421,4.46845174247833,3.92972331226193,NA,5.34578456034586,4.93961728912921,NA,4.76958622814692,4.34176180247258,4.2261985775755,5.00579724540706,4.36486815751593,5.15300054038695,3.95238481192585,3.64708968711819,4.29975011020749,4.6041081612375,4.13077450602677,4.05380239622814,4.01698912430862,3.84759491218721,4.04958826923787,2.59843122607995,4.47803921747242,3.73924370696425,3.3190867722902,4.73030398120306,5.03444489386457,4.8827070356447,4.76103867073214,4.09255424753823,4.44052441994827,3.58238999975699,3.99323165799691,3.560674356294,2.94848894278969,3.74741055900242,3.00417635349774,2.70675666730523,2.94847743820465,2.617907955157,2.55495725767138,2.73580711026229,2.89729046736826,2.0960843759843,2.33010108206271,NA,2.48826147594638,2.61278995840683,2.61188401593603,2.59921323318413,2.95350284766762,2.64394382192526
NA,NA,3.78443845551845,NA,3.33996030339794,3.77601245791609,3.15397157485183,4.55108623218612,4.9366574755112,3.94378593044884,5.02512485895052,5.19102066116949,3.29369577351224,4.213248165091,NA,3.73167066550451,4.6709801784233,4.18105116055037,4.20848210406107,4.57085958545567,3.69838959475829,4.40638087418022,4.78446326938966,3.18120926918919,3.7578555199151,3.99982711452388,NA,3.986216671266,3.52593642458072,4.13908832719942,3.28572646559026,3.41612896135385,3.41349408210282,3.69836612358335,3.5496115789147,NA,NA,3.35883770041869,3.79143375454993,3.95059546794608,3.78431336437244,3.51945957388558,3.73532466599382,3.79596057424257,4.24916578625147,3.94091064518642,5.12646432226875,4.09050287222549,NA,4.14923329049954,5.45035885767934,4.59935931832723,4.40720727182484,6.28946084867147,7.94532164535549,8.49798961009775,5.812714095289,6.97603701473575,5.89666321497445,5.90196300617302,6.58385722328964,6.58777611504938,5.73313436073105,5.06252905212799,5.50453223946986,4.8134385860799,5.74407831898485,3.93108171052634,4.67343384361686,3.6021717981465,3.86143830172258,3.65764663559515,2.74987534697025,2.86105162582931,2.60032094378586,2.85526464015094,2.95650647591296,3.20380313659082,2.95497939028635,2.69975960404169,NA,2.49967608411642,3.05667527934887,NA,3.09477790334552,3.32984615997451,2.95540200966754,2.60138273192429,3.14671494522164,2.71440884252763,3.08571449375834,2.90299611087466,NA,2.92724915370539,2.68236478817327,2.71533738188658,3.64886325755351,3.41065797135225,3.06993203815308,2.88534121865801,3.78675486600891,3.0738141106728,3.21356927916636,3.04133699591628,NA,NA,2.99903107688997,4.33539729337427,4.45708163542335,4.16400916363514,3.29864765903978,3.83747045267784,3.77583942313357,4.83500612730499,3.38391920650412,3.9174393232587,3.61674402289223,3.09447202948534,3.83846465179009,4.06583565707869,NA,3.4129440556518,3.64975556291817,3.31340420314756,3.04654754670322,2.75451708827138,3.60863842325875,3.5850413724633,3.43041196143594,NA,4.46449413546398,4.67617885133422,4.83442568358372,4.25766970676789,3.95429967344076,6.18344262384859,5.0591145294602,3.53473177210784,NA,NA,3.2310065758575,3.53906252136315,3.59815715351108,NA,4.30140906193644,4.35514112140112,4.22824471771712,3.8932331296884,4.49329048937392,4.44648476966049,4.54702725905254,3.46865003529396,5.32164259265232,4.52783093153244,6.72811363767799,5.68365576839117,4.24721360408202,4.45837952457143,3.48364391018865,3.15885580710349,3.15254469323533,3.11294371440305,3.64985489025361,2.62195295046165,3.09257172996093,2.41756517612773,2.41864899721014,NA,3.22838336413185,2.77791059367711,2.90516944454887,NA,2.10742364994198,0,1.86998601779828,1.93293376908026,NA,2.104788240311,2.73725895335546,2.62773838072013,2.25106572525612,2.21962186157974,2.49044024790702,NA,3.20967509833075,2.37714900461141,2.89132762148813,2.65354306649563,2.48938721272363,2.67659488162731,2.73745266149886,2.53595863628992,2.79247586467209,2.68816123599709,2.76338100668181,2.7412921992754,2.96169356728419,2.96921316155494,2.99074163405348,2.7454289723511,3.40163975034691,3.36784541753052,3.6950580078894,3.81319789009682,3.26619137315429,3.74356264704976,2.87865900127968,2.93732951072628,NA,4.3267639346111,3.84515711027004,4.32111865968095,4.49155860012041,5.7211044721144,5.52891607133185,4.53299883879493,4.26656676544195,5.23352692832268,5.95103616380602,6.04865638918981,NA,4.70400041016318,3.74135735094146,5.09494187664522,3.92619471346,3.82513123386863,3.38479035013523,3.92514333189026,3.6718207773963,3.30392310508736,3.5270662639025,3.76208280181733,4.09022554137728,4.39172423880612,2.88057216987941,3.80061289199334,4.08584364052306,4.01481946494165,3.17369100929443,3.7629837216584,3.43113876557038,4.00115136928529,4.66253245492656,4.52387367142624,2.67753697330239,2.40409310032252,3.23563743420898,3.50028213663916,3.84462332641436,3.6627523400902,3.47335822191208,2.78219715946912,3.46721506575456,3.18179142158824,2.99102938716654,3.19295743029373,3.6130511361866,3.36420356673487,3.57027172005337,3.9693012739483,2.96195836891667,3.25980547522497,3.24627069675582,3.24251628227797,3.22668971470328,2.68333359228958,2.5527781148611,NA,2.63944434634828,2.77084828447756,2.90069160227209,2.6991810482627,2.63511262729837,2.99098486843954,NA,3.38738233410572,3.698509403893,3.31172290920426,3.06468001170697,3.21035262555501,3.05587961282875,3.10981452892419,2.64982032403234,2.62668645098764,2.59587844716009,2.24343998303539,3.20699043722184,3.46061747851296,3.46325507531475,2.65527793399725,NA,2.98382901920756,NA,3.93550495600229,4.08334659780838,3.45522800884619,3.59038921836586,4.11978394277893,4.46565717571047,3.99461190870762,3.74779858359886,3.36970083555421,3.26321235203065,3.08876809784677,3.0186027703461,2.9377482664988,3.5631760914015,4.04788186278132,3.57788331755063,3.69843177036634,3.24625147814085,3.97238395101146,4.07690477533333,3.9101910660211,4.19634081643669,4.23213870947766,3.88148960814578,3.32420692180256,3.7275295823622,NA,3.8888551606951,NA,6.34266215481194,5.1063525090024,6.37910206383552,6.56478827100125,3.60476161572208,5.30925295479392,NA,4.26318223953638,5.24079338959739,4.20774435266273,4.12153633167037,NA,NA,NA,4.34225441987447,3.91400248264142,3.36129849305649,3.36985625486758,NA,3.33158266797076,4.21153288913665,3.22382832853104,3.71617893208733,3.21069246041024,3.59739997939194,3.5051695743287,3.92109591314814,4.94717742252546,5.20438837347032,3.84273265191681,4.01385973816769,4.23560683304137,NA,3.03428401540218,4.33995191194368,3.27786814606295,NA,2.62832990575004,2.97986043079746,2.81365304801615,2.59649177215665,2.65738458553126,NA,NA,2.68027118962937,2.70438217749665,2.61996812767821,2.64497754811549,2.78079821837573,3.46359380885478,2.97777793042257,2.87462665730765,2.88357549539067,2.82290242118904,2.6564594675049,2.9034675292809,3.47519338036904,3.47103132194148,3.51990915289921,3.7836525181837,3.48970958884891,3.69497196287412,4.06333954985612,4.22608871739372,4.04228345258466,4.14104326430118,4.66475030769109,4.06782090439556,4.22017528294055,4.34204531597782,4.08478493214348,4.40128201251377,4.23566910917169,4.73374037372052,4.43774465780063,4.20580384696476,5.34704908659636,4.64630151908866,4.00041793013357,4.0862185171626,4.27135508717312,NA,5.35046950929191,4.98768628713904,5.41175463827149,4.47196938834083,4.18202560124503,NA,4.567034242059,4.098899125378,4.04246504990717,4.9220747116198,4.95944221232969,4.78771405108291,3.53325139649213,NA,4.72449632895887,4.90805579941251,4.61452843096682,6.44262294472253,4.54018769784949,4.44321078594571,5.48780742216,4.52544824087465,5.9950188079957,5.37579911279854,3.56130495918391,4.70631814305807,4.40309795324744,4.30578879224392,4.18711654019725,4.50376238267692,5.26490678190806,4.73588907898145,4.8270817792591,5.19905379890531,4.85197955536783,4.43149193246116,4.13933047295109,3.25449977243386,3.27338166657923,3.37391177012489,3.04262326921641,2.95893052769953,3.15604525893145,2.854282303987,3.12305881066186,NA,2.99917341415975,3.04145682095379,5.77273388569297,2.83867568896794,2.80581483990774,2.86851658910962,3.33744027607302,2.72378032464298,NA,3.00766578600155,3.40284024106768,NA,3.14721908981347,3.03128415357922,2.94306903130491,3.27731462506333,3.08390540287358,3.53121817562916,3.73635760140911,3.51326490603176,3.45460813891363,4.55535776517628,4.01012265534005,3.78047265514661,4.24258350323475,4.40544814831571,4.37419504225552,4.62396975919975,4.80890439055978,5.15312306133668,4.88434384741169,4.06552790054733,NA,3.07451507588012,4.51665610086858,4.67895832824951,5.77204646842077,6.41162637858968,4.83289668523585,5.51377916056778,5.68303042789737,NA,4.37337126781037,4.96792187437724,4.89179436288484,4.6750973146784,4.10504048586886,NA,5.52906461399931,5.12573503458737,NA,4.94686937794524,4.57889875687189,4.4760082013641,5.2202023165536,4.58812590975594,5.49507027304169,4.35803032165442,4.06403316235418,4.70489548907974,5.03890110296894,4.6274337021937,4.58821091563608,4.60470083641402,4.32897054021935,4.50396624429603,3.21048837061001,4.77993860125016,4.13034864757784,3.87204813673843,5.04188628564479,5.29509331749518,5.26433372869874,5.0678396525698,4.39330790763625,4.72399038634647,4.01493162623855,4.58641671668083,4.09564265120509,3.44085963365649,4.15997593488002,3.54048102146546,3.3232066446364,3.64632035935872,3.1614468593914,2.81322887873023,2.97641531425417,3.19200500206484,2.82612733096666,2.56832607094254,NA,2.71017402495636,2.70761017337946,2.52179540318588,2.5594365937213,3.14631999476824,2.95395693197589
NA,NA,3.37425983326608,NA,2.97090355403182,3.43787481370805,2.74906849754482,4.21263975515208,4.63424212694362,3.52858637498862,4.45043551460142,4.69693842710461,2.83504804309819,3.76966486320429,NA,3.42162496925093,4.30727163582243,3.80164382330005,3.90547729735085,4.06822810425603,3.28545605896898,3.98424675001786,4.40043542907972,2.93870694971563,3.6366722035209,3.70463974105805,NA,3.72620087120673,3.40525902971305,3.90179112394795,2.95955351695654,3.39864548105148,3.38763434578928,3.53900095703475,3.31002925429878,NA,NA,3.03491204459437,3.48463922875741,3.63619163068295,3.39114461668593,3.06939737871666,3.24818961228448,3.43894038204096,3.54504486518499,3.25787847071853,4.62677014298813,3.56914155175719,NA,3.67762922902656,4.95002933732994,4.02495761180281,4.01102857189804,5.84325331469677,7.54336255425235,8.06162733585652,5.42480901672743,6.45171406812761,5.33776604097756,5.32088509713199,6.09727111592745,6.04616091289645,5.19661529648983,4.62603030044481,5.01254476997555,4.34013101097314,5.40491679919729,3.6256188699713,4.20572524900655,3.07306928810072,3.41074524011481,3.27597502687496,2.46078904786346,2.69840628078901,2.33623274888318,2.50541445390813,2.62530143828914,3.06013981105468,2.7516205403132,2.452248742346,NA,2.18366668756177,2.55048993480595,NA,2.79605283294897,2.94973309033399,2.70246818389912,2.199294428186,2.7171765918622,2.38856804885858,2.93844837072865,2.61207822505792,NA,2.68323629613034,2.43178484610554,2.31046542509915,3.41133050981121,3.12784508435129,3.01252645096139,2.86626508247058,3.58480757236103,2.803751814179,2.82321463104836,2.85627192120237,NA,NA,3.00941380596141,4.16081668179179,4.14509492107783,3.8422961687025,2.88450775888331,3.6345618945634,3.5904282006175,4.38557580235591,3.13425063234603,3.78613827313258,3.57184702265201,2.92487806056591,3.71860797504796,4.00931608407119,NA,3.34511683279309,3.38538408092051,3.15571639829944,3.24157744164529,2.6917284941453,3.54080815850359,3.29215233236099,3.22826565352751,NA,3.92866254740525,4.17440752924942,4.38525999650964,3.70994382334142,3.3332771523331,5.61102291329165,4.55785653601655,3.25549240811857,NA,NA,3.03316845283139,3.15767307842084,3.31676215963276,NA,3.72270381095908,4.02066916125148,3.9387660723176,3.57924126547604,3.97980497035624,4.04892442192083,4.13014774620837,3.09016520461819,4.96365117363007,4.125751628652,6.36946875989675,5.4302424066012,3.99813171206052,4.22455322221015,3.11529078377824,2.8023373131557,3.09733429636195,2.84140417224808,3.20825117098155,2.51311066658719,2.59554833153796,2.42818462659492,2.59448533605234,NA,2.68193576856538,2.41739798618048,2.31078804615809,NA,1.91405729426925,1.86998601779828,0,1.839661466484,NA,1.68841304905276,1.88543395464982,2.46981257893325,2.36302234429287,2.52222071371897,2.25275138785908,NA,2.96846572540613,2.43482133895076,2.62775110859589,2.53783040688248,2.20885082250434,2.34562883319245,2.1997110007703,2.27957118621327,2.57753532410774,2.78051885941215,2.52978090169894,2.45889255419508,2.98626163557146,2.90134590655334,2.93220166456914,2.52122243089227,3.09784052729367,2.89269766425636,3.23784062972726,3.34398925042465,2.66922571628366,3.35509615133377,2.55730858452676,2.89942306577181,NA,3.80313287433703,3.2956529860686,3.80028760589586,4.00470065004261,5.16875864422066,4.92360296249692,4.06554661890955,3.83865520769986,4.79184840035352,5.45509281590849,5.57045002101602,NA,4.37625453855217,3.50482047298461,4.79054466423598,3.62600785447764,3.52938075328957,3.2847155776729,3.61221395052002,3.40113863540536,3.08191545612965,3.31868514660729,3.5746720351765,3.86793187735155,4.13016577297262,2.92866509521192,3.71899371827593,3.77668765442791,4.05532103554189,2.93904823249495,3.30558095209047,3.3682296895063,3.64215474206238,4.36946403093999,4.16816675703163,2.57381086826368,2.5815079930018,2.95927940644884,3.1674957329594,3.28334063842273,3.09984015766921,2.98630556095994,2.59778746868972,3.00601928532054,2.84587928833595,2.59675060262364,2.80053118415439,3.22093831993588,2.9716892219458,3.18106979163531,3.59282555473745,2.93905244037661,3.0608541230977,2.68185926777251,3.080234473966,3.13856031000118,2.71512961465725,2.52697455479021,NA,2.36307064798178,2.42291092974659,2.76706676128092,2.56912468313688,2.45930998743933,2.66950775659091,NA,3.24653694568527,3.50926521460453,3.31754181376618,3.10342952902455,3.17502484357984,3.08048230576361,2.88384938565448,2.55831647791299,2.58149299507109,2.63683229113332,2.60636827174799,3.27961785098844,3.21737726028378,3.03649960144215,2.54129711215537,NA,2.75364499538719,NA,3.67702210588102,3.83358624549284,3.16850931618443,3.3033209817384,3.90742408098551,4.108869666894,3.76430466575313,3.54854901912027,3.14910186149091,3.04145718737637,2.87605590293742,3.03891042447731,2.87387219373873,3.41051126677391,3.77384399483586,3.40644033004671,3.57378894498385,3.12341417727277,3.81043974022316,3.83280299601491,3.39440915282752,3.71230649914943,3.78092015727341,3.4954383073765,2.92084154616492,3.48189498375116,NA,3.52158608870111,NA,5.83521105007118,4.70771288011174,5.94277271757779,6.18037099979483,3.36266618864863,4.9240602657284,NA,3.88593363174817,4.88958419548731,3.61072864116754,3.55621007066336,NA,NA,NA,3.78853728607611,3.68884645584013,3.17447920378933,3.03198400867156,NA,3.02058542774489,3.8716235945378,2.99597226888196,3.34414493704971,2.81207273333494,3.11489399247068,3.18923975615254,3.25427892634844,4.31853972358083,4.66871595285683,3.63047927711348,3.5559285823701,3.61285379471419,NA,2.80117994759456,4.01498227934904,3.00161892402899,NA,2.38652622521228,2.68464797539137,2.57800521189825,2.50064627105486,2.60942230434179,NA,NA,2.52189652498993,2.79929466501114,2.67348318145327,2.73561190083912,2.76806832238785,3.27164090123593,2.79384475717663,2.63165752862281,2.86500880222914,2.65704716049894,2.57122204843011,2.7725784075661,3.22058264396256,3.16795001962053,3.29343700930277,3.19496751728399,3.1218763332076,3.33067057584485,3.55884891389604,3.73510719524307,3.51700995375027,3.68246194860639,4.3210401963773,3.58204350713762,3.78254602564784,3.7831671661912,3.63316495322822,4.02336167194281,3.93804349574354,4.40296877111587,4.01941785370072,3.93611609911021,4.94762416577472,4.325889246245,3.57697870331758,3.72110814902689,3.73753210978107,NA,4.95166305829317,4.47304142106048,4.93610270893901,3.95067146566898,3.67813990189751,NA,4.00198882733329,3.58771808900963,3.49675642384804,4.47341615059839,4.48681797146133,4.32094445966655,3.10739260908558,NA,4.16572711358315,4.34139256415448,4.18112357692262,5.98407827037745,4.12363881147845,3.97168921552463,5.03481858823075,4.01635662511119,5.48146714612195,4.79291773739456,3.05378987305383,4.04943512937979,3.6909994279255,3.63108132247139,3.46288745239859,3.9399408755028,4.68163116322048,4.1186224690509,4.14266493044777,4.56410896852897,4.17626602405701,3.94946371040814,3.5787713936573,2.65790059883823,2.72943886677807,2.8423827017383,2.75445121458306,2.6209250828489,2.65647535397492,2.52673113828735,2.79872156928268,NA,2.69682639758405,2.75773666761338,5.21759609659185,2.67206507238205,2.63952565569434,2.71445033902823,3.08209779520405,2.61970408718018,NA,2.825181399835,3.24294293762112,NA,2.95914366607895,2.98900378641694,2.95818039045388,3.119469005483,3.01689840055153,3.27994547603435,3.54662470087386,3.27922246969092,3.12273629429119,4.13703463246298,3.63441434863543,3.40756962281091,3.89850254689424,4.06373398557532,3.98872912293571,4.21779267570998,4.39656696647873,4.70432481880349,4.57285734804087,3.73969435489483,NA,2.93371572092096,4.28783870359582,4.2929093457521,5.39274978566147,6.11207505368455,4.47124412058848,5.21098524711729,5.28367095128382,NA,4.06933001183361,4.64706975613623,4.56425506333844,4.27649090022695,3.7268992353482,NA,5.14827629773573,4.72045916575486,NA,4.58228338119253,4.21141752915619,4.06375513317435,4.79158469202141,4.21772842158619,5.01693371828956,4.02934225024415,3.48421849416741,4.21061093158145,4.51192563859476,4.06099565132035,3.95380346098319,3.95217109515267,3.69616189876221,3.79377321197475,2.80313577717961,4.27359520285081,3.67690351200257,3.39784246334463,4.42750275715433,4.77874122360028,4.6015749197358,4.46673797469215,3.81707158766603,4.10884694940297,3.33855034254012,3.94982047069335,3.55501851357856,2.84802819059569,3.56831481884514,2.93943140741905,2.75910239906868,2.98006170985762,2.61272991500814,2.53727329482622,2.53507085341616,2.778165240092,2.40079070551012,2.20502079477369,NA,2.24211572152229,2.31535234393939,2.19235101507454,2.27652472518785,2.76554679255048,2.46950098960373
NA,NA,3.82217461205646,NA,3.50243097707148,3.75880743875895,3.38825609938939,4.61595759012356,4.98200389842783,3.822595732266,4.87332055954066,5.04027401778969,3.41988479329272,4.22420610315158,NA,3.71742439615484,4.62147493204702,4.04401788654494,4.3271433643466,4.7186289739102,3.97074033041624,4.48802582112423,4.98074497733701,3.53505967058929,4.08680549251126,4.23696660436199,NA,4.46416117452808,4.07447215272228,4.58306442029456,3.53708516174765,4.03011776584917,4.14912751504525,4.28560661224713,4.08678270127302,NA,NA,3.83931851026163,4.24479237176064,4.3663137237439,4.21304742901586,3.9221652088572,4.18940949089997,4.25661040631316,4.53322317713937,4.15508101944039,5.48877257668654,4.31444207028276,NA,4.43376072649234,5.65944442399474,4.88273249923107,4.76590448366766,6.53558461127329,8.14954748099499,8.77266400461684,6.2107419172948,7.2806190299465,6.19390040234525,6.14762180953744,6.89654794353301,6.7911904929066,5.90335593468984,5.38335569791442,5.68285546619432,5.13522323569269,5.97371437595932,4.24207164360486,4.86899164242199,3.66793954762055,3.96893150571835,3.63732321569454,2.95178143925753,3.06249858896069,2.80631232402825,3.03997610211642,3.09514569037164,3.29618371091834,3.25511523200062,3.01966783861257,NA,2.72733740042498,3.21610211178023,NA,3.19282721363567,3.46477195582507,2.92238488355797,2.86925129252422,3.2058993383456,2.79133039051352,3.17562212444835,3.00512438680579,NA,2.93651274138484,2.76377812840125,3.04624792523595,3.72477052583309,3.40588463920371,3.1505491390686,3.12218809381405,3.66778484403623,3.11173982077839,3.592741325491,3.17530191200327,NA,NA,3.21027980541029,4.38089749902058,4.53173613567043,4.33601456960817,3.63890283702747,4.07430066971907,4.142563460104,5.13489801040125,3.75333316792246,4.37283428656409,4.14330630648711,3.56476182315281,4.23526066966732,4.45093664901212,NA,3.86562171823619,3.88716252021595,3.47754393769954,3.53365216146495,3.2633072521977,3.91519520926992,3.83926022769921,3.95667620148874,NA,4.66376028746776,4.97813585698748,5.03903960788668,4.5431710420242,4.2385633024211,6.40533139975052,5.37668872034655,3.98174377785707,NA,NA,3.82950536164032,3.99047737870022,4.05353605163122,NA,4.66056023418924,4.78744623331655,4.70076747473199,4.28172106204169,4.78845744101905,4.81033628385091,4.87938708576586,3.82047328885545,5.54814986276274,4.90874488170355,7.15791548289177,6.16449593563814,4.82987775158454,4.92924767636956,3.94101027532597,3.63337138504042,3.61105782415216,3.41514014979177,3.8252368197769,2.98219205668438,3.40360050854577,2.86967833054118,2.90272928428351,NA,3.23525758195667,2.84175209899652,3.03499943375356,NA,2.26375067606613,1.93293376908026,1.839661466484,0,NA,1.98348082648358,2.76770676774259,2.85523596176674,2.6245596095746,2.51693948607585,2.38967986646746,NA,3.03434574992429,2.30819233483305,2.85528280552553,2.80817922842375,2.48569377679646,2.68780704664316,2.50103484033457,2.5636152096952,2.98900444170793,2.87785204800849,2.8431107939884,2.85259395766249,3.0877980365262,3.16129520775173,3.0325246252881,2.82110292553341,3.33816141590703,3.47411114239166,3.67496928104406,3.67571233476457,3.30371764996816,3.89198357587658,3.16989985315441,3.39552315681909,NA,4.50595698868535,4.05158605251421,4.57542464890463,4.78506601797121,6.06196710549092,5.85657063721616,4.91046564767925,4.69327717307034,5.64366628276566,6.31526582080249,6.40923955415753,NA,5.05201643396874,4.20207718264501,5.37200938236882,4.31892683741203,4.15643560273541,3.8116825789661,4.33903101248492,4.11644203806353,3.83281842805848,3.95809652386188,4.33001889948623,4.64870824981033,4.92825806696665,3.43808048692887,4.25173891573607,4.47120019421313,4.60868635505866,3.56846951183168,3.98851750784472,3.93793206441102,4.01477833060461,5.04072386084282,4.9357647370617,3.2105364026501,2.85025175795843,3.61754191493271,3.72718104360265,4.07172577637112,3.94145294880387,3.81564005454764,3.20482946048969,3.76742802231651,3.58351739185615,3.10556182740912,3.34652926552017,3.64208899230798,3.49831067389522,3.68523432445444,3.88819134728299,3.27983587826928,3.20369605217536,3.37072570049021,3.34689901230547,3.6067012301515,2.92244965368703,3.13556245480012,NA,2.98848534091584,2.98417718264402,3.1414704386901,2.73759776919095,2.83540153657219,3.09106022459913,NA,3.19746380208826,3.74942563969522,3.41725961472176,3.19976904538721,3.25579998212794,3.08995597503327,3.05395240827585,2.66372395522198,2.84557510966064,2.85592159344267,2.75436632670036,3.45108821747643,3.53720259385348,3.51839480553681,3.04051061180261,NA,3.36797491631248,NA,4.2457804071425,4.31035236545743,3.90542841865859,3.94775259128875,4.46244546872652,4.75387599268467,4.35795002303275,4.01480753314505,3.83744968982165,3.72360096792978,3.45579601561246,3.55553354954826,3.45884251234335,4.01664202342605,4.5565951064708,3.94098121264682,4.17534687781443,3.85615467647908,4.38447142904472,4.33651098818738,4.22430732077967,4.4529897409707,4.65143572240151,4.22556356735674,3.69719185085515,4.10218653314235,NA,4.22056941092838,NA,6.60317744102873,5.36354043093677,6.66506550341791,6.95159726312927,4.0739974782597,5.7485950706166,NA,4.34054064313246,5.46113484402044,4.44578172495633,4.45211970018427,NA,NA,NA,4.72261160728327,4.27166408393935,3.84486596548589,3.78323640751591,NA,3.82681041585621,4.62946696027304,3.71711187110127,4.03704775186018,3.41042279340405,3.86437432812782,3.97341288566212,4.18425855937467,5.17476074416292,5.21892457837543,4.16495011816639,4.25079383328357,4.45592620652797,NA,3.45161260077129,4.50808557330015,3.61554177399327,NA,2.92066795057434,3.36511993857024,3.01959954028296,2.77086313592906,2.79148022756015,NA,NA,2.65347016283935,2.86835103505322,2.76043293252978,3.05129254983166,3.05005793742169,3.67487603666695,3.21047846538991,3.06404333169212,3.15647579799162,3.08650767646718,2.96303506220692,3.1619732485158,3.7323328102877,3.5402725630821,3.53636484907112,3.64596745254476,3.59750582829666,3.90681963645116,4.30194078326624,4.44268202897541,4.30596966594371,4.39166298287146,4.88151793392049,4.23179673949374,4.43509558865319,4.64115602797249,4.39929407090925,4.72652048233463,4.62952563801811,5.08615922518355,4.78519999217875,4.65243251542423,5.69046836423241,5.03040050828219,4.44024506353188,4.51995709264963,4.69236973595987,NA,5.78097188570598,5.32815778313536,5.78988490505267,4.77632025213768,4.53758111900028,NA,4.84766530966164,4.42853501656629,4.38684860775565,5.34204365460952,5.36428350714034,5.1944774420764,3.99160622751574,NA,5.0719703473318,5.27803609016871,5.00670222152126,6.72160636263195,4.93357673031619,4.82967547106729,5.81718383928302,4.86610616699655,6.27366280832767,5.57789254372239,3.96307945793215,4.94936634701395,4.47793906219275,4.40455103811376,4.33057415361121,4.72310483111625,5.50175950642071,4.96451998548256,4.99460935809743,5.36998213679656,5.00364550246647,4.89035609058589,4.5357202353446,3.51945827806816,3.63602520600717,3.73934043986113,3.43753355973963,3.31235760373068,3.46944203180566,3.30412069233062,3.51531239165349,NA,3.3060589489997,3.37340744910275,5.96383136902787,3.21462559796738,3.21296422910226,3.3254309735791,3.74383702039559,3.21446828084211,NA,3.39109064369784,3.86110910891708,NA,3.59671206075506,3.52494138553488,3.47855555709861,3.57642043192805,3.52394313923595,3.76973006523247,4.11103918736718,3.84881779275055,3.82599338003208,4.78195135505045,4.29347106979727,4.0559690688997,4.48810866232057,4.70571832606623,4.67162435851744,4.90820461531138,5.07853254568504,5.36882134526887,5.03564954907746,4.44214679399415,NA,3.32528342368731,4.82447463072389,4.94988701139116,6.03229768159671,6.70448453966971,5.12982952875004,5.7983443913506,5.82774238969713,NA,4.75808551804867,5.32981730803364,5.16028322689485,4.99120972967748,4.48907536227138,NA,5.73900390675291,5.3525662259182,NA,5.29944201475034,4.97342746214429,4.85154199810283,5.49714203967884,4.96228148634787,5.79434479263932,4.79027261116699,4.37130026788382,5.01825940648414,5.36022045082227,4.87878475984611,4.82669312556827,4.76661544480041,4.53109947174416,4.66502553818559,3.41330955831387,4.92283481631047,4.26241702154689,4.02311155022743,5.28246748292936,5.56305288330089,5.50761051661385,5.38095067348284,4.77570476250032,4.93161570292886,4.16083127386475,4.72071966987361,4.34923743952289,3.73981757044802,4.3756973601254,3.74429329704413,3.57711243830678,3.69966229439801,3.29102237943494,2.97331592587341,3.14825257947777,3.23401499668218,2.91963361561842,2.72880862226401,NA,2.84186101703052,2.91834746055363,2.83162392650503,2.91899676147178,3.36437045368914,3.13248940155443
NA,NA,NA,NA,NA,NA,NA,NA,NA,NA,NA,NA,NA,NA,NA,NA,NA,NA,NA,NA,NA,NA,NA,NA,NA,NA,NA,NA,NA,NA,NA,NA,NA,NA,NA,NA,NA,NA,NA,NA,NA,NA,NA,NA,NA,NA,NA,NA,NA,NA,NA,NA,NA,NA,NA,NA,NA,NA,NA,NA,NA,NA,NA,NA,NA,NA,NA,NA,NA,NA,NA,NA,NA,NA,NA,NA,NA,NA,NA,NA,NA,NA,NA,NA,NA,NA,NA,NA,NA,NA,NA,NA,NA,NA,NA,NA,NA,NA,NA,NA,NA,NA,NA,NA,NA,NA,NA,NA,NA,NA,NA,NA,NA,NA,NA,NA,NA,NA,NA,NA,NA,NA,NA,NA,NA,NA,NA,NA,NA,NA,NA,NA,NA,NA,NA,NA,NA,NA,NA,NA,NA,NA,NA,NA,NA,NA,NA,NA,NA,NA,NA,NA,NA,NA,NA,NA,NA,NA,NA,NA,NA,NA,NA,NA,NA,NA,NA,NA,NA,NA,NA,NA,NA,NA,NA,NA,0,NA,NA,NA,NA,NA,NA,NA,NA,NA,NA,NA,NA,NA,NA,NA,NA,NA,NA,NA,NA,NA,NA,NA,NA,NA,NA,NA,NA,NA,NA,NA,NA,NA,NA,NA,NA,NA,NA,NA,NA,NA,NA,NA,NA,NA,NA,NA,NA,NA,NA,NA,NA,NA,NA,NA,NA,NA,NA,NA,NA,NA,NA,NA,NA,NA,NA,NA,NA,NA,NA,NA,NA,NA,NA,NA,NA,NA,NA,NA,NA,NA,NA,NA,NA,NA,NA,NA,NA,NA,NA,NA,NA,NA,NA,NA,NA,NA,NA,NA,NA,NA,NA,NA,NA,NA,NA,NA,NA,NA,NA,NA,NA,NA,NA,NA,NA,NA,NA,NA,NA,NA,NA,NA,NA,NA,NA,NA,NA,NA,NA,NA,NA,NA,NA,NA,NA,NA,NA,NA,NA,NA,NA,NA,NA,NA,NA,NA,NA,NA,NA,NA,NA,NA,NA,NA,NA,NA,NA,NA,NA,NA,NA,NA,NA,NA,NA,NA,NA,NA,NA,NA,NA,NA,NA,NA,NA,NA,NA,NA,NA,NA,NA,NA,NA,NA,NA,NA,NA,NA,NA,NA,NA,NA,NA,NA,NA,NA,NA,NA,NA,NA,NA,NA,NA,NA,NA,NA,NA,NA,NA,NA,NA,NA,NA,NA,NA,NA,NA,NA,NA,NA,NA,NA,NA,NA,NA,NA,NA,NA,NA,NA,NA,NA,NA,NA,NA,NA,NA,NA,NA,NA,NA,NA,NA,NA,NA,NA,NA,NA,NA,NA,NA,NA,NA,NA,NA,NA,NA,NA,NA,NA,NA,NA,NA,NA,NA,NA,NA,NA,NA,NA,NA,NA,NA,NA,NA,NA,NA,NA,NA,NA,NA,NA,NA,NA,NA,NA,NA,NA,NA,NA,NA,NA,NA,NA,NA,NA,NA,NA,NA,NA,NA,NA,NA,NA,NA,NA,NA,NA,NA,NA,NA,NA,NA,NA,NA,NA,NA,NA,NA,NA,NA,NA,NA,NA,NA,NA,NA,NA,NA,NA,NA,NA,NA,NA,NA,NA,NA,NA,NA,NA,NA,NA,NA,NA,NA,NA,NA,NA,NA,NA,NA,NA,NA,NA,NA,NA,NA,NA,NA,NA,NA,NA,NA,NA,NA,NA,NA,NA,NA
NA,NA,3.32160222640909,NA,2.6304992669588,3.24979131382951,2.73238881238794,4.10849680102102,4.56212231059188,3.31924947305852,4.3193223256884,4.5414015070136,2.49819065030366,3.48242893695315,NA,3.10738009574039,4.33065950293384,3.65945998045044,3.50336275299513,3.85032385079405,3.20505844025723,4.02601102398547,4.4626539868446,3.02348182737431,3.7654847643474,3.87060969994434,NA,3.87469288801536,3.57488306725137,3.96690529406421,2.99887053708206,3.49468811397888,3.51557749189341,3.65693681011614,3.46251121961096,NA,NA,3.21049506948215,3.57569922368829,3.67086604976592,3.52919827105291,3.17423111617915,3.54962451045167,3.63245112373104,3.9298380560627,3.41740775139725,4.74496699217653,3.74555979954618,NA,3.89957345234036,5.15883125756991,4.24675504034512,4.22972792837195,6.043725178221,7.832834880843,8.37816667985077,5.68762451084864,6.73615945957013,5.66617034222831,5.57950141295755,6.40660712190373,6.38639277910799,5.51572497916838,4.87288651444838,5.29852779954957,4.60049355964343,5.53766247738486,3.81080213400769,4.49106966792553,3.27030373346428,3.42749351367821,3.13214099290393,2.14126468787059,2.45329514254073,2.12842535527329,2.24418796433463,2.44453951270458,2.81901129092524,2.53792431172823,2.17702983976819,NA,1.92781063131096,2.3119021367863,NA,2.46859251718866,2.81600819225433,2.35810620165788,2.16051537380995,2.6111989871394,2.12282846784957,2.66081322592535,2.406083660166,NA,2.48326144961318,2.16023575086846,2.31717516009992,3.02294628920843,2.7082589940945,2.68366209414942,2.6998199531945,3.57927527725263,2.52363855315917,2.73426100523333,2.77605490040883,NA,NA,2.92111386104211,3.96760584574394,4.1097250998764,3.83113230172892,3.01225000056862,3.71411114992872,3.68142074892565,4.54646727718745,3.05838282804758,3.938873633933,3.63076219498708,2.98609890288389,3.87368318627464,3.99719663255045,NA,3.27454582111232,3.49203249996864,3.29702742398329,3.21908242609336,2.78395152600189,3.68635034087515,3.42087209355367,3.4880693377596,NA,4.1245239508695,4.31787478131936,4.50496218940905,3.95281222769124,3.67724519616041,5.87942712308693,4.86374178326461,3.27027601873863,NA,NA,3.14778891492897,3.27257534232973,3.44127989758781,NA,4.04327083671611,4.13080795184503,3.9991410365952,3.65969924996079,4.18721598545161,4.11117767200107,4.28653756698448,3.26224493012494,5.11150493404255,4.32807450523016,6.67379299404006,5.6345984642372,4.26902371216306,4.4941866026086,3.34738418739523,3.13371789671224,3.22473967926576,2.74788907132496,3.19621298789003,2.43866867750414,2.62807645931738,2.44115896564,2.41356314197132,NA,2.69207453911412,2.1157968870701,2.2957634677629,NA,2.0346202227501,2.104788240311,1.68841304905276,1.98348082648358,NA,0,1.75469656821343,2.49236881183789,2.04906553255816,2.13068390508745,1.97070038275648,NA,2.76333332405188,2.04514123702564,2.40238306394505,2.29969256961297,1.83657849550126,1.98864740770366,2.11423166074918,1.7473063582691,2.24633496420528,2.37427677672073,2.15072851321845,2.04856349554229,2.47488841526303,2.55056545474248,2.48569249757772,2.33657173964028,2.76779629921933,2.82287654768761,2.86333468948267,2.94825988373601,2.60377923841982,3.04515868743285,2.44961739816367,2.89673082555063,NA,3.46580175508012,3.15139651662677,3.87506586856444,4.23752327116036,5.47687049534337,5.20480275288017,4.24406593865656,3.9091630499858,5.07450874344084,5.78084612603988,5.77883640115388,NA,4.46836857964962,3.56849302141844,4.68857552216459,3.6155094007135,3.67901020269312,3.19415526988216,3.78119637969318,3.51755505188714,3.25824749430463,3.4332759351515,3.89938887339468,4.21042394170653,4.41072455944875,3.20483688242506,3.61224148400162,3.75812365684042,4.15810942128787,2.85161868242821,3.24061805816927,3.29676003577346,3.6689619722893,4.46804152741409,4.37165397092636,2.88344896597694,2.47090139493164,2.91621879127232,3.2221317852149,3.65390389235532,3.4649402270713,3.39647765668549,2.70659901023903,3.2030639031381,3.22737392735914,2.91124060055954,2.97337055521599,3.37589092519408,3.01646849763191,3.18816220703233,3.58457531873451,3.06273268808867,3.10223510351399,2.90134555450363,3.05248605217951,3.13730012131228,2.70817495846373,2.78649150953525,NA,2.37915120556626,2.31058295162492,2.6669566159831,2.29103144216763,2.30244512688054,2.74335161000896,NA,3.12702167232552,3.62055418730009,3.32161822333645,3.14350121358394,3.11910740033093,2.93023148312898,2.73148423950819,2.45717875013122,2.48016231306321,2.72471675526043,2.63714394064162,2.9098863471824,3.09968009903173,2.97357982960975,2.48043846107514,NA,2.67204049245469,NA,3.61162648114893,3.67524430655047,3.29089646889712,3.40211575976278,3.70806767461439,4.04514118978062,3.73537402019145,3.46848469367703,3.08367526962492,3.03633000629729,2.97238971214752,2.97878540154996,2.93008545032388,3.33258419566742,3.92233330675775,3.39429888880191,3.68083909918132,3.32007278529972,3.98487876375552,3.90255693267742,3.66551624960651,3.96033759439847,4.14233918588004,3.74429588160912,3.08455877440723,3.48646796391939,NA,3.74940367221567,NA,6.1786769212863,5.00877462717861,6.34787712411008,6.56423636452571,3.59464240103864,5.27120893174831,NA,3.98750173291284,5.00954785688722,3.89125684157199,3.68846260858203,NA,NA,NA,4.0817060527172,3.75130496296108,3.39122582484899,3.36142849262643,NA,3.24825613417404,4.13116716127561,3.21555636402192,3.60691946352302,3.08522845193992,3.44782373832381,3.49594770597247,3.51917015412832,4.58335098407785,4.80561419503805,3.8337259203585,3.43207781200191,3.69829034119269,NA,2.96875829696229,3.95240136837448,3.10808836215947,NA,2.45754049393614,2.95677252860124,2.65608022618453,2.54233479296965,2.63721389295398,NA,NA,2.46108305063115,2.81498146950457,2.66685832582483,2.69967748211986,2.73028261191271,2.9972162711219,2.72112447607149,2.55244560343374,2.57320061707435,2.49612409693694,2.43192623958625,2.66081300437724,3.07765509782168,3.16757320426129,3.17691559371914,3.26401312913565,3.16691695424805,3.4445640582524,3.72964844522693,3.95641539604945,3.74754091009689,3.86668077665087,4.41457570835418,3.70933206706688,3.85432013555786,3.98205380367308,3.83611190853793,4.09965209620657,4.0238223940477,4.41345142459122,4.09334932957312,3.97908934101495,5.02399519559277,4.38632431895478,3.89512129603195,3.96183299862714,4.08529423273924,NA,5.14900500129735,4.80816039339113,5.25153345428757,4.19403401955856,3.98206159955049,NA,4.44853146960461,3.93021596919414,3.8967604070819,4.82293952718212,4.85528821670705,4.71212521304255,3.42777348685484,NA,4.47373685110998,4.76323895642514,4.47963531657956,6.2821379756253,4.37928720216422,4.31818186683287,5.37759958364616,4.31019529934153,5.83453218877718,5.08448373925283,3.2673509991347,4.3094175383262,3.96506675321987,4.01304849135541,3.81209483960791,4.28438291151968,5.05164202231409,4.51990852555989,4.53842487448778,4.84576149482858,4.40434028758331,4.37583885154669,3.98009243431003,2.86730475887331,3.03093637746515,3.16392219444349,2.8217376760866,2.64725552930518,2.82888715086597,2.68465656522709,2.83641333856935,NA,2.71613087402936,2.86787759396946,5.44933664458856,2.78888320393595,2.71964250629751,2.7426097153525,3.13990909524531,2.80250468935502,NA,2.9273750245307,3.38590805446729,NA,3.14055908635943,3.10706218939644,3.1748727755649,3.27237264743791,3.22464048998232,3.39542375830334,3.66486839160701,3.39511022919756,3.32730878908073,4.30236233773084,3.77478095925175,3.53159825161821,3.95737208889384,4.1827921427059,4.0799393339161,4.27539593390667,4.37632693172599,4.6909963072011,4.47263048335538,3.85147029443823,NA,3.02446327904826,4.33493781108309,4.25749466912507,5.39667341975154,6.09309889833804,4.5060010088704,5.233464761627,5.38486577408449,NA,4.19141302887668,4.78590659072186,4.7057573334665,4.45226778741196,3.91464200934914,NA,5.31086215736668,4.86572718442275,NA,4.75747276653173,4.40172503972962,4.26379983955309,4.83394042769654,4.30639880315802,5.25211630988946,4.17665784568935,3.73077201297072,4.40712280703652,4.75798073528422,4.22127548683619,4.1841343551467,4.17522354630618,3.98795101015026,4.16352313120988,2.82979359738784,4.39003521564,3.75530357909132,3.57107935320506,4.70998077326408,4.89842292918534,4.99008242535417,4.91579964334231,4.22527802048414,4.54097959169133,3.64676128433681,4.26298790128566,3.86877687366883,3.19310810108549,3.82411612104584,3.21650105768766,2.98823440590855,3.19511207819544,2.78114929706337,2.63872663163362,2.75950833627128,3.02005168884953,2.39316548577077,2.46258809839099,NA,2.48029286157595,2.48533123415522,2.44633734913945,2.4785357929039,2.99262173778411,2.70564686904989
NA,NA,3.43580562604469,NA,2.92240566309395,3.39071144467671,2.6543837948224,4.23206328791881,4.66111726209175,3.52244573157626,4.54010288102244,4.68709507489113,2.44367085422737,3.61642682503447,NA,3.26572133293593,4.43848220615355,3.87270296037465,3.85030839436362,3.95987918438331,3.25041677032998,4.03047161408843,4.51160425795855,3.23408070558462,3.85348118576289,3.84688721998945,NA,3.777000855053,3.57627832211852,3.97069664379894,3.07795589946979,3.54019354608225,3.51077842878972,3.63952076425488,3.33134814879255,NA,NA,3.16389252372475,3.41796994689506,3.53903202576683,3.35855051516807,2.95791240889158,3.3359301938125,3.57131364901192,3.77508200319487,3.13421602116754,4.7591711386407,3.5937440275119,NA,3.69954757700107,5.08216814911341,4.20452019961201,4.20429365032813,6.06299576578187,7.77639299601187,8.29789248458642,5.58193631288586,6.69836659470017,5.5836900346925,5.48632657919672,6.26275057041905,6.3143032098697,5.45917930546868,4.83414377764192,5.28270122073901,4.5711998203732,5.50089348983275,3.84353823253295,4.44892839163957,3.16680978508978,3.25308582360892,3.09833004998925,2.3398144886153,2.72237585897756,2.36072650543893,2.43180626891658,2.51604835786949,3.05409196751727,2.70768278118183,2.43387672107469,NA,2.19326098576535,2.24819772698047,NA,2.72370026733061,2.9578437783427,2.65162574196179,2.31585118262027,2.65729767826427,2.31983683331965,2.91524137267566,2.46971891795581,NA,2.82092337343309,2.47220695324974,2.39853630976424,3.24635975050685,3.0906806448048,3.00649579521876,2.97321964910386,3.77231089089686,2.88326012256857,2.82256695567381,3.00569863533153,NA,NA,3.1823882060479,4.28710115595492,4.36236124670139,4.01100739389236,3.03367680052894,3.96529737842405,3.8313145812927,4.40447012766761,3.29521307346544,4.08834917110283,3.81516795100513,3.1666252261746,3.94071757206918,4.13878577107034,NA,3.44650371485036,3.35387734780516,3.34354048332269,3.41561317314509,2.94512977545633,3.76295663397008,3.38443380272861,3.42421931651469,NA,3.97639218411812,4.2324529123973,4.34288002870336,3.81257294221987,3.5184146660874,5.90324472674412,4.92101638083533,3.33708817126941,NA,NA,3.27685786136454,3.27193681136328,3.36015139090642,NA,3.81566246276522,4.11796807267398,4.0418940628741,3.62270242987616,3.97185609153047,3.98886743930161,4.27002880168065,3.24657501913201,5.30468086929864,4.30179324249665,6.58607591433833,5.59376982112275,4.27212919971552,4.39259688251313,3.3014952191838,3.0549778248933,3.32850133255182,2.80922988403078,3.08082857605206,2.55274732386753,2.50514985099794,2.75653625028798,2.96041732258744,NA,2.52017145156318,2.39536453585082,2.28865776666427,NA,2.25085604556232,2.73725895335546,1.88543395464982,2.76770676774259,NA,1.75469656821343,0,2.45603079274788,2.31914599445004,2.72500473842547,2.1912636688578,NA,3.08008786660739,2.56204009017206,2.53146489805441,2.48620960595802,2.00674928822181,2.15940801506052,2.16156255123996,2.13471978018609,2.41899608220165,2.87613270790471,2.37112874841791,2.23673383400943,2.92265510364216,2.89253893515213,2.89812330895059,2.45813319140039,2.97069424264831,2.68378566182067,2.94759710167177,3.10497584911199,2.56856314889595,3.20594953662918,2.56761948873395,3.11280209924806,NA,3.70856297471589,3.24727800513455,3.70457766185288,4.08447759165105,5.29720015831307,5.11673991779422,4.19497396947772,3.97484543529834,5.05545456072143,5.728490617067,5.47958481109597,NA,4.42069594005344,3.61617949908695,4.71633660798818,3.63703292827726,3.5450580012002,3.29098880002474,3.80051539046904,3.43225959811986,3.22137577935926,3.34228585605481,3.75922531941826,4.02541256547821,4.30214887055586,3.40207078496128,3.74269034158271,3.68727305720825,4.14413418114605,2.9592301279505,3.08465617383458,3.33571456931007,3.588582839162,4.39925248035977,4.29936034813486,2.9485397346025,2.73347936354809,2.98828631234046,3.20222652727996,3.43633520088203,3.16968733889104,3.18746481208913,2.81423477181598,3.22325105706596,3.18704459899028,2.85952138826615,2.93530536422549,3.28041694075826,3.00343189299532,3.18447426487063,3.63291137734889,3.33528766849621,3.31603922929088,2.53643296703316,3.33603675600293,3.43149264546396,3.01218884856165,2.85995463161832,NA,2.4988964265088,2.19097228927274,2.79764575647137,2.65005541103764,2.62963127632966,3.04897792627291,NA,3.30201181801038,3.44366135173417,3.48253284879676,3.30217297660492,3.32188596787519,3.36398058929837,2.88804666120853,2.65470498857533,2.83700719336704,2.92831898410637,3.19357490265276,3.52036837235298,3.47287842338483,3.14068798440654,2.63167112636498,NA,2.87664026151339,NA,3.75369766343056,3.71253652729888,3.24457468246711,3.41312151743449,4.02928309847972,4.10463397459806,3.65125384382024,3.4812327009982,3.12301723746902,3.09918561018466,3.05642763630387,3.19057799942471,3.1417768228492,3.47166795731386,3.79339490208904,3.34544613473126,3.81846831878208,3.35901117815049,3.91438634991188,3.98094666313544,3.40707273035578,3.77954136796566,4.04797508505567,3.62157105702593,2.97109994359811,3.48549564016439,NA,3.71214218235406,NA,6.11927058305679,4.96117602628743,6.22358541552911,6.48483930756906,3.51132922435648,5.10780150090402,NA,3.99215475074965,5.09213475706713,3.78999402944133,3.60028514898852,NA,NA,NA,3.86808448640504,3.79705098630036,3.34671605027297,3.26087568661726,NA,3.12721664571006,4.02229763668569,3.21046907282347,3.59656354281637,3.00482475969847,3.40325812197005,3.6587318759758,3.49974375207015,4.53016766450883,4.86615970359422,3.89454736635831,3.56984825663962,3.58409906338561,NA,3.05030682191132,4.02042013826117,2.98133734748681,NA,2.57264084714018,2.77010304344606,2.97859303623773,2.82225454416084,3.06004048007062,NA,NA,2.80172038705028,3.12726336487646,3.07769850411727,2.92548754390965,3.05412098226656,3.09864928201095,2.73691670915379,2.69637710035291,2.67545543801301,2.80991426252566,2.77660479197407,2.80215872376282,3.297435204144,3.55178763347024,3.50673329432119,3.29434834673801,3.26158475414975,3.5782007199853,3.81374862242385,3.9298253950112,3.73896806650768,3.93952625636805,4.5885596442042,3.77587231746637,4.02716377363836,3.82678164218253,3.84669088145748,4.21873745160447,4.13135862077164,4.4530686250333,4.16086629028249,4.11653060415178,5.00986294341873,4.34037807956884,3.75455583002994,3.89448383555097,3.99051683809723,NA,5.10027343818571,4.77007286873741,5.22410971731831,4.12617031274441,3.79427368097905,NA,4.29545959572743,3.75875530028499,3.63494347089074,4.59709359748235,4.74074791292481,4.48207040660642,3.20328613155051,NA,4.31439369065821,4.65180603073106,4.33371721230753,6.22692049806766,4.20957333588739,4.13663445321903,5.26691770700628,4.14533256576039,5.72063363285818,5.02735035566088,3.17782965327268,4.17076625107855,3.79910999254622,3.81589071592983,3.67710029450736,4.06131370163555,4.96304893362791,4.39168119911815,4.43875108560925,4.83031648327926,4.33617561979835,4.28499496079108,3.83979655587752,2.68413780588234,2.88476924311052,3.01565119793345,2.79891346998011,2.57455790191047,2.78859069878313,2.6748577600458,2.79872451259158,NA,2.63563814015088,2.8912400938641,5.47565400617562,2.8447990000148,2.78189824284586,2.72824053291041,3.0363234170853,2.80166748890491,NA,3.02164213989175,3.4075995443009,NA,3.16174148357072,3.16247271910954,3.25740898523272,3.38352082259073,3.32959644043993,3.45718361877005,3.6697548006008,3.45247972144147,3.29962027564549,4.2630932062115,3.75063212254673,3.56378703799281,4.01343377405557,4.18251428372314,4.09256142500988,4.2574226194046,4.36826231820202,4.65258553389187,4.54747580394095,3.90448773117211,NA,3.23505551285937,4.49085446685836,4.32945268974181,5.42357666727381,6.19141737370169,4.50299118951946,5.25471352266801,5.30937975757518,NA,4.12991938258944,4.6678491971886,4.5885313997461,4.30916154903202,3.73547470090866,NA,5.21931754410058,4.7963348048814,NA,4.63115118337198,4.27654953758297,4.16122627281578,4.87291139085205,4.32844682021888,5.06928132159674,4.01775074466674,3.54769324626743,4.23530880722485,4.54276920944559,4.00997434065634,3.95417615935279,3.95533811927473,3.81840430025618,3.96124905935611,2.63564864127353,4.31945067328382,3.6269742285143,3.31946472214788,4.70087691813544,4.97179596175443,4.86275732147532,4.80145377351047,4.08448534438904,4.51397616559157,3.47236981386034,4.08256381909015,3.63071349421336,2.95493645007736,3.71756834944415,3.00911703801479,2.65286400496598,2.81302046335842,2.5181043041488,2.51280963078226,2.68677695438247,2.8025753892777,2.14809841442434,2.36804071416202,NA,2.30347531507945,2.27169513317776,2.24385170191157,2.22854607227723,2.63970023660573,2.37868523462435
NA,NA,4.0168119911827,NA,3.74140299884007,3.7821339354517,3.33965293377883,4.54662172366284,4.8498514188221,3.97770518263906,5.1373413129109,5.38668236951359,3.37600904406228,4.46347850522404,NA,3.71740581317803,4.76613788380283,4.30582785192522,4.28247177311184,4.52479840195824,3.72342217199692,4.4683713695389,4.81581626343594,3.43474721170557,3.92498218639075,4.23410828956725,NA,4.20627133369436,3.88731663992303,4.32613557676451,3.42973479272091,3.78072792522672,3.87213552114274,4.08855889159869,3.82808082182005,NA,NA,3.66387985025038,3.94753674267128,4.01542358502973,3.81186115628363,3.59872013646524,3.90437531099931,3.97915681824466,4.42032600845073,4.10419705548915,5.53805536253728,4.33463491953621,NA,4.18968932518491,5.64454082794662,4.933862303867,4.75099746281426,6.41046095245715,8.19322474699086,8.73935710983046,6.12770003159964,7.29813692526384,6.19522068066179,6.12239988354709,6.82395734484035,6.73754177667862,5.90003871004301,5.28571431647026,5.75730656558224,5.00999262413662,6.00429579574891,4.26009647150471,4.70378033497845,3.60268433382018,3.77470377141369,3.74926317507694,2.99710755469525,2.88317552645016,2.65657615012575,2.70139172317758,3.01935645846391,3.2348897191814,3.03001533258992,2.84661989272748,NA,2.6809718729727,3.03371536378882,NA,3.13872399535631,3.40679788269178,2.93084489295105,2.847491078864,3.22631779711194,2.79154134321206,3.15843739155796,2.78340059552545,NA,3.05925806943715,2.88783748562827,3.01382764692718,3.8022824719982,3.64132094633901,3.22394230870695,3.00944751453533,4.15324220779891,3.3462227370101,3.52706623937498,3.44315183807534,NA,NA,3.27885999380888,4.63445663167839,4.90796813442643,4.56156693611981,3.6203360308327,4.23955299797763,4.14818835733511,5.070822461665,3.73149565930754,4.34974628769136,4.02781055671779,3.54341511049826,4.31610306265757,4.47490098649755,NA,3.81136905782571,3.85644611192695,3.91979943101242,3.60509028668182,3.29747605793079,4.03114332381094,3.87917797960782,3.80083440525272,NA,4.49264764416071,4.85957130496467,4.96103808652922,4.5404625277187,4.19122863700906,6.37770810433708,5.45264388739455,3.87802561161418,NA,NA,3.4155911830449,3.87567813302668,3.75276111179507,NA,4.41905393796875,4.6591914057121,4.52500782993324,4.02453240433334,4.48416359147721,4.54270699778019,4.80190492865041,3.78850642107573,5.47626671065548,4.79230252539781,7.02868429728495,6.12139030345328,4.74834076609774,5.01317057932605,3.79496795802595,3.2334360117222,3.43943427300406,3.37573467927272,3.77995530301817,2.7936358424201,3.14517622077465,2.68860658050246,2.82615557924129,NA,3.29288965005655,3.16655441816,3.30007924018878,NA,2.26784798286184,2.62773838072013,2.46981257893325,2.85523596176674,NA,2.49236881183789,2.45603079274788,0,2.26379432749087,2.36311529361668,2.4012911652986,NA,3.31136233920439,3.02935609580123,3.20126244656135,2.69662564587398,2.47803689167642,2.53337771979044,3.00921075920942,2.75309381680124,2.89349194754512,2.9997066252021,2.69061211651578,3.01318988521599,3.31859128365741,3.14995778239886,3.3063692088088,2.98201072048437,3.53046428145426,3.6128900751147,3.65697324051783,3.99636678390218,3.20641570252095,3.75656275001727,3.16404045869814,3.11557635285281,NA,4.26416104154046,4.18502141309039,4.5046031257778,4.71931322504376,5.86094077463833,5.68361121998214,4.69918055495532,4.56880157201044,5.75390799839393,6.26485100641758,6.27834368022111,NA,5.063827732019,4.18775615933164,5.40413850907735,4.24675355089049,4.18808320090336,3.86027439411983,4.34852611334655,4.06718565254421,3.48329073413756,3.76736441499911,4.03839963468598,4.37988325742199,4.69311478661475,3.40929734647903,3.93573495902727,4.19637058324822,4.28762031185566,3.08333672995206,3.76910500748325,3.83473114801308,3.93274975278837,5.11223538988061,4.87982223090177,3.11123076071522,3.02488130385542,3.62021111582175,3.60187119535431,3.7917692360589,3.64734869120268,3.67407831056737,3.05784031986645,3.61596709424092,3.40920979167559,3.21074977617757,3.41695515813016,3.747652320199,3.67275633659883,3.55397023533261,4.13465256912859,3.23146858613065,3.33145397656207,3.35047147626006,3.30329785812911,3.39142303911952,2.81304274026292,3.00332656806561,NA,2.93514744374914,2.96450649182498,3.04055198321514,2.9405362074866,3.00935991419087,3.33220793174986,NA,3.48713262413033,3.70927894974763,3.3514347831901,3.31780176461404,3.48674473243936,3.45487566246223,3.25368353469465,2.80247417565516,2.88216685899854,3.02999938956333,3.08935944813807,3.7071241470157,3.74353307937194,3.56106712638558,2.84430277961587,NA,3.36412313972534,NA,4.16853047028169,4.25514226164155,3.72625449140736,3.82101292486326,4.5147806592263,4.65062448757338,4.15663041069552,4.05728881830111,3.6644207032332,3.59237767440819,3.47364240058419,3.49476413037592,3.40241134288445,3.91165105387093,4.30963454004223,3.86483940887706,4.24110160093543,3.7007645371647,4.203934287956,4.34853596437858,4.00783555110408,4.35146723865702,4.47722524302628,4.16924065672784,3.48188180418022,4.0203731004491,NA,4.23977723206989,NA,6.60916064201265,5.32568474719116,6.6477800667712,6.95374306713943,4.10420150940294,5.70511781235373,NA,4.51040527820091,5.50881714149464,4.54050965332363,4.42884521276811,NA,NA,NA,4.51357496914956,4.30615983146706,3.84331636747385,3.71671096338446,NA,3.63919569453807,4.46941146192305,3.63785529726616,4.03271728468456,3.39807528004857,3.94722113274073,4.1403298663375,4.18958340577718,5.1936546349592,5.30786189872903,4.06175497165237,4.24421162792598,4.19260337009474,NA,3.36634402957669,4.37574462809745,3.5507722278709,NA,2.96868744489067,3.21828282944389,3.33291887165626,3.13269495513796,3.24843494545937,NA,NA,3.19295372971351,3.26775145654993,3.23000790995873,3.0856543689682,3.20036105711957,3.64359756286118,3.29065745411029,3.26714004345122,3.08579790811889,3.20203271404156,3.08577171324358,3.20774658913271,3.7700253752854,3.84371458087604,3.88207422183961,3.86879966853032,3.72828358940921,3.96554157735391,4.40071058150878,4.5366459968553,4.34352349299344,4.42903894251684,5.02031760709942,4.36847585300587,4.59183108276774,4.63279198083979,4.42470244839839,4.67558510292123,4.61109100500637,4.94983303523929,4.56348747467067,4.56400330045096,5.53842458715857,4.84208598295851,4.25504958825001,4.36673927883242,4.53240902457637,NA,5.60006456094913,5.31931375691217,5.69826696947475,4.70226796947995,4.41468381735809,NA,4.85716126283405,4.37893977551922,4.29423481221044,5.14367555454159,5.23126687231902,5.00573114165625,3.77628448314861,NA,4.95138932434963,5.20803418583983,4.89332009828954,6.67286735116466,4.78888786312196,4.72295232149014,5.77205521372234,4.72164009348062,6.18899129553778,5.5013832502868,3.79874792083306,4.82936413711607,4.36540148953405,4.40700573834423,4.25630929612886,4.60914922386587,5.45468227833976,4.91617675175572,4.97919488114073,5.36275583644718,4.98400229074546,4.76559120037038,4.39657559641976,3.3206733420903,3.53331837602919,3.63678212586887,3.23806416123549,2.99197925229646,3.32077736551287,3.11819548173142,3.31661650160671,NA,3.16381811604351,3.39370557974291,5.96706305216534,3.04296812023594,3.21423465085617,3.19652989248585,3.58205435077674,2.98198447927335,NA,3.44289516631379,3.78267585869544,NA,3.40367036932656,3.31895703599741,3.34511978155285,3.66824439304608,3.53426105760669,3.84055021280621,4.0179022078131,3.81777788712624,3.6208063156358,4.799356358622,4.30937233868568,4.12163784232117,4.5940737489018,4.7228531549387,4.65107865612015,4.85573755303732,4.97086862874462,5.25753039540531,5.11509667517807,4.45435900040942,NA,3.54509135487582,4.91394730191637,4.88244452806187,5.89314921583281,6.590451562843,4.98614613447125,5.64803438157556,5.78370877455927,NA,4.58511908053069,5.08209094383843,5.05401203871535,4.81492294760121,4.23007999094857,NA,5.54420972157338,5.11823282703497,NA,5.16491392228412,4.7792414780473,4.68263167270058,5.3885220659046,4.85191214607641,5.65071028068833,4.63474050124195,4.2294169222822,4.88352626526559,5.20113192083939,4.75465624250941,4.69488405692831,4.63926655335204,4.41704665872026,4.54396170472351,3.11629431978332,4.85180222907424,4.25044807739635,4.05206538960993,5.2796689832368,5.52164630210222,5.47045159564177,5.35020473244176,4.66596881787803,5.01683205632387,4.15185988104402,4.70783374526731,4.17318571563845,3.5893756654573,4.28366448059667,3.63042680490589,3.26685117116938,3.50452839111902,3.15085303296736,2.93206192763423,3.24665143571421,3.42172895846854,2.78892584647683,2.98694441547272,NA,2.9332386046399,2.82610160037598,2.67577489748984,2.68860207327797,3.11471179104392,2.95609714745059
NA,NA,3.92537579942314,NA,3.49632369572343,3.62299499358282,3.25578232635123,4.29546215049733,4.63293601544848,3.65477844293194,4.86344747913485,5.0839252879083,3.29165258922642,4.19037941831893,NA,3.39509856139852,4.3777405176194,3.92503181771399,3.5875315992315,4.15651078222021,3.39322609407213,4.36471082955952,4.65397468315403,3.25742359136176,3.63192959603614,4.03731697071646,NA,4.19556361223335,3.82236233118151,4.16718437492138,3.08665383579237,3.62625029470767,3.7595038605689,3.95321770182919,3.78478831259333,NA,NA,3.51072767992756,3.76363068671769,3.84468315399842,3.6755834996739,3.43738748209412,3.82138056758669,3.95057940907046,4.28391197029837,3.95360368702889,5.29220762475369,4.10082226965096,NA,4.26954084947211,5.51833190722237,4.78323698707004,4.62601939435354,6.50027233902609,8.12733038045235,8.64790188445996,6.06371779499496,7.18377384552346,6.07982025729368,6.06092694112609,6.75590194609024,6.66939757891668,5.72378828539753,5.30890834962267,5.65964555083518,5.02089846220319,5.85856024414586,4.12571893950382,4.75931535358378,3.67177308224926,3.81420337365201,3.83291054927752,2.78480305207071,3.00813738539303,2.68846640126321,2.90162406674019,3.08551399152469,3.33303590182519,2.98134733105263,2.8378569029089,NA,2.58715732533931,3.10002894026693,NA,3.20767549604249,3.47391241212883,2.86886660219935,2.68328876778722,3.18988315822152,2.50402961006821,2.94507610732932,2.7101736690804,NA,2.67968677264586,2.86694390372229,2.84691772967166,3.78129398276883,3.58083889309858,2.87753396944865,2.56247113794057,3.83970582466046,3.18598462963197,3.26304185418555,3.05324910875019,NA,NA,2.78062022765257,3.99148349490155,4.37931944429061,4.13304788136752,3.37185317960323,3.90157519537506,3.88703519928411,4.93676741225352,3.40481966457207,4.07601448435075,3.78598134481005,3.22843172240181,3.99207388759598,4.18701920695674,NA,3.67571698472619,3.70995374837004,3.71233995977367,3.604485573837,3.20788316776984,4.03588686378336,3.67009519138535,3.66241322882023,NA,4.26555041208815,4.61594010902334,4.80451427832244,4.31342063669272,4.12396286841908,6.21611663477844,5.22532250402195,3.68637287290709,NA,NA,3.59948864563054,3.74801631884148,3.8172021594918,NA,4.3955843871135,4.54234623370501,4.30596053284583,4.07746105100756,4.45603450866518,4.38177279966243,4.69930752900762,3.59741778636685,5.27028055803598,4.72108025746653,6.91810111407364,5.78269670025628,4.54787629410968,4.74041944220455,3.71262288664289,3.49681448854767,3.65914216950378,3.27917419060734,3.56846093689505,2.68826031926394,3.01970030565338,2.51525103223237,2.61885590117057,NA,3.36955621958389,2.95350517395247,2.98474351563978,NA,2.66600434976834,2.25106572525612,2.36302234429287,2.6245596095746,NA,2.04906553255816,2.31914599445004,2.26379432749087,0,1.86600878850146,2.20996859194527,NA,2.81328707617547,2.53486239320087,2.93466800146839,2.54880847475939,2.32386303536911,2.45940732671236,2.79519244430385,2.51117847452565,2.76949593640635,2.6854463876841,2.82778672474697,2.94299894695551,3.06741539819348,3.08568144954458,3.10694309931061,2.84078002228441,3.39026578750803,3.44560398921495,3.55106760734599,3.65939169142567,3.06417553074216,3.83118197123348,2.71281251176333,2.68040982608947,NA,4.17506911276812,3.90024837852982,4.19954693493264,4.41699745100926,5.76787758200955,5.5831985991197,4.75419349040081,4.43536558549645,5.47883034302767,6.0717930561718,6.03837167717484,NA,4.80331755437274,3.89249805509585,5.16862275797125,4.08186993542695,4.00442643030209,3.66150647811709,4.22932378045163,3.83088370827926,3.6092311347488,3.64392769047046,4.06366556632582,4.42401030937309,4.71805699825945,3.29183323708665,3.92985215605333,4.02335301330039,4.05445794086931,3.40758001080507,3.74209850675797,3.44706460652043,4.26793962332738,4.90830630219349,4.88894794079663,3.03375090113113,2.90994569004798,3.49289050342317,3.77641608565809,4.07597547355696,3.81284958173158,3.69253812495759,3.07812754810421,3.74965829570352,3.39544562235077,3.27184263866386,3.33658479127304,3.78032117274838,3.45302042268329,3.4411072642533,3.86359799482095,3.13024116164466,3.2503248203521,3.26780060769277,3.15267148896992,3.10090811815376,2.59493212357621,2.78708210440524,NA,2.74426150251979,2.94677329471509,3.3795488145011,2.94329215073381,2.70355504277886,3.0583469801239,NA,3.34709574296021,3.21661636193365,2.78894088396046,2.62185169838697,2.82618105527642,2.94949980276245,3.15702044585469,2.56856156657021,2.6229263347741,2.5074521305198,2.57078015770591,3.24909077088229,3.62241538021177,3.28147308361725,2.6279133746416,NA,3.01332336936458,NA,3.90071334658768,3.92917126942221,3.57698624585981,3.61293611711207,4.24099188792957,4.36151184019024,4.0298320651384,3.67518040583474,3.44284248838649,3.40117844710249,3.29335282151163,3.25865317022507,3.12436177516691,3.61061199838504,4.0932955344838,3.68646980107155,4.07378460038215,3.61310717583138,4.26432455946863,4.38272639896699,3.92138735932023,4.0962049109852,4.43203335700767,4.02260713930914,3.41612517463497,3.86171492943617,NA,4.0773016571928,NA,6.36033551817224,5.15774042687247,6.59879958583142,6.77025064329179,3.85281298383615,5.50736179482019,NA,4.19688716562713,5.17953550874338,4.20911159689177,4.15924257700172,NA,NA,NA,4.44622792053627,4.18933717440871,3.77396737063804,3.67337081692969,NA,3.54132429047446,4.4298722609119,3.57417667046923,4.07417055503182,3.4108195175147,3.71027232529407,3.82405627746319,4.08672659063608,4.98907133547338,5.24768592290947,3.98968879860146,3.90963657108643,3.98626679601185,NA,3.30977047387318,4.32726721910774,3.50028993116672,NA,2.86095174355278,3.14792184010587,3.08827232495341,2.98368598643741,2.96926577395514,NA,NA,2.8685694643897,2.98935114940822,2.97750517259344,2.78628974677057,3.09106408093483,3.64505176000754,3.08333799508986,2.98554168614141,3.15193561256717,3.0367895676719,2.94382155624241,3.1511031941548,3.69325497827523,3.80050657709011,3.68713678594498,3.68850186556369,3.41732016871291,3.82577554053467,4.17715796129641,4.32038566080505,4.13827692882345,4.17149506240222,4.83804130843228,4.15461767092509,4.40383179399128,4.42678952735012,4.08978021860522,4.46399199081268,4.38187592860128,4.70793611778791,4.60261012870872,4.35515927121195,5.44527884237339,4.76312854102198,4.17556109843286,4.20211458005769,4.4545454859772,NA,5.52372534682839,5.15704064599068,5.5832220794283,4.62843258467713,4.37480563866146,NA,4.71167461542957,4.27428744674025,4.22652348953328,5.09045295333808,5.14521319647202,5.00027367244259,3.79296860010084,NA,4.92010445249898,5.18574172580652,4.93987074771451,6.47727819196399,4.66066159273171,4.76539372830835,5.69191966924177,4.73186848922603,6.14383280373004,5.4601097728991,3.76996504856319,4.85032052536558,4.49293388158472,4.44152226539669,4.30088014782413,4.5644635150339,5.30526084984163,4.84334997491459,4.93104072563002,5.14302288392836,4.59846130947469,4.58466816636676,4.23114040472175,3.43949389719221,3.448053414609,3.46409955221212,3.01559280906639,3.10089138292164,3.27861984554802,3.10515381683896,3.3952895157117,NA,3.18367334213932,3.31176117333087,5.74297801447279,3.00355836923286,3.12161529628115,3.07170911786875,3.40189839369931,2.93965399066327,NA,3.25789616498227,3.52385777367438,NA,3.29346507375751,3.17545029800787,3.06742547916157,3.48613843803624,3.2866193049205,3.57592512403929,3.75142162779004,3.54881344213073,3.44288742582772,4.59617309127829,4.10311556185597,3.90433553337018,4.32394070389891,4.4788554011639,4.48527797102196,4.71655474381216,4.83620468221472,5.07903793051094,4.72160525956281,4.28437674184088,NA,3.24401521304569,4.67488354569086,4.73244571893426,5.70364551086658,6.44112814116388,4.83547407731274,5.39382252387929,5.57298808031005,NA,4.49546083907185,5.09600563646288,5.0411570389288,4.79967533321042,4.27820232486683,NA,5.45344060331751,5.07117874802968,NA,5.01691419396403,4.63701870065007,4.59477609773953,5.21168754899969,4.67634616829401,5.63195705516201,4.50850909879808,4.23943584713925,4.90715306350315,5.21055612047747,4.70163650901576,4.67722234178343,4.54130916867361,4.32848000716852,4.46408904661135,3.34180922824777,4.61794731830702,4.01897791733692,4.09534460367184,5.11675728396947,5.34596767473528,5.35043374672449,5.22894418283902,4.54210787160025,4.89841587990308,3.9852144834588,4.54587081485141,4.11550528980686,3.5871249103333,4.15604534336833,3.56259434795951,3.25692490568472,3.37965734939961,3.01969028879077,2.95724370165057,3.09387356374905,3.32783229123746,2.98323109851547,2.94108237510168,NA,2.80319215467791,2.6204728606115,2.52336028926201,2.57088486043466,3.08652129717874,3.04184649897088
NA,NA,4.16968406505411,NA,3.5529524483819,3.88179265950578,3.39989841657575,4.64291075807335,4.92084596351896,3.95286192109201,5.19798022135449,5.42337734575167,3.42959728554625,4.54756004172773,NA,3.68500041894597,4.77807390147955,4.2544409451381,3.88164814666527,4.55176540968212,3.85311774331299,4.52941975406947,4.96270147626985,3.58236005571746,4.00695630512031,4.40733606746169,NA,4.53375106881793,4.17558514533637,4.52665978217116,3.58431233447676,4.00139662680957,4.1675590141064,4.40391953504794,4.17386836547868,NA,NA,4.01501364839283,4.27304128033471,4.32324081454227,4.17438591104313,3.98541849191281,4.38059620943257,4.17588566209939,4.70318841157895,4.37819759292196,5.52753504099284,4.39629697885665,NA,4.47388930701994,5.68864424109247,5.06232518753389,4.95552275621532,6.71065154807538,8.34924591488744,8.89218258675834,6.36211970558027,7.39710219461493,6.34418004629518,6.33286407786899,7.07279742580137,6.98662013141019,6.10780608714187,5.5934254065297,5.90050636770054,5.16453259381291,5.98852590448153,4.14844327801917,4.78969651741677,3.84619586370209,3.90677174880794,3.74872121548185,3.04977157247553,2.72756442499099,2.6413431401425,3.01063607857077,3.25145313786615,3.24807908683322,3.09482775903158,2.72009192804575,NA,2.72199437183329,3.24016462312019,NA,3.18008168642677,3.45320538588893,2.87772264119073,2.94456605903414,3.39889277907833,2.84881359568015,3.22713046023071,2.86728058545464,NA,2.89382220811633,2.87357577754895,3.11787121489168,3.64477613845226,3.3856678393132,3.10065818710567,2.82920390151644,4.08591000505607,3.20970862211785,3.54144980848751,3.37778055611938,NA,NA,3.12469488453138,4.41650413540089,4.72926247354644,4.43713343481778,3.68436324571101,4.21109650420113,4.24517999127278,5.2633035689459,3.77787073968931,4.5574465806704,4.06744262117455,3.74035056347871,4.40159213964237,4.53624797996742,NA,3.66237916973583,3.93134522052619,3.89842227157721,3.40521793201639,3.30457423502607,4.00398669274924,3.91469042476565,3.93463949251557,NA,4.68979835307591,5.04253783615106,5.07901077993143,4.72351847382733,4.42678776572613,6.53495925690661,5.49372288260181,3.86100726903683,NA,NA,3.89380736901638,4.13477880861246,4.02632137657171,NA,4.74297221659141,4.74424384218162,4.57612463926685,4.24094081158761,4.8525946895606,4.71920900476043,4.83110809001698,3.90641411232638,5.63055026498883,4.96107139927426,7.2061314855381,6.15798745051625,4.82617795967011,4.96241145689661,4.02249985825141,3.69720456739763,3.31729129105316,3.37278624455546,3.89383077005352,2.73775556517496,3.19123455137094,2.66656112001872,2.49877954884175,NA,3.21543452603778,3.01930183302476,3.0637729895346,NA,2.42836483925648,2.21962186157974,2.52222071371897,2.51693948607585,NA,2.13068390508745,2.72500473842547,2.36311529361668,1.86600878850146,0,2.17375439922641,NA,3.39616918606242,2.46031472810675,2.71088028312189,2.67952741089745,2.51871299344823,2.66367363726546,2.95243220153002,2.38524399535588,2.79070780957085,2.34797426661135,2.77141157263209,2.79134630136067,2.96295787462641,3.07766316147727,3.0952561430181,2.67964227644478,3.32699643883126,3.48928522125798,3.70857447388982,3.97964209943868,3.61979391592907,3.79547213014772,2.99350675151644,2.95601195698967,NA,4.41641886046142,4.21749557350099,4.75611018094304,4.98915171160565,6.1466262698409,5.95419035925829,5.0905862607643,4.72431810831695,5.75229853093042,6.49075992420607,6.41324105726504,NA,5.14530776257219,4.27065326278132,5.26823958513426,4.25425923605069,4.22127064307642,3.76178066272402,4.43071301751729,4.09351630356874,3.67984873969693,3.92366109844808,4.23848944809791,4.6865343909688,4.9165270312374,3.56134623431302,3.91945864092104,4.25452201502836,4.38592263887616,3.62293026928594,4.05375725264517,3.87617149861476,4.43991823791406,5.1199048013776,5.01507735915538,3.43494747556704,3.02982529626869,3.63727789494682,3.55585472769652,4.16647898756032,4.09512574524587,3.95935810259385,3.20426189610402,3.58073031233044,3.55272206536522,3.20085715127363,3.48092294144751,3.85592635456341,3.70135251043341,3.68014554832891,4.06532091296225,3.08968201515765,3.39853918527499,3.39232268793514,3.06655474616463,3.20021231631226,2.99953091359922,3.0602570947886,NA,3.13429036980979,2.96234779357604,3.04323447857391,2.94381054979189,2.87129324420256,3.35898203954242,NA,3.42926351854458,3.62777815540851,3.30188540688091,3.24010096383323,3.41202467755412,3.36122889128103,3.29195611966492,2.98271200411288,2.84623374020481,2.97039640533234,2.917643103293,3.46686719765267,3.72111384040721,3.80760115369338,3.09632494874031,NA,3.40981826731972,NA,4.3229964067941,4.37911484549054,4.13503868445171,4.16271822990264,4.36865506270672,4.80254091473047,4.47218132917999,4.1319879156033,3.84247771194331,3.70764579170391,3.67322304653751,3.55843080310065,3.45633069032874,3.95264553712515,4.60448412408455,3.97294560471442,4.29678803659018,3.84517920694054,4.29849460896071,4.45674733794539,4.35873014985277,4.53318628856037,4.68967554514458,4.33645295233601,3.89245512951503,4.05816802897582,NA,4.4281915991806,NA,6.70272884032914,5.38069288630751,6.82921722155748,6.98612212462737,4.26216189667052,5.82471032114842,NA,4.63101589979175,5.57552599340212,4.66382105232944,4.5268610935472,NA,NA,NA,4.8459717307565,4.31451987135692,4.06094395082553,3.84777874903023,NA,3.86383113112037,4.68620624966672,3.79215044217748,4.25292409722239,3.47431338607574,3.97093138599446,4.10975989906636,4.39991301451213,5.31910726488425,5.4732618496398,4.16285391813595,4.22229579731062,4.48742131664709,NA,3.60093664358191,4.43188703440492,3.83532931014815,NA,3.2391190547368,3.5059746747175,3.37597352527744,3.26050748461763,3.19591697288554,NA,NA,3.22178480508274,3.48580630514631,3.4141339185484,3.24924767668807,3.35833650211856,3.7199013364713,3.46568971049529,3.22519371374287,3.09044541919589,3.20576464394839,3.1700506173429,3.33124354498287,4.02251012452885,3.96261711098891,3.87508173898969,4.04483660834246,3.9561009677699,4.2347758965624,4.67729573777251,4.7917742491901,4.65244454102328,4.63418340854054,5.18537740770441,4.60342649879093,4.77419780908319,4.82067838238884,4.67479887992467,5.00342371429122,4.80618762015147,5.21764393771133,4.94484276589918,4.81404915604246,5.82586090415828,5.0698310861311,4.62966511460643,4.67337037127363,4.88124799319197,NA,5.96167231152555,5.50409450231122,5.92736914546196,4.95927891741619,4.68169606943958,NA,5.07718633812968,4.61846426646328,4.64834874060752,5.47780195290115,5.53768913705993,5.34748966006777,4.26184110365251,NA,5.3185682650922,5.52473302408677,5.22225665220403,6.82826042053527,5.06428543812501,5.07552937884269,6.00786526679016,5.08041655301779,6.44185894967409,5.79030399506976,4.24537043923097,5.20888927800302,4.75386675333624,4.77131793572669,4.65352351217557,4.98196086128558,5.68639949843136,5.22130184968984,5.28672442865092,5.62266077444405,5.13537393407578,5.12544375954085,4.75680486636854,3.67383406720959,3.88854097561444,3.93853285960619,3.52453534407745,3.32451594813729,3.73016909552477,3.49399057470381,3.55918883744049,NA,3.47896204926633,3.73572364377015,6.11993565911004,3.26181055435832,3.46834402279825,3.45945970804716,3.87191809279093,3.36384701486925,NA,3.67805290323387,4.00383195587603,NA,3.80944265649794,3.61690032205231,3.54075020342439,4.00399919422885,3.85962645187543,4.03519289138509,4.26273182391345,4.06429003864776,3.95983633475166,4.97188306043487,4.52213446470062,4.29476969868349,4.74233289481106,4.93155168585103,4.89698180675199,5.10457601376061,5.2120158335872,5.54440196401662,5.19979943719196,4.72750969195295,NA,3.54480011633828,5.06236122247368,5.08149271885776,6.17041504408793,6.86729072638398,5.26506106322026,5.8919001318106,6.03754402709343,NA,4.92737048845302,5.45734056371219,5.40366045249529,5.19614671991162,4.66921494633412,NA,5.83543655476021,5.46053429826075,NA,5.43891461250461,5.07336370199601,5.00007164146683,5.59390375745771,5.05348087858012,6.02542986528773,4.89294582272261,4.61822358484001,5.23380182160571,5.58598402414939,5.14364013034537,5.08097577805024,5.01387146535471,4.79453946805793,4.89969980087066,3.46209990861038,5.1021636442861,4.49412818444935,4.40545668253557,5.51045332240494,5.7168636127566,5.757282396817,5.6593786115506,5.01482991237609,5.28254361483905,4.47285000247635,5.02069186605685,4.61951732780369,4.01215866409927,4.65339030028308,4.04551451478879,3.71882991661372,3.91901189583332,3.50301252485939,3.34020661776385,3.63889888084583,3.83934656516454,3.18401750393034,3.35183403196819,NA,3.31613154089914,3.23200805208307,3.08968436896638,3.06293996786607,3.53623113867858,3.3816596669457
NA,NA,3.69349216444974,NA,3.24073927870274,3.56771821195117,3.04600803356192,4.34577825567434,4.68797684390529,3.61336428113576,4.76532822625913,4.93152567448304,2.92977722121955,4.08919136060325,NA,3.43703346308613,4.37873181647339,3.91331985664015,3.75931899249334,4.10134963397864,3.48773607930095,4.39470058995487,4.74735994061707,3.19147358434525,3.80195389269734,4.09054327453989,NA,4.09378765106462,3.80952864029176,4.14429528693389,3.23799578190298,3.67847049452828,3.82046289818982,3.93989940275128,3.683652397867,NA,NA,3.47297694620815,3.86128103767498,3.8934924804662,3.74470826840203,3.44063059142014,3.78616452594172,4.01500074619649,4.19729515870902,3.80689546804691,5.30965976353484,3.97472940035952,NA,4.03720812793169,5.40758407463551,4.69873658422572,4.5177528081154,6.17691342845496,8.02650499432441,8.61711343788363,6.00014827613991,7.12933341927251,5.98434183461866,5.95650631303289,6.68334159389061,6.57252301795343,5.7571260768249,5.09905327624728,5.40291299754811,4.80151684490414,5.7864787199174,4.01226255009738,4.46833731573392,3.31475565054145,3.49340069890345,3.27856926811508,2.64870756662821,2.91935268902962,2.52922984902866,2.38544116173954,2.62337397642014,3.02930188313682,2.81920693364143,2.57832067285789,NA,2.3727301206236,2.75295994787386,NA,2.86311455591564,2.98868326874508,2.62480144233563,2.59967660717173,2.75742265589454,2.44671906864472,2.81915162084844,2.43248877268495,NA,2.45740116682079,2.35026857038558,2.71588647877935,3.35584845910147,3.03212842205879,2.84142350231296,2.67007203617983,3.44267195087256,2.70466346613245,3.23820292848812,3.03905061334094,NA,NA,3.11455066908508,4.23974811304221,4.3488385513858,4.14267211218182,3.34717578173125,4.05567163948816,3.95790619680199,4.81251287960372,3.48288479751624,4.29550522115521,3.90938214085095,3.37514861236607,4.12144039709058,4.39996757398855,NA,3.75164465242536,3.64347897273108,3.35799247201309,3.44515221093549,3.13759986928764,3.83046514192038,3.56885443180879,3.64152370585859,NA,4.17910482634381,4.59259868364001,4.61848960966469,4.3305983460451,3.94903475469625,6.14267257512488,5.17579892341258,3.61888083861231,NA,NA,3.55506056662335,3.76053155039442,3.7244478009386,NA,4.35690892317338,4.55366589237036,4.3478772117439,3.98477478578287,4.34457825527887,4.24866834837231,4.5357367485953,3.45101055152418,5.3569594816418,4.62829921095296,6.84074981645631,5.88837590100563,4.63159333096823,4.88411031002244,3.69599314509947,3.12691244877947,3.43411059443028,3.13859988118391,3.60967978663707,2.62529184861454,3.00690274688228,2.777398770868,2.64815316555369,NA,2.71596064248426,2.31794999625533,2.86572248750298,NA,2.3222232570353,2.49044024790702,2.25275138785908,2.38967986646746,NA,1.97070038275648,2.1912636688578,2.4012911652986,2.20996859194527,2.17375439922641,0,NA,2.58731863336716,2.15690582046257,2.28664540585477,2.36383198545197,1.86668008929253,1.73952911389997,2.40856359824924,2.05503240052258,2.28029283535045,2.58834158709661,1.98240443283486,2.53904235890413,2.764538208178,2.80700291425633,2.95167286301113,2.51101375395204,3.08369299456621,3.22627608676305,3.41614981528222,3.67994076561489,2.80063917155128,3.45008230356964,2.83865987871394,2.90426697738075,NA,3.68980555883277,3.76478299017388,4.23842560802758,4.49097431715706,5.64541103805782,5.41074183500323,4.54517179488331,4.28119969566386,5.41291294237367,5.99453976874677,5.98513366233427,NA,4.59448266779938,3.81997371442305,4.89196784145347,3.94869924857746,3.92323520212475,3.49706221226442,4.03490274438021,3.69076090312246,3.47881076195066,3.58745030380872,4.13320999874271,4.4342759680504,4.6745296968254,3.47788239181647,4.01723486750322,4.02192658269364,4.24138321723865,3.2146955706481,3.56226003399605,3.55215821714816,3.95829461403453,4.82573302352094,4.62963812255532,3.17284708505015,2.64571531105469,3.38928026547236,3.43272361985897,3.5589795659951,3.48530048389098,3.50477847360874,2.96338153928253,3.59297005727335,3.48533861188225,3.00643061904975,3.08077523838837,3.43644512900685,3.33842871737626,3.38967617767821,3.67977379313831,3.40281124219363,3.46953641496081,2.92001665114514,2.99670798901833,3.19505415175966,2.77181471415294,2.85068167933939,NA,2.81883288940067,2.56292900502972,2.90454516475491,2.72968687483195,2.61882232006641,2.68950902194839,NA,3.03298176123513,3.38478375277391,3.14954744803936,3.0230126212111,3.106442662056,2.91626228682449,2.83740835126139,2.5693260653615,2.61352148642173,2.77908163645038,2.80727905882911,3.39854640250034,3.28802007278645,3.07349023736034,2.72341905580124,NA,3.05321425981824,NA,3.74436462789144,3.7802278814746,3.48544273484416,3.44011964873667,4.23666267484054,4.33769072077179,3.97694240995421,3.80893467754142,3.48141874053391,3.4076638472706,3.17161659414803,3.38923212947516,3.21395886102431,3.70298997622151,4.10996034795617,3.74575015836054,4.04325702538173,3.64897148285082,4.29228604496862,4.30621829021293,3.8059383213915,4.05934687769636,4.3180350994753,4.01196318804123,3.44205618337125,3.88144568842261,NA,3.89636838316465,NA,6.29385661190596,5.18735793021399,6.46770288374518,6.76164025202166,3.83322190052639,5.42807811594837,NA,4.11656470642742,5.24725035834605,4.2050251834019,4.07383583983603,NA,NA,NA,4.20580856358416,3.98341624513461,3.59146070868473,3.64313664072317,NA,3.54339443222407,4.35966850264767,3.53772498599252,3.9478581272505,3.24412236954635,3.71558484617321,3.78768473458754,3.73741645135458,4.6980133234687,5.15227964843731,3.92129642447222,3.61276131366732,3.84174233622826,NA,3.13548788157737,4.09385303747432,3.28325204172396,NA,2.59413391120342,3.13247044809399,2.87294381084784,2.71473358566322,2.696903066462,NA,NA,2.7286423419508,2.77923385739803,2.82965949216203,2.7936769767693,2.70338205747148,3.11300630670803,2.92383697249054,2.84264177040418,2.79831585395734,2.79725948952208,2.69920961612482,3.02787723796278,3.43112924724349,3.60497669055003,3.62729848484944,3.48794747912275,3.48012424625483,3.80915086921695,4.09037542709476,4.26587321257334,4.07959690188509,4.10858541404818,4.67225552519648,4.04795535423575,4.16789388474814,4.42421278332138,4.18551759281038,4.48878965950879,4.35802751696194,4.79646475201311,4.41595655966185,4.33970140840697,5.38503234311658,4.68207066837725,4.10235816367999,4.17629523793304,4.32514554246775,NA,5.40077536121032,5.09473241056532,5.53449111239952,4.49405384111432,4.26509292331563,NA,4.6530879610584,4.16974439907418,4.15072425322895,5.01106056445788,5.10230177198999,4.87176311065857,3.77614446587076,NA,4.84354632957675,5.08861632322648,4.71548968673993,6.4975079951615,4.6538716021862,4.51078710805128,5.56760166220334,4.56596993225434,6.02093830503785,5.33266886922745,3.72313154751417,4.75277640542066,4.15842603610565,4.1243744614732,4.1354124535055,4.50557773355243,5.28926522264461,4.74490879485597,4.7810754663957,5.12218835419793,4.48771582190999,4.65671891174958,4.19011160075138,3.07169499526206,3.3531318621025,3.42063379738659,3.02422303643907,2.88241040886774,3.10157804606902,2.90488494700463,3.06576264410207,NA,2.96032933868558,3.127191819109,5.64007615086636,2.92874212204471,2.87683826554675,2.91849476066477,3.37837016972306,2.88161546965802,NA,3.16897424011285,3.59796959202622,NA,3.28295965210376,3.23720758978597,3.21745265444934,3.30711765410256,3.30443251527139,3.56530337551478,3.78040395183596,3.49696916257402,3.38694792613934,4.42789377505057,3.96979729199804,3.700218184522,4.17870872344045,4.40500032507899,4.30910827848719,4.49651088223694,4.65265273027245,4.97239134038089,4.74447551184165,4.13559499334366,NA,3.12667318208161,4.53221553540115,4.52756304495564,5.69167376006882,6.43037565215042,4.8227031336457,5.52292328911839,5.6289013452912,NA,4.42384650385914,4.94452723508915,4.87270737336338,4.66638073077655,4.09848263073024,NA,5.4142968655555,4.97993430782311,NA,4.97102448508481,4.60592168853405,4.52130279616745,5.18362583508233,4.64266494992005,5.477095438425,4.49952971547861,4.0569048351244,4.72855441382309,5.0691072102632,4.58531671497035,4.54656516410334,4.46677617169065,4.27504579095373,4.38157291080431,2.90439251031209,4.56695953924807,4.03292119495211,3.77079666342976,4.96739649326546,5.22358496505534,5.18607494335274,5.08189337158946,4.38850343266152,4.72593297228746,3.83039189899682,4.44441119079449,4.05313503754347,3.412022177449,4.01829585830858,3.38680647326291,3.21727978149123,3.29260074703216,2.92304244443747,2.66721831626364,2.88890735724587,2.97423548414035,2.53728685870544,2.63114077465267,NA,2.65415094509303,2.6459426170553,2.48701885133325,2.54673941683567,2.91647866455463,2.63710280895207
NA,NA,NA,NA,NA,NA,NA,NA,NA,NA,NA,NA,NA,NA,NA,NA,NA,NA,NA,NA,NA,NA,NA,NA,NA,NA,NA,NA,NA,NA,NA,NA,NA,NA,NA,NA,NA,NA,NA,NA,NA,NA,NA,NA,NA,NA,NA,NA,NA,NA,NA,NA,NA,NA,NA,NA,NA,NA,NA,NA,NA,NA,NA,NA,NA,NA,NA,NA,NA,NA,NA,NA,NA,NA,NA,NA,NA,NA,NA,NA,NA,NA,NA,NA,NA,NA,NA,NA,NA,NA,NA,NA,NA,NA,NA,NA,NA,NA,NA,NA,NA,NA,NA,NA,NA,NA,NA,NA,NA,NA,NA,NA,NA,NA,NA,NA,NA,NA,NA,NA,NA,NA,NA,NA,NA,NA,NA,NA,NA,NA,NA,NA,NA,NA,NA,NA,NA,NA,NA,NA,NA,NA,NA,NA,NA,NA,NA,NA,NA,NA,NA,NA,NA,NA,NA,NA,NA,NA,NA,NA,NA,NA,NA,NA,NA,NA,NA,NA,NA,NA,NA,NA,NA,NA,NA,NA,NA,NA,NA,NA,NA,NA,NA,0,NA,NA,NA,NA,NA,NA,NA,NA,NA,NA,NA,NA,NA,NA,NA,NA,NA,NA,NA,NA,NA,NA,NA,NA,NA,NA,NA,NA,NA,NA,NA,NA,NA,NA,NA,NA,NA,NA,NA,NA,NA,NA,NA,NA,NA,NA,NA,NA,NA,NA,NA,NA,NA,NA,NA,NA,NA,NA,NA,NA,NA,NA,NA,NA,NA,NA,NA,NA,NA,NA,NA,NA,NA,NA,NA,NA,NA,NA,NA,NA,NA,NA,NA,NA,NA,NA,NA,NA,NA,NA,NA,NA,NA,NA,NA,NA,NA,NA,NA,NA,NA,NA,NA,NA,NA,NA,NA,NA,NA,NA,NA,NA,NA,NA,NA,NA,NA,NA,NA,NA,NA,NA,NA,NA,NA,NA,NA,NA,NA,NA,NA,NA,NA,NA,NA,NA,NA,NA,NA,NA,NA,NA,NA,NA,NA,NA,NA,NA,NA,NA,NA,NA,NA,NA,NA,NA,NA,NA,NA,NA,NA,NA,NA,NA,NA,NA,NA,NA,NA,NA,NA,NA,NA,NA,NA,NA,NA,NA,NA,NA,NA,NA,NA,NA,NA,NA,NA,NA,NA,NA,NA,NA,NA,NA,NA,NA,NA,NA,NA,NA,NA,NA,NA,NA,NA,NA,NA,NA,NA,NA,NA,NA,NA,NA,NA,NA,NA,NA,NA,NA,NA,NA,NA,NA,NA,NA,NA,NA,NA,NA,NA,NA,NA,NA,NA,NA,NA,NA,NA,NA,NA,NA,NA,NA,NA,NA,NA,NA,NA,NA,NA,NA,NA,NA,NA,NA,NA,NA,NA,NA,NA,NA,NA,NA,NA,NA,NA,NA,NA,NA,NA,NA,NA,NA,NA,NA,NA,NA,NA,NA,NA,NA,NA,NA,NA,NA,NA,NA,NA,NA,NA,NA,NA,NA,NA,NA,NA,NA,NA,NA,NA,NA,NA,NA,NA,NA,NA,NA,NA,NA,NA,NA,NA,NA,NA,NA,NA,NA,NA,NA,NA,NA,NA,NA,NA,NA,NA,NA,NA,NA,NA,NA,NA,NA,NA,NA,NA,NA,NA,NA,NA,NA,NA,NA,NA,NA,NA,NA,NA,NA,NA,NA,NA,NA,NA,NA,NA,NA,NA,NA,NA,NA,NA
NA,NA,4.24766912220003,NA,4.04760494809939,4.04391861514399,3.6905955010121,4.84476592646668,5.24810903857083,4.21963319894513,5.28510542299611,5.48660991610216,3.78222518458654,4.52722680702771,NA,3.98137989846105,4.76989799864394,4.28130106025759,4.43577942975925,4.79807115887226,4.07090333110673,4.91605757294687,5.28319542970433,3.62118322986234,4.2914784128037,4.68832400233825,NA,4.6360627322072,4.2495822678888,4.79607844928364,3.66860369103778,4.0441936203407,4.23269797272135,4.3565883472144,4.22799013951628,NA,NA,3.95389705503146,4.38889500535696,4.43568527533981,4.28386277941021,3.89797424419821,4.31418120315678,4.65041857506088,4.74785124671416,4.44648325432845,5.99255127918192,4.7552802052864,NA,4.80003928723693,6.20108410696588,5.35929179854312,5.25074656692953,6.84678954389077,8.60111301891344,9.16096856984601,6.66969587377992,7.74046744015541,6.6651061703623,6.58372943890912,7.29585556002726,7.21324072175682,6.36077043878282,5.86335727207061,5.80015655416843,5.53443311211886,6.52071525613097,4.94240563610436,5.43882161790236,4.25606031402482,4.49259008253871,4.41003292316123,3.36305966310527,3.77927295338829,3.33116322350669,3.29616084083313,3.58289341388787,3.58061762027797,3.7123808648249,3.57712797623497,NA,3.22126885846422,3.75098917687425,NA,3.83522999557544,4.11658770966001,3.55190508108142,3.23654596464524,3.63529983102987,3.08686201208552,3.57355233382139,3.35480566757467,NA,3.1799350713426,3.24175187399385,3.34538535013933,4.2697834242974,4.14812491938676,3.58728589811433,3.38853399617781,3.93325040794992,3.46653563737789,3.75298527132368,3.41010538598226,NA,NA,3.50032427042617,4.56307259834705,4.79005495074679,4.60633676782425,3.90633693361425,4.45318386221729,4.37862222209915,5.34123947990862,4.01869392968357,4.62116957019786,4.4111139728623,3.72092693985276,4.62600156420154,4.79034817563098,NA,4.35491072338697,4.31633093356337,3.98328492889288,4.17605933377453,3.66381423245547,4.43710122589515,4.28285613048591,4.34402712463528,NA,4.78872582570941,5.15248411126603,5.23695030280795,4.8774614589097,4.54868227143641,6.63329476376484,5.74850983492678,4.20082584156546,NA,NA,3.92510623327949,4.33673435521871,4.43582560303893,NA,4.98835508844643,5.2620862125431,5.07642905009735,4.67001823920067,5.00144952367371,5.11839759748204,5.30320370518388,4.035922320993,6.04886194780563,5.37936659278693,7.43684911365696,6.50842106674535,5.20154566959763,5.51192391961788,4.34327729044398,3.92089642821415,4.47624034231564,4.17265187364179,4.45905595297915,3.69581552089454,3.83259410194521,3.68814660320536,3.61715595229519,NA,3.922084442295,3.36377114469145,3.74753176381895,NA,3.23718543447544,3.20967509833075,2.96846572540613,3.03434574992429,NA,2.76333332405188,3.08008786660739,3.31136233920439,2.81328707617547,3.39616918606242,2.58731863336716,NA,0,3.11504566299603,3.50437224571125,3.60102395546885,2.81426558399043,2.59730563145554,3.31843124816566,3.23368756867882,3.53521512600239,3.68340301767474,2.96212684275961,3.30253772748848,3.67014481152654,3.63536240059421,3.66428015009527,3.34669979109075,3.81847141081229,3.843485168559,4.0023622065941,4.12131477898086,3.1652703932435,4.09869281818131,3.37841541322611,3.43904434510241,NA,4.35519444618309,4.134570593053,4.45982931886741,4.7812005469016,6.26180186318784,6.1021460971369,5.24778547431786,4.96099881192094,6.05408852039863,6.62886394514628,6.52850210250028,NA,5.35635185652044,4.57586147772018,5.72065446830269,4.6459880076189,4.65129359477759,4.30637633336361,4.78706829285477,4.52515659106353,4.22979158493405,4.25052098789145,4.87127058752901,5.18393008591075,5.34051390827501,4.12295648082655,4.71473522035847,4.79589862220741,4.76645270281161,3.77026617702079,4.22681961049184,4.26084876706145,4.86565470278804,5.74879670155626,5.5129986306291,3.79717837786137,3.44142188035345,4.0855156430418,4.42679719838304,4.54590928930708,4.47123432465017,4.49983137150359,3.85001414751798,4.46340509757328,4.11971864561346,3.56160952420528,4.09128087567419,4.53773485046702,4.22092792233253,4.38569339115212,4.24906865620802,4.29338012926788,4.38468978873909,4.07478555784077,4.22304385034372,4.3345135806885,3.65325100740266,3.56904978351247,NA,3.41615988042996,3.52232110807404,3.98092795485877,3.6331697184833,3.42834659865851,3.4613711064274,NA,3.9508064594375,4.13573643013302,3.74115382828729,3.45050347038953,3.63455019879726,3.55817716909324,3.87190983956192,3.02152876913954,3.38108361943687,3.18768986510628,3.23459655446135,3.9329564363805,4.08563306448331,3.77477531526504,3.22568233224192,NA,3.41269921808019,NA,4.48488224528983,4.51297923270481,3.85209456740577,3.9582125282664,4.75155240920039,4.91616545533357,4.55959880153775,4.35467101153473,3.9944787770877,3.95651973796761,3.66352296211672,4.02801257931786,3.84970107342951,4.34061745375694,4.77345623439706,4.31554843114903,4.57966600689828,4.13581375428699,4.81826002679197,4.87838878302088,4.30094838664783,4.61401154499231,4.78718797787405,4.51435500209822,3.94375516010776,4.51461147873037,NA,4.60729086105224,NA,6.97123048158366,5.87800813685398,7.13009031843391,7.39221848055514,4.48010221334016,6.13718567192882,NA,4.69905536835709,5.80113360182849,4.80517860265611,4.72215449699659,NA,NA,NA,4.94081374816783,4.83660504195783,4.38679299327364,4.34011192371718,NA,4.14962518609913,5.12057487266143,4.26113732988104,4.71949317081211,4.20818908531974,4.4591223233061,4.65519494703124,4.66121076911225,5.54486832217359,6.02186081243037,4.81212853639644,4.70889586757251,4.60479731162187,NA,3.87660756818359,4.90174764806596,4.06181121277077,NA,3.33667492418898,3.58046657449713,3.45950173584807,3.34140173935161,3.32166581109593,NA,NA,2.908110652589,3.29877508600939,3.14436734345154,3.23170293709,3.22251706885346,4.09756231124497,3.52922994155942,3.27678043771707,3.62503427001711,3.46430874591828,3.33690162109338,3.47798079955024,4.03517258833947,4.18199272960497,4.14895252651124,3.95464373173478,3.69622632602916,4.1420987808556,4.38165011275943,4.36854856397486,4.36264214916502,4.49061220485368,5.09437457520184,4.41607276508777,4.57500845583431,4.84887646254573,4.53792772571032,4.87091708146136,4.86517609576013,5.17328246545779,4.810757755208,4.84366885016427,5.88573569805481,5.30712894352328,4.68728195742923,4.72142958598851,4.86912980235933,NA,5.94375632275417,5.60614994054708,6.02672824852616,5.03758100711278,4.8596779985687,NA,5.18677123906486,4.75699702241219,4.68985869591015,5.62680298944135,5.70089773796788,5.49748076556548,4.26194391604851,NA,5.42790871068793,5.68864525051043,5.47751497930597,7.04000565906844,5.27112430062061,5.30626226167072,6.30760861320372,5.24321097968972,6.68543889637532,5.87777543610541,4.24599511006488,5.43161122397008,4.84816280704902,4.87644730614965,4.84028698729128,5.19566241588214,5.87005941578661,5.3614705123231,5.33244225171391,5.65654627307508,5.20354879143733,5.09561907782143,4.71984557857608,3.95627658627747,3.94884260895766,4.0653285979705,3.77585729025484,3.75300346627882,3.80830773544964,3.54278936033037,3.92722805794453,NA,3.53798461948325,3.49512782800615,6.23092882703527,3.54349204448342,3.40559917142285,3.48503551743572,3.88979281588392,3.29518400709084,NA,3.51322310134729,3.91458333493161,NA,3.656549418079,3.68525216430791,3.60282363701983,3.69499262400197,3.56066987076108,3.99385681146054,4.19950730929615,3.87975812196798,3.80362828229353,4.94769128779464,4.39491386795335,4.12892072104325,4.57962581618052,4.83440252897357,4.85779029808658,5.05211721637222,5.20454770016949,5.49834796024,5.09940530965706,4.60966296936858,NA,3.12948225815247,4.99607405526179,5.06712532534725,6.18871734914669,6.88105262014121,5.36134439814309,6.03487500632835,6.09101554822762,NA,5.05224215352028,5.55411539448268,5.42878960027401,5.24981670951381,4.77034404086322,NA,5.95045127908984,5.53253502999125,NA,5.49594623588758,5.1988994052135,5.07706114302915,5.69724988447921,5.21877188481737,6.04030576749767,5.18198536824713,4.66451005069725,5.36362650027604,5.69306509820878,5.19535571719743,5.25097202366077,5.17320591426552,4.93109204675622,5.00497873216201,3.89859187578576,5.12712194222916,4.62811849499037,4.52220593221634,5.51758141514921,5.78909233490993,5.83322405539791,5.69547452899798,5.01318990109325,5.35257504570276,4.44855838770629,5.04401048363568,4.69730697141319,4.08453540803211,4.62467412623671,4.08895321484864,3.93022487875789,4.0255834757506,3.65163336283111,3.38982308949596,3.37491126166607,3.56165988533748,3.42628263284932,3.24708015864944,NA,3.15168344135884,3.03913318232366,3.0054759685559,3.06333408208617,3.63539523385736,3.35818722674043
NA,NA,3.40091015752711,NA,2.8215145366385,3.25813957742183,2.91515175691365,4.09056939248625,4.4300920932397,3.3589202036203,4.46938232242388,4.66123410296875,2.75016624769522,3.56063932571308,NA,3.20557868041344,4.24028156652509,3.60985498040229,3.91864181902042,4.28458389019691,3.55136793617546,3.91405631522705,4.68043033935484,3.26726780332378,3.98263251663117,4.06970390569029,NA,4.19195480443018,3.88552494478228,4.25430578893035,3.09619775106125,3.76808695908295,3.91349143837545,4.02157181198298,3.79022348171076,NA,NA,3.5731349054859,3.70142972419035,3.75555260108842,3.79336751719369,3.54180362570155,3.88650439912457,3.83695974273305,4.26424871102473,3.75539226442704,5.06140371560561,3.99152795819773,NA,4.22146039699719,5.35307083973587,4.60966515125063,4.52129077661816,6.37659813212022,8.06158047528699,8.59140981025255,6.03442489884279,7.11490589822437,6.00569985538985,5.99252647627174,6.7375936179533,6.68420442756367,5.86467242059476,5.26607631851051,5.6268514928159,5.03553095516724,5.81893575626598,4.02537949167824,4.77582039088912,3.61117672778789,3.59702636379368,3.39301115624131,2.43873379863332,2.65343293540538,2.44322662477571,2.70852252249708,2.77205430313473,2.95949449296285,2.79398699658126,2.53044750340905,NA,2.33102622621176,2.69336330197302,NA,2.83740157891835,3.17669617389875,2.69211239975151,2.53383731779719,2.90790048161637,2.43733026720828,2.82651825782725,2.64902796261163,NA,2.80701401257535,2.44952679306438,2.67181436302864,3.20085884240286,2.9518810131861,2.78369431069167,2.75001015216629,3.45329743225754,2.87419788257965,3.08617277001678,2.7404656482659,NA,NA,2.71115375802692,3.56757981726642,3.97541031958657,3.79953930671028,3.1746423144525,3.63911361286169,3.79752106153349,4.76024045821249,3.25250133167363,4.04638948794704,3.79892041091025,3.23871675162853,3.98945606460349,4.12218257230695,NA,3.33659769672591,3.45426087503553,3.34218949813736,3.13873889732206,3.03421331830546,3.66578729919739,3.39121837041764,3.58418914432906,NA,4.33680309925101,4.63038713534795,4.57429939704629,4.16850709250764,3.96008278715722,6.15917422340858,5.09459061041074,3.48420843424678,NA,NA,3.68514647987584,3.73404971299361,3.9152601272699,NA,4.49625150984964,4.52945251312491,4.38907241651869,4.01626864481311,4.43046627128841,4.47364957589091,4.53429791133676,3.55640202245123,5.38600133430172,4.69593687172429,6.94030560122677,5.87538990042551,4.66249699723373,4.74063274034201,3.68761018397606,3.48482599462913,3.45227452354953,3.13674382249647,3.46477787798232,2.83467689327651,3.07715342162915,2.60539677819672,2.74837080426612,NA,3.0155217858207,2.69636952303777,2.70496816425376,NA,2.24114830660169,2.37714900461141,2.43482133895076,2.30819233483305,NA,2.04514123702564,2.56204009017206,3.02935609580123,2.53486239320087,2.46031472810675,2.15690582046257,NA,3.11504566299603,0,2.4087880855985,2.01012616403558,1.93963228817805,2.23048743296876,2.434084481219,1.78578827056581,2.17685868123722,2.16946213555638,2.38281360423236,2.20088257421586,2.34549105316314,2.59820011174673,2.45623379317774,2.35279550648023,2.80634732818798,2.9018744179034,2.99421924928777,3.12816634740496,2.96674530591349,3.32094254359747,2.55845368870299,3.08611353498989,NA,4.05329207914739,3.60717813913525,4.2183406537125,4.54532940653838,5.74658597537061,5.53228899167167,4.5735576408749,4.25740375922522,5.29310503499031,6.03198029830723,6.01795001645853,NA,4.58255563771146,3.71998944828974,4.81970778245905,3.84921882801728,3.80120206536294,3.50967067627752,4.13508632689699,3.9074471771384,3.5787582048072,3.76269282292529,4.14903662674976,4.41520940253314,4.72841452044228,3.33020524513924,3.76802874677523,4.0614232279577,4.18109121630994,3.04414844417438,3.59771958633946,3.44737970723304,4.14129069350785,4.84018067673285,4.81635350745992,3.11812420384046,2.57465637583158,3.17896236601179,3.60478206568297,4.05451953335951,3.75868830942021,3.7653067377203,2.97112172232643,3.59896747136627,3.52395863443054,3.21908112953991,3.39801013822162,3.68357847088841,3.31814409843465,3.48442259697353,3.89511260689109,3.24143316839774,3.27589084556188,3.31007806404248,3.29485436847624,3.41371970279406,3.05482743753304,2.96563444364348,NA,2.65953354979796,2.7521606993794,2.98711986237048,2.39325446664114,2.64478557246982,3.07390162885938,NA,3.29064971748741,3.62468923872371,3.25751603681723,3.15998556954397,3.01688986756081,3.06137402639994,3.02019581092932,2.52850093461365,2.66587505769289,2.50761892887511,2.56765476525707,3.39283617043746,3.24939266993615,3.26140921997268,2.67197335320029,NA,2.87048324785143,NA,3.81264683538034,3.85608801513299,3.66997586453249,3.52428990895609,3.89151666552671,4.0495206154773,3.75827793814273,3.43199197415712,3.31855156188657,3.31126926054292,3.05790637995051,2.97855515939299,2.87807888074117,3.39180577510356,4.14144977500008,3.40764902271841,3.66164119641492,3.5552089204625,3.97457637081716,3.89462847415435,3.90221118733302,4.14916687203825,4.41706419591138,3.85079147085954,3.31123592078628,3.53725115586049,NA,3.90136155549947,NA,6.35180988227253,5.12134941359768,6.41002633736568,6.81229996649192,3.82763009314498,5.53209663311868,NA,3.85916374306458,5.06183897721813,4.14766721089165,4.10236984223496,NA,NA,NA,4.47915294691599,3.87463015642981,3.61358818284192,3.51431571400558,NA,3.48215442097178,4.37114164531301,3.44476575845714,3.72827889053667,3.34107144316914,3.68437326519807,3.89784208827992,3.88446693894218,4.86326699910892,4.94744171256357,3.87425971241615,3.94198280096219,4.33356655672075,NA,3.24526821137829,4.27310478523231,3.21388047948576,NA,2.5798726292032,3.21865614232696,2.73948605148558,2.73708722903407,2.66127833173537,NA,NA,2.58379764683372,2.80615860301333,2.60250674949115,2.85779369839197,2.73717663198942,3.05301077319726,2.70741372151566,2.62210059561798,2.65706304838785,2.601335475212,2.62576418289956,2.85780065179566,3.30249438083844,3.26636252939264,3.22189056905859,3.2735085807827,3.31877953282048,3.6655924014266,4.00760391069781,4.15884363785212,3.98281662143806,4.03596828395554,4.54066467660396,3.88382889763024,4.00770335751961,4.28220517442051,4.05648428014584,4.38777091031266,4.23312990603896,4.75953351777103,4.47219382301259,4.27188401164421,5.33334450212655,4.72326256800215,4.15639851960263,4.2381997514445,4.36859485513521,NA,5.32768832942192,5.00285211550047,5.39827775154041,4.38365753144664,4.09466238546077,NA,4.62771283166796,4.12317560448141,4.12187079755488,5.0452026404665,5.19726273058153,4.92273294335486,3.76029274218749,NA,4.80690683759169,5.04104310758328,4.76999433738323,6.55094254693112,4.61403787125285,4.58842136677989,5.61262259388621,4.66910327836579,6.06606773939475,5.4624717892425,3.72673852610832,4.83037305725579,4.38972528629009,4.21762320811188,4.17541400940522,4.60372330669139,5.4113716217951,4.86254914540476,4.83386058835399,5.18882866726655,4.85716018572237,4.75752605740806,4.39988276398893,3.40281716624981,3.47039513799145,3.51254706181466,3.21667109012315,3.04654273203904,3.19285139366843,3.0378876610456,3.21132929622094,NA,2.92409103265721,3.09032330536072,5.70227630700428,2.85912308621471,2.91211468823602,2.90791795226017,3.22368226179939,2.92995755532183,NA,3.09235080363174,3.52976272883771,NA,3.3047747487473,3.26902068062707,3.29665971453126,3.25778017486765,3.29392028133587,3.35424748989093,3.66946498339575,3.3752077841507,3.44542643052552,4.32104134567018,3.83193787751716,3.55994631806516,3.89430415830355,4.10428264839439,4.15028223164111,4.37254083344866,4.49264385902607,4.78705374087679,4.45752707968933,3.98199660708926,NA,3.1307344492085,4.37441033490331,4.44191197507086,5.65295789707748,6.39376673796655,4.72074300102638,5.44753312722347,5.5816309664221,NA,4.41542289483396,4.96183649670989,4.81947320589404,4.63879586775313,4.08506359337613,NA,5.37083664224054,4.9792451952151,NA,4.8442221405394,4.53788992808819,4.44055349841844,5.11804610906928,4.48167477671266,5.39707703365975,4.29065549452722,3.97447432780368,4.54725464108387,4.94133397201767,4.51220240160235,4.50460048537679,4.51086461821172,4.31848228879699,4.45672814356918,3.09018000517332,4.63874692510419,3.89946029396612,3.77614475735719,5.06525104885006,5.32669272352763,5.28808275972366,5.22710137730897,4.57186473369431,4.7386803171704,3.92185214431741,4.55787777793569,4.16908715498083,3.47256272566041,4.14513624357751,3.52894050058805,3.37227887049093,3.51132155723091,3.0635768696052,2.74532692108862,2.87675170438038,3.05939719355768,2.61963472018947,2.59545711354244,NA,2.74563500457161,2.81306867028903,2.82118561573144,2.86160723443376,3.09877685520856,2.86486015150558
NA,NA,3.72210214660042,NA,2.8717947444031,3.634324999305,3.1686944247319,4.55245966088104,4.83915201388304,3.83610164676916,4.90602422246076,5.05974300622985,2.65650836389654,4.09190011895493,NA,3.60790973704225,4.70553527264498,4.24531846740662,4.18961303673016,4.47199565415674,3.80847563415341,4.41584568804461,4.892896303201,3.50128666828352,4.18568193770316,4.24278927652698,NA,4.13891363884629,3.9968885859804,4.37232774759735,3.54578233530353,3.89787470003448,3.93597360863814,4.06659482637239,3.76100694232342,NA,NA,3.76026703444519,3.99091436292977,4.12072251507378,3.96128039924532,3.67412348237265,3.99307474495055,4.17768994259811,4.34303549423002,3.72842537712684,5.25576182398825,3.97712484809506,NA,4.01892662649793,5.41438860301413,4.78939984510158,4.6160303515242,6.41129009737736,8.12036109908212,8.70703193784271,5.99418924007408,7.2005449672277,6.02336301783233,6.00635244975773,6.68595976619874,6.63578684875616,5.79292779177857,5.05035179683115,5.4783131762132,4.83005265241862,5.75967082166741,4.04861903351356,4.64270623039961,3.38784717548079,3.63927834343842,3.066377194405,2.81027535724846,2.93425244109787,2.6368232570677,2.60784546468042,2.64098318982029,3.18064648616282,3.01160708353639,2.59480627533742,NA,2.48639615209593,2.49400323199386,NA,2.81514252787232,2.66630083503555,2.60667265399346,2.81907430850028,2.77511623753215,2.65665700234366,3.03329999929319,2.46340145137143,NA,3.22717329678117,2.54157479461321,2.99947005089246,2.8834241707883,2.63646111510109,3.1523298184915,3.02631762269689,3.95509722493504,2.83101344727257,3.51511419442628,3.5762311473212,NA,NA,3.50616783491771,4.57329332190693,4.73388833165072,4.52192966093941,3.64202121633701,4.40260165630718,4.39002606103262,5.12880858891225,3.834240292165,4.64029884899126,4.34314652429076,3.77539941266979,4.47724764177674,4.73364502506057,NA,3.8479373694043,3.94431133780749,3.65847731509865,3.64782865735994,3.36429061915499,4.08929043645615,3.94513947551657,4.03868510613092,NA,4.5185263792688,4.80783168285388,4.81081320873687,4.48922260039218,4.06461760977853,6.31428621515004,5.26028252207961,3.605482635504,NA,NA,3.65725492435941,3.71776440161404,3.24425344635862,NA,4.1013157790492,4.3228103074382,4.20874163511467,3.83838213837819,4.34691231599529,4.43629459350671,4.54730620465907,3.62567722392427,5.58215638424227,4.40468243390663,6.96753038166036,5.91848382927807,4.49059254606363,4.53097224768153,3.69057843097774,3.35585676853978,2.94117022984324,2.81324967169634,3.18415283886845,2.55825008244296,2.75517864272007,2.84613099245635,2.98692280381211,NA,2.5955541506254,2.63150328765918,2.94425197979785,NA,2.62516935007271,2.89132762148813,2.62775110859589,2.85528280552553,NA,2.40238306394505,2.53146489805441,3.20126244656135,2.93466800146839,2.71088028312189,2.28664540585477,NA,3.50437224571125,2.4087880855985,0,2.17056569569829,2.14600181448469,2.57586346057571,2.7378729110595,1.92841592532011,1.90774516011104,2.58644208319549,2.6059205297904,2.67131787658251,2.849178782139,3.02741794332412,3.04690052918416,2.73619335933047,3.17338248997968,3.43882061871436,3.52105153742158,3.72665459160258,3.33077833453435,3.45374669549973,3.18928577932235,3.52378042237045,NA,4.34218168353768,3.91028230378391,4.44031085209128,4.81240872793804,5.68791102841506,5.50879698216479,4.4341275998799,4.17805045470806,5.48830024933246,6.06114942106986,6.0063238093973,NA,4.72705631411996,4.01269716135148,4.9655086026237,4.10248186831526,3.90884685671249,3.55672367725309,4.26018025160678,3.98604278212393,3.67039628852144,3.66193995053484,4.1456450800652,4.32382067895973,4.61560004579469,3.67078105438087,4.23239896904281,4.31255487502073,4.66820529036126,3.48164255839921,3.84564955003199,3.90617483032355,3.61556780003161,4.56860913094252,4.60940000909292,3.21844062409761,2.77522483793359,3.29063551816245,3.32352005402499,3.86355175409299,3.59978410195645,3.2363397707564,3.00460143048601,3.69876887934017,3.74733966632513,3.00935426340453,3.1558745721923,3.20499403849718,3.18008231242386,3.41278270773324,3.84070213647612,3.39072629023263,3.35224787763896,3.05991722807064,3.4458548074634,3.82147232294639,3.47760687174731,3.38697594066151,NA,3.11946749955412,2.58758648448132,2.71762314130175,3.00236800317205,3.19505554100315,3.45158559466825,NA,3.73801066381283,4.13028581337748,3.93367808597829,3.7698062396866,3.98331065137733,3.78162718619195,3.21919705438944,3.12037531456997,3.21078387354752,3.3708791834013,3.51560163767051,3.95132607985271,3.82978931186972,3.63354520427963,3.06089756068931,NA,3.37159031431994,NA,4.23847493783174,4.2827215894642,3.84447648595891,3.8551903923847,4.30300079519493,4.38484557997522,4.06297482028296,3.84188187718687,3.61262829177103,3.56090888589838,3.28974812064682,3.417807448437,3.40446864364442,3.73972059232348,4.23226326679679,3.76661992590958,4.09924377086472,3.71786122149489,4.1731625698578,4.05346632986628,3.66542886250112,4.01273986967626,4.39604539541227,4.06680285484831,3.48236185108853,3.78773154153151,NA,4.09574719241382,NA,6.46975864359116,5.29950570918919,6.52101373928844,6.77092148067466,3.9387014374272,5.47677449081918,NA,4.13456027532071,5.28215245721615,4.16410762149309,4.20049617646186,NA,NA,NA,4.29454201124795,3.82005540882033,3.60517967831845,3.73981185418412,NA,3.71808333329998,4.43601061188467,3.56809938224798,3.95478439712971,3.12813599026818,3.70235520830529,4.07072372133401,3.95721721433718,5.08030857234669,5.1870490105226,4.21830271093469,3.9895621295384,4.21026064770328,NA,3.34524861716025,4.22469390330925,3.32576339644022,NA,2.67334964291529,3.36983047840866,2.82463919757334,3.02340693246625,2.97269770309123,NA,NA,3.1341029353649,3.38602431862058,3.32364536661373,3.30503180637283,3.15964394717657,2.99943101006177,3.13779508181573,3.00969322956593,2.33909824657409,2.60710156865484,2.82992887425424,2.89056489501244,3.42712207478358,3.7290781186263,3.83412779077242,3.52856772940916,3.78396511613786,4.06602552354462,4.28760755110336,4.416366744598,4.24206590976994,4.26445020583319,4.70462839004145,4.13194056237205,4.28681447163122,4.47955095201301,4.35969269215992,4.54118830458489,4.41025344108763,4.80031410865533,4.57083033466802,4.3829854521518,5.31545308677574,4.74341226806831,4.18281998142032,4.28223813520091,4.40773441771791,NA,5.2962921531072,5.13356685562818,5.50458059755006,4.42071934599441,4.16603640970056,NA,4.705965431719,4.21084575294252,4.16846792768944,5.06245752005795,5.14734039194989,4.95848311250802,3.81368545371175,NA,4.71024911806073,5.05507095722694,4.63308854986749,6.54979686719826,4.72693909776952,4.46622944560101,5.62495132718421,4.50006735681791,6.02631722345232,5.27829411253512,3.75298949900467,4.61654771986897,4.0317323669661,4.24214771057385,4.06574980305648,4.59172708297679,5.42660853308569,4.79245799443922,4.82209548826127,5.25990704278527,4.97470080370795,4.94966489868017,4.55762013832351,3.07941988231817,3.53588333396812,3.57089685839899,3.35516292949459,2.73881561616928,3.27124236365682,3.04760483309519,2.97438676192574,NA,3.10222245720502,3.41168014253785,5.86649372445279,3.13814933809032,3.16144990186206,3.17377399483863,3.56473079609567,3.18503465681605,NA,3.37756935572932,3.78859032376051,NA,3.56280461469329,3.49426858996279,3.63527876022164,3.70920011013252,3.74175341648569,3.84283739176974,4.082191876841,3.83459557561502,3.72444654712601,4.54025571406606,4.12244407678037,3.86541802588774,4.24683597890552,4.48570727426507,4.31584197913232,4.54553900812307,4.64562006359995,4.93689811515118,4.85021992425918,4.25512050257984,NA,3.42574451317986,4.61821188615857,4.48667944021798,5.66824420172591,6.3851133698897,4.68722200798467,5.46978268305016,5.57320140363845,NA,4.40759423588767,5.01383374513019,4.90870561142914,4.69788700056746,4.09406261305442,NA,5.46775435962351,5.01086715630776,NA,5.05531191485306,4.69397559791757,4.5564245401439,5.20779563537348,4.69925059765801,5.46044684855814,4.41237277477378,4.06282440309842,4.67455238253458,5.01058642303439,4.45053756450583,4.4692968083682,4.38751209887613,4.27570607574899,4.4543226632753,2.56361773987389,4.61757441843141,4.08895667511613,3.679180541587,5.03510033842474,5.31586562806699,5.17283413112764,5.18779339156176,4.48078457517767,4.86857380067777,3.98338138666901,4.48870101335416,4.08362909971227,3.4928206796213,4.2479513163784,3.54241247341113,3.21016757428632,3.35709372694959,3.07210053452769,2.85531291421584,3.18828343357301,3.33044457847525,2.29837749667286,2.78861637870762,NA,2.90663571046835,3.05208500008413,2.98848442846538,2.96732847739052,3.12262374166785,2.7389281882579
NA,NA,3.40723125347047,NA,2.64187198968317,3.26326603101478,2.82138613438206,4.03791041470117,4.39188189609069,3.64624000586066,4.69598497532224,4.87319617167163,2.50748293527656,3.76984690449079,NA,3.33873938011291,4.41717522559805,3.82433866463293,4.03965781054282,4.34788399879531,3.61281932512458,4.05861854313002,4.63486895687359,3.15040010148002,3.86492804721534,3.99421925938497,NA,3.90565222516084,3.63650299752111,4.01343248748002,3.10711773525005,3.49759700127528,3.56216447128629,3.65894218175858,3.49398762135427,NA,NA,3.29945688087741,3.47290152012046,3.66536408043408,3.60563579106593,3.40643101723786,3.61879958032273,3.82342735709544,4.18615601076668,3.54221657491039,5.01820544065369,4.02820708454023,NA,4.08339939390649,5.31369839557942,4.59796154663808,4.38440037059594,6.37179621379153,8.09020875775836,8.52883925127865,5.89470407454017,7.00890113314427,5.82743245880512,5.85440353818246,6.56307741211354,6.44104595302836,5.66156959979201,4.99378364087503,5.36178245140172,4.78152635498941,5.55677201984775,3.87691953044541,4.65481125477534,3.39286859994778,3.55297910340092,3.11978706435182,2.39712462020722,2.79063870907563,2.4135651430683,2.45304248915175,2.51486924855567,3.03912207798994,2.56810439532776,2.3361389921497,NA,2.06076121837414,2.24334043726891,NA,2.43551764554702,2.52903315094459,2.20538131148971,2.40639086542155,2.53686887685851,2.21677162950646,2.53795594477948,2.08651286619154,NA,2.69011017549215,2.16841566754264,2.56184342438398,2.74249844816209,2.56504833401152,2.50974608506463,2.38233356935287,3.65061490443636,2.7774181328811,3.10794191070818,3.12409354307865,NA,NA,2.79600552697376,3.99369893107649,4.3563237383962,4.09753668113463,3.21493005190558,3.89323544688072,3.82428151212678,4.74329470814808,3.3408710094101,4.18140235783154,3.98236103503808,3.29276690910351,4.09602182840758,4.38053600181168,NA,3.58812797855875,3.76971443394192,3.63476786096658,3.60995979481144,2.98812713661058,3.8018730357425,3.58740836797861,3.47663590546892,NA,4.27237347153145,4.58018050754139,4.71324606401344,4.17612019715368,3.82220127587631,6.06896256778319,5.02955014840976,3.48571670085399,NA,NA,3.38234313866616,3.47266256555152,3.30476864811437,NA,4.12314634004122,4.2295544273393,4.16736228028013,3.70919728404103,4.1416071589044,4.26943742350133,4.52396998337429,3.49025050058179,5.48188984478799,4.37744567015821,6.80644389902233,5.79779672398846,4.49164180772773,4.61055916641893,3.60630364799121,3.3850001084324,3.18265320260152,2.77071762491701,3.16088991751123,2.44327438652767,2.73439742989248,2.43595067839453,2.63610159403071,NA,2.98115849433223,2.80315466726826,2.87052781218452,NA,2.49322507635972,2.65354306649563,2.53783040688248,2.80817922842375,NA,2.29969256961297,2.48620960595802,2.69662564587398,2.54880847475939,2.67952741089745,2.36383198545197,NA,3.60102395546885,2.01012616403558,2.17056569569829,0,1.43001303213463,2.33059197482724,2.4995291961256,1.70104735685098,1.60481818602191,1.84446172354032,2.40893248453417,2.47497871986499,2.50535687108101,2.7448339951153,2.76699393524414,2.78574993273874,3.20305619072547,3.331422371071,3.30331180618422,3.42383366715623,3.17928065285283,3.559945382359,2.850126724458,3.00083972457614,NA,4.19648067256278,3.67803922910265,4.24015555018982,4.4935578808653,5.41368747060035,5.20824483789369,4.06734918420069,3.85006981308367,5.26283522779123,5.75902734789037,5.75851334301053,NA,4.61729168132076,3.71966111364742,5.01049346171338,3.99983724264018,3.94708286948157,3.54395907941177,4.06871445831124,3.83947964088769,3.63665968349162,3.66411168038207,4.06283579121754,4.10804491681694,4.47704783282299,3.19609753721684,3.86210971151418,4.0507143568857,4.29913424917358,3.04020234222478,3.47758850907902,3.49661807239493,3.72743486675364,4.57676329198918,4.55450037057934,2.98029955752538,2.52384596970087,3.08798922055416,3.37857711005997,3.8782812202978,3.43702909128068,3.3642323488049,2.79208846210639,3.6398489770342,3.582606016234,3.19174888277443,3.26154838426908,3.43878480509176,3.17724646582154,3.3521641945359,3.84129899841014,3.1252391741292,3.12074998889295,2.97988599202138,3.01731632565479,3.29970941479672,2.87878898483828,3.03025386387633,NA,2.59050535224234,2.56979290044211,2.71342778388342,2.39144251172286,2.54867090588904,3.07591371542515,NA,3.61131315941616,3.95008172783272,3.57105579257257,3.32513311111789,3.39050608904209,3.42909366612406,3.28712045434044,2.58122414175117,2.71018766889606,2.85202469470793,2.95233923967449,3.62318031762975,3.55964394725298,3.27268524334544,2.62165315148605,NA,2.99156041100461,NA,3.95151051091803,4.02258281081594,3.53775863869886,3.53027760402526,4.10541878139993,4.15046143970776,3.78458369436764,3.55402536910622,3.2579539134714,3.28758923326999,3.06392535161438,3.00339770681286,2.9854444031882,3.44786782105923,4.01709944900339,3.55771005129151,3.88023746210408,3.46284762593667,3.95485683832711,3.89048324392137,3.61589238004133,3.93745750151863,4.35185831149686,3.93878301610142,3.19568383164301,3.70618091599838,NA,3.8958022881405,NA,6.31290749958367,5.10687306976209,6.4005381525686,6.7090293297241,3.75923674700747,5.48682149856302,NA,3.93909353332217,5.11747484261101,4.06951779457438,4.01391529666561,NA,NA,NA,4.28706647958815,3.63807802528399,3.43962139144741,3.55276129717295,NA,3.40605112021375,4.27000417667662,3.26986911453773,3.6856496485529,3.15161621303585,3.65918211928034,3.81967178317975,3.78089204010226,4.82591694102394,4.93917460744694,3.87148860717473,3.79433707361735,4.09436655490635,NA,3.22923566549979,4.22746017383701,3.104443543341,NA,2.49807438249809,3.0086439656726,2.79630067210354,2.69028869533304,2.79590414160226,NA,NA,2.89803814717539,3.01209180302748,3.01367551517527,2.88499732275607,2.99418906385361,3.01022812639141,2.8097672842757,2.80617433866036,2.28976969458684,2.51895065029083,2.49460588422746,2.70266160242888,3.20644517973997,3.42494405136685,3.50234751628229,3.58421877695949,3.55670187614272,3.81863498756408,4.05643014921218,4.25205403567285,4.03933498605229,4.13778449947321,4.6207353988228,3.91324487694794,4.18724435228011,4.31537111018009,4.04022235572291,4.3808655937819,4.2214644230221,4.61522900744434,4.45233427569131,4.18416719149533,5.22163039464029,4.71170314383514,4.01651242937147,4.12088528003958,4.15130445584385,NA,4.99474418041903,4.92764468461774,5.28232000477196,4.24271200515872,3.9129213011064,NA,4.54221128302446,4.00785389646485,3.94939682172831,4.91682005989843,4.98377403451307,4.78786386956741,3.53386568741531,NA,4.55452328337581,4.87566205634777,4.55202841050632,6.5096139098865,4.52213332224558,4.34788605857696,5.49818895554779,4.42656247241988,5.9044139773228,5.24955730837936,3.50485770877073,4.44643823347764,3.98204490384706,4.05360869725805,3.891813101984,4.4000160693728,5.31162437859691,4.72209558316848,4.6810121877492,5.1197123139668,4.85524803854341,4.64966920394377,4.27949809436441,2.98152993832438,3.20971386186028,3.29118857897365,2.92191403512808,2.36080761212936,2.84002841497693,2.66103796770079,2.65168513067552,NA,2.73476944104768,3.05628283389159,5.68382285736005,2.51043386247147,2.76681063497753,2.66421867866348,3.10618224485704,2.61803326096804,NA,2.88497208419135,3.30647878507646,NA,3.07102005623194,2.99787577752168,3.01590927278729,3.22354558056135,3.2080039047976,3.28878656704402,3.48744410956648,3.23559709468273,3.14061598514558,4.18060190839583,3.6678289949219,3.50603224679891,3.93363014236127,4.07779552718654,4.00218676363958,4.26051622960311,4.36631950853263,4.6885255513749,4.58238731075083,3.93079369671048,NA,3.12490301418253,4.35539958387716,4.32371008683417,5.53660195652952,6.22066043544825,4.5425416992315,5.28829566290688,5.41471252356096,NA,4.19609609394971,4.74976199448852,4.62021100193643,4.34956596658597,3.80221293742642,NA,5.20360027054428,4.80178033253709,NA,4.73176487903661,4.378771224589,4.28153427049334,4.94913237504933,4.40090649675222,5.22625187939842,4.13001845668786,3.79465921860915,4.38951656135788,4.74841037268232,4.31237896201409,4.17054466735255,4.23335404931797,4.11896513211462,4.24859160854752,2.48679664807125,4.48248360736614,3.85787060788302,3.58790872676868,4.94224360878882,5.14403112948978,5.15034454707005,5.05506852000372,4.36609583260456,4.64733472790972,3.87832336036411,4.46847282617482,3.89965458299937,3.22364413829109,4.0373910390476,3.35576718565497,2.99856532301475,3.28533252565683,2.84160973068353,2.53845169011502,2.86263149655079,3.14339665334192,2.29068798958235,2.5958148423096,NA,2.70543570388341,2.77611215367934,2.66634874971909,2.65511897334954,2.80888610682947,2.58846280960092
NA,NA,3.02588979941617,NA,2.45275696377405,2.8836664406864,2.3936800012807,3.69998224110094,4.13047821372358,3.10867011909883,4.28184872184784,4.43636852863001,2.19612830136662,3.41716235179843,NA,3.02236251135558,3.95798740939449,3.34292495012322,3.64140394901402,3.89899573788291,3.18126859885667,3.85628951585106,4.34927387836338,2.85724975413527,3.57035341804657,3.72830484244067,NA,3.74267455261594,3.44948413576222,3.81412661873334,2.72863539293986,3.23730409599676,3.36465638949271,3.40951513091731,3.26219673131524,NA,NA,3.00119407461905,3.25015129998507,3.36053105801704,3.33005051401943,3.02047748597743,3.40125843864706,3.6634120614883,3.94104102957011,3.33119389821994,4.90537301817752,3.83977719054487,NA,3.94416914364643,5.25829366826172,4.43120882098752,4.3214064278164,6.09672596286929,7.84267739723253,8.43221981047541,5.7319476778946,6.88205468163565,5.69317539245114,5.71962125008192,6.43598097981399,6.32194231529084,5.55214751445522,4.90789327616664,5.29494079120187,4.66712371216819,5.64912734003764,3.89241318900564,4.54124960951431,3.22209195528294,3.43798064242506,3.05927164924365,2.10583699872287,2.59885696042929,2.13706407444939,2.04019547620875,2.19241876299108,2.81935549418808,2.4016884166236,2.23060318384817,NA,1.79828421311079,2.1372085942646,NA,2.36525443350854,2.4944053273532,2.14254730971496,2.032113592059,2.17784585052698,1.78758570566615,2.23038874159908,1.84569712153189,NA,2.21451158697384,1.78448700212138,2.18751408956717,2.57982085805047,2.46822703055726,2.23894480411869,2.22375497707003,3.01137578360692,2.37134992979219,2.7671476131444,2.5752574105168,NA,NA,2.61329804457924,3.66797323424101,3.93433655786998,3.74481396842952,2.88107268524403,3.66382822316109,3.60834562405474,4.40211145317561,3.04627756304123,3.89909118261628,3.72045449057908,2.94439254229082,3.83162538412316,4.16734864504797,NA,3.42654749766487,3.45160039965422,3.40037779747618,3.39095269713245,2.69581166609698,3.5629649158605,3.27921167285836,3.335445829043,NA,3.89299905018523,4.25542658951297,4.37419985652415,3.91476702604896,3.59326440287574,5.82807038434683,4.8122400238462,3.25157829892463,NA,NA,3.15214377524919,3.31518712264634,3.34782558892438,NA,3.99886852601476,4.16279057294163,4.14955366249772,3.62752340663721,4.05892618440085,4.14005086702819,4.34049117548634,3.15964281570772,5.20227776925062,4.35970851523844,6.69318227006614,5.69596571371876,4.41733596860062,4.66669543770657,3.56736280338717,3.22541113030401,3.31488406257037,2.89712805200119,3.22097456547498,2.50210642536635,2.67393861361188,2.54839533469093,2.53530737480759,NA,2.63152313754567,2.27477585170504,2.42580429948015,NA,2.12416508062558,2.48938721272363,2.20885082250434,2.48569377679646,NA,1.83657849550126,2.00674928822181,2.47803689167642,2.32386303536911,2.51871299344823,1.86668008929253,NA,2.81426558399043,1.93963228817805,2.14600181448469,1.43001303213463,0,1.33332188236403,1.74348274882139,1.33460947205595,1.59477026143498,1.913211112556,1.49604902933397,1.71944682382545,2.06388356863351,2.57412003317381,2.36298713775284,2.26084957500647,2.68396464608437,2.8148297144036,2.93624250268115,3.10709345698031,2.51179430392623,3.17799409855452,2.48643827470106,2.65681627251903,NA,3.49591062223325,3.16212715844403,3.74581687440021,4.06075579288082,5.23488706525753,5.05195025722494,3.98073806636123,3.74777509272579,5.10761729497155,5.6260125857125,5.60038141250211,NA,4.22151207761443,3.47417623685463,4.63022270640867,3.65003457967415,3.7137128612917,3.28378482886184,3.85115314558419,3.59943103368763,3.41030533760501,3.54600220309092,4.04367971843813,4.10733260666162,4.46611516156985,3.1797027380212,3.77619590528818,3.85666545886075,3.9857634299182,2.84606553766428,3.19097521540028,3.39837979712151,3.61847746852089,4.65196198610928,4.44976493449636,2.92118928169521,2.31335384749315,3.06141802661158,3.26868515110794,3.7224305240559,3.37642955163151,3.40038035833365,2.74659671588634,3.49660156004061,3.33954020677548,3.03478558092289,3.1293477918181,3.45308161355868,3.16762133303757,3.30696063495546,3.82725800230057,3.11401078926533,3.23400983797359,2.74181270148282,3.10663731926574,3.17339497993782,2.64957806502071,2.63620445041925,NA,2.25494395098139,2.14484487619161,2.57362794258262,2.24539365077224,2.27324472239808,2.47769809493374,NA,3.18157549343005,3.54264662836205,3.22165854835055,3.02186133538969,3.0831355179108,3.198514743462,2.97195215118344,2.36614983103969,2.49493904372488,2.48231372857106,2.65007350746326,3.35191265200282,3.30725141220386,2.92174733999641,2.33861400821478,NA,2.55716553358592,NA,3.54689490899609,3.7128171586781,3.10794376517368,3.04280424310338,3.85965013132588,3.90366831590031,3.49962040315578,3.26352935811315,3.02508249512489,3.06792430872051,2.86127763410134,2.96364918983602,2.80469644790216,3.28639187022322,3.80597648595246,3.31696104134598,3.65607182322833,3.31989160408689,3.85048745133646,3.7604033606223,3.34358624513566,3.65567182510076,4.08846862110283,3.64269584699374,2.92335895304553,3.50083758859382,NA,3.64609980494329,NA,6.18828316310102,5.00395248558986,6.3249299703258,6.62114109103621,3.55850762301337,5.37019232905511,NA,3.6570016589365,4.89258786186382,3.8140014221463,3.77275637010358,NA,NA,NA,4.05063641034443,3.64050677324168,3.44718047561958,3.41967654284248,NA,3.21719432357744,4.14542691222973,3.16742026403131,3.66341104658851,3.10007047298426,3.45660212495373,3.7035930541935,3.56227198007966,4.61921006957709,4.81697233370918,3.81867959088878,3.53447389780098,3.69267223555187,NA,3.03438037308969,3.93904591912128,2.98127985604096,NA,2.32835296258712,2.81459782908279,2.58719170021495,2.42516835043019,2.54555218423501,NA,NA,2.29714305565139,2.66601098991199,2.59296736262027,2.55324290918455,2.57558711417732,2.84050088206135,2.53997494049114,2.36220270517664,2.16902031983548,2.28183424595617,2.20952385777134,2.39728822291257,2.82348891557074,3.11596737531059,3.23329676877419,3.19810710513406,3.04223378007834,3.41866658168602,3.6601860218487,3.7840880120298,3.65176337814935,3.75921291889679,4.26068102427981,3.56613459408753,3.77991796959112,3.98339513105299,3.7052177280205,4.08908552846093,3.94473177921975,4.32061299159187,4.09127838482624,3.94955515627558,4.94222978614041,4.34783514675204,3.76957200644363,3.88862750211407,3.93958791891481,NA,4.90438269838861,4.7269968063067,5.13891187701,3.98978063606182,3.7326032275371,NA,4.36565905763649,3.83211084328278,3.73306767432072,4.7411062343277,4.8218951767285,4.60033128979142,3.26829015216873,NA,4.41566720217397,4.69244718315002,4.41160115003158,6.3107945607575,4.3223044159968,4.20357964489127,5.40692920946188,4.26371259158527,5.83314138229342,5.03705294682673,3.22470918192072,4.30563757276423,3.72508224368672,3.83225305623059,3.74553062579359,4.26117576603268,5.07035713002357,4.49062024185099,4.40570518827654,4.82191300804355,4.51794143094882,4.38895693860402,3.95626377145813,2.71897091790255,2.92149459954265,3.07078306597984,2.73338910411001,2.2766502295306,2.64910265882674,2.43942427733155,2.52271155630012,NA,2.38241553432215,2.62299685420585,5.42265999741663,2.3856235962633,2.37860822182813,2.34085669291654,2.8046556539145,2.3192463590918,NA,2.58418555098769,3.11766444832018,NA,2.865663843364,2.85263317427312,2.87617895968823,2.8072758600931,2.84661264191197,3.07574993301062,3.28813459834295,2.943647413105,2.86718760974719,3.92988910358642,3.37997634562768,3.13984445896115,3.57355051015646,3.83097541764817,3.74310057111841,3.92619464381722,4.08690644238827,4.41517228101756,4.29895621143582,3.6200652571029,NA,2.86821614960182,4.01990884701387,4.02518698252211,5.30788912224753,6.00542107608574,4.31284810197944,5.02475054378141,5.14851162488632,NA,3.98552295601574,4.55235916855666,4.38809902921045,4.12356890736603,3.61099981611174,NA,4.97787795962446,4.56405916927992,NA,4.51709905417814,4.18623426573519,4.05200965620884,4.72870481229517,4.2086112281023,5.03996298976471,4.08786278600218,3.53004750832941,4.28717916354585,4.60309366204693,4.09488531464137,4.04123712552257,4.07165144631077,3.93262232520844,4.05677757201567,2.49622775341493,4.16144955415199,3.59828190354038,3.39753004620184,4.63884764690204,4.86823113641866,4.94277252435037,4.83410896355422,4.13846513282222,4.42107582144005,3.53876275480249,4.20614044013581,3.72114619104641,3.02935156961321,3.68845030383323,3.05393173728804,2.79354123838928,3.02094273678513,2.54954289756174,2.19547329097085,2.37556169273195,2.66155565828215,2.03904999159979,2.23903664392413,NA,2.33001327664845,2.42646641346133,2.41864478275018,2.37160329449777,2.5190382502339,2.30655179032229
NA,NA,3.35219069259183,NA,2.85356792667025,3.21391650612531,2.67226395365102,4.08584704891994,4.50290239778209,3.33737172640622,4.51884594976913,4.6625685516696,2.51471723074576,3.68892596293872,NA,3.34432235066326,4.22206302306248,3.71594573545667,3.8422964190114,4.08017760164005,3.37725172892152,4.23196680983068,4.63326808828475,3.11108982747936,3.83781434361905,4.01481723791559,NA,4.0619818650915,3.79374823353019,4.1262831761725,3.04962456802769,3.52133162553729,3.64737687539284,3.74507569525377,3.57746171319425,NA,NA,3.29384828581091,3.61031087701733,3.68063250644357,3.6595218711643,3.30090274609629,3.68784843585397,3.89247490576264,4.11881446859348,3.60934457984087,5.16815054796424,4.01814023660412,NA,4.10519982863588,5.49617267157972,4.63076980273198,4.60980944730454,6.18420026313919,7.95829559831087,8.60193554253583,5.93424332903407,7.04334082800744,5.90980802230484,5.85068191971098,6.59544322113315,6.5294240905842,5.73940355028565,5.08696289945296,5.47883611875607,4.77102646859593,5.82770234692915,4.19062760346895,4.7240385127912,3.521813739214,3.69062422947288,3.37531694604869,2.46616979314951,2.97811835110012,2.51699311088335,2.25248331741067,2.50055485497523,3.06887069387115,2.75076645245484,2.57338783784462,NA,2.22356764679159,2.57905926798231,NA,2.7231424109819,2.86139016720413,2.63419293530981,2.40153665189585,2.5095396361112,2.23536622698497,2.63724413787102,2.32638410254876,NA,2.51601395334788,2.1231709770746,2.50403717335504,2.91911920363424,2.78946057558523,2.63484170657298,2.57801438767997,3.26261039420502,2.54610741578457,2.99959757427412,2.7704539017861,NA,NA,3.00629260595778,4.012339383731,4.16253195502268,3.99352445404087,3.19433923296907,4.0057345451671,3.85732934815361,4.59144820493866,3.34357555066907,4.07840981562445,3.79295842168114,3.15729212502936,4.07476645343501,4.32711323658008,NA,3.72904012474435,3.64143842220289,3.57236419507071,3.46892748785616,3.02462881360089,3.8255073111729,3.54051234383149,3.6748660833682,NA,4.13616922606364,4.50624439041831,4.55894845213707,4.18762604007371,3.87739888390725,5.98832059265288,4.99428257351059,3.4930722374086,NA,NA,3.32186555511307,3.57435311276075,3.68135010775033,NA,4.26835630224386,4.48160775638989,4.33931379031518,3.90848525637017,4.29640627865422,4.3541110697615,4.52256789271024,3.37615123278041,5.39459878972178,4.61850025381426,6.87001153947941,5.88620076740356,4.63960312500421,4.94067866704748,3.70722183089123,3.2347665308998,3.651791611932,3.26721257459356,3.61946205016228,2.86528814930238,2.99109588409425,2.66100631990288,2.67545608537874,NA,2.73786509744573,2.28112769377069,2.661097991952,NA,2.33087299432909,2.67659488162731,2.34562883319245,2.68780704664316,NA,1.98864740770366,2.15940801506052,2.53337771979044,2.45940732671236,2.66367363726546,1.73952911389997,NA,2.59730563145554,2.23048743296876,2.57586346057571,2.33059197482724,1.33332188236403,0,1.66677922101701,1.68139854613976,1.99482439065809,2.39334754832602,1.29663271508732,1.84098494013908,2.12373565024506,2.47468026109945,2.52136427738059,2.25900108936347,2.70956617748498,2.9552472411184,3.02206603625862,3.17879512313485,2.26215539642415,3.13163130147297,2.6347637298934,2.74900193770002,NA,3.24939772100278,3.19096548327051,3.82280662528863,4.21999615390363,5.44785712983573,5.29688175717455,4.33261331561651,4.06422493349718,5.31001274062159,5.91431908411713,5.87914325441654,NA,4.31482289484619,3.67996615245604,4.75848126989995,3.82863605505095,3.88515140943144,3.49781326558327,4.02398442777847,3.8062364351922,3.50923304136245,3.73302782480007,4.29426998278786,4.43618350849795,4.727267662662,3.49882513974267,4.03248969272746,4.06184054597907,4.15532928826207,3.01891783345395,3.32908306464123,3.57927676766716,3.96069133933462,4.93912641562091,4.63955516102804,3.26545143655509,2.72351013243032,3.37047457628212,3.5121249727211,3.75879223030394,3.5757471904305,3.71243431023572,3.12935274636105,3.64354089292134,3.52346668815142,3.28892335447782,3.3860194177586,3.66229129823779,3.44262259191557,3.54322110464835,3.99026338961946,3.46764645249421,3.52819525527451,2.87470105361017,3.31364685333358,3.26249432062636,2.85818161258367,2.74774573087482,NA,2.47489121820825,2.37915847622388,2.95658464835424,2.64637602265769,2.57878119452788,2.49183130680691,NA,3.19644858367232,3.57509297197981,3.28628050084217,3.13730756351965,3.23452441033726,3.25811052607681,3.06543708977428,2.65181503759392,2.80034572625242,2.76854803259899,2.81071431227102,3.44319759482122,3.44251201575624,3.12598809190925,2.71747563136579,NA,2.81827488733221,NA,3.75596552068878,3.91005487086732,3.36287759348549,3.26655454631363,4.11609025543524,4.17460796755884,3.76858024243045,3.5997026777568,3.31370819062394,3.33100748200079,3.20696817396988,3.35166331783166,3.1682503464625,3.64678978355355,4.11009390525671,3.65923818952277,3.91008567452839,3.57597011116652,4.1795630467119,4.07345789209529,3.66781882111829,3.98565117996476,4.25535387745578,3.89922377932566,3.19684095800321,3.81472461134032,NA,3.92962855350914,NA,6.38390837575656,5.27894719441072,6.52028673207889,6.82630748050364,3.86866314144413,5.55005579219882,NA,4.00009163482218,5.14430302538729,4.04096151535956,4.00832626970723,NA,NA,NA,4.22924341640823,4.00131794955017,3.71387632221717,3.67825203600718,NA,3.53179390706927,4.4052872540886,3.53951992825117,3.96669562605218,3.41292484563159,3.72372205052399,3.87517783199248,3.72423656327345,4.75712549740147,5.08856393376873,4.00498693623213,3.74625545263962,3.90032206328153,NA,3.15177421718766,4.17985327017377,3.17148021567553,NA,2.53322130917369,2.93086764706761,2.71863674274451,2.61480880417678,2.73036105602369,NA,NA,2.51541495627073,2.74585233150444,2.71274827289221,2.65417497315753,2.63875977880126,2.92123417405981,2.65073749783128,2.61713712463441,2.64021684190741,2.56846103808514,2.48583800654358,2.57479308069908,3.00575376726136,3.26757553167863,3.297653490277,3.4584287954372,3.23250976193489,3.56677164276622,3.82881479894766,3.99866116216006,3.84673324247875,3.96138185307055,4.49323640140927,3.83113071408717,3.97336152147704,4.17483995186155,3.94295304735506,4.31454831327896,4.1556782513626,4.60036024459002,4.20165819571354,4.17117103731392,5.1557129205468,4.5643967011947,4.0203315271316,4.14678540817136,4.18634265290633,NA,5.21703884247738,4.96266124982131,5.36686320651401,4.26117246881225,4.06104134418205,NA,4.58984217930882,4.1193574547983,4.03769472040104,4.91480123875607,5.0950742288374,4.82652917321235,3.60106909298608,NA,4.62992278667912,4.91340787249899,4.6246403786327,6.53222784987698,4.57128600363689,4.42132274550801,5.60751952901966,4.46708725673988,5.99978307748334,5.22899461395708,3.49646791769661,4.48238446363509,3.94173209532501,4.01046408439271,3.99073692179407,4.4686401840407,5.26057466519313,4.67735472665116,4.60899068344244,5.01397285857919,4.58530208625487,4.48307853462255,4.03348681522943,2.93695258258367,3.12933585117616,3.27024889598759,3.00194613283661,2.70018480308096,2.98303949177923,2.73725527611728,2.8496885468402,NA,2.69875808500467,2.90101316719841,5.58427851811114,2.80931355973708,2.68620484649868,2.65130055508975,3.18095029422808,2.65111120992451,NA,2.93443417586156,3.46648398659878,NA,3.23727378036933,3.25256504307904,3.19802802820859,2.99119698644198,3.04299190480937,3.33397879910146,3.57979892884744,3.21009108378122,3.15846840474834,4.22560296867032,3.67606285710627,3.44317067491688,3.8921555938631,4.1778882328831,4.06181587829697,4.18483914026882,4.31518276506937,4.71440654414577,4.63091756971664,3.87739144197037,NA,3.1895188485391,4.30438068124742,4.31986391029551,5.56319311129866,6.27762767539119,4.61732336707045,5.33969160406645,5.49595184820233,NA,4.28876939428824,4.82941646405252,4.68999329501916,4.43606675896383,3.91842498862429,NA,5.30807775398675,4.88308640930476,NA,4.79452193160529,4.448852768869,4.29171596844563,4.97311035038267,4.46274566845581,5.28224727723122,4.31142224506285,3.75673290287063,4.5298324213911,4.86879861759137,4.3730078924662,4.3338460003562,4.3584864323736,4.17334499519695,4.33720639101447,2.98970232127287,4.4561376722299,3.92145024455023,3.6345568863917,4.82014853475874,5.08507773007373,5.11623796405444,5.01939810254599,4.32681275356167,4.67841215374082,3.791573881443,4.45413357432951,3.95633571994299,3.3345909972332,3.91043151955906,3.35830032227735,3.19144815044287,3.35583091677523,2.89481026620009,2.60704290988539,2.70395089438581,2.80399855805372,2.45159789694864,2.46283915690745,NA,2.55011932020519,2.64009007146486,2.59615259640122,2.52406944455252,2.83868515548114,2.61834970505295
NA,NA,3.29010715947672,NA,2.79277437094311,3.20753686350402,2.45663229555087,4.09645054532117,4.5315563884266,3.37342874889057,4.44813037386978,4.64492411871059,2.61543689387656,3.7039059200252,NA,3.48815738788225,4.43874391213944,3.81788703657324,3.99594118272734,4.31154204519809,3.58643629938634,4.19838010704877,4.75405252463192,3.37430346332346,4.01635209108879,4.09771606348869,NA,4.19185026798795,3.93462244577815,4.27971090936579,3.21919361940774,3.73285101483686,3.7974631528784,3.87372926181145,3.72223895145679,NA,NA,3.45578575769137,3.61958193337201,3.75727635371021,3.84587492231675,3.48705609817421,3.81138139084453,3.95284764196293,4.26545641906922,3.72268485301176,5.12656360791849,4.01862839620823,NA,4.33058929038882,5.56335654616783,4.6413694699215,4.63659376348372,6.38826176490383,7.99030478839673,8.61948897813413,5.98961814843635,7.06136454240063,5.93492314035111,5.90770767139498,6.67530382126199,6.65308504945052,5.84559610006581,5.27332390700231,5.64547546345164,5.00173681594811,5.91529079198501,4.25212590208288,4.97959845281259,3.67000539851154,3.86002162059892,3.47865231756531,2.6746843314759,3.10575801052312,2.74590183246243,2.76453409652496,2.70409760752128,3.29269036936474,2.99988099580987,2.78020961577674,NA,2.39882201715097,2.70876747406403,NA,2.76527195397578,3.0106380699938,2.7046167477988,2.60625873567042,2.70106524788906,2.48406842344527,2.85927506687732,2.58891486570417,NA,2.85306856389461,2.27149606191972,2.65530909574633,3.03853951333897,2.78164260231264,2.77674019651584,2.76697101804774,3.49949312977558,2.67831942000946,3.12254379377217,2.91654684156704,NA,NA,3.07883982623994,4.20527623781419,4.17060705645785,3.93186379483989,3.33204035893119,4.08158717450188,3.9862559809617,4.6132776451311,3.41202298873359,4.19743239571222,4.00479148259934,3.27295886303881,4.0978142236803,4.39369364151124,NA,3.79776133392008,3.82731768840252,3.62079973787222,3.6086455887248,3.11450328093313,3.96635157919252,3.69089338648284,3.79622651174058,NA,4.31881252170027,4.64906272268777,4.6881725768637,4.22332701470447,3.97457664243829,6.05175461126057,5.02873827954021,3.63826199560225,NA,NA,3.66378637819855,3.72264657809376,3.94556269870721,NA,4.42745894320818,4.56380329145397,4.48487299946863,4.04328849181835,4.49780138322489,4.58394955664076,4.628519319786,3.55994984989456,5.47492209899681,4.79237886186846,7.01567960970477,6.01118524285689,4.767151541806,4.92781061834352,3.89917150864887,3.6932428576087,3.79243642422703,3.39571758896024,3.72290770598377,3.14407265016627,3.14474521352061,2.92457854902002,3.04077466462915,NA,2.91945643435656,2.59084468673274,2.64804926373986,NA,2.53393330008446,2.73745266149886,2.1997110007703,2.50103484033457,NA,2.11423166074918,2.16156255123996,3.00921075920942,2.79519244430385,2.95243220153002,2.40856359824924,NA,3.31843124816566,2.434084481219,2.7378729110595,2.4995291961256,1.74348274882139,1.66677922101701,0,1.72396093204714,2.27179661510584,2.50698842817919,1.91068099429131,1.79228833133332,2.40295374757858,2.89084824531022,2.70640752524885,2.40582338965735,2.97722957200866,2.84580654599137,3.25866021014133,3.26647203541285,2.82172081692442,3.43037777246303,2.74072914899971,3.05143191617251,NA,3.66759538907264,3.19192183212459,3.95118892065045,4.32156285490978,5.53273663421923,5.36031166391846,4.38679574921064,4.15822979698457,5.25983156049905,5.95707432937975,5.8343877250013,NA,4.43744423490526,3.76686394613549,4.8161320619701,3.91208968492356,3.84112530656203,3.62415092572089,4.05822288576769,3.91469556181999,3.81321715172492,3.96066357920218,4.40844253994443,4.49007195586064,4.88282654978923,3.53642068835672,4.11628255639247,4.19720886510487,4.3158419627781,3.33921152830541,3.65675571791113,3.70677673110805,3.92431226687513,5.02149200199069,4.67638301789902,3.23390811699425,2.96813376396622,3.47639193498803,3.67584695951232,4.08831593334584,3.77541606523722,3.73578470108784,3.16380045697064,3.75079199057902,3.61983302209549,3.35644895725196,3.48386386117904,3.74433449570839,3.53264257562646,3.73548334593712,4.03765923362057,3.31700322841044,3.23839959032853,2.73266920672933,3.35054135570678,3.29534293098863,2.76481778125902,2.79217659547791,NA,2.46006932513743,2.32892766733523,2.78157921087204,2.50406168139202,2.54444293020463,2.74541985406404,NA,3.23088785128921,3.65983254499333,3.6337222946768,3.43558313543543,3.43910714575546,3.40973726376113,3.04291394704883,2.73652877462887,2.9463566768346,2.89598698597273,2.93082200572787,3.4041178770034,3.51916366800641,3.22346927608798,2.8327631353711,NA,2.96389791525813,NA,3.86141988115453,4.0417045243562,3.46987327665765,3.43008435518367,4.07448372299771,4.34972316341578,3.89372971799318,3.70098066216496,3.44865126695361,3.44845497298931,3.32476003190034,3.45354445429566,3.35875208317306,3.80231367758867,4.2602894224536,3.71558031998228,4.02326977843264,3.70314166637882,4.28926174184113,4.12308675729255,3.87870160561128,4.12464764125382,4.45703454315141,3.99753261579071,3.35347571336707,3.88495212146943,NA,4.06627137929502,NA,6.48292979906685,5.3739804321095,6.54001196279231,6.90249968758064,3.96924592847482,5.63941169875097,NA,4.19756482909193,5.26430533400685,4.16896611053194,4.10784624501095,NA,NA,NA,4.36276371642532,4.09613700331215,3.84232432408909,3.71091489613945,NA,3.6084843469509,4.55489075335645,3.6117169033994,4.00989594365248,3.5338631046659,3.82988915317595,3.95640433874496,3.88542467088034,4.9022596200708,5.02548819407609,4.17438924923994,3.92169298019959,4.07518418692615,NA,3.33423159899469,4.36036854581274,3.31131155113951,NA,2.70283610987618,2.99423225662702,2.95952464295698,2.85421261415742,2.91429045473726,NA,NA,2.74130298666141,2.97875676977598,2.80793789236107,2.85961082426608,2.84115548685689,3.02400014688232,2.65696517241008,2.66709506952659,2.74297325546126,2.54144974473632,2.53479339928654,2.69304314630762,3.03207550145209,3.26303009143283,3.36117246016165,3.48291120281002,3.40538753914901,3.67193471338084,3.90024755725271,4.08795079265031,3.87870706822988,4.02032971764067,4.54882859691527,3.80457266075139,4.01714156021858,4.06012981061555,3.94547181989507,4.34740490401245,4.19290031943049,4.62467016535173,4.42492828618157,4.21682002584767,5.21674593716219,4.73417711993833,4.13104662241503,4.27005118067215,4.28541543235026,NA,5.30458254785681,5.07500945669999,5.47911851393955,4.39666004478308,4.21066808073326,NA,4.7239414092736,4.21858283348496,4.13042002698403,5.07079530808146,5.21295066760626,4.94291752598257,3.67169848231787,NA,4.75483725914335,4.9623871988048,4.73995647818777,6.62654162339309,4.67161248304722,4.55493658152895,5.69784369646872,4.66977681672659,6.1523582396913,5.43624332139717,3.59648641408801,4.59834785154441,4.14745626207466,4.1842910841434,4.09753681227996,4.60628351573568,5.39606993486869,4.83880023415568,4.76795213444021,5.14646478494111,4.78798174655944,4.59515973111798,4.17890503784083,3.10746074517336,3.23239250468899,3.42061718109189,3.13925370692162,2.85631808183403,3.08649618839823,2.87058786307984,2.95516318252053,NA,2.85239917325129,2.97115210069324,5.7045090213688,2.89051980042924,2.81992243749164,2.80530171140154,3.2992693209568,2.90098453104609,NA,3.12209245416222,3.67142333259486,NA,3.45998668565945,3.50311743167639,3.48319139286294,3.32135655307856,3.33394967010434,3.61861029172212,3.88575381501312,3.50374686718056,3.40776832515918,4.37361309695159,3.81642334573475,3.60097427501229,4.03840415311002,4.34824358128144,4.18815070107124,4.30594522731476,4.44500726249002,4.84790895313864,4.82396535726621,3.97917381932985,NA,3.25268357806657,4.39068581788357,4.37972534479706,5.65857655658597,6.36440801760471,4.70742988194579,5.4464553616884,5.57187780456821,NA,4.43617830497049,5.00352905455413,4.86477569473729,4.61450486986182,4.09117728960165,NA,5.43967554331488,5.04880438066728,NA,4.94738567685671,4.60094677486492,4.45658772585915,5.11833840885399,4.58879342259574,5.38995661921943,4.38379230982861,3.87769306692646,4.63196730468093,4.93495954411938,4.43703688800805,4.37413504728786,4.4478381108072,4.24489242286584,4.43562402075724,3.20494953412573,4.58976060355033,3.9865987945354,3.73847854512135,4.98545179551036,5.20394277855755,5.29852037613277,5.14898804242562,4.46969039987725,4.7719865851952,3.93912249610616,4.52523557887444,4.04643981367583,3.45068917770757,4.1235424349087,3.54451948702622,3.34608727001813,3.55037512420129,3.13727041068334,2.82669083796497,2.91826152192952,3.08484252483767,2.66179864214614,2.63285473636558,NA,2.75797458809427,2.86283617863803,2.81768549571192,2.75525822163029,3.05849407268328,2.83020181008285
NA,NA,3.24717293230882,NA,2.41542770874568,3.13937995646371,2.59500435076272,3.94815041846554,4.33877329100187,3.13297541002195,4.38128123976985,4.51761367596728,2.11875331410697,3.51768178710145,NA,3.12862397884981,4.31054025619899,3.62349445727995,3.62228777807261,4.01422482354375,3.35249081191718,3.87476835627255,4.54228619942258,3.14797846431021,3.86071838630404,3.88886316899804,NA,3.92850118802573,3.70225905675846,4.0348406634783,3.06279765310618,3.55237560555655,3.62879130514187,3.75577491973033,3.50824274307596,NA,NA,3.29811393970922,3.43839564799387,3.57297452593506,3.57752043510799,3.26957167290355,3.63810826119197,3.71021759996713,4.0543336479502,3.35689057039642,4.91677988016178,3.81794804723974,NA,4.02787786832595,5.28959176795381,4.44929799026993,4.3742789891993,6.19906487219728,7.89355498515504,8.46844748266005,5.79510307837056,6.90245470727888,5.76509570682955,5.73322531098926,6.47101217855714,6.40435429559917,5.59176691131343,4.94652928526472,5.35039966469467,4.64848888108354,5.58128585336101,3.84273454471659,4.57268929670123,3.28340662093862,3.36283534245516,2.94198187710785,2.14747054449816,2.49604729091175,2.16645865834408,2.2101835655446,2.30407248570209,2.80951584972816,2.51577773815969,2.10450523976914,NA,1.91459856254522,2.20575749817567,NA,2.29732233641244,2.48968130853626,2.22358218963357,2.24939331708981,2.41572285885709,2.09689631040696,2.53452897854217,2.11045587828543,NA,2.60243213273079,1.94661959748442,2.33122489801251,2.54769782498961,2.22675910957408,2.51040468198899,2.55574357503558,3.38385686670119,2.38418198667885,2.80403215856004,2.81900621959264,NA,NA,2.87400530653926,3.8839134100489,4.04331006357659,3.76857651780517,3.02740985637125,3.73944652719278,3.7297670789695,4.5990964692755,3.08830949413598,4.04142773301707,3.78897910636686,3.13545394917844,3.9824411278257,4.19953691451502,NA,3.28738210832962,3.49638125420786,3.37239423291657,3.21196352292453,2.82471882406053,3.60379546773082,3.322061824043,3.47174807758729,NA,4.08947150459015,4.39078738631034,4.35624766220782,4.01076084753572,3.66560439908441,5.91717129201753,4.8881324555303,3.21535866851361,NA,NA,3.38362941075024,3.43888841208938,3.41514894650343,NA,4.07747206569216,4.23767845925019,4.11518052148034,3.69231726730369,4.15603499704933,4.24459107071852,4.27300480737768,3.28972209532478,5.2710659298872,4.35704750898251,6.76110098697321,5.72455290263372,4.41379002470764,4.59404503747095,3.62077713494301,3.32607344875785,3.20844241404388,2.83703170927077,3.24471054228335,2.53778992834065,2.58481361642715,2.44542624539666,2.54751273192627,NA,2.43062078210248,2.18407157902044,2.36519100089165,NA,2.17039730493943,2.53595863628992,2.27957118621327,2.5636152096952,NA,1.7473063582691,2.13471978018609,2.75309381680124,2.51117847452565,2.38524399535588,2.05503240052258,NA,3.23368756867882,1.78578827056581,1.92841592532011,1.70104735685098,1.33460947205595,1.68139854613976,1.72396093204714,0,1.27982612425193,1.67562793308389,1.5870697248912,1.50299303386276,1.9637112321804,2.26454115999005,2.11152004132059,1.94760504811533,2.4280385744771,2.64229393114375,2.79093582911268,2.95918223951672,2.63023099383568,2.84325563373596,2.37937193155888,2.83613375812127,NA,3.52147464671426,3.1451769717719,3.90794593459233,4.28753930124965,5.36748806630753,5.17149724859828,4.13550873391945,3.80932088711834,5.10389580943766,5.75864084548554,5.75219096146129,NA,4.34429987900625,3.57566410556608,4.54983347688745,3.60819758565385,3.61583777633994,3.21589658060779,3.78307775433338,3.59202982675821,3.3468185277111,3.51524740939912,4.02946110071554,4.18510735987745,4.49514761906814,3.32168892823188,3.71584464068221,3.83128672970154,4.19504330910439,2.89794087711633,3.31563970130755,3.36693401266039,3.61927266085959,4.55778357213066,4.41480169156599,2.97831044863323,2.48789314824009,3.00407624750564,3.20300076832518,3.72543150638043,3.39242298106796,3.29797936956446,2.66512320007545,3.37295384915323,3.40267472366713,2.9147433819939,3.06448725846028,3.24519233010991,3.05074892250527,3.36183567658263,3.80362003807232,3.13474740670539,3.08749111939882,2.63474487717139,3.05176640657238,3.26053263216423,2.88893667089077,2.80905939157438,NA,2.36743932767727,2.15057898633622,2.43024409776635,2.34085001526861,2.55408253111552,2.7997317425577,NA,3.21500789553453,3.78032319501895,3.57128802678239,3.42821294311464,3.41505457403278,3.3712475121125,2.84916971302107,2.65288736750944,2.77271032873519,2.86792232971887,2.84718354277801,3.17073783078967,3.2031586814667,3.11607570575537,2.49334165075122,NA,2.67184646575396,NA,3.623067197034,3.83934347845546,3.41643364275082,3.35959866599094,3.73311035335356,3.93707675365878,3.62911756080183,3.39100418557216,3.06670993246352,3.09235489192963,2.94656313054283,2.97689911284421,2.94054199715071,3.31377697378031,3.95403249649563,3.37582388537254,3.70165126118554,3.40848151502085,3.9319358501047,3.7371921729354,3.5441197146925,3.85159697293965,4.1866322138906,3.70470145627413,3.09119998499442,3.47862714300456,NA,3.76974778779387,NA,6.31197388648911,5.13584963381572,6.39052009791548,6.68140484070936,3.70177855782246,5.41733202331187,NA,3.85815860431514,5.00303204585081,3.93185980727436,3.83247253675249,NA,NA,NA,4.15811244112318,3.64669531802072,3.43035611839705,3.44174359940383,NA,3.33732383601952,4.22073119117016,3.24095292205879,3.61293358336615,3.00952209366586,3.48563168654049,3.7533273078196,3.58184032811623,4.65717829969981,4.71214070283777,3.90140994907181,3.5495539613233,3.90232833084797,NA,3.08954958279242,3.97285636771127,2.93402899368403,NA,2.36842947076777,3.04322777823993,2.58005981168205,2.60905206592692,2.58308297743949,NA,NA,2.64483221601823,2.90676716519019,2.78002393979431,2.846346894287,2.71794623787339,2.5882199800636,2.50854154721342,2.50244790068264,2.19865850256632,2.3101713014913,2.3724552250072,2.57669123578227,2.96244613614417,3.22917524071247,3.12439594117321,3.31384083284286,3.37193288460138,3.61546876761878,3.92857221401836,4.11504280072784,3.89521373988074,3.92014739827897,4.47992925296248,3.74037239421782,3.91734620335513,4.10220606322522,3.90601265451179,4.20120030805145,4.03539985851969,4.47273545284327,4.24779182545631,4.03657593105255,5.05381487010399,4.49531198865802,3.88357377306341,3.98119768007312,4.06669612076126,NA,5.0194309935406,4.80239136740128,5.20433266966528,4.09275845453923,3.80739493002832,NA,4.4610963891257,3.94347278133547,3.91517597854065,4.86583863757694,4.98074576504995,4.71991403935255,3.4699358033679,NA,4.45177898181681,4.7626563748793,4.46116005216591,6.41292581277182,4.42913252242368,4.28434618187611,5.47466814570291,4.3750443986823,5.85482173508261,5.13362867887807,3.40027884642917,4.31957530145509,3.80896753707146,3.88785314827405,3.79996638985668,4.31016996024336,5.19578645731124,4.60945603970143,4.55436288656876,4.97539314753915,4.6603845711964,4.54189680815138,4.10760380649119,2.79438638254484,3.10477873674926,3.24161332034675,2.96625069773369,2.46705734552082,2.87375388569523,2.71335997503315,2.64578808545263,NA,2.64684611845299,2.93477243299663,5.5412858865514,2.71742986333904,2.72922305410483,2.59273327725894,3.06092403685455,2.75101739263092,NA,2.87549001357848,3.37716371444747,NA,3.18537553373007,3.1608254355879,3.22913264089283,3.23697447442246,3.26179342659001,3.3138526211716,3.58594825509928,3.30170117275068,3.24619835098685,4.14746519608709,3.64120293876037,3.39327129689112,3.80345590584867,4.01638887983159,3.92893518331327,4.09518450092425,4.16200273521636,4.54137896919765,4.50864931257864,3.79144814813094,NA,3.08901301632959,4.29625221391679,4.19348694292363,5.47324513824024,6.1740190125853,4.44844813213195,5.23992857245264,5.38234676379222,NA,4.15852141718441,4.74889824747093,4.61992958629287,4.38249181126618,3.80593627178907,NA,5.17453027711501,4.7435967292434,NA,4.66177650995272,4.30575522033911,4.15918062656361,4.836501657029,4.25155702269555,5.11803342545102,4.0721080251388,3.61358012985622,4.31256688908034,4.68659794548002,4.16570190314903,4.15173078937921,4.17989359035699,3.99905606393668,4.17510176349698,2.55004564747557,4.37552323449313,3.66847490628408,3.41332995389589,4.7513742494611,5.00729167949025,5.04148403486791,4.99028076615068,4.28154672918897,4.59437521666506,3.7105461329553,4.34428389029813,3.87385975962804,3.17095784851933,3.92448582352862,3.26087829812739,2.99575604654016,3.21860619548461,2.77688876984314,2.5465315474224,2.78440517833611,2.96102269751722,2.15584936451392,2.41685052231209,NA,2.5589805915918,2.70651054573307,2.66325969618085,2.60388077798816,2.76676538066127,2.52014702065039
NA,NA,3.45025789596762,NA,2.56758008796476,3.2961248648809,2.74473979850904,4.13973992690843,4.43564730566591,3.50029804899111,4.69588476847127,4.83580220986808,2.18103325444272,3.69163191792276,NA,3.40841037027616,4.49891227105237,3.99960494561858,3.99428007058686,4.25200555839044,3.58021691092813,4.03538439676042,4.70556573492196,3.31361682302829,4.07422485539316,4.06836012387364,NA,4.04029783573938,3.85925413856279,4.14049938991954,3.26340210745351,3.67357817279043,3.75500852484984,3.83250722083056,3.63330941256948,NA,NA,3.41198994182961,3.4992204030072,3.6284033053338,3.71161315998086,3.44872917615912,3.76216176634668,3.88084104133014,4.240053337068,3.55350293705068,4.99524592989636,4.00130999488537,NA,4.09014101195105,5.42145323916489,4.64955060666797,4.55249799264416,6.27798171452725,8.02493029489614,8.53862718335498,5.86812050229481,7.0052021550983,5.83289739406732,5.85076259880358,6.58872461523117,6.5194072866753,5.68962161393773,4.99921239680975,5.44331584486809,4.69208303834261,5.65619189988049,3.94408101594624,4.66370965194336,3.39560632169077,3.4967373494217,2.97173486904223,2.52130628986809,2.89137773252533,2.48756232760044,2.42707909053979,2.56244432195692,3.11060338995648,2.74933063435884,2.34426715866801,NA,2.223150354256,2.32984097863105,NA,2.50395656397907,2.50811566950461,2.37998128722894,2.5219993704294,2.51057030661277,2.34732094332422,2.64026814594816,2.20636460597608,NA,2.95794031316084,2.26301086138619,2.65837349129164,2.64341485928208,2.4271277501064,2.62125852853089,2.60856042860369,3.64339815921134,2.62070789212735,3.10169154398561,3.14872352845119,NA,NA,3.03676169510925,4.06903719596874,4.24676879829745,4.01369714603577,3.30520349304272,3.96264140628429,3.90108903478533,4.71041798183248,3.41037180248808,4.19912804837498,3.99236575919746,3.4116691652929,4.25807607057533,4.49440165783063,NA,3.7004912192923,3.73630691195122,3.56950457779134,3.42049564873627,3.11804325578319,3.90949019724453,3.65553790576353,3.6900904044796,NA,4.27272142898964,4.61040904411996,4.67569555396203,4.24193339578896,3.86554223134874,6.0761066667655,5.03365782422411,3.39080452110801,NA,NA,3.34548813836199,3.52442171547309,3.33503790574264,NA,4.14095833368527,4.28674415311042,4.21034852876233,3.75018508032479,4.1657845094298,4.3383538235137,4.47706701435093,3.53660844935593,5.54731356243375,4.40714841074149,6.85484403217977,5.86852071415727,4.56239694960585,4.72324192130204,3.74535665379585,3.45856504472769,3.1984484791991,3.0105393195421,3.3831937101626,2.67388110185804,2.79369054497883,2.56254781158981,2.77269280678773,NA,2.64731684663663,2.58777088289505,2.83856037132399,NA,2.48600072055355,2.79247586467209,2.57753532410774,2.98900444170793,NA,2.24633496420528,2.41899608220165,2.89349194754512,2.76949593640635,2.79070780957085,2.28029283535045,NA,3.53521512600239,2.17685868123722,1.90774516011104,1.60481818602191,1.59477026143498,1.99482439065809,2.27179661510584,1.27982612425193,0,1.76080749875269,1.9880524905901,2.11620571871479,2.18072509726752,2.40321585561198,2.45514487419262,2.34681817772287,2.81900434536858,3.06634846519673,3.10474069798339,3.26947796590034,2.79977755170429,3.0913507882773,2.67542675920714,3.06122427287276,NA,3.8892396051533,3.50456482487443,4.07528445266302,4.39557041680193,5.35070547354393,5.19739057756776,4.12961891980862,3.85520393990925,5.20502052322693,5.76369451501435,5.72388196967636,NA,4.34791153139131,3.65178610792464,4.69918512125775,3.81019233302189,3.79510499950545,3.44035345877134,4.08205902203077,3.89450976283352,3.51153236907294,3.66241004432716,4.11969601691385,4.2213949153155,4.5945202524957,3.49715428292885,3.98775607000311,4.12026778854898,4.40756277871956,2.97111466288418,3.4594749427551,3.64833496527365,3.63335053226864,4.59542597434819,4.50792810281011,3.18065397540809,2.56998637751194,3.04070374907266,3.3589716080406,3.82682909884152,3.47835811966992,3.3297371430916,2.85660276763564,3.64189901646599,3.64077252997354,3.10078587072285,3.21531373200381,3.31904120910484,3.21937851020432,3.45545385907804,4.00872863939966,3.42424187587456,3.33777674536617,2.75358979718991,3.24544270500499,3.50901348866573,3.16625518286229,3.01667734200026,NA,2.57793587993906,2.30275502354955,2.59264991205994,2.57025527791374,2.75669206055568,2.91345916608731,NA,3.55095863234841,3.9258713106283,3.62842686134567,3.51930831868541,3.66019342725861,3.66984907470831,3.21490644127565,2.84099192918435,2.86889637758461,3.05176298444915,3.11780343430819,3.61566877950993,3.48168134853816,3.29188841970549,2.70753082278615,NA,2.96902634744262,NA,3.89927346801458,3.99137745237669,3.49008252808272,3.41092659492519,4.07052781719794,4.01931043640005,3.67196892027978,3.49830501089933,3.28778268231003,3.34694641171487,3.16217699099943,3.19282650266247,3.14031406548585,3.5230565753951,4.01951807338647,3.57915398251607,3.98404368478646,3.61405463974217,4.07538592561376,3.91756453375531,3.64082389442896,3.98851330618223,4.32994908427606,3.91470516948672,3.25070699530599,3.71062971032362,NA,3.96030458796301,NA,6.43923606756776,5.31200757711401,6.49128752138865,6.80844153231127,3.89886346766169,5.52055072791498,NA,3.9769637530507,5.07720468397471,4.0575841537759,4.05068437226603,NA,NA,NA,4.32403461909937,3.75549730220232,3.53233823136631,3.64064162976328,NA,3.52660479446563,4.41653526509996,3.47943105826661,3.82450325243981,3.16985304564909,3.71775186789724,3.88014335264912,3.73800301638669,4.86647381354445,4.95265659675085,4.00881930561331,3.73108795709375,4.0814864135846,NA,3.21556228251524,4.25469467295191,3.18887841281187,NA,2.51026577901735,3.10603384313805,2.63516102166807,2.68292286410695,2.70633009515359,NA,NA,2.88461944846049,3.07544005266667,2.95822468064333,2.89540731974076,2.86977024472462,2.68355253252228,2.63687770313911,2.7257676394047,2.17422766408995,2.36809999823445,2.43517972963972,2.60795849347073,3.0565328940398,3.47291033799296,3.42190766773051,3.5452873827415,3.48934893575141,3.7544547672418,4.0498624669318,4.24177653895753,3.99403123849142,4.01202023446551,4.59461924198813,3.89070430359847,4.07170457086718,4.2071153023109,4.03565260334769,4.30335086493715,4.14929393266808,4.59798703025119,4.3424617770085,4.11690053255858,5.17443338950549,4.58070718105385,3.95208575825566,4.03361876988828,4.14554106595823,NA,5.01449654265459,4.89325516840511,5.32202861505232,4.19366153079311,3.86869907876044,NA,4.59208751497736,4.0923689042418,4.07612376401605,4.96325576419438,5.06760775350372,4.82583803451502,3.58603231946307,NA,4.51469993654756,4.85459928797116,4.56564620729726,6.50733564148307,4.5224357245628,4.41177823362202,5.59460685253381,4.48877282684384,5.96131598705164,5.2709689465936,3.52394418921034,4.43006846006255,3.93696652697864,4.02810577533896,3.89726732868722,4.40450395082969,5.32896000815618,4.76031909347817,4.71613041129138,5.12443821717305,4.82825377885504,4.65152337113168,4.27066154705085,2.92732193566309,3.22135374543676,3.29230944053299,2.96979352299897,2.39390622330235,2.92194087700632,2.70174484352571,2.64527227049578,NA,2.68537870355823,3.06501721850474,5.66235385957021,2.70906673363083,2.87379646137278,2.72524001524298,3.17544847530132,2.80865722660178,NA,2.96231147453546,3.34725688116978,NA,3.19376645709493,3.1491096110644,3.20013027158809,3.28275694782531,3.31987513342542,3.29467995645019,3.56377890758821,3.28556135367293,3.24143946454011,4.1258310969828,3.64082887008169,3.42077940707007,3.82078959404877,3.97627262550258,3.9278603166549,4.13755904011433,4.21883686894951,4.5539610838382,4.5159802511231,3.86165415578484,NA,3.25533517006349,4.33602915663345,4.25161572185657,5.50307710278222,6.17779153030491,4.52026329738605,5.27386232426339,5.44596700342793,NA,4.20355222074666,4.82083787775655,4.70241736782426,4.42486762702856,3.88330124823615,NA,5.2575317588382,4.86019505110536,NA,4.73422824292293,4.39675074152422,4.27159184956947,4.94198915051451,4.38861787416957,5.18449763914891,4.18914898075149,3.7665279577831,4.41612296942962,4.75674153237416,4.28039334902823,4.18446335451606,4.24696820328102,4.0800166604024,4.26395019622254,2.48165249119753,4.45939617545902,3.78925401254974,3.56056694029091,4.90806905437115,5.13970460203512,5.16242136159531,5.08549178605527,4.37742944079498,4.71317197845115,3.90727574563616,4.49625215588503,3.95078453457704,3.27283874896443,4.04439637701464,3.37427805820523,3.00334377798101,3.32743140774176,2.86346193710846,2.57599136613087,2.90066138879469,3.1168305712102,2.2296278874295,2.56156055974898,NA,2.71232170312118,2.82258205218115,2.75284362878735,2.70362419408468,2.86872178500269,2.60883313665839
NA,NA,3.62223567272616,NA,2.93456955207556,3.42252863182382,2.93844680535514,4.1919122571857,4.34608894208597,3.70806574397461,4.90097889304107,5.07425008980453,2.79326650458569,3.94194396735968,NA,3.5100178773935,4.62731155623696,3.9866084392776,4.0859158043565,4.51444017367804,3.82396041920702,4.07549692182821,4.72503783426145,3.35820268085956,4.16972716199461,4.29361578083445,NA,4.34473671270503,4.0688222956505,4.38309785037676,3.38230995316612,3.9022862968201,4.02949460849262,4.14067157062838,3.99516660346096,NA,NA,3.79979295870326,3.74979342321379,3.88371918226302,4.02618060585586,3.86009803655516,4.19257452591615,4.15253829150925,4.5907251624575,4.06599599251339,5.09404003521967,4.42910302043895,NA,4.59699134050709,5.63114409405503,4.94195587093265,4.88502484813356,6.63108202531517,8.33309990892115,8.7808035212994,6.25576877139499,7.31132461415778,6.17039291386874,6.21930418763819,6.95255842709571,6.89456222564835,6.0702065618662,5.44377516143827,5.80584562921589,5.13682180639969,5.96449928484313,4.22108037418431,5.04711621605877,3.86258433296207,3.92844657236316,3.51384358314815,2.81738773671127,3.10166713514988,2.75435685158537,2.90279638982811,3.04901866618188,3.372148943138,3.05619919825214,2.75492651721282,NA,2.48445360614557,2.87942922567105,NA,2.81152758547016,3.04909626732122,2.55310770596136,2.78644828061837,2.95955388560591,2.5425120441824,2.7982733447885,2.50817868004274,NA,2.70003065796261,2.42912829570049,2.90183228186214,3.0867006003454,2.77285979146282,2.4435864544137,2.34349486610243,3.57527331589089,2.90560699791285,3.40436417415414,3.11764161153635,NA,NA,2.62491317626484,3.84360022677337,4.33702435594019,4.09610146801109,3.56373049049909,3.93325645661904,3.95439802089231,4.99658150674335,3.5685626340708,4.33387719403353,4.136033868917,3.58790214028925,4.41335136407164,4.59402946215645,NA,3.86297091533386,4.05757767119435,3.84851963938571,3.65451811533743,3.28167068637775,4.17488388976087,3.94178623783144,3.95771813875051,NA,4.67308618846566,4.99901517211354,5.06113710100259,4.54093111933045,4.22418953152882,6.35352526373419,5.35936030152226,3.73364256299571,NA,NA,3.90773715394672,4.04304543878798,4.0719877889973,NA,4.74217593669021,4.70759660184937,4.66730446713355,4.26474399920951,4.73980555519835,4.83076231036476,4.85527645242428,3.91155381897689,5.75790580645056,4.96613806508489,7.19425704820831,6.20663864353195,4.89724252477115,5.00507741123185,4.13130355293992,3.91948647620846,3.82565996878743,3.51743875146899,3.89557867911136,3.18741303419093,3.3409682295886,2.84372215083526,2.87320746382192,NA,3.28689338945216,3.02147930321734,3.09540655102708,NA,2.87035743465156,2.68816123599709,2.78051885941215,2.87785204800849,NA,2.37427677672073,2.87613270790471,2.9997066252021,2.6854463876841,2.34797426661135,2.58834158709661,NA,3.68340301767474,2.16946213555638,2.58644208319549,1.84446172354032,1.913211112556,2.39334754832602,2.50698842817919,1.67562793308389,1.76080749875269,0,2.32568869104114,2.34419801114563,2.40182772350367,2.7572528676189,2.7568961384431,2.84195538049992,3.26092653408651,3.38692177429447,3.48727710056159,3.5691244592316,3.38697867295928,3.68240617341884,2.89954627133231,2.8605535329263,NA,4.26608328075732,3.80565550228534,4.42497948927065,4.72993494680961,5.77901626988547,5.59223260307433,4.59522071557981,4.28904831449381,5.58292843309378,6.17783249249188,6.14729036005787,NA,4.87558520860651,4.0594236733379,5.09063752275139,4.21346972406967,4.27133738621665,3.7796967755504,4.34332367815926,4.19229304806985,3.98970346822493,4.06729606299326,4.49136825522863,4.63249952019335,4.94176172602295,3.51922972738185,4.12291784839149,4.43933698251649,4.57151781526342,3.42578631425207,3.98619670108051,3.93244805245908,4.39678081746477,5.01471178476694,4.95959420798756,3.53662481583622,2.9790509665487,3.60023545602112,3.90591479116782,4.36915503445447,4.06745993118297,3.95303803593535,3.25795060509081,4.02943995017622,3.96091339816128,3.54293038077386,3.62202253264215,3.90340327334669,3.68596056612156,3.829407788011,4.22161513409563,3.26744686051492,3.40434590642582,3.1683363062597,3.02934434350083,3.34464167647112,2.95572866401672,3.19059809518965,NA,2.80805393064016,2.70293494411316,2.94747722358528,2.60296784412631,2.52068255106749,3.1118572821235,NA,3.6487691314443,3.90276081502267,3.49961540834872,3.34718741676015,3.4728278102027,3.61794724975552,3.53239329669888,2.89441017660554,2.92818146072936,2.92738938311157,3.01019718655717,3.60536697285836,3.72930102969094,3.71174437137258,2.9619667600325,NA,3.22273476327417,NA,4.13497827624925,4.32186058743959,3.89984384239883,3.81501949539351,4.25521627652944,4.34155512224516,4.04181964942215,3.82900535477774,3.66809101583662,3.70625178499806,3.46535030578805,3.40484581018452,3.30115404710623,3.74272007525359,4.46935078991611,3.91085020838195,4.18662218278636,3.88684450320124,4.45284830622818,4.30095901003415,4.21360476362205,4.46761169853995,4.70883041922568,4.26663243920037,3.70490310161198,4.02690910284834,NA,4.29065753935935,NA,6.6645845418149,5.43967230785258,6.74481247080177,7.01145142796923,4.15281415346647,5.8319987488071,NA,4.15809307097813,5.34572871068278,4.42722971085101,4.33505469696567,NA,NA,NA,4.76411905105482,4.06209104409657,3.99232030252591,3.9938882497638,NA,3.79992261842673,4.73614172007495,3.75025175833825,4.11312399123284,3.6347812288431,4.08591173220039,4.03428928807948,4.21881696883953,5.23663843671705,5.25552158629964,4.30078125950807,4.07334925759939,4.53024376792477,NA,3.60144318726662,4.51464677613254,3.57976058242577,NA,2.90791578672235,3.4437890968067,3.05267312681762,3.03026599431702,3.01821495543415,NA,NA,2.97626700990423,3.30859101551076,3.14978339592143,3.04976662467374,3.09118193800252,3.20783742320604,2.93204337479544,2.91898581539532,2.7409764911174,2.7304993769946,2.69172953319299,2.94952149775339,3.47002682837203,3.76364805604192,3.59278589593328,3.89839838780094,3.80326006712577,4.11064362800731,4.41177652940387,4.58860144329516,4.37583788816955,4.38153140833105,4.89293860332983,4.19597901151485,4.4465234848108,4.57465775272556,4.38157739181037,4.69506035878083,4.5123501759127,4.91141124190272,4.77032331569944,4.48830950867511,5.56074705984323,4.96546562619939,4.35030380052197,4.36565121876957,4.54444051635723,NA,5.41683495187441,5.23401671552367,5.66637598819802,4.64263592889194,4.27568193714134,NA,4.91757681494151,4.41770632558131,4.45181521642476,5.36565238003115,5.45921782342012,5.2294460396483,4.0462210217114,NA,5.01001494144473,5.26483294963828,5.01777616704315,6.76249363371141,4.90713586689621,4.88359625643932,5.95334984583188,4.97569445859255,6.36800442242338,5.71920274907593,3.99167060020152,5.00429526170578,4.58375313390198,4.54817362669351,4.45353767542831,4.91087861421899,5.69971706200689,5.18852340128677,5.13429285546681,5.48833226279183,5.20467052872041,5.01245378805158,4.65700931734428,3.50782590740412,3.65930673100448,3.76414833406464,3.34287678620758,2.91821367658947,3.37195115832382,3.12546159751071,3.15918360937715,NA,3.05022993370584,3.3416561322836,5.95393557209849,2.64801911223141,3.06918974147303,2.8976268538067,3.37408946271837,2.96509435839333,NA,3.15750572877335,3.39855356710085,NA,3.2817300816772,3.09255748297782,3.05066379594659,3.60140439582438,3.52898938198259,3.38917448500161,3.6400181730046,3.47843393694584,3.52415122245565,4.34893939997282,3.86435260658351,3.60338620495057,4.04081561880822,4.08390179286457,4.27578836534357,4.4949167631782,4.47422169345934,4.83583383336809,4.63913082404173,4.19323590963302,NA,3.30158108051078,4.60485974982774,4.62163656606354,5.89354240936122,6.59679749762236,4.91730902502095,5.6667041183629,5.77531915888971,NA,4.6129408003523,5.17470250201088,5.06797696452075,4.86040505950612,4.31673479570294,NA,5.56369184459289,5.18516903333781,NA,5.14931431257801,4.83687191773655,4.70561000677743,5.33073283193254,4.74880949932768,5.64112840722414,4.59722722368837,4.21026568446424,4.83974806717334,5.18179925630615,4.75154853297161,4.71483588291325,4.75216277207812,4.56744725190811,4.69172044477624,3.21788860144191,4.84883199823635,4.18609745828975,4.10158582846098,5.32188515756986,5.52235860767425,5.60379839288877,5.50240218556504,4.82858375963993,5.0533596410545,4.34889815206866,4.93684577520878,4.49611926776041,3.82457598863848,4.53057310904272,3.901180090801,3.62153393037929,3.89587947403425,3.39938463285322,2.96464438189912,3.32593078431062,3.59310847052003,2.93382299449358,3.04231171189713,NA,3.15255783179115,3.19648516752992,3.13012869507591,3.07576011362697,3.25197114648618,3.08542750864168
NA,NA,3.42375852523604,NA,2.97376954312066,3.3467531988733,2.69480416850553,4.1620997532588,4.54973355109221,3.30726253159384,4.5460866261993,4.62763270416414,2.39235160838429,3.67363768583005,NA,3.31542718718782,4.34237585374094,3.8370533323061,3.85249391552047,4.09175984482767,3.45837979284532,4.1260246008842,4.61570999924662,3.21671265922895,3.9431948637294,3.98305476012642,NA,4.05430416452311,3.82532447172794,4.18670465842444,3.16549084144195,3.57122990516264,3.69262310959986,3.80687094597094,3.61184381322007,NA,NA,3.39173852691673,3.69597275145933,3.77700681843327,3.75095803274571,3.35241764632911,3.76777026106378,3.95073002787426,4.19918373757421,3.6317630966284,5.15869351260182,4.03088253199937,NA,4.04585538799284,5.49028812747684,4.66926886161002,4.6064263349389,6.09940396638256,7.91867502540167,8.57320657634087,5.91072179377532,7.06383151082175,5.90824898207924,5.88018631585716,6.570417109662,6.50793224632362,5.74097121944438,5.0383770254789,5.46935500144532,4.65672062752835,5.7795036204433,4.07782950061728,4.61298256323843,3.45598578915845,3.52860375676924,3.26846996862712,2.43331770449064,2.94339455245665,2.51911953015976,2.21399791825664,2.42652964274087,3.09607771193941,2.80103732237392,2.55303814582997,NA,2.24894038806267,2.64231452211037,NA,2.68666467995161,2.83450995337063,2.57284261794778,2.43458323990068,2.67017756810965,2.26216200123992,2.66013988642104,2.3624473631423,NA,2.67056792183962,2.01709230726362,2.50456085885612,2.88547931526869,2.66020233967031,2.73615760783913,2.69011288484363,3.25340320714319,2.55408292432085,3.08352825770781,2.84016425387208,NA,NA,3.06587474271804,4.08435433368341,4.18777440312431,3.89833270877271,3.18920834656954,3.95594721394911,3.80997793821665,4.61488630402557,3.29257669075121,4.23445126833093,3.9609125280389,3.25881540900576,4.16453601935812,4.4236705493602,NA,3.68241484934732,3.7133878131547,3.67000664639297,3.51957611916883,2.9833799700409,3.81186571022082,3.56198852774895,3.71601826802676,NA,4.19985670867641,4.58993830656058,4.52810645253148,4.19204740600622,3.76974958552574,5.99409923911686,5.01748995460869,3.47274333766261,NA,NA,3.41174557835367,3.71953731907493,3.79234870976117,NA,4.29586260771405,4.49310885821602,4.43049743158925,3.95462998107645,4.37641834292864,4.424553459214,4.43348452830731,3.425317783909,5.42218548199769,4.58635598020027,6.80991131122787,5.84846660360657,4.59291584521469,4.86573069590673,3.73039421748172,3.21235210314216,3.67204750111889,3.37136408076947,3.64181897252934,3.0081621926439,3.10491895222164,2.9896644902442,2.93271011298084,NA,2.61965582102023,2.28143437772744,2.62037880053739,NA,2.33537382837882,2.76338100668181,2.52978090169894,2.8431107939884,NA,2.15072851321845,2.37112874841791,2.69061211651578,2.82778672474697,2.77141157263209,1.98240443283486,NA,2.96212684275961,2.38281360423236,2.6059205297904,2.40893248453417,1.49604902933397,1.29663271508732,1.91068099429131,1.5870697248912,1.9880524905901,2.32568869104114,0,1.52086852343095,2.19257833952305,2.2675577338448,2.43174572696269,2.17356818307245,2.57207152419421,2.87698153578263,2.96296531757339,3.33009809762967,2.38677888324039,2.93711936287404,2.59781216585343,2.74832372207983,NA,3.21398873033504,3.18538257207767,3.87454151923608,4.29325208468747,5.5456466414875,5.37721782212801,4.37119736347535,4.0749517406433,5.37737719468277,5.94046614033969,5.94940135798055,NA,4.47525842606152,3.76005462205172,4.68877620164751,3.78670638839284,3.9013135170787,3.44537975513011,3.94551607288986,3.82760381382147,3.50775968139502,3.78546443098982,4.26587203441152,4.44499564942048,4.68397802382704,3.50751736993173,3.96071178211076,4.08680876151877,4.25314057021663,2.9213126961676,3.22597997463154,3.59785835461692,3.81299408509077,4.76799286596863,4.46333354375926,3.27737175882714,2.63252164168377,3.32694396228643,3.45581364928555,3.74314681764173,3.56256838114507,3.72084847839697,3.02954358505492,3.58557822562229,3.55290742119745,3.23753231923691,3.35124743566244,3.66332391392703,3.44278646257965,3.59513132619751,4.07401763327894,3.5005303821446,3.53614325262748,2.84379695046827,3.30025718849066,3.42012160237167,2.90465295010357,2.72782050139298,NA,2.35353892168725,2.16237916125299,2.5796478646593,2.40665332279474,2.45812337505111,2.61281923238563,NA,3.31393601105679,3.7514212333093,3.44718199362757,3.31709582138391,3.31564001036408,3.35121551247092,3.01352301175804,2.68907630367248,2.8546746575664,2.88287686329315,2.93127659791895,3.40924409392555,3.36515254314499,3.17422735358429,2.64695648638958,NA,2.79330062491871,NA,3.72435641326937,3.86754676135942,3.3447383557892,3.29040944726157,4.0229911586787,4.16461748706488,3.73753936677214,3.60585507163335,3.33695138846136,3.34732519050016,3.21257797898036,3.27675087215988,3.15604298795624,3.64628625992677,4.13743120517071,3.63670626031689,3.90961526708161,3.63502598647746,4.23910655281276,4.04224897379576,3.72866384583894,4.06360412166546,4.28050461497507,3.88472839490765,3.26833515189739,3.77499913716371,NA,3.92745513220452,NA,6.40884070054746,5.29906683901328,6.51900150980957,6.81016516487746,3.86067479605807,5.545464730945,NA,3.97189266805529,5.11963616732046,4.00668361741966,3.94713167253412,NA,NA,NA,4.30559615692528,3.93487266325288,3.72235549667858,3.66918392063473,NA,3.48455227282364,4.43572360661013,3.52654113450526,3.9315471390337,3.38568534455479,3.72199330706295,3.932047138779,3.74214856668914,4.77999407712262,4.96210881877157,4.09674891859163,3.71236463300872,3.92727495276148,NA,3.31913604712939,4.13250180221178,3.23108365168477,NA,2.70592039161776,3.24887500885059,2.85009769025863,2.65255491429904,2.70907353167772,NA,NA,2.56802140663114,2.87052843310845,2.75814656648712,2.71919562846013,2.69996856396755,2.8154969872725,2.53377166762541,2.57063725362683,2.58191090320601,2.57889690439095,2.48980189784904,2.69863073109613,3.02633481034609,3.40119863340382,3.40436742829741,3.43497944013171,3.32509932200246,3.67397299214118,3.91684945348522,4.01813133600933,3.90020470740543,3.93614061729274,4.43818510044641,3.75498032745032,3.8772522200911,4.17834038113655,3.93007967324211,4.28961176248479,4.14231325101718,4.56957594246431,4.1909685546591,4.16624633165993,5.10451425673441,4.60730040845121,3.99932294235406,4.1553764235761,4.16590124847179,NA,5.18902503561735,4.94686645019304,5.32311811283397,4.2221097904486,4.04155895714035,NA,4.63732550107736,4.09885937746216,4.04053771384245,4.97386788476995,5.13286669792843,4.82279972328791,3.54614275551368,NA,4.59141498209074,4.90598519243988,4.58651980442739,6.47881667475224,4.57216559671557,4.41061443685451,5.63520653134293,4.47808789266433,5.96058165567755,5.164504572459,3.49147156238049,4.46674518270614,3.88839394887484,3.9890366897807,3.99678244356364,4.45851646691033,5.26563224834289,4.66075456208457,4.56664253233793,5.01107530264951,4.65202145835216,4.55606822620708,4.08475308354028,2.83945034741321,3.13970643167394,3.34868053420002,3.07118360605199,2.65734415705224,2.94305778328489,2.68741769169744,2.73428975834061,NA,2.57154305302687,2.78632065633336,5.58999766843381,2.71342455929507,2.57789050437065,2.50865892396832,3.13186183009858,2.61602808861493,NA,2.88225162496029,3.4557736506735,NA,3.2523502186267,3.28612920028562,3.27258423283118,3.06974416162144,3.10756845421692,3.36131188810681,3.6277335636464,3.2720915098044,3.19813103466356,4.18424705795901,3.63623736312712,3.34932356138578,3.81627980389207,4.11700241613724,3.95833970570874,4.0501135425163,4.17778332687062,4.62025748158535,4.5071684721369,3.75791208508078,NA,3.14358735591786,4.26318680187279,4.26603146272965,5.52744737696388,6.24810477743429,4.5194655304087,5.32510077166915,5.484891721295,NA,4.26505114762042,4.831586661259,4.69737338209298,4.4789958453761,3.92001465579578,NA,5.32562767605265,4.87759156493459,NA,4.80988520121201,4.45270222267212,4.23853701471201,4.95922421523699,4.40697074430497,5.22662920500265,4.25571606378172,3.71308996833065,4.3836050949015,4.80532391246397,4.32396997854411,4.38882742652933,4.40186518036924,4.2494849699917,4.42986769988413,2.9473691415439,4.50833602553295,3.95365559218018,3.67186706668706,4.78853582678833,5.13382193370912,5.11165919294636,5.05144453415204,4.36550765006157,4.69668648508565,3.81956013879179,4.47469736632182,4.03777661941217,3.32056248336158,3.97404107056216,3.37754869304777,3.19248628957043,3.39102149418309,2.94606348324479,2.58537140503592,2.74843755013935,2.85719405866137,2.32243816986575,2.48549500309933,NA,2.58675401781977,2.7203215122366,2.66527913933898,2.62959865232306,2.86632153926361,2.59150427970627
NA,NA,3.29182671226041,NA,2.67843380017414,3.29767799584761,2.54927391826119,4.11505467692427,4.52843579366924,3.07461150349158,4.37051325533694,4.48934271711062,2.24311982865708,3.45153340435808,NA,3.1745046251146,4.29283636234003,3.60293499449538,3.61853066784765,3.95875807380053,3.24839143311144,3.79092514338205,4.4784933183198,3.13179834578808,3.81637364636721,3.86362305340549,NA,3.85854750409839,3.69447265294357,4.08802518538518,2.98768497935032,3.40938078156551,3.51890117926261,3.65087600250464,3.42728042858963,NA,NA,3.25202351505671,3.47132354935884,3.53815173936155,3.55222209487558,3.16468534295309,3.59680642629378,3.62183908635836,4.08089046959425,3.45535158858973,4.86023282821163,3.88371667436163,NA,4.09929921814004,5.37005303612442,4.44010668830374,4.44196817529463,6.17030673752933,7.85691436876255,8.51431049389291,5.82173172761019,6.91259605152113,5.78146364655418,5.77723460736959,6.50923691383541,6.55403362687778,5.75845272820289,5.116073735023,5.50238320544472,4.81246742963836,5.77047849539769,4.0460585372739,4.76040583435091,3.43510447487784,3.46139824301189,3.1684057894918,2.20024073206431,2.53940254568265,2.28068243924709,2.39047793247154,2.43167788365684,2.76794086442854,2.64472248936094,2.25403123302861,NA,2.0873996714766,2.38949909575887,NA,2.59489369736936,2.83657775545519,2.57328258890221,2.24256454713375,2.60824064186841,2.22456476654193,2.69276924590832,2.46477152170429,NA,2.77730028204375,2.10326691028898,2.30421049994377,2.76931377819723,2.62231224735066,2.82143243191994,2.92428821461071,3.35875848290907,2.53510225884044,2.69775364576319,2.74494139299645,NA,NA,3.0374820254977,3.99676951643965,4.04320913178715,3.76575991570063,2.94049337212862,3.75720447556903,3.6002176009033,4.44148269200892,3.01414699977268,3.99633300904826,3.71339837567772,3.05320082281341,3.95275314626461,4.095596202376,NA,3.04148414366909,3.4188571173091,3.33529626851997,3.34378311179358,2.6858874416082,3.45783190052459,3.25205209700335,3.49568246717789,NA,4.08723737972844,4.35515826934518,4.2560255418413,3.89530831790437,3.64155559077288,5.92389969017547,4.87688829200826,3.17250646400769,NA,NA,3.31882832174304,3.42993370473406,3.63674034223421,NA,4.21842972670128,4.26467703561104,4.26396882457231,3.74041758760862,4.27072503958283,4.3413565365294,4.25072530013274,3.2686435169091,5.31189028071294,4.54759118538889,6.82502453038864,5.79842830489696,4.56043860820289,4.71443763687781,3.78808929114065,3.49587716674576,3.41993659460177,3.18162262964001,3.50509584279167,2.91713045365592,2.85461733318526,2.89542562133873,2.89895770459567,NA,2.63894087847878,2.38409699660028,2.17207321476184,NA,2.23037208387814,2.7412921992754,2.45889255419508,2.85259395766249,NA,2.04856349554229,2.23673383400943,3.01318988521599,2.94299894695551,2.79134630136067,2.53904235890413,NA,3.30253772748848,2.20088257421586,2.67131787658251,2.47497871986499,1.71944682382545,1.84098494013908,1.79228833133332,1.50299303386276,2.11620571871479,2.34419801114563,1.52086852343095,0,2.01488653116385,2.23471825100374,1.95272136385418,1.83311119400505,2.26672755554932,2.10258628853837,2.52249009354592,2.78300305611698,2.44921665170595,2.72514489167576,2.25619227649517,2.78788860278033,NA,3.24483496174683,2.83571946227324,3.67659733180572,4.18017867264526,5.45391379142395,5.26983736864451,4.20469304082289,3.83088622939801,5.11380930373919,5.83003357401881,5.70371133570454,NA,4.32013103705139,3.52380731426793,4.42831959518313,3.39738054862206,3.51118445666447,3.10519045351363,3.73100066753303,3.63217306535757,3.29737951780333,3.46989606131216,4.03828978961939,4.27933967094638,4.6561629870465,3.38435335433132,3.51677166262302,3.72960685060871,3.99538811898498,2.70338538065043,3.12513501513497,3.37326466357289,3.79954354683348,4.73319455615691,4.47578529012236,3.15777935387824,2.57321293584804,2.93934750570631,3.35285677025858,3.88711926489748,3.70631243708529,3.7088485638008,2.90796251246772,3.41797953960792,3.3751824883405,3.00803609886323,3.24185860328357,3.61011346658859,3.25571916758767,3.49243047987414,3.87665189409992,3.31268425639371,3.26696818022179,2.87341488342317,3.45517934896467,3.42547354231746,2.93070332688822,2.68208342858846,NA,2.26905553663819,2.10160147877414,2.42207034617517,2.41263414282708,2.50164085871539,2.78311511789164,NA,3.17409948349826,3.5915713132345,3.51141903900207,3.35915812531319,3.3613671988844,3.30343274456834,2.88194106258394,2.6468858032532,2.83053978410921,2.86379962759563,2.86814075184924,3.07128858263459,3.15012795400753,3.08366025391772,2.45308686990237,NA,2.40376494669089,NA,3.51444420678623,3.73558416622309,3.24824992332568,3.20148237104805,3.53372693271966,3.91227220730278,3.49821416413219,3.29496261199534,2.93506146698839,2.95159446009224,2.87817776207294,2.96105066828455,2.89311591416664,3.29983364412069,3.92799269004504,3.15007586380526,3.58062167963999,3.32281343779927,3.80346145205882,3.69394208285274,3.59475799128099,3.92264835283125,4.16412323182392,3.57184288292412,3.00480856296117,3.27959757143313,NA,3.81842409057043,NA,6.36258698075383,5.19263557934827,6.40749764106782,6.72522144928591,3.71556485232205,5.45720859879735,NA,3.91747044164305,4.99414351412663,3.85593280027493,3.71213752836398,NA,NA,NA,4.21721775166343,3.69290743673822,3.5091854540984,3.38672400071802,NA,3.26783529497588,4.30684376047078,3.3327538371228,3.64420621840928,3.36254476100027,3.62423614662861,3.84250255002848,3.69072082757003,4.72486855156586,4.82907164935646,4.08152318438432,3.64152440298915,3.91836856148504,NA,3.12884317327034,4.00664612140009,3.06086695135735,NA,2.63150602236185,2.96051249597992,2.73454358594127,2.5896633250069,2.7266704017435,NA,NA,2.54983834579159,2.99604521314348,2.75223602396729,2.79392036402261,2.78422753698357,2.83062413557882,2.54804113306782,2.47627552578477,2.46552451482552,2.56099284765195,2.46745973323566,2.56112345200858,2.84864638286103,3.11503560455248,3.04188752830814,3.209861188754,3.11652039474667,3.37558941514932,3.71095494988321,3.81989513031282,3.66445651961303,3.77701831276537,4.38248330297095,3.58553412632217,3.77290523340073,3.8385776285134,3.76852499506677,4.10175250596428,3.94393266283548,4.37309852718728,4.08495870211032,3.94803000248811,4.98742526660949,4.42745689327344,3.88442862018988,4.02256630864591,4.06140708028773,NA,5.05495107336366,4.80556587288256,5.21553806096907,4.11584825630154,3.88810244042811,NA,4.52516506466974,3.92732098127732,3.88583191155743,4.88542292314829,5.02836074132779,4.71899618628105,3.39634612123783,NA,4.53613966575685,4.78726602385363,4.49560972663591,6.43807497702316,4.45700655959486,4.34328037736737,5.53189595039402,4.41911647900153,5.96211145795222,5.2036280027444,3.33686762990646,4.40634803621968,3.94989059806909,3.93369697263351,3.90289478763477,4.43245943778195,5.236344574057,4.65519100564174,4.56345510013625,4.98008028193413,4.68224821117114,4.50131134727476,4.04495232876576,2.85860353431809,3.03927183709581,3.25151241913437,3.10823972338195,2.65773371077999,2.92665347969242,2.70061520306963,2.69330356740024,NA,2.54053654344615,2.73502802928104,5.56505072101264,2.75554330874426,2.63736990888895,2.54270180966893,3.03326966403533,2.71488595550562,NA,2.88787276498679,3.45423391914179,NA,3.28286935386458,3.37739697099624,3.36402100890057,3.09006193689694,3.14461038064921,3.29274918453756,3.60160904195767,3.27058809492285,3.22353248305589,4.11053201062977,3.55522741473757,3.30877560283133,3.73677606907893,4.02226574460053,3.82528386518774,3.94894287457916,4.06729418454833,4.49073301111291,4.46356174364982,3.65393482036393,NA,3.12183516969481,4.17878981895251,4.11058774685232,5.45609597613424,6.16604477605036,4.46632082938382,5.25721501785769,5.38963968560704,NA,4.22183480017142,4.8241852121119,4.67666584609915,4.42666881890584,3.88000345690551,NA,5.31943441093005,4.88814167919847,NA,4.67269835322343,4.34572306348839,4.20544224063966,4.89517227169968,4.26406398646848,5.17151536967823,4.15030770119703,3.62502670239047,4.35331050378457,4.69675260671472,4.21151537592875,4.23801670570433,4.31846717443634,4.1336565503587,4.27980327501649,2.85927409614737,4.40349840588715,3.74561260408677,3.4631400778652,4.79194367940235,5.01727715983834,5.10850023318226,5.0028212610476,4.31701814375546,4.62343888969987,3.71561651004541,4.38503677665359,3.95855866378943,3.20980058855885,3.90153803648728,3.30135359983526,3.10128687529784,3.33314779139893,2.85069704310564,2.62790687718373,2.66864136610287,2.78151545502167,2.25027475867411,2.40418737962536,NA,2.50673286119683,2.6686881689096,2.72277110797131,2.68774903978483,2.96710496629631,2.64907862232277
NA,NA,3.60916110051357,NA,2.83991938253988,3.51379660284592,3.10835251439984,4.40711112607262,4.76122106781583,3.53580468664559,4.69995420045197,4.84352128237654,2.64963563575691,3.62962003053525,NA,3.38491407185417,4.65886568223703,3.94940030987597,3.98329744733498,4.46393418485167,3.72896757787007,4.1744520456826,4.70497680244684,3.37205040052721,4.19124243126106,4.40179998226604,NA,4.40783013060647,4.18310845202206,4.49250107056728,3.45162123922991,3.82017779633794,3.93300687135798,4.14916366210351,4.01131735639241,NA,NA,3.86859534076195,3.97708045020344,4.06961686593879,4.10319039463826,3.82314318603139,4.17061052742018,4.11445799672453,4.57322689091934,3.94982079946178,5.24302697267659,4.24595631886836,NA,4.31753147423918,5.60633189701046,4.83982879951069,4.74962296533771,6.3810003986576,8.07281292400947,8.71514157029878,6.10344279586893,7.2068986497048,6.18854708402598,6.12425331423261,6.85511859854961,6.80724748547884,6.03713515853593,5.3494110500261,5.77342833633133,5.07639387812718,5.91804830481813,4.30987182975331,5.02712546808358,3.87178744637755,3.88678344702293,3.41034662004168,2.76100859224784,3.09068543033765,2.81937285325083,2.8146483375209,3.02497055518854,3.32770964086535,3.14275682394249,2.81233095973445,NA,2.6396947653107,2.89048087735253,NA,3.00654543366833,3.3130999477049,2.95713087874293,2.82928265297784,3.11591088163611,2.75060693269265,3.09958996607655,2.86766707393304,NA,3.2682256820738,2.74463089926191,2.92361591291135,3.0283808187947,2.99775101745582,3.05537224678961,3.0086250033791,3.87226403289533,3.04668990611582,3.1750941682988,3.25837795217641,NA,NA,3.0723125671323,4.27428463356104,4.46418592258732,4.20865257348747,3.53938404736377,4.13929690346108,4.05211032257918,4.91938828601187,3.61462286694405,4.40875542937315,4.15319279720824,3.54339747824516,4.49043695233776,4.58516586468964,NA,3.7511039447291,4.05548304433512,3.86091610689524,3.64057910686222,3.39230102148631,4.20696864841276,3.96333184858698,4.11248869867537,NA,4.65407257349889,4.92505916520081,4.8631861376843,4.43008896822866,4.27579376925985,6.36762094246349,5.28467802460627,3.54855401140527,NA,NA,3.61317372894812,3.85527597053267,3.95271744084118,NA,4.57843389157322,4.54806129073779,4.48729899773424,4.06971019115453,4.69368092617759,4.60239050024106,4.59102705961385,3.66113158944936,5.68850795122691,4.84053961384381,7.02452864393773,6.00425805325691,4.80952261398076,4.91180126904544,3.91294438458715,3.73806055562057,3.70816875050717,3.39834278800592,3.77908935504718,3.21850410086847,3.23118714099999,3.00819990892783,3.05461619948726,NA,3.04327469853818,3.05485357618907,2.94372106676008,NA,2.56893365062556,2.96169356728419,2.98626163557146,3.0877980365262,NA,2.47488841526303,2.92265510364216,3.31859128365741,3.06741539819348,2.96295787462641,2.764538208178,NA,3.67014481152654,2.34549105316314,2.849178782139,2.50535687108101,2.06388356863351,2.12373565024506,2.40295374757858,1.9637112321804,2.18072509726752,2.40182772350367,2.19257833952305,2.01488653116385,0,2.2938252663405,1.88819143641227,2.16995121912061,2.33058765027399,2.94354230282583,2.60350353866597,2.81110562029083,2.78680898655554,3.1234846566691,2.68278421786152,3.13889178968313,NA,3.98543248929313,3.47417045629919,4.30477477785881,4.61342688256676,5.89135783863494,5.81209268138493,4.78792469603328,4.41349931156662,5.53780399363322,6.30614147029464,6.3082482503142,NA,4.70467028438574,4.00197450771797,4.80545235192129,3.88039939890088,3.92921259518008,3.63954166991035,4.35677620288447,4.09812972599303,3.74274919897445,3.94686430905483,4.50073511320309,4.63059466970161,4.96748611211189,3.66370563663962,3.90417649382567,4.15265816865855,4.43727769789808,3.15302515925721,3.61592374353462,3.73557749408891,4.20440317417775,4.96157879684871,4.77037859495621,3.57503998108366,2.86663551654516,3.36743395886662,3.73063743000929,4.24249857197161,3.91110484670086,3.90200935133295,3.13233245815816,3.80502627295884,3.79536267566607,3.42121806359933,3.57465940635567,3.76404742487071,3.54515139715248,3.71784812347421,4.25908590671683,3.468092355711,3.5523047534654,3.36394788646748,3.49436132986345,3.54502615463665,3.19854182756053,3.20764358359123,NA,2.69580542499167,2.51655045438873,3.11970385002039,2.58755749780339,2.69115522651122,2.91280274624369,NA,3.21507518151233,3.71412359967201,3.50464744668453,3.33566561002482,3.34085697905027,3.44186943910461,3.32969355397668,2.976841683652,3.12693305917504,3.0912174206466,3.18003239183761,3.43136437770224,3.6503594067989,3.59826768559051,3.06278345893827,NA,3.11531306183325,NA,4.12798419036005,4.23819968715272,3.86631350137024,3.88763354043202,4.1411200927526,4.45176291858096,4.03014158093774,3.74150559060175,3.5510983182649,3.60889321070971,3.50723242778346,3.35734589082734,3.34253933453557,3.77941442545211,4.49708951988589,3.84751625857614,4.08264707380402,3.90046245116242,4.41440003950163,4.0370072475837,4.0887586436348,4.40949055241225,4.6178522342162,4.19197497024368,3.58953654100048,3.79863697241262,NA,4.34365636199718,NA,6.57981589777921,5.48044085101625,6.57611679980484,6.90018799195511,4.11252503517707,5.72604457872886,NA,4.25712245310914,5.44451701028664,4.24963107459473,4.24170173457217,NA,NA,NA,4.69533392425966,4.05200328855749,3.97124912418129,3.92835811033086,NA,3.83272162215596,4.71086079771968,3.73570182935941,4.18147470909772,3.7501610451639,4.10701378849389,4.24574051939026,4.23263817180193,5.2496098181617,5.25117090997704,4.27209956240459,4.08210780229874,4.46380050547727,NA,3.48414115638537,4.56747649110468,3.48561501775885,NA,3.01252075534349,3.38254220833083,3.12774709740339,3.02892221900697,2.99911340791771,NA,NA,2.97527456870495,3.27433225523454,2.97931002122861,2.94187546929384,3.14396400928209,3.22658575160397,2.91286907218747,2.81299809837183,2.63036200866643,2.70698586123726,2.71434364744224,2.65148235355856,3.24027831805563,3.3282623468262,2.98321177018221,3.69933722222857,3.52176439153831,3.70362232655826,4.22155570945587,4.35396560233802,4.2348742827642,4.35743859146078,4.85295943401084,4.24823656290713,4.31422040169083,4.49999631371825,4.28923725639443,4.64004164408825,4.36508762251788,4.83805404453111,4.35043765289454,4.37810635882669,5.3618963231031,4.78295341323708,4.40405786102187,4.48353035818622,4.6643568079659,NA,5.63229591788361,5.27474712152129,5.63559253199755,4.6016277001137,4.2967917897739,NA,4.94461089060922,4.42277675019525,4.36695431477135,5.15970622046034,5.436950198891,5.10981178467882,3.92529571316994,NA,4.90561356443412,5.1577823982298,4.81632631561955,6.70842755867232,4.81549401547997,4.65456379375847,5.75575892878607,4.73527776112495,6.24037123257066,5.57538235900326,3.93179638112,4.84146951576165,4.43895608591464,4.54716262535116,4.39862115034511,4.96299082216386,5.64966959568781,5.05940046913356,4.9992801622981,5.41417004688423,5.13588298512085,4.87165034726906,4.49654952232219,3.45803244630822,3.54226990895181,3.66979052710239,3.45034196518431,3.09860881560761,3.45114748996361,3.22414081746954,3.21872824673355,NA,3.08256416180022,3.37429890681697,5.95973033195243,3.16428015963192,3.278948921114,3.18268741047271,3.62149233789591,3.18867126689427,NA,3.39365056778743,3.81385365316108,NA,3.68468605092637,3.68242434165533,3.65752193368671,3.60847264734691,3.51578426571677,3.51129983085531,3.96055714964797,3.6995461029933,3.69936908066717,4.75179243889789,4.15323555216204,3.97013458044876,4.38876163616633,4.55719636314337,4.46719933384018,4.66293773202018,4.75262364390883,5.11742105451249,4.99428988429893,4.26432699957325,NA,3.51081778883892,4.74879643941471,4.66339456337632,5.89014230148643,6.54085396831298,4.92697993925477,5.69758093498134,5.96325281779834,NA,4.78744907901492,5.31686370043907,5.23056468903448,4.97931878947236,4.48842271411044,NA,5.74643463388295,5.38074554140488,NA,5.21266600473813,4.90747812789225,4.77804512381987,5.37086567765723,4.73925756510833,5.65998807613515,4.5486717507536,4.25553519053811,4.85175922472602,5.14999173164556,4.70607109999414,4.70418737278435,4.73048302841605,4.61612007869321,4.82037425410802,3.30122885039683,4.9375907347879,4.20319627103869,3.90442078449071,5.28711544166495,5.49487975813348,5.49461674444052,5.37675414206541,4.72399532667963,5.05919355269342,4.24141319133249,4.75643348428999,4.28188954712803,3.72712708186198,4.35906298515156,3.79077980739766,3.57323140378525,3.82491736969842,3.36328175349358,3.09535940872269,3.29075942732591,3.34880801616107,2.86115913132525,2.99331287410135,NA,3.10257607386458,3.17451991036201,3.14214355582542,3.07654556354055,3.42377376341732,3.24855155720218
NA,NA,4.0053938978324,NA,3.35237963794579,3.93305686958551,3.34044540423559,4.78066173490135,5.1251951900517,3.839414108197,5.15952364664427,5.27710967961001,2.93249481692711,4.06735387919363,NA,3.54489309781964,4.96697688756492,4.41622360061855,4.27994653905691,4.53615597059328,3.86256476974169,4.35919953027377,4.90992863489174,3.69292916804012,4.38371095944689,4.33756461904968,NA,4.31149233639479,4.2486274765338,4.60584001785883,3.6271935593404,3.95094886355765,4.0094850349162,4.26857256413585,4.00927453985209,NA,NA,3.83322510982225,4.02999510707906,4.12078663101824,4.05215771915717,3.77831400398054,4.08027048926438,4.01225505604211,4.55160693191781,3.97923456376631,5.18059085368128,4.22186391799529,NA,4.1108133099936,5.58012935125028,4.8910262397565,4.76892311371329,6.4573489356707,8.32019382440148,8.83374701810797,6.22570839587026,7.3001220899004,6.24009078444628,6.18730282249021,6.94443189862597,6.90702019469539,6.12283607572988,5.47853956032365,5.84378785824609,4.97476124053043,6.01078161960133,4.33851022312596,4.96801234432152,3.8139786346387,3.79164914795888,3.22908764024842,2.80236830878115,3.07849524635707,2.84071984597678,2.76129352423454,3.10218584313845,3.40046803792858,3.09876992690673,2.62107069320915,NA,2.67505705258232,2.89868220691234,NA,2.96774825604743,3.11891929779233,2.80649095456911,2.81200162010435,3.22142245433927,2.80898846181963,3.12306992964289,2.88454125662427,NA,3.30122015450796,2.75061685743766,2.95627249017016,3.15954826424539,3.03172891081882,3.12944592054681,3.1229614072,3.98240567495171,2.91331094116466,3.28318653823663,3.30071464782002,NA,NA,3.28337006140916,4.52194798920419,4.62176517413124,4.24231177777704,3.52348884756369,4.11003489153385,3.84596797008596,5.10730147733834,3.59873871208888,4.5030385726498,4.02433987780697,3.49571835480331,4.46496500798738,4.5001479006686,NA,3.53587929089937,3.80551829691267,3.79211525189382,3.53088614594736,3.37094742275289,4.09313102833465,3.81422311775092,3.94293498882663,NA,4.64029792791139,4.95014735933298,4.83461707356716,4.37963735079302,4.12504532276538,6.50170956627953,5.40014724807159,3.47771936480792,NA,NA,3.35290693511554,3.80157347802976,3.73734941329858,NA,4.50511117037577,4.57088055113924,4.50832800008225,4.1643253850022,4.62294202753928,4.70195502822254,4.7935371356324,3.85199215671289,5.89548097923912,4.89933380796785,7.11008826780357,6.2157302985895,4.85296041445953,5.01032572390537,3.92245922035661,3.52829212276924,3.63520400857913,3.44443752358804,3.86479772506117,3.18861654338682,3.34482173955535,3.14725701069987,3.25965236099977,NA,3.20075138882227,3.14408109658513,3.14096977888802,NA,2.64483171640805,2.96921316155494,2.90134590655334,3.16129520775173,NA,2.55056545474248,2.89253893515213,3.14995778239886,3.08568144954458,3.07766316147727,2.80700291425633,NA,3.63536240059421,2.59820011174673,3.02741794332412,2.7448339951153,2.57412003317381,2.47468026109945,2.89084824531022,2.26454115999005,2.40321585561198,2.7572528676189,2.2675577338448,2.23471825100374,2.2938252663405,0,1.82328109265001,1.86492815508228,2.35288445663645,2.96360787262812,2.67065468863573,3.21646683036714,2.79970223128543,2.87150676683124,2.71463004602313,3.32662656594685,NA,4.04221756772982,3.81688596061269,4.37923845696084,4.74093740984357,5.95924868579445,5.80613619559917,4.79430174576099,4.45447294252958,5.57364138843562,6.30008165900044,6.30697327943656,NA,4.96430822752621,4.08029611086465,5.03752815490859,4.02074973686443,3.97052522829151,3.71085367946644,4.38660688390595,4.21704791472847,3.58728598608954,3.86615281543165,4.26312212212751,4.54140385224744,4.89338687508893,3.65636158036485,3.79635069470926,4.13119947054747,4.56074858219221,2.83744865095255,3.44630201155612,3.6736443998325,4.01795429498863,4.80708773755394,4.75145427794602,3.49185615691139,2.89782789651444,3.27309358153307,3.81372048877428,4.03582875253317,3.87471004483967,3.88721799285099,3.07606180782025,3.72477439247832,3.79427303121189,3.38959083062853,3.45890182090035,3.57671868638977,3.39817642394969,3.75936675843839,4.25017155204911,3.80350903565295,3.62717398833812,3.32070607056228,3.71831404781597,3.98061546737954,3.44385365868282,3.26335383940333,NA,2.79549027833449,2.71619923465814,2.83910967079525,2.83044898033469,2.95745080089239,3.21585723991143,NA,3.57579551166607,3.97270583828018,3.74460303313318,3.55141784961508,3.57464565106894,3.32804013465496,3.03116551955013,2.84323088709833,3.01105803717321,3.30856934034632,3.24125305219185,3.25416347012859,3.40983343170267,3.42282898387965,2.87597747876742,NA,3.1861112391064,NA,4.02797393133172,4.12361816885584,3.83531516334319,3.92944374215958,4.21175215009989,4.39123697095868,4.02424016122609,3.85103984334197,3.51501033390182,3.4666403538781,3.41222954523296,3.20977073984308,3.32126741238157,3.71828796032411,4.35469589547508,3.60785357421941,4.13407497378155,3.67687819486693,4.12068724611597,4.10219627530207,4.13135273916543,4.51523102961237,4.51668251497292,4.05469523750465,3.54148443107203,3.75897901138577,NA,4.20768612154803,NA,6.64953896609387,5.46407499943517,6.69964302049101,7.06258370217696,4.10489422609133,5.7423054451858,NA,4.57139044639795,5.52242367746701,4.33993266758574,4.1841127824844,NA,NA,NA,4.70339983672277,3.96648253802413,3.63593196940241,3.67506818290559,NA,3.78412785327239,4.72159383628419,3.73753745710943,4.02696440844579,3.63130116418341,4.12627839422276,4.19190685962546,4.24430844476735,5.27806673122639,5.34694693909698,4.41731922962794,4.05977378497752,4.42729071061581,NA,3.30454469360506,4.54705018674706,3.30532093890628,NA,2.82845588635474,3.40950972633101,2.88872428708517,2.72600991170419,2.78584839405712,NA,NA,3.04527402685928,3.27460654416524,2.97807881453692,2.91849146193845,3.11902862713174,3.00238062838988,2.69918633776517,2.84031474920792,2.63080142907312,2.75927037930265,2.82792532970793,2.75989503791329,3.41721400122348,3.63892533329657,2.92007943927156,3.53516223644892,3.50885091975927,3.95280091295379,4.27411221352243,4.39788300938876,4.26230957537744,4.4093375793238,5.07235096422591,4.17242962269088,4.34641218343012,4.53130817367286,4.30655249212197,4.71154820998417,4.53582205619276,4.97168689988754,4.37168060073393,4.48875939527328,5.55560360760062,4.9531947026051,4.35671429516378,4.42012229999425,4.66340478256394,NA,5.62149125409474,5.27880300241013,5.6367730116085,4.6378017461194,4.3422639140185,NA,4.93613058596315,4.3459531196317,4.32916934668328,5.30823572806164,5.45420669993307,5.18793436707016,3.91077947580421,NA,4.99185872016922,5.30199407314263,4.95200841165429,6.8476890165162,4.95242898904394,4.85680092806731,5.94620068411909,4.94998302007931,6.372081757276,5.74366962612881,3.9813603712095,4.9526191551215,4.59216766204093,4.44466534862853,4.44644682732259,4.83770865329064,5.6787180460393,5.13221862504722,5.18414241461807,5.54624828325582,5.05095802412657,4.86998189495004,4.48353934868675,3.39838726264835,3.50171820247767,3.59702531109625,3.3955658055051,3.01143865317271,3.40000761473476,3.11707087099951,3.05556949749437,NA,3.05201083260959,3.33218840049821,6.05791083600308,3.21706006176074,3.3180569698438,3.11372904611529,3.56472078487791,3.19440717839904,NA,3.29876150439807,3.71378507819282,NA,3.6996507020087,3.67435430219656,3.66965495680604,3.59045505437428,3.53929165429467,3.40995202551123,3.9380943973152,3.67557243527981,3.70615299146731,4.63966046368716,4.1251706866991,3.99139310839652,4.47410298832927,4.60191166785369,4.49176863364655,4.76040382438371,4.8564222689585,5.2243118088354,5.01143051776746,4.30692354880565,NA,3.46588073248413,4.97025435775178,4.89156893461386,6.06578564425964,6.76321326133721,5.11791047148782,5.89966062307956,5.92894317379342,NA,4.81387163320504,5.32712398556132,5.20160277653643,5.00644019158675,4.44662602940155,NA,5.84183611117461,5.4783989334806,NA,5.18688850497392,4.89005291666464,4.81002879300994,5.599455154378,4.8772271143555,5.679550874738,4.51998496038164,4.36283922695405,4.92757846977148,5.23375442069338,4.8164376232664,4.83217416987737,4.84349850133101,4.59408237502053,4.75583556997034,3.07738605244919,5.02879815375787,4.15348426535744,3.72433259113936,5.43636302078931,5.6838263910439,5.64558606818191,5.49417483649179,4.79554656708076,5.15463041150968,4.24792020122418,4.8232503069113,4.33231059924615,3.64544746768054,4.48068888133062,3.84108338332253,3.5353248075023,3.77447677738725,3.32721642123133,3.24871882174848,3.41719366648597,3.26213812181695,2.70549579994675,2.80172471967412,NA,2.87483148623516,2.9982145738955,2.95054255999816,2.95208454396757,3.43334846350625,3.1972605412358
NA,NA,4.01854329593635,NA,3.37485744926485,3.86467741911941,3.38487323700079,4.64961524123409,4.98368255071333,3.56309516066251,4.9387244457937,4.99293577825786,2.96723409056005,3.7171230489244,NA,3.17247846976794,4.76502721820289,4.05602210884119,3.98076411742811,4.46005682965061,3.76734359748966,4.10223429959189,4.91762380685681,3.62955275491018,4.33108356641941,4.41030408393397,NA,4.43955562177292,4.25702772688868,4.63610286750724,3.461282654601,3.98644432043669,4.07413397321948,4.29663160583841,4.04284525104256,NA,NA,3.85803939785792,3.85760258667176,3.9597613081188,4.0505370948755,3.7490133815068,4.10387528284961,3.99613618770399,4.56471873487584,3.95803162429285,5.32305612523529,4.24357423349841,NA,4.3064016314961,5.66526955888622,4.85586206869021,4.76220236882675,6.43457174055662,8.139844532569,8.77371200619741,6.20229683033987,7.34560744916916,6.30722384458116,6.27865562187492,6.98858410687493,6.93773010438564,6.16698922260999,5.5899130489957,5.93761453450339,5.21098770678325,6.03599793190099,4.40887742241207,5.04994782006177,3.84285455006156,3.7485579094404,3.20765352257341,2.64405159416438,2.80745697288267,2.71158660810156,2.79994405989211,3.07756536947662,3.18926228598259,3.09691701621805,2.7032014635988,NA,2.66711175059238,2.97712179954822,NA,2.99830994299112,3.43940364103535,2.89455406447265,2.85131381145177,3.27613190062543,2.77995107033213,3.19145516104939,2.99741694035561,NA,3.33602822260278,2.91252526410663,3.00438393528112,3.26166372952601,3.21588202501318,3.27065333130625,3.25694206762868,4.07932640109391,3.18242831728973,3.27261136505595,3.32162457895508,NA,NA,3.1512277387199,4.26930564613317,4.44650426873933,4.13958431728721,3.52342250169893,4.06660859242589,3.89739244310883,5.03646046825209,3.62409306955112,4.44727337631166,4.08690188281186,3.50262404039551,4.53023706687391,4.57744049778182,NA,3.40568397809272,3.78845552604922,3.71838812855695,3.43621590861228,3.33451717393968,3.99041950082813,3.73232636783668,3.99342935965235,NA,4.56674227444515,4.88423224770702,4.59263882895797,4.272571547578,4.19983214174632,6.52265420583702,5.54904126231141,3.62507145543253,NA,NA,3.58301610011597,3.86593111286887,3.93256061071714,NA,4.66868956621208,4.72198801239466,4.68624988130768,4.15985628674458,4.65037613916561,4.65051524968732,4.61726765580737,3.76693444841913,5.72313368233017,4.92970377251012,7.12508959542226,6.1273684777897,4.94239009662814,5.03987656326952,4.06148019397721,3.80507529596677,3.74010790643293,3.36443970501819,3.76323930495738,3.17936239700278,3.40029154229001,3.238711404109,3.17740470783358,NA,3.22810502156386,3.13440484453655,3.02960430627826,NA,2.62853386730697,2.99074163405348,2.93220166456914,3.0325246252881,NA,2.48569249757772,2.89812330895059,3.3063692088088,3.10694309931061,3.0952561430181,2.95167286301113,NA,3.66428015009527,2.45623379317774,3.04690052918416,2.76699393524414,2.36298713775284,2.52136427738059,2.70640752524885,2.11152004132059,2.45514487419262,2.7568961384431,2.43174572696269,1.95272136385418,1.88819143641227,1.82328109265001,0,1.6530539548295,1.89113360506808,2.46948426769744,2.19819526185921,2.65296476545686,2.75513550463331,2.76430756811619,2.57870835251036,3.17853373680961,NA,4.09793517528931,3.75418897600552,4.45281181782537,4.77398327955776,6.02176756885733,5.88038906847593,4.90728055286515,4.52117697356339,5.67632032734228,6.37722953313037,6.32860184615623,NA,4.84806753347129,4.03283629531072,4.86673009520375,3.79115793715109,3.76157028718425,3.55843847321832,4.31088137659458,4.00760617917624,3.57055255825381,3.78329319422917,4.36373985167771,4.58443727613224,4.92683960441992,3.56499126873486,3.5768231509724,3.89993549227207,4.36928261428362,2.77112167854137,3.504979676756,3.60181452429568,4.06339562991043,4.97095825684685,4.90247841962207,3.48491992040302,2.79482130904374,3.22791523757392,3.87549991962787,4.30571241734957,4.02427452694952,4.03715347367625,3.01520043860253,3.87938739860824,3.77691591584062,3.29968876663057,3.4893231017908,3.58349883598913,3.27538762782035,3.63306702516175,4.18611928797803,3.60237578660509,3.54570521651348,3.38302659988637,3.66010787846396,3.91611230663321,3.37382641989034,3.40222813010913,NA,2.77329305842449,2.67837675558691,2.99303272529293,2.73445137584457,2.87870816115602,3.13235696573123,NA,3.18720318245102,3.69033053939694,3.58302221183539,3.31079534938635,3.26112988394358,3.18421540472323,2.90585124839494,2.73185489695847,2.89830930652569,3.17550097587764,3.17947788183622,3.05911459322551,3.3142071915424,3.37305203594124,2.76721348306238,NA,3.00464931158671,NA,3.94567112520812,4.02225807707484,3.83673194221303,3.92824230271266,4.07005544889093,4.38027733535641,3.94988400490935,3.65842663442374,3.38890841389339,3.42178787034932,3.37716485880714,3.06521984767354,3.21367666084329,3.66598767194729,4.44441237730679,3.55235105816115,4.15095327268403,3.83192645278987,4.14302987827563,3.90780598554387,4.0601849819706,4.4013425291713,4.61138369075994,4.00370147274003,3.46513461666163,3.69222901420685,NA,4.19512747710123,NA,6.62832863023772,5.38728737969045,6.61664471551611,6.98091894375214,4.01450291627041,5.77236030430526,NA,4.29526106430254,5.43366108904413,4.28258142154571,4.23748250483312,NA,NA,NA,4.73709887355545,3.96413162869329,3.69378419174974,3.74180974385867,NA,3.69795485355617,4.66219301780502,3.68700632467664,4.00017995723969,3.66054396374962,4.18232222995852,4.34091955984353,4.27023585061212,5.17350869717843,5.33892579007893,4.4942485457698,4.01422336140008,4.44353974251928,NA,3.39904609986527,4.38039058804126,3.28731164882817,NA,3.05956147051964,3.38077717703996,3.1319200905652,2.91001687264095,2.97494758239937,NA,NA,3.04193810510463,3.30456113811715,2.91736612758119,3.0040017188652,3.24673920447929,3.26011210636409,2.88742199285095,2.93828347261894,2.73218044753924,2.98679879458306,2.98120336811001,2.99632741367281,3.55084839244126,3.56575617482096,2.61039299965829,3.40452946203836,3.47897526929623,3.87889506275151,4.32160044161256,4.42205986736084,4.30848994762466,4.39841761225207,5.03265184491042,4.24764132870895,4.36565475779899,4.54751221108457,4.40147701326212,4.79840842299351,4.60946255894987,5.05583831081142,4.49846831833854,4.58025032231211,5.56041422974809,4.86772287604827,4.32625550709878,4.36998864273897,4.75069107142386,NA,5.72823646360591,5.31047289243356,5.71538697894472,4.64852798897802,4.27191866837971,NA,4.88060028315052,4.31556800533274,4.32169468982752,5.19144269677458,5.47315205183951,5.0751162971899,3.86033707092233,NA,4.94494266582325,5.2654061394494,4.93295495175301,6.72794585553468,4.79280698431679,4.85596346639221,5.85937964591721,4.89350213979935,6.30124193368498,5.71704189966862,4.02676965561263,5.08146909749211,4.69057088328667,4.51053572071447,4.4941654869809,4.87116430990015,5.71181472075296,5.19185120748538,5.20621956987766,5.52085824579137,5.15395008433255,4.97419265369919,4.55052430429925,3.58813462133805,3.6685361381044,3.77889791825491,3.45518825742408,3.22663254680952,3.52993957083815,3.39481739540629,3.39781669140653,NA,3.13668328191461,3.44883280722443,6.08754482799145,3.33891444962734,3.44787192420063,3.2452586761052,3.62543186909762,3.29179859298987,NA,3.38119110184029,3.79143951766312,NA,3.73990031926284,3.72070136873021,3.68426215410858,3.58070460350382,3.52597303963337,3.3620740629365,3.84684723857648,3.63765463119008,3.72305992538617,4.67307005637068,4.15877193447488,4.04560834923886,4.46295564219183,4.56766881820966,4.57222399913964,4.80941536900653,4.90239334868171,5.21029455053515,4.91677094828414,4.37934210868561,NA,3.55205743189896,4.98113235320732,4.90180817934078,6.08501857029516,6.79039685297755,5.15793193671076,5.86788422886685,5.95727238529762,NA,4.87777159406273,5.43672679261407,5.2864031468294,5.06794257102529,4.55360927438072,NA,5.83479039134317,5.44081334238532,NA,5.18376177934167,4.91192258772686,4.81169196283774,5.48748567125332,4.81461523713232,5.68727292011388,4.56616756828461,4.34566733263456,4.87585047400104,5.21438250401026,4.78747637121125,4.83918398514581,4.80200235932215,4.61317454889427,4.78828656029631,3.1926181761282,5.00488840981452,4.04918883717946,3.72376999803162,5.36932222414947,5.6633571609108,5.57559808174204,5.48002513851809,4.81023088931564,5.13854288423077,4.21214376647276,4.79209001492061,4.35722858584114,3.71629914577095,4.4112130935273,3.80620602206996,3.58945744742902,3.72893553042552,3.30059415538022,3.15359627698506,3.312638903764,3.24050473286234,2.82148026416036,2.98023353696418,NA,3.03097904083252,3.11148219468355,3.1540906312672,3.18772561570964,3.51933392534985,3.39643844117145
NA,NA,3.84544875125154,NA,3.26022493003571,3.76438183487269,3.18382620600804,4.55660071842742,4.85658852718636,3.4442205223603,4.75675704424536,4.85598611834358,2.73402381178498,3.78110906966924,NA,3.00453460476595,4.44896893798343,3.92416473163662,3.71503746144672,4.09469682039199,3.30844844757553,3.84160942843552,4.48972227542858,3.29181513317548,3.83685665034728,3.8630971805532,NA,3.97898147717765,3.83288496156926,4.22770346989816,3.19429165086128,3.60931510022638,3.69313974771419,3.98165015497511,3.60832705703057,NA,NA,3.44920367866803,3.57207066625996,3.64692192949964,3.67847188269648,3.29395166471811,3.7146268033031,3.66688048551449,4.15380161978597,3.55075103991329,5.13387287410695,3.7733830377127,NA,3.89074132954833,5.36964715220744,4.56593649122704,4.48131455459772,6.21205833298511,7.93241265776375,8.66613441919405,5.94430046031379,7.14426235376359,6.07487937387576,6.04368017130245,6.7357649150056,6.67935465152489,5.88580548186221,5.2566362468422,5.68963735732657,4.94405838144009,5.97504761566681,4.20268554521774,4.69521523277289,3.49010089806551,3.52175502491018,3.08528302682298,2.60402100406352,2.64367588124033,2.48776583710097,2.59835632566016,2.82078139476611,2.97223836077617,2.9171296991938,2.4092984107305,NA,2.51627325150554,2.8196800535203,NA,2.95741303986865,3.21168768166403,2.86005926976954,2.53842498075736,3.12385531202786,2.67238134139756,3.18544363805705,2.87737022434882,NA,3.23072952962414,2.77229319154815,2.66393680148956,3.34347520317641,3.20904475198327,3.33972058994424,3.34638912750467,3.92917491630129,2.99210897132514,2.90182892089109,3.12171894460684,NA,NA,3.30164521322567,4.37538918410629,4.2925719963444,3.87557954285361,3.07954619942687,3.8367015164531,3.76345540462785,4.72571489596443,3.30026809868203,4.12081067387846,3.63767794193184,3.23034381949899,4.03895782706365,4.13672940908129,NA,3.06432667430894,3.18691062300914,3.14082946127869,2.88124008477028,2.90768398539085,3.46641422528449,3.22696488484357,3.55781780044033,NA,4.07549387347306,4.43834573621367,4.2160786037758,4.01770668217261,3.78174472896427,6.23702216785374,5.15655269089026,3.30926712449456,NA,NA,3.2231343964897,3.51054074948535,3.49131210651144,NA,4.18693761139375,4.40097636382264,4.33190390714885,3.82980216342138,4.39100109450473,4.329274544357,4.39071923844723,3.37372585442821,5.33376883056305,4.57724488372097,6.91385301263669,5.8708023389233,4.57589915866862,4.80058519745794,3.76726380931621,3.31003333314531,3.32529754985485,3.0912527533098,3.54996312145974,2.76721888091921,2.94222874911694,2.91940942704674,2.85875173532537,NA,2.61086486278201,2.70631330253854,2.73334830509992,NA,2.20235594466678,2.7454289723511,2.52122243089227,2.82110292553341,NA,2.33657173964028,2.45813319140039,2.98201072048437,2.84078002228441,2.67964227644478,2.51101375395204,NA,3.34669979109075,2.35279550648023,2.73619335933047,2.78574993273874,2.26084957500647,2.25900108936347,2.40582338965735,1.94760504811533,2.34681817772287,2.84195538049992,2.17356818307245,1.83311119400505,2.16995121912061,1.86492815508228,1.6530539548295,0,1.60796587954169,2.12617997197151,2.21290260722018,2.77059301309788,2.28972521309221,2.32353075804693,2.21496436550455,2.86098922323981,NA,3.73889928232687,3.45589873411476,4.00607791901521,4.34565535769283,5.67109922185958,5.53690688817323,4.59669494062662,4.27105477082206,5.31316230252578,6.07942801430822,5.96531531150845,NA,4.42831159653049,3.58928817247331,4.53140609320711,3.38241625061577,3.29152600147668,3.12119539548021,3.92774844009222,3.62207756748203,3.17566922419948,3.47247591193559,3.95431112602902,4.31010971372342,4.67616872921123,3.45821726565244,3.55871406270539,3.83203438047869,4.14906524132075,2.82622325880418,3.33074138745506,3.43355603007274,3.80628822689425,4.76835932392079,4.66770260349999,3.17750583658717,2.64665855315646,3.11231744516745,3.41954985537951,3.86337968207322,3.7304381023611,3.68147908520584,2.94382138544203,3.48772351751884,3.34539774016712,2.88270146504662,3.13418249120736,3.31181677223651,3.10112288384341,3.43042471899059,3.9450436330799,3.42927463940573,3.4537874981095,2.97048925292313,3.45346517678617,3.64087556418116,3.22436412662344,2.94130871732378,NA,2.72524382973984,2.40181721157352,2.64353151583576,2.79940592340817,2.85896609654666,2.91283096775001,NA,2.88152717308909,3.36617557403802,3.25142241705336,3.18857259124312,3.28363836216055,3.2303589001157,2.62133396057622,2.6795234437773,2.81514937047453,3.03923422333424,3.03533686059835,3.15950849722697,2.97628290315608,3.04924195579397,2.48670554021665,NA,2.747571583341,NA,3.66948315797146,3.61857552049477,3.42016338689926,3.58640128169038,3.90038243167666,4.2447909938219,3.66080101618368,3.34604109609944,3.05578402049009,2.9426261778683,2.97529341108742,2.95644637773441,2.93277029890675,3.3163046577214,3.90454461163422,3.14774936768103,3.69052652975802,3.33830150524164,3.6609432057253,3.5970432453147,3.53753141979059,3.9048636092367,4.10099942845842,3.5382807318747,3.10462337567616,3.32881566657468,NA,3.80626967593964,NA,6.32991352394195,5.10423973428267,6.41167117701488,6.74805941627396,3.73151704698824,5.37544886201613,NA,4.12039114009089,5.21079891915251,3.93762893967712,3.88375428458539,NA,NA,NA,4.22820589864256,3.69829977173823,3.26460487161509,3.1313163054934,NA,3.35316255764845,4.226789096549,3.32731494621704,3.71690000443699,3.27518690123706,3.71462568342197,4.00351517238373,3.92313221452414,4.91754709351272,5.06831070718244,4.13985853587075,3.79561672703249,3.96692405720697,NA,3.00285369947158,4.05048215717009,3.1672904029038,NA,2.7281626959144,3.04957884919881,2.83551342673906,2.77305764572733,2.81980464222891,NA,NA,2.90841797404378,3.2280089605537,3.01421228549679,2.96856149597645,3.12628143642938,2.98921797586897,2.7226017531039,2.58152811231113,2.5049031844145,2.83103742604511,2.84025897917987,2.77702782053264,3.4129803667741,3.33792968004615,2.65951309926998,3.04839317562024,3.14571372447069,3.44665818956432,3.99524490605921,4.02337217087395,3.95151865336556,4.06279517040219,4.73858353548965,3.95815542689599,4.10497656850351,4.14895211228677,4.08732528769258,4.48559070244474,4.29745192779073,4.7609602945762,4.07083537867854,4.32689936464104,5.18116242344315,4.34402144590475,3.97529181584979,4.03148622409522,4.39560803170378,NA,5.44229912399033,5.04647700843369,5.46723393151999,4.38085052461961,4.03496592309299,NA,4.59538812473337,4.03684309934351,3.98063648280799,4.85911617452906,5.11686107679143,4.73753796368656,3.47233221465733,NA,4.71323928751761,5.01386700771652,4.61122588944183,6.51413126965074,4.55273485924349,4.46307852831097,5.57528161150772,4.51362356765273,6.05796958684139,5.40797935530034,3.67104039464566,4.78364988874204,4.30498026395591,4.1352655898524,4.17752317334197,4.58009037256455,5.36809056278856,4.81330823936279,4.86433204742019,5.17544606233943,4.72629152889778,4.65265889404678,4.17931761441127,3.21235948085567,3.37075382997505,3.4431193374067,3.30520036326179,3.0548455264534,3.37397227872294,3.23261095758579,3.25477817528601,NA,2.98919232688608,3.29195788682951,5.77576329990303,3.26783997891747,3.27027801246504,3.14243023318603,3.48554707719648,3.13686976672037,NA,3.24768767378809,3.67946939863711,NA,3.60612387727907,3.60525820820038,3.58202840760618,3.46183538840809,3.41241510660045,3.36609549034504,3.71546870557215,3.48824518021041,3.49140349723511,4.45205998139017,3.94944488734822,3.8374380909914,4.27049891238521,4.41682813362832,4.33517732810031,4.57353148059379,4.69214933769292,4.97330410704879,4.79927988265578,4.14703170885004,NA,3.34397868917758,4.81348348237871,4.66704558506645,5.77827957860015,6.50539449816123,4.79585067532098,5.53906618177104,5.57921449182256,NA,4.51834713728478,5.0461005081251,4.90315381738514,4.70766466538698,4.13942137289911,NA,5.45344232903585,5.08326505312015,NA,4.93243366499787,4.5656972197009,4.44834145883484,5.17167738793917,4.54390807344803,5.323018723256,4.30929919621779,4.00115048009482,4.62365091988157,4.93419293560708,4.38266340016536,4.48463226922995,4.43092951557393,4.19094546707114,4.36617661522429,2.79497510360702,4.57089694692475,3.70299890508506,3.25183143082227,5.00051899723438,5.29743545927209,5.18966066313892,5.06832276849585,4.37061317241725,4.84476486307969,3.79875579664331,4.41003517493428,3.99695210321036,3.34451724204006,4.04422849302425,3.42397132467248,3.22781390460604,3.28367037945864,2.91918593901379,2.95893217751574,3.04604969538011,2.83795440306306,2.42252477954832,2.64761580222043,NA,2.6317158347321,2.76142921733497,2.83395087171108,2.87674636509261,3.18831945873285,3.03753524444587
NA,NA,4.13629272485356,NA,3.43999753685609,4.05772959368204,3.66890488790637,4.86628988205471,5.14712784942594,3.48351898466424,4.7531965757164,4.83295356449541,2.91267641527625,3.77989173262105,NA,3.2253466382658,4.69309335408886,4.05455732305591,3.69710650791426,4.18382265924896,3.51506577098961,3.98597298242018,4.77534362364924,3.76975491876441,4.32140650065921,4.33568009097192,NA,4.49041155527276,4.35177108229106,4.65432587286066,3.52995119616892,4.07852073926018,4.19862424970627,4.41745836044023,4.0789628633497,NA,NA,3.86401266053165,3.98174016167686,3.98812107724093,4.02289264259113,3.60123733645305,4.00200485140371,3.93040879591956,4.28756883788312,3.72923117136779,5.22646374475846,3.99036096634417,NA,4.17073584703371,5.49329295757648,4.75692665107202,4.71723432610506,6.3120972764401,7.9589397261023,8.76966454800656,6.0681371140252,7.22710816616592,6.22297764007616,6.15599549490357,6.77590463961369,6.78334035499344,6.03264139072975,5.40063920074946,5.8655473954886,5.09820132271535,6.14631312225819,4.52375188816394,4.93510101886842,3.8143777771673,3.68534448171543,3.31692808231597,2.8268817312147,2.92578512583273,2.77676509523571,2.8112448590704,3.05206135877227,3.18819931564808,3.27184112357794,2.81867651703269,NA,2.86245366958725,3.123899658708,NA,3.2793012407806,3.65102089567115,3.28975547979025,2.90970862853596,3.54393584265631,3.02030253723773,3.59452786645779,3.32482716409176,NA,3.66033105228956,3.18341673376802,3.02298833760559,3.56558446603585,3.41553654797597,3.70921267815785,3.77157152794863,4.25838308795631,3.43971459673953,3.24011296119875,3.42923208865176,NA,NA,3.65939080456048,4.49558756329923,4.35637396163567,4.04643867155562,3.40500867597085,4.23129403926153,4.14598639059303,4.98584273172502,3.62063057129949,4.4898532554757,4.04877809175369,3.6502789420646,4.45413999056678,4.53906988405776,NA,3.19402502059377,3.61372603817424,3.63262536927261,3.47723262993034,3.40118400501714,3.82479865416678,3.53042480730478,3.96399726248133,NA,4.29270565560414,4.60638563872485,4.23670832125685,4.09714945235474,3.9937921130871,6.37130662638843,5.37687328535484,3.55272611166873,NA,NA,3.67191344286644,3.83074570136541,3.88746399598404,NA,4.39857090046707,4.61750003307013,4.64874465230105,4.06759562876687,4.62038632050454,4.51759934023371,4.4254914075292,3.58144509149572,5.41516418799719,4.66885390875136,7.01924472766415,5.98496229097483,4.84281999233075,5.12900676585091,4.1688881194316,3.74957316082488,3.83039210090999,3.52661924689272,3.83057819413913,3.27023244530218,3.22011544192118,3.29791656730758,3.32358999668133,NA,2.85454146727022,3.06989650823472,3.01627815004493,NA,2.72631900638804,3.40163975034691,3.09784052729367,3.33816141590703,NA,2.76779629921933,2.97069424264831,3.53046428145426,3.39026578750803,3.32699643883126,3.08369299456621,NA,3.81847141081229,2.80634732818798,3.17338248997968,3.20305619072547,2.68396464608437,2.70956617748498,2.97722957200866,2.4280385744771,2.81900434536858,3.26092653408651,2.57207152419421,2.26672755554932,2.33058765027399,2.35288445663645,1.89113360506808,1.60796587954169,0,2.25020642153493,1.67133434789944,2.67700411835079,2.42756353124055,2.22472431831356,2.51077159291988,3.31532616862773,NA,3.81271301627924,3.61377660211674,4.28553804486149,4.68953211945078,5.81606253597182,5.75695221459924,4.91823261576071,4.44660409093643,5.52803795892761,6.28136519693978,6.30214898441453,NA,4.75757695318764,3.78326846839587,4.46863887598433,3.39951454274463,3.46255786976974,3.38162145660107,4.23408897377575,3.95239609210865,3.42934392816495,3.67779112135865,4.25934859353533,4.5828952352262,4.92482288439668,3.86994107923746,3.65826780360807,3.96479186958593,4.48666265751508,3.05877064948653,3.52268982178177,3.81907635056227,4.07892257206201,4.98683105785451,4.88171461011428,3.70180621857353,3.16469670413826,3.44726966765966,3.71625627584978,4.14785840808359,4.02349204021605,4.04318554890924,3.33719008563032,3.83990294384939,3.78302207099065,3.23803580256062,3.60829909474912,3.80077014628135,3.4581769241079,3.78215181692467,4.43857915756655,3.9814177591616,3.87925975480715,3.562414587808,3.91805626697884,4.09813426876249,3.72447299762845,3.61728001731626,NA,3.24281085223661,3.06828502572211,3.41614678792349,3.33765883533113,3.47988656959814,3.47307903656191,NA,3.38804768920962,3.92767822088833,3.72935734970616,3.50572388480021,3.72425219622943,3.65423566137492,3.25255774647067,3.17548414994361,3.35548381361038,3.51537845049959,3.62944862070507,3.29335346489357,3.44402302608218,3.43585018521074,3.06476870337719,NA,3.12240416458205,NA,4.06823236994149,3.88844145802469,3.9347557780057,4.00772388452965,3.86210543593146,4.44491384665511,3.98914885476042,3.68972423349685,3.39055744643441,3.31964694886188,3.44577116390221,3.2572483586866,3.23920529807702,3.56053753340536,4.27620863716628,3.57713435983134,4.05710332603458,3.88489871630045,4.10533234242473,3.7298363528048,3.57488898008212,4.11779691864571,4.32750767299623,3.88103894112907,3.37075574615055,3.47601735077621,NA,4.05747351039614,NA,6.32440300266713,5.32630539043584,6.47626787738734,6.86961930524935,3.97637850840059,5.51348579627444,NA,4.29698204509813,5.28875698586586,3.98123060213751,4.06144727709065,NA,NA,NA,4.52466483425742,4.05627504232061,3.71309626238596,3.65227223423727,NA,3.77598288179947,4.58013950229836,3.79455160780562,4.18129730289254,3.72278035286337,3.92790004982934,4.29692256491479,4.14278176043775,5.04451112558473,5.27665438866336,4.47304521155657,4.07666965779488,4.41237639619711,NA,3.54132405239585,4.33235417207293,3.52535597941709,NA,3.22861933835702,3.72356388868134,3.41662523157326,3.3244865886383,3.35558933113834,NA,NA,3.43664931548973,3.76051957849639,3.54243120971372,3.56098420871457,3.69776783435772,3.52033253594533,3.26229562975717,3.10895059282301,3.07443478247362,3.32483380778702,3.41685764242769,3.35755269018396,3.78908025590057,3.66398451986605,3.00141002055179,3.3588306472787,3.49108807893922,3.83669286800575,4.28086499676512,4.35814447566921,4.30528671210717,4.37907150190749,4.91942282868709,4.23959115533692,4.30892639300196,4.43419785805232,4.37224969910309,4.79081975681399,4.5556837550743,5.03269438613473,4.25975114452079,4.60446936065495,5.33080742434633,4.60840882924946,4.34277878826406,4.46799023888464,4.72534454065167,NA,5.75389110433822,5.26789607414504,5.63516154251535,4.58498480237794,4.28262553702623,NA,4.79966807008241,4.24217057542474,4.21125162990851,4.95995538157086,5.38576801826308,4.90417624095777,3.74909113222629,NA,4.73207238137879,5.10139492066674,4.72663709774256,6.59536210225842,4.74120026516468,4.59106018462665,5.67083645635855,4.59970020271243,6.12989194704407,5.4595565795324,3.95972078272569,4.86474415194752,4.44352302032939,4.38186001466486,4.33173583489185,4.82061237996016,5.55982830962501,4.96405960591152,4.97414882376779,5.28390983326565,4.91879509417029,4.9337199891612,4.47719511532022,3.52602446572038,3.67135531687996,3.72982423528599,3.66174898012067,3.44109002564214,3.68989011187236,3.62221850184579,3.62132619142032,NA,3.40152469524528,3.72586809655343,5.94725386214243,3.75643972374665,3.74251145867726,3.58594894397638,3.88952430846236,3.65753311477375,NA,3.75776879063742,4.21090114314843,NA,4.1297708926799,4.16263443744498,4.13495331292209,3.81750579578465,3.88674701726932,3.78304334872349,4.14765734460743,3.88444494812569,3.91109708324742,4.76436628932505,4.34299221287817,4.20801805258198,4.55359472437626,4.73249181340088,4.55937593003094,4.7464784264633,4.89610860929499,5.12825706618365,5.01342951289909,4.470685258868,NA,3.86037493039815,5.0905844778142,4.81144603957637,5.98382546586509,6.74121403702824,5.0363945139993,5.75861009935014,5.86515208255088,NA,4.83691758840719,5.39827206916575,5.16090417692319,4.92470867323885,4.4576366652592,NA,5.71530415340413,5.33566424305425,NA,5.16399825884269,4.82605098945144,4.63199647193882,5.25182966239537,4.66356398969462,5.47621903972978,4.53225052934853,4.1659380781228,4.69475833838456,4.99019128989332,4.51010850587727,4.63766096623957,4.58918296449878,4.50056674081444,4.71099793866761,3.26884478537631,4.88551125441855,4.0469214995905,3.53543494774892,5.12664494863194,5.49478858192077,5.26652450546836,5.28769467124941,4.62396480408803,5.05844012473527,4.05253079505789,4.58885757927099,4.2831398497612,3.6721146001593,4.29128078964779,3.67254096331899,3.49739207328194,3.51059038080901,3.28941162167678,3.3502145496798,3.41084686574501,3.290161605181,2.81397083041919,3.14089216036279,NA,3.14968999996628,3.28808875983462,3.34546459029111,3.36242890471846,3.60682961670948,3.43744898258046
NA,NA,3.96580739905008,NA,3.4038356098397,4.01199584118369,3.25927416513461,4.6855171547974,5.03144341253808,3.35556149418514,4.50782851931955,4.65572489353747,2.95896918538517,3.70471951666142,NA,3.1786105719152,4.38428968078946,3.76100867350562,3.38837987439098,3.71973260986886,2.98679429126574,3.64787489569123,4.5345259297467,3.19812462592289,3.79577971874668,3.87286616194915,NA,4.00540298237143,3.80412166087413,4.13615895956455,3.01513819275498,3.5439720730512,3.69031852256864,3.79903765805812,3.54555342349405,NA,NA,3.31161445881116,3.56723812118207,3.55184502047347,3.53487297714331,3.1209517622654,3.48162214821948,3.66233588543232,3.95883914486511,3.56642879189915,5.10947930635321,3.96096046604059,NA,4.24467993891063,5.52353777541556,4.35525370281657,4.44771373058845,6.19060988632785,7.92169933985416,8.64034248344545,5.90989747997203,7.09064905375479,6.06922088594841,6.04465749126504,6.69993955912165,6.76983461978232,5.99348917528266,5.31522324212835,5.7742446647432,5.16788520671063,6.17947542723935,4.54915260665553,5.09037178189114,3.87252804193269,3.80836867120234,3.64356006896881,2.72062104774684,2.89016130660111,2.76056312524156,2.99409821826459,3.11641586614001,3.25497148389405,3.28658310830257,2.85845445519148,NA,2.79564602427928,3.22698186387573,NA,3.42914900441051,3.76839063895955,3.42428520143602,2.6747861698634,3.51526025158894,2.98182609268216,3.67956662941961,3.42070704857165,NA,3.55269705572478,3.19918014567504,2.68206373215062,3.8157561236391,3.7233435466214,3.79099065539881,3.84989286733604,4.25299461372725,3.47359513696057,2.81951407646122,3.15133936572808,NA,NA,3.5361555044211,4.20992566945555,3.96187621186364,3.63258508679867,2.92139677897775,3.67011461310609,3.57665705874069,4.00159798564868,2.89020137960272,3.78012129424288,3.54713909122301,2.90176122094289,3.79749569128841,3.88014252746607,NA,2.87534777515675,3.35192693803252,3.26620746001328,3.47086667610675,2.97909623806496,3.4712944669644,3.13409989705406,3.58994574954146,NA,3.89980335060711,4.14797565053399,4.07931645307211,3.78822352456873,3.68667490165913,6.072457955008,5.01843057384951,3.45327741642174,NA,NA,3.43769159229086,3.54144373113373,3.98133655007572,NA,4.40079020721338,4.5350061641606,4.48721809438329,3.95269790226001,4.47747943207654,4.36110206377862,4.33632846716676,3.25725725754419,5.13705233027069,4.71226090170262,6.85585181032907,5.84925559919387,4.68640492841803,4.9953581719976,4.09556274308958,3.72740977547183,3.90952764372319,3.56032278612173,3.9259859120524,3.35156503056333,3.20022731839948,3.38488794642401,3.35220624753581,NA,3.18938461988919,3.118336786926,2.71427681558753,NA,2.82579312028729,3.36784541753052,2.89269766425636,3.47411114239166,NA,2.82287654768761,2.68378566182067,3.6128900751147,3.44560398921495,3.48928522125798,3.22627608676305,NA,3.843485168559,2.9018744179034,3.43882061871436,3.331422371071,2.8148297144036,2.9552472411184,2.84580654599137,2.64229393114375,3.06634846519673,3.38692177429447,2.87698153578263,2.10258628853837,2.94354230282583,2.96360787262812,2.46948426769744,2.12617997197151,2.25020642153493,0,2.15888367744258,2.67626774185104,2.41657658186935,2.65160521847595,2.39033394418829,2.88592603751433,NA,3.30465988570407,3.0186515446325,3.69151523765868,4.06164747697133,5.36120532243375,5.26414353136532,4.47564149028676,4.004526457272,5.04821145672436,5.82744937926254,5.42315162995753,NA,4.46165576562495,3.35828615343603,4.33734359989319,3.22493767493056,3.33208897986246,3.28316148447759,3.85830131589096,3.646044584387,3.25438121175166,3.44178269058075,4.02781387478289,4.31675097998068,4.75066507090431,3.53843653456864,3.43508120432102,3.57800186008883,3.97292658148828,2.7286919790945,3.33298137452951,3.35701835143073,4.24668096836382,5.05776450025656,4.82473474942123,3.40230146304617,3.1514810659375,3.27729595345005,3.7719673494154,4.12761306539985,4.03233035705487,4.04231132798899,3.22453312962913,3.8084484954942,3.56932109787945,3.25280625176992,3.66357729297333,4.01996345452097,3.46939253945591,3.73326806183888,4.2714224935358,3.74110470226247,3.65355995425536,3.02476315360339,3.71670402872273,3.68993822020686,3.32764203078372,3.14860279076117,NA,2.81636895644343,2.70523413046898,3.33944717111937,3.16795775153522,3.1307015135557,3.31499168769364,NA,3.31261097503217,3.40620927532613,3.60212307703387,3.3851057855897,3.43261209658184,3.43492817720221,3.11376449539034,2.96861310003897,3.0941825233634,3.22969221729053,3.17685560822818,2.99108169337412,2.89390208223571,2.73505884594009,2.41607456188214,NA,2.08077824801976,NA,3.0091831009683,3.17482448299435,3.00389252331487,3.0432439926813,3.10730501323031,3.63790939003141,3.15632509920377,2.95041585574086,2.67511150076637,2.72931252025414,2.75748387985936,2.93997909508377,2.77529693422671,3.21889812777508,3.83259479606198,3.04834787876797,3.58771367749358,3.34223663390512,3.80309821259635,3.67197278408867,3.46973428260158,3.8595695017527,4.04834226616304,3.37085900178536,2.96570508556723,3.12869215035088,NA,3.66151023438327,NA,6.28078683997745,5.23027472826698,6.43866057696052,6.76425039250607,3.72415165604604,5.45767513712217,NA,3.91254356456974,4.89765780238613,3.73683607812099,3.67717734988153,NA,NA,NA,4.18968534740276,3.91264893969834,3.51515395757255,3.37018245963068,NA,3.29441143309824,4.27707080813195,3.44842725012305,3.82052131299631,3.75497298607315,3.86142299959629,4.02877115165884,3.81250495235835,4.66995971253469,5.07369226972418,4.29458727407744,3.81598701294317,4.02451770204175,NA,3.20487591532892,4.08368005241472,3.3389527241055,NA,3.0826567782359,2.96202874877568,3.01051154308261,3.06028662340228,3.20448893793412,NA,NA,3.13394130800324,3.65462140942744,3.39570002333091,3.45075651202821,3.45434792227846,3.48198537843979,3.10176788535653,2.81877836688052,3.23026167523459,3.31217210231017,3.24080080883018,3.34791733256572,3.48755148971564,3.46705244064462,3.09797255137707,3.02147513205642,2.99993246872799,3.19019977505219,3.5543805571287,3.60413988345334,3.44516522261914,3.51192894764937,4.32795451388104,3.52951023038487,3.62233476474312,3.36164793494978,3.60615856474393,3.97813792028639,3.80067501318912,4.29311007616714,3.61679941143311,3.82443266372027,4.84450112735979,4.1607878394467,3.72876370402892,3.83274809179517,4.11473021733402,NA,5.22623831779238,4.75126112509163,5.21749759323018,4.17044342626296,3.95440449975102,NA,4.51901054055772,3.86427874928117,3.80405518419706,4.76828487756038,5.0422623185583,4.63779081874436,3.26059792286083,NA,4.60746528726837,4.83137974790181,4.62385144064427,6.44739917478431,4.34794360977804,4.46652874203847,5.53305604823949,4.53997143918454,6.08049042387093,5.46347859273996,3.45530958243856,4.76826662661725,4.45562845121246,4.18341838699697,4.15857754512074,4.63252842119842,5.29808095629374,4.80223238188103,4.7699802323164,4.91381833370661,4.51981680248181,4.45447306743785,4.00263020505519,3.37944366510439,3.32187821442027,3.47789572536535,3.37914544160441,3.30692483999745,3.26987876480937,3.24476194003294,3.38749323318253,NA,3.0034773900918,3.08488854974739,5.53362220734033,3.24048608868561,3.19759356831197,3.11571948112822,3.27405029723975,3.21453604375602,NA,3.23067087319922,3.68837015647961,NA,3.63712255530949,3.81548329661604,3.68192976195951,3.41045112714128,3.41629451225958,3.36755593101847,3.61790174762106,3.33163636501029,3.30595938970523,3.97281575887818,3.55628348194268,3.40074586775303,3.76563370682342,3.92069803202754,3.78895002064092,4.02252070747084,4.16859611350836,4.4517622780795,4.40417335136584,3.65690863162384,NA,3.41813020886064,4.30183956926955,4.11630880804574,5.4289106394565,6.19173964969036,4.58556517012039,5.29166135797786,5.43665982882253,NA,4.32170134323911,4.93181119532624,4.8023790240997,4.5412977981068,4.0351765705277,NA,5.36322910088057,4.93022919627328,NA,4.59016172435375,4.21064226684581,4.1166964543838,4.86449079648893,4.11548975030513,5.09517936319565,4.23615209137832,3.76695795333931,4.36358709953762,4.67883184077368,4.31003726726177,4.44519072155969,4.47567531298556,4.32896399079545,4.43468645160102,3.37678330055437,4.40646091043714,3.73469387568753,3.42350083172607,4.70213463994545,5.00513794989402,5.03253494537675,4.90919640751786,4.19198147190714,4.64860753815077,3.69182307022593,4.46128065717317,4.17937645243841,3.4253616986999,3.89715081411767,3.34370278475695,3.33563430033755,3.41344644006251,3.12459623107108,3.15728863354674,2.9560027109989,3.04793555118345,2.9291511515131,2.87480581081744,NA,2.82508068367541,2.97774727234661,3.08166742513246,3.19857525156562,3.47429107928136,3.24326205435561
NA,NA,4.03728235447209,NA,3.45486070599481,4.01766294868989,3.67425538802895,4.71984957078854,5.0270823875091,3.42392296097055,4.51618537177148,4.63505636912516,2.91609114474107,3.32730311453647,NA,3.05056002299234,4.55838137809124,3.82120728733993,3.52695231378798,3.77090403655475,3.15400731123363,3.58523287707488,4.51139405787249,3.61405402403026,4.25477739888563,4.21293452918985,NA,4.35192444507638,4.26120240514319,4.46078617037143,3.31242968195779,4.0192969176933,4.15816206265291,4.31911745671043,3.97865874828201,NA,NA,3.82972564002924,3.81511072844398,3.75209806104616,3.82932725263498,3.40597633502538,3.81085876311906,3.71668318999908,4.05319891708831,3.43372196169774,4.91978493330983,3.9123979259024,NA,4.07806271703652,5.29643580151888,4.46110667908061,4.48976504618255,6.03288205007055,7.80572653118106,8.47907715131501,5.78792349296208,6.93645471564958,5.98807917264148,5.87157104703042,6.54208085376697,6.67680679681554,5.95159337473728,5.26903044529332,5.75412542552701,5.04102703096857,5.91331846902308,4.55415162192664,4.9819312358161,3.92506834587241,3.56271310700436,3.49683352544242,2.77460647014197,2.9357353387066,2.84401088645119,2.94699835749106,3.21869164168154,3.343158483336,3.41815347380718,3.05517027245085,NA,3.00846328112012,3.12037042073739,NA,3.44920726580678,3.95739873261214,3.47068575456897,2.96724627330012,3.70854833139842,3.11267503078045,3.82657069204072,3.59713885753979,NA,3.75538430910953,3.45892758412657,3.0224653730769,3.88288784371515,3.79854676377653,3.92555603324547,4.0034958423156,4.43420045624404,3.70209934781979,3.17740464247742,3.51309331425501,NA,NA,3.73470356592853,4.36312660731913,4.30073383757155,4.02009458676342,3.27879069729607,4.10367194272534,4.05657094569506,4.82670430283418,3.37642428911604,4.3440590304701,3.94209000069489,3.49526469038084,4.3207676129139,4.34390904589973,NA,3.25250349938862,3.60370380625537,3.60985171525366,3.6097073824313,3.46475984729606,3.85802846692546,3.49062129364592,3.87567499188321,NA,4.11499172537418,4.3525912696025,4.06242821138254,3.79061278088753,3.86482587007268,6.22649047244231,5.29371064081156,3.5294148587651,NA,NA,3.72205938436354,3.83020721909301,4.1278645761958,NA,4.38026079998401,4.55070445002084,4.54339301574768,4.0216306665027,4.44349105893833,4.28306621165818,4.24694910082985,3.53158066882319,5.38585574359107,4.60487388795184,6.70426257439781,5.72222245606743,4.59713074062763,4.8156847320943,3.82219758001308,3.68896748016735,4.05614997385407,3.5018714639715,3.50986633395441,3.40140695902424,3.18022735499239,3.48006210527044,3.48789279154845,NA,3.12563596943031,3.28313947730165,2.94434459555191,NA,2.95139868288962,3.6950580078894,3.23784062972726,3.67496928104406,NA,2.86333468948267,2.94759710167177,3.65697324051783,3.55106760734599,3.70857447388982,3.41614981528222,NA,4.0023622065941,2.99421924928777,3.52105153742158,3.30331180618422,2.93624250268115,3.02206603625862,3.25866021014133,2.79093582911268,3.10474069798339,3.48727710056159,2.96296531757339,2.52249009354592,2.60350353866597,2.67065468863573,2.19819526185921,2.21290260722018,1.67133434789944,2.15888367744258,0,1.79160518493785,2.2602778241474,2.20340109046537,2.30725155325596,3.29834977288435,NA,3.44848094657923,3.26175104680236,3.99397717060404,4.50407048044719,5.47637963552683,5.50114157159084,4.75098106641714,4.27975599766816,5.29222602110023,6.07742288283689,6.09119965608271,NA,4.69834203269188,3.76554581252509,4.31838377256516,3.30119477688254,3.42430393604715,3.35844551974956,4.025813647318,3.80999203640426,3.22924034633909,3.43286555896795,4.01760855096725,4.38261134506299,4.63208405834627,3.83103356459616,3.29962309850745,3.47303097525583,4.39143602176568,2.74405167486069,3.14006932044954,3.63445819825444,4.2336312826328,4.75889759773574,4.74142416512203,3.7565961704695,3.22720794440907,3.31966417252032,3.7818794132319,4.08451539355386,3.9536701357124,4.05762403366229,3.23176048612382,3.70982527347496,3.70804458813526,3.34673944294232,3.7201307451772,4.01110943649895,3.24940952392176,3.45964042887192,4.18003627162026,3.94402287196109,3.77056380985295,3.63025135046751,3.86448588236959,3.94709444425543,3.62679050313448,3.67569107913158,NA,3.15737026670307,3.23852104956725,3.61692921251714,3.25065238300004,3.3216157877134,3.6108048093425,NA,3.663679850443,3.87659100685038,3.73774720018468,3.63663128368284,3.56611202011561,3.53309989825552,3.2514484237288,3.14078515371454,3.34112747745843,3.58588653383995,3.74305745765131,3.28592239987704,3.45309013722945,3.29371727286248,3.06037159203038,NA,3.00770766519869,NA,3.6615172868137,3.69636275936691,3.72558345789526,3.84143592557758,3.58977603677382,3.98818669819645,3.64553498169439,3.36852144048438,3.17594666005326,3.17416007230422,3.30789685526068,3.24277030381658,3.22776638537545,3.49597127269166,4.06372566778752,3.41272863389744,3.99438203700604,3.88242538667128,4.13921163317079,3.85035148706974,3.6181789709653,4.07802890497326,4.25323444784564,3.77780743422614,3.30273268749561,3.27771638319732,NA,3.92407642715592,NA,6.18137293725638,5.00649014753281,6.26521251881059,6.63577487671322,3.86627087595412,5.38658110748433,NA,4.12349386254716,5.22819593204253,3.79518530213903,3.75146399615001,NA,NA,NA,4.29480173363336,3.95816172038774,3.71128420666639,3.56147776857488,NA,3.57501579597905,4.43169549196828,3.67016509886577,4.02916686518683,3.82378169311398,3.99098761580674,4.23645084252989,3.96042105397779,4.78521693133573,5.17407718908005,4.43671992062434,3.8513777342171,4.39234481067426,NA,3.58387408588712,4.08271636838799,3.54192281584897,NA,3.40578756643342,3.82328117709211,3.57017170712363,3.56061103096856,3.6497034033764,NA,NA,3.58870090844281,4.02710562970306,3.81047641778247,3.8041606752076,3.87654829967318,3.80189225754511,3.43998075419491,3.23493200254508,3.44587048772413,3.53829079410127,3.5514645349401,3.55204665134943,3.77859675504672,3.7578483406626,3.13926667003432,3.25663609891401,3.3930003446771,3.66721416407667,3.99571383081315,4.13555381653276,4.0368129973659,4.13379759691453,4.80617870495017,4.00943830178636,4.0949015012015,4.25281035465126,4.19652335662412,4.59875099538559,4.35632389849009,4.79409652305738,4.06593315401099,4.37266964374667,5.09539712641155,4.38622755763487,4.1345399642397,4.22260387236396,4.53615570925731,NA,5.53787156637259,5.10119331508213,5.47247927366622,4.45151163442318,4.04317882880136,NA,4.5892496885097,3.95876997809131,3.90729786643009,4.65266895235056,5.18643607327435,4.63940264501283,3.53400952964134,NA,4.47021368685239,4.87692520852662,4.55471150390268,6.35834935597784,4.32864362424431,4.42709089275479,5.46406952273153,4.48616729605606,6.01581756360689,5.46111105591061,3.77984182244842,4.81799171391101,4.5768885251326,4.36656225642578,4.27943690284198,4.7043161938493,5.46508074938317,4.94220556924995,4.93589834785307,5.15765305044059,4.82870835717395,4.84981703265518,4.38403279163776,3.6851768372291,3.69019549587917,3.79319942733863,3.72079232829504,3.60334511379433,3.60504692295228,3.68897010789431,3.76843672905512,NA,3.48069709155509,3.70391476079792,5.78288606549445,3.72413032435457,3.71251499956952,3.54728966008498,3.68362822121117,3.71681435033531,NA,3.7514865743794,4.14271721620121,NA,4.09982482574345,4.19169204377206,4.14577383967676,3.93524127877446,3.99525594677968,3.66060061559837,4.06184918912727,3.84594104588712,3.85270296975734,4.60550935115339,4.22742501021767,4.09059477851874,4.39473332551661,4.51501816604241,4.36152983887971,4.56057433033587,4.62781214370712,4.88439453653956,4.68736884913729,4.29147266841388,NA,3.89823117685281,4.93650293060238,4.60457531261138,5.76986296468754,6.55386430058216,4.90480067107907,5.66686389576574,5.77182209088128,NA,4.7153626293144,5.23896976793378,5.08513236773886,4.82993409557694,4.34567232158008,NA,5.56946033565312,5.18232118488624,NA,5.04677253158257,4.65237702833831,4.51860735783353,5.15395275521218,4.42533595198987,5.21834732223529,4.16589577462838,3.97700728808758,4.35127654800951,4.64700464092044,4.23144117057097,4.37263960041309,4.38902773101639,4.3154959378972,4.48379700507736,3.38115821012334,4.68448119873098,3.80657936447856,3.43335056988394,4.98772734175118,5.29778711338812,5.11458144257282,5.10313311612682,4.41110317275174,4.91752483884893,3.86632411260716,4.42590309944451,4.18110803670535,3.59211998207542,4.1588389296838,3.55523748028764,3.48866736392439,3.45562510183315,3.29859251973474,3.39595875009379,3.39672191557397,3.33172672680859,3.03732239418501,3.29372598606527,NA,3.21604209894876,3.32933463629629,3.47119459912394,3.54165613448532,3.61758904729964,3.48383337595774
NA,NA,4.0598162921501,NA,3.41096263794089,3.95342861841408,3.69398674790864,4.57333280980979,4.96710844562411,3.46730946929923,4.48750640176782,4.52983043634941,3.00686102933764,3.14688938661646,NA,3.14175347909419,4.52438481450648,3.8600893498195,3.79440135769351,3.87450177617988,3.30039000374299,3.65827738340171,4.54789383547844,3.585838619751,4.26106600735528,4.37984800033818,NA,4.42920831414295,4.26616938457532,4.42396642475361,3.31154190085744,3.97832242743208,4.13677711032243,4.24987933641057,4.00521509919441,NA,NA,3.87761893928616,3.87369053383825,3.84255279825896,3.89515915429246,3.58728619530315,3.8842250940119,3.85850139144449,4.08603349729305,3.53292312071145,5.03544868821308,4.16496361827009,NA,4.3724365937805,5.40554778621569,4.50154955738452,4.53268603062472,6.20979187685325,7.90732951999305,8.51332249039894,5.87094969967825,6.96666652775866,6.02854008626151,5.88244144616642,6.5846561239401,6.76133885944923,5.97418328869236,5.38539081145848,5.74651682285978,5.19537901656773,5.83786760710844,4.61857861578276,5.22021994066217,4.15560839517558,3.855855493775,3.82381317363495,2.97179699536552,3.14700079646429,2.98772941929611,3.23483922237753,3.37227657632156,3.50472577777705,3.5315793931114,3.31794912713826,NA,3.15091483376603,3.26804764141364,NA,3.51921722156822,4.1674205158077,3.49798642848423,3.08421388356989,3.80570892603971,3.21990709210752,3.90978985373771,3.73179295326434,NA,3.8024890482879,3.54913854372108,3.11606481678896,3.87736102966017,3.8439798291046,3.92058936592436,4.10322864315999,4.61311858798708,3.80729981942199,3.09845498398661,3.54156750453139,NA,NA,3.67575917713872,4.33300008297397,4.31860001526083,3.89419932939673,3.32195256421507,3.93549826545509,4.01008034058718,4.80187130299687,3.40808820522721,4.22213852090302,4.03304774936761,3.58710732396611,4.43095382451563,4.35363971199973,NA,3.64838851118532,3.88924488262076,3.69276644465417,3.84432578430227,3.49338123097888,3.96409379001804,3.68950026214461,3.93611205029946,NA,4.27955677619015,4.42252555562463,4.33465083352329,3.94503331122265,3.95064679956384,6.12692703950595,5.20177270932255,3.66137947717565,NA,NA,3.8415384698311,3.80968368131482,4.24838940725223,NA,4.4269880638241,4.55646495851646,4.56133253038885,3.98967336621033,4.48526213771812,4.28594667645484,4.30635849117584,3.6078298622008,5.45641100651823,4.67043948851819,6.74729256996204,5.73892516085032,4.67993372045606,4.76328213013454,3.85504241940722,3.96668494677322,4.22767844018902,3.56630821959176,3.37598878462937,3.48347150313855,3.24894760368321,3.61583193675038,3.57413339674909,NA,3.36868055389175,3.37938266786557,2.86785582293006,NA,3.18136487587012,3.81319789009682,3.34398925042465,3.67571233476457,NA,2.94825988373601,3.10497584911199,3.99636678390218,3.65939169142567,3.97964209943868,3.67994076561489,NA,4.12131477898086,3.12816634740496,3.72665459160258,3.42383366715623,3.10709345698031,3.17879512313485,3.26647203541285,2.95918223951672,3.26947796590034,3.5691244592316,3.33009809762967,2.78300305611698,2.81110562029083,3.21646683036714,2.65296476545686,2.77059301309788,2.67700411835079,2.67626774185104,1.79160518493785,0,2.26778039588009,2.67363297242112,2.43331999407856,3.48380973266724,NA,3.64501638606696,2.97504969364984,3.76862098451211,4.28656308729083,5.40127471248739,5.50671950405173,4.79787404437919,4.45890179253421,5.33849777990337,6.11955531427449,6.1157363503389,NA,4.76784387977935,3.90804895096071,4.79536655978929,3.65972879241813,3.67985018519564,3.44377853260033,3.97585037082894,3.77571924169469,3.51537749721059,3.53838882880024,4.18315931484458,4.47011329645205,4.69152573714416,3.91284608222076,3.7521213220703,3.78978532503985,4.54423477244097,3.1964138266002,3.37586041860129,3.6674396707888,4.4828068510269,4.89727494796381,4.90039097677474,3.84556515216852,3.4555681177105,3.52727597181,3.92138896126829,4.26526628836989,4.11271592099589,4.20092029385826,3.58860679746009,3.88538021497839,3.79782810000119,3.50168336379337,3.91749695431962,4.17706948326299,3.36499041699429,3.55207702237151,3.87758469598321,4.00303922222385,3.89298421198097,3.77670822822148,3.81395246819755,3.80375151033766,3.66573247250229,3.77548389151839,NA,3.08728401541984,3.33670608912207,3.89480295593859,3.2166162358504,3.23986695848566,3.58909161967088,NA,3.69676608598807,4.04269365808825,3.9279901348165,3.73771393836843,3.58196467718673,3.51209423880515,3.54046730521796,3.13035827333393,3.33783089592135,3.52878076289774,3.64131929528881,3.59647088938715,3.50170050931189,3.25152415923343,3.13811192075777,NA,3.12494783561462,NA,3.7679516394672,3.80497978245192,3.75641969586812,3.83697679637228,3.87384442775749,3.93008965282054,3.58577908661786,3.32990506636781,3.25254807513638,3.28780870072562,3.23679034644065,3.31631519626182,3.31035983060843,3.59926911599028,4.16402461819289,3.52900135947166,4.03830534429833,3.91716108584518,4.2900435816665,3.90534133358232,3.74764757638967,4.15552618878122,4.36549581935509,3.94478255723275,3.39899554001626,3.52087230854912,NA,4.05986142586361,NA,6.21932010271406,5.03489724650767,6.34077288041325,6.57644076128755,3.95492620183172,5.42442128802402,NA,4.10098530939243,5.20988631527436,3.82623550915589,3.77012259546869,NA,NA,NA,4.31236252781912,4.05254127528169,3.91710004628476,3.71309052195022,NA,3.65206040705561,4.52282902206386,3.76437609109642,4.05863766070004,3.95198323599999,4.05983230012159,4.16954381791644,3.96191122618504,4.70276371566816,5.13766953358369,4.40800656207488,3.89659943597066,4.39536185683905,NA,3.58159091665664,4.1956734382876,3.54621130083593,NA,3.48859265167774,3.72896674456417,3.62405285239178,3.70948745000282,3.91978717828701,NA,NA,3.5937010162094,4.14317425947079,3.8947277846046,3.88119498412435,3.94422083398118,3.87813501756823,3.55180228952109,3.20155685734696,3.58640536039306,3.59859345999994,3.58788674852151,3.54901351990784,3.74568606951526,3.78756478950685,3.4050992729032,3.44647720466962,3.3521390282043,3.41931112628642,3.97221869343863,4.05779515341541,3.91567284028756,3.96948632815422,4.80526711272974,4.05646610139037,4.1257490665328,4.15915303437138,4.16947075401862,4.44419882103057,4.23794076628199,4.70893550944775,4.12620697584508,4.2849574579178,5.09284193001534,4.48658819286899,4.14550675670241,4.17708181456841,4.5234675030567,NA,5.56568489503385,5.10924081521646,5.46976020748072,4.46288925539127,4.07968247836909,NA,4.63301198480158,4.1711401907322,4.06427534108109,4.71691947138419,5.20148659673968,4.7126871460266,3.6227776973197,NA,4.50877083341927,4.88400277852093,4.65242621940021,6.32036182225525,4.31561449406361,4.54774448743248,5.52969103271906,4.54012208617993,6.06625411620189,5.47030920786553,3.78806555353194,4.86297010297182,4.65105912452009,4.51963772827953,4.29356809913479,4.76114633918642,5.46416923240646,4.99653690541858,4.96585357489065,5.13991579934395,4.81405025440911,4.78661732584175,4.39892299701369,3.80066234593394,3.68606405228207,3.81207723122649,3.74636244145321,3.71843360956956,3.60050786143776,3.76122176935835,3.8492190473844,NA,3.5530418230997,3.71642512733468,5.72312805775524,3.73254346835862,3.75376711212955,3.59678071137732,3.74133991135829,3.77029470995461,NA,3.70920670283892,4.07239929374844,NA,4.08048403082275,4.18001160112071,4.12045207708225,4.00087330243525,3.99822501230844,3.72689190005518,4.00902863611762,3.78474368952284,3.85520944768553,4.57689743168896,4.14646735025883,3.98122087095012,4.31016862937072,4.41093693644953,4.32226195491029,4.51396328739211,4.48983058297897,4.80885365256538,4.61786658457599,4.25807188843152,NA,3.78796171103181,4.81965316585239,4.54458200175784,5.6387119119902,6.41127394073736,4.88970682021422,5.64204042226797,5.84402543500918,NA,4.79288599565532,5.30247971039547,5.21766046099759,4.89836913206621,4.46748920409312,NA,5.54896940742257,5.20504577389166,NA,5.07642591685028,4.67218481668445,4.50741757054062,5.16157553062219,4.52252776177122,5.28221769235882,4.10198222642785,4.00829780369018,4.3880987941871,4.70451633679826,4.35011832649158,4.4047716927678,4.42748544933174,4.34172326045305,4.48175615409116,3.63498383784132,4.69891322812228,3.95431763662104,3.64736818865008,4.90927772757193,5.2534486877641,5.09880492033297,5.10241969961828,4.45473412281486,4.93786860572855,3.97266023606393,4.52633776472999,4.31217215885086,3.74908326936976,4.16298015915251,3.66721229105519,3.63637904725781,3.65290708066151,3.43814050248374,3.56273892803304,3.51671000929715,3.61512255318417,3.36840056808221,3.49317265568048,NA,3.40726311739339,3.49431466305859,3.63527140271669,3.62346567638299,3.80660781722672,3.62016691711597
NA,NA,3.62142319993146,NA,3.18424378521034,3.54410704864944,3.13660530538831,4.18464669778265,4.58006548270632,3.09833439007632,4.18967205266687,4.2664222947888,2.49639456848903,3.23874153629476,NA,2.98394876550254,4.0354486294818,3.61431001152022,3.45017043962269,3.38813224968692,2.6522579598365,3.66181502149245,4.25511256537718,2.9686161187111,3.68287176689548,3.77688115014492,NA,3.75084856599991,3.54499603364655,3.80027244823197,2.6821791302594,3.2618134145222,3.37138304625901,3.48015276289529,3.2149202343302,NA,NA,3.04752105787529,3.3028806003621,3.28888749110867,3.18547529317947,2.70470652903371,3.03998131692843,3.45452266496058,3.48297619113804,3.08370760782442,4.88553845401999,3.68543559313379,NA,3.84513234112225,5.2174890084585,4.18696945792679,4.15051375538881,5.87429244583569,7.6687985367656,8.34883151961242,5.51244955845579,6.77553452191477,5.71629970458836,5.57586351264337,6.21482732588183,6.35342978098744,5.55441255227968,4.83189042528558,5.35859415445201,4.71017114673072,5.81220888142712,4.2796078257096,4.67619464852136,3.51984625106306,3.49187163313277,3.47595729761289,2.59329288278197,3.020587958153,2.59343334670192,2.5314349381001,2.65407873037301,3.18917323335459,3.03410506494144,2.86334927420699,NA,2.60204129715317,2.90096720051786,NA,3.15231534092037,3.40629819605616,3.13527313743397,2.44839993860624,3.16587062428465,2.64061603134599,3.32856855605223,3.04488557938322,NA,3.16633686793233,2.87850602864977,2.46296148069192,3.65238418290336,3.53729715028175,3.52528628371148,3.47972913084668,3.82223007247728,3.12646258133305,2.66018363313657,2.97926612543627,NA,NA,3.36291955134733,4.07107245325143,3.77780903673222,3.40536505283912,2.72789996948117,3.41323274717204,3.31532577864326,4.22822231020154,2.71220696738865,3.48730832214119,3.33784342901562,2.75250397385001,3.74568345126115,3.93945043932226,NA,3.36378484272918,3.34716942248314,3.29179077316219,3.48488399431816,2.91531579659985,3.4925012993034,3.14980525931167,3.34861225368359,NA,3.63670341904493,3.84694361201995,3.85685614103364,3.57046214038187,3.29287985426016,5.69431354549128,4.69098207352771,3.24269395301155,NA,NA,3.0537591297701,3.23014249379975,3.62049735130406,NA,3.84098186543052,4.21164629156924,4.14290430121858,3.55556533904026,3.9246159420685,3.93420556509902,4.05981195630613,3.03551209384609,5.05506143013792,4.20965697248366,6.45445065067428,5.4349960276212,4.24181010624381,4.75642925226761,3.65944374362503,3.29051577724835,3.86071611209954,3.45499474508091,3.56447264673316,3.11374764175281,2.94972203443858,3.1685609891105,3.14323515110742,NA,2.82102738439701,2.63950433722487,2.63006441207174,NA,2.66153111800737,3.26619137315429,2.66922571628366,3.30371764996816,NA,2.60377923841982,2.56856314889595,3.20641570252095,3.06417553074216,3.61979391592907,2.80063917155128,NA,3.1652703932435,2.96674530591349,3.33077833453435,3.17928065285283,2.51179430392623,2.26215539642415,2.82172081692442,2.63023099383568,2.79977755170429,3.38697867295928,2.38677888324039,2.44921665170595,2.78680898655554,2.79970223128543,2.75513550463331,2.28972521309221,2.42756353124055,2.41657658186935,2.2602778241474,2.26778039588009,0,2.31883550657819,1.8744756452121,2.55388538950773,NA,2.83045746528342,2.52627020797825,3.01535971340909,3.42524204371793,4.85603737950651,4.97188730337663,4.19031351340239,3.87495535680342,4.97072489966131,5.5768497149263,5.60100140758032,NA,4.26281751875946,3.31257163165674,4.4822720692296,3.2724427104261,3.35905280435994,3.06456888802183,3.56823084519524,3.39448458548047,3.11215247914548,3.24690553037409,3.74733628243988,4.07655826883503,4.38304777133254,3.52582863442184,3.78962112087082,3.60061004056904,4.02073302932444,2.68380887630991,3.01027357579451,3.27995351956736,3.85514183204698,4.64723830193733,4.47717942013793,3.27578561308508,2.9900691806227,3.32586393495221,3.50925358233095,3.63931610913392,3.57238998382356,3.67368241586113,3.23931222513614,3.57424334408375,3.34151785794092,3.18779624620513,3.44502159827229,3.84979533890252,3.32427074150355,3.54204533422209,4.06310032271247,3.82475528457361,3.80287113745593,3.16854926323181,3.71372944215902,3.51521844487829,3.11310551193966,2.86159828265169,NA,2.5434404736077,2.8637740277044,3.40065679735446,3.17588439842424,2.9490989657055,2.66038603429615,NA,3.26344031578674,3.40809644580464,3.15099517269275,2.90780712521735,2.97559066194165,3.07737953734219,3.02694820499237,2.56351843136643,2.7960052452701,2.85818211459686,2.95390024738007,3.27470066387922,2.91993285208389,2.5330159707891,2.39111214018266,NA,2.3976064625399,NA,3.24091814727656,3.27543722906933,2.74868061686144,2.81157328890022,3.61043733053176,3.46582340985664,3.05045025932386,2.98138114817482,2.73411223595921,2.79286486986297,2.68013335465058,3.07705796214849,2.85016827185376,3.20449522366809,3.44500312282512,3.14035087267762,3.59305315764824,3.30883552757953,3.84612068394889,3.64639560740347,3.09962028912936,3.59669904572776,3.75897110894285,3.28676853903398,2.70035617871893,3.2807175613279,NA,3.44024005669709,NA,5.96297590563051,4.89642011196695,6.10996848887759,6.39518003062715,3.4754778541177,5.04381823017229,NA,3.73002530738287,4.68766210172211,3.32175129411437,3.29412191537165,NA,NA,NA,3.62786051029645,3.76041036043248,3.30756207919525,3.1154611122911,NA,3.12213341655734,3.96652486109822,3.34693711144629,3.67561704197166,3.41168808637544,3.48106421593471,3.66331985219159,3.35109903275499,4.28595145882847,4.76496432393289,3.89663886859618,3.38153840422895,3.50626440282163,NA,2.86637669016151,3.74189634076378,3.07598412896185,NA,2.67412209536303,2.84346648607118,2.69515921970895,2.7187426779355,2.87122016331861,NA,NA,2.68241931709981,3.17742266935476,2.97514084438318,2.87362690988386,2.95016563043027,3.12783457991464,2.63893322845488,2.40409059005179,3.04590142876411,2.91418426747438,2.80326868796721,2.86464307225626,3.02357073346927,3.23650523694857,3.04681712905362,2.84602745535705,2.53977623429572,2.82216411255451,3.11835421042889,3.24305336781618,3.05500524979876,3.16985813874856,4.07792503954216,3.35675289409215,3.38851599406761,3.52363679668106,3.35862594032135,3.69243045214598,3.55478902860345,4.09737555939854,3.48551534486356,3.61000559421877,4.5503043960827,3.92529170279259,3.43400846382497,3.47455706310593,3.8102072548371,NA,4.9253910219008,4.56573149283631,4.94469790822857,3.85446566953323,3.58983810853704,NA,4.14295802723334,3.64669309957785,3.48188718962707,4.26736471734133,4.6755400294228,4.17927017066768,2.90760409275191,NA,4.00857626602792,4.4057028001212,4.0977272568099,6.0152230402179,3.91376945101052,3.930208896639,5.14286595468444,3.95364276317362,5.62485898540891,4.91210952092605,3.01696395419809,4.20424466106242,3.83421463579355,3.69274447799379,3.61698334059031,4.06498766455974,4.86737515712194,4.3085429392612,4.29725736935936,4.5035426591257,4.07720647031843,3.96247006933377,3.55952770206449,2.89200356846419,2.80843670069214,2.99794819311821,2.94880723333001,2.88839500377652,2.78119488274019,2.75160295111057,3.03782045144886,NA,2.61050083499696,2.68209778806988,5.20357745337984,2.92744103149838,2.77326999600732,2.71760467608952,2.96928355884365,2.77105815528515,NA,2.87876284114499,3.28860473342517,NA,3.21752896957398,3.40536378382268,3.22545318380382,2.97061333643823,2.87291521110598,2.90389654708981,3.17856037252687,2.89459919926793,2.85187390957381,3.82810418563935,3.3398643753573,3.1596466602443,3.60232234371301,3.75290215945548,3.64123286851909,3.80429539012673,3.89410936437153,4.16984004269463,4.09441036540776,3.40711496921943,NA,3.08178116327038,4.0913774237616,3.91006009064258,4.99334864952374,5.7924607630033,4.22194188757376,5.04337191017601,5.25797540484371,NA,4.06471703555403,4.60447211865791,4.59172008158781,4.25052268097889,3.71737063846818,NA,4.97788383785395,4.56559225669586,NA,4.41838597956179,3.9887764441146,3.77596133924017,4.56918911940011,3.96982825896831,4.6681586233914,3.8030445811606,3.27260966296729,3.87686072534549,4.22164295435236,3.80999308562659,3.92223331532679,3.94653659017967,3.78021129449259,3.90653127744698,2.97592412739699,4.06849715739873,3.44640981076984,3.0601469024099,4.22234782425425,4.7161911391373,4.4714763262694,4.46542165513408,3.72873699580755,4.371026368323,3.33411378204417,4.062794460288,3.76137092338365,3.03146784906852,3.46892658935594,2.8991601788792,2.8835660812119,2.93548067715243,2.64523121240091,2.73008181725335,2.5853810525343,2.57484758359303,2.53035316464431,2.47829915969175,NA,2.35088748807163,2.43760719193908,2.46291412629724,2.53986293833635,2.91958006676096,2.69896773380377
NA,NA,4.17320757908778,NA,3.53755824155129,4.19310080606612,3.78954928110884,4.96016601308001,5.22854309131757,3.61559955445934,4.66757917061895,4.75345026096812,2.77881923517182,3.77734206117895,NA,3.33871944451426,4.77574975184152,4.20553469486712,3.77109816309202,3.85503217928755,3.31107555599789,3.80528061062194,4.74793881360534,3.6807806754905,4.28772364193483,4.12518022905384,NA,4.15871444088219,4.0866360762864,4.388978716327,3.44546545625895,3.8571089900305,3.89973322902295,4.14574693372185,3.72702504541208,NA,NA,3.69990431699349,3.83250068183875,3.83984364961579,3.88288463776647,3.37974632337241,3.74151944731518,3.72787281998792,4.12818927356643,3.57217347083702,5.16256627921197,4.07758318221933,NA,4.17323087079098,5.50272506938672,4.56779756863698,4.43507464010796,6.0793818833959,7.84003006086527,8.55371161042613,5.80553640301965,7.0106225797594,6.03589605052154,5.94851300865855,6.56951440654037,6.73401671433702,5.98688724960217,5.31956701567072,5.81018317224569,4.99372898634562,6.08466986170449,4.53954353776569,5.03342550716925,3.95125950363939,3.61383490239335,3.54384262450291,2.98315083210629,3.12987350511529,2.96834028318889,3.01414232763448,3.23594023853076,3.47593578613338,3.53180726848388,2.93015223538167,NA,3.01584280304539,3.23983148377526,NA,3.41730623132921,3.78832623804355,3.54055245146046,3.02160725426057,3.80652901707097,3.32837782587843,3.99414669896002,3.61931918809003,NA,3.94780248554144,3.35912851430211,3.02765794505595,3.67595943656707,3.55720657027402,4.14897345876677,4.1975615408124,4.74729701770639,3.740049887561,3.06711070923382,3.75750230197369,NA,NA,4.10423637912019,4.89901320412944,4.5570194214229,4.00492737011184,3.29985459270957,4.15858468161147,4.04158865124171,4.89327189801783,3.36302245727311,4.2935046688315,3.7732906690477,3.55411236149837,4.3658346503241,4.4492698510045,NA,3.22230198138375,3.54556729529829,3.49666478631526,3.40940328497153,3.32118020772686,3.83177810681177,3.61362196542423,3.93883238307813,NA,4.22368292756917,4.42539511356053,4.07433076917985,3.91117944978717,3.68259704671849,6.17900347488651,5.18918873775321,3.45848813850056,NA,NA,3.42472562909462,3.71734194644012,3.83565003457072,NA,4.21419144152594,4.47369627933284,4.42906033187729,3.813666084468,4.24955493666444,4.3287677541016,4.1674863818232,3.52088011092925,5.529930627848,4.43864840118841,6.79063083256994,5.80785755546151,4.54635964679592,4.97946422553678,3.99521334352639,3.64962907795298,3.95912961388357,3.61494416579645,3.8524412402837,3.36694465416486,3.08087207454114,3.48148911367422,3.45595648375352,NA,2.97683029635397,3.00178451709238,3.18766147825781,NA,3.05985705855817,3.74356264704976,3.35509615133377,3.89198357587658,NA,3.04515868743285,3.20594953662918,3.75656275001727,3.83118197123348,3.79547213014772,3.45008230356964,NA,4.09869281818131,3.32094254359747,3.45374669549973,3.559945382359,3.17799409855452,3.13163130147297,3.43037777246303,2.84325563373596,3.0913507882773,3.68240617341884,2.93711936287404,2.72514489167576,3.1234846566691,2.87150676683124,2.76430756811619,2.32353075804693,2.22472431831356,2.65160521847595,2.20340109046537,2.67363297242112,2.31883550657819,0,2.36263231288492,3.31780779650043,NA,3.30819909340829,3.26088101007723,4.02792528030311,4.56202439355865,5.49479622598604,5.51170290503614,4.69484101841038,4.27415360733509,5.32969547193929,6.09517238030495,6.15127855289009,NA,4.64072269517443,3.7707317294141,4.42100400224886,3.34550038267826,3.35259264777319,3.28524773657487,3.88790412134182,3.80926648291113,3.17988035301396,3.44113657144852,3.9381410267348,4.30459481067954,4.65508649578756,3.88158024357072,3.58514375297451,3.75075193564681,4.45123262630862,2.7750203824372,3.36405966880946,3.70354658657911,3.97387983240777,4.83894138856648,4.71283848623541,3.68598934214906,3.30766555607923,3.38883783195367,3.68034334862014,4.05819247076211,4.01832311818078,4.04188106662199,3.36129058809534,3.83165436911938,3.79848766228411,3.34207356889175,3.78627796749796,3.97437724028645,3.483421581708,3.90327146160236,4.50921316325044,4.11160847730221,4.00985689179018,3.81068886685418,4.06203038463623,4.22651752229124,3.93105115612578,3.80268258094978,NA,3.38573018396821,3.28544709399845,3.51984836775122,3.61172817238534,3.6883658434451,3.928253030529,NA,4.01738729690441,4.47002080102841,4.25187195475428,4.11411724836037,4.1441171232175,3.8813191146175,3.371162200558,3.47095976395405,3.50155511274139,3.82018613679478,3.80536062362032,3.48311086996691,3.30177101533527,3.25043843126217,3.01589703100147,NA,3.0801027962932,NA,3.79530588590449,3.79380194343133,3.64827611742617,3.78282479664528,3.78568350670406,4.05077404452096,3.55280946761537,3.53107342993635,3.0876473547046,3.00978738667563,3.19384447562975,3.2070578834332,3.29691849057162,3.49399477765165,3.97942432740441,3.45912463768424,3.95483936364,3.72281975124785,4.06367356252124,3.55085695012518,3.59228707561754,4.17524820605659,4.21321251032918,3.75927785969829,3.27831484183132,3.38250966985364,NA,3.89299168132079,NA,6.36816878234185,5.34599801748696,6.42945378032679,6.77610668152594,3.92538223396953,5.40190639624217,NA,4.30345331755663,5.14791668402985,3.88128333490996,3.76437166873463,NA,NA,NA,4.14394730336627,3.87537694406356,3.49638201166353,3.40504673376044,NA,3.57949080562946,4.51074096043861,3.73013332128196,3.92742370943512,3.61454741254726,3.88957148716536,4.31688231293559,3.84526438075808,4.75961092282472,5.10038410647199,4.58791654198629,3.73053791905495,4.2941299645198,NA,3.43425364405871,3.88241590612191,3.36874003580692,NA,3.33589747045399,3.67552709991145,3.48406284067283,3.63561465230135,3.73054730202896,NA,NA,3.7571729279814,4.21726380607189,3.99948673022321,3.90966084163964,3.82309885989131,3.41899017048058,3.50057033177518,3.15140268647362,3.20938946945635,3.4490336540665,3.5339954431843,3.43840363432756,3.73714206238413,3.89625329441953,3.56300148761318,3.43554869826097,3.62846589506136,3.64475456836245,4.02007960418289,4.10520501639822,3.96556867727051,4.04202847163608,4.74067631720789,4.0600466097971,4.03089438248186,4.27421725919672,4.27315096135052,4.51610682262292,4.24817691580254,4.8031303286831,4.00049029719252,4.27733958239019,5.04276304549369,4.34783295281345,3.94872440745345,4.06074695663962,4.45891101421628,NA,5.44653322722501,5.07949932996112,5.38168950949647,4.32522818076107,4.00344410227388,NA,4.65306308238588,4.0704230013279,4.06904664815343,4.75623795249307,5.20324826538191,4.61597239267389,3.46727741410537,NA,4.35319494169413,4.83956712743799,4.53580842222739,6.43672799881677,4.4510547857372,4.4842549920702,5.6053823619058,4.43437125571925,5.94116079022088,5.30562386313023,3.65980988098391,4.64449105032766,4.31590909448556,4.33487205850903,4.17569998922404,4.69664125322662,5.48634872487963,4.9368359393314,4.88546681906697,5.24418154013379,4.92224000487959,4.79799899181215,4.42161593734557,3.55175430346502,3.68725044876067,3.82022635020189,3.78069426496506,3.46395034688656,3.61242181334227,3.56746460137219,3.52726445992797,NA,3.42443776863664,3.63995349935137,5.82244472432954,3.71062109778477,3.62432102494442,3.50270048631912,3.71688075132157,3.64799010736272,NA,3.66983081616746,4.11382566677702,NA,4.07380243916667,4.15136971599993,4.14462741073734,3.98641197208147,4.03418690511966,3.89710315751518,4.15304580986743,3.88638068825475,3.8265176170913,4.58858229695973,4.18300204261451,4.03733917289411,4.38928029161832,4.51867632565684,4.29629782979017,4.49585591851964,4.52115256465529,4.86159546220888,4.85619755238406,4.17562520162785,NA,3.84421663110208,4.86844859076221,4.56461914674916,5.69037890448077,6.4430995687799,4.74132045089461,5.62839394822631,5.76027107676082,NA,4.64094115044275,5.15114238144114,5.10361787815392,4.81160036875169,4.23821393544774,NA,5.57681362293873,5.207301876905,NA,4.99505658332912,4.57431956510906,4.35378076903941,5.0517644757643,4.41414303832358,5.10268207805464,4.14393084285332,3.82976249184973,4.25033803871796,4.68037565506816,4.22739990127813,4.43354985238325,4.53167439895304,4.33436382842929,4.51447148162075,3.14606643627255,4.73313643985236,3.94677154253836,3.5156104822382,4.83565777599699,5.31309799306116,5.06949908509142,5.13215581572541,4.37418194129496,4.96503919358076,3.95825232409993,4.54237023007265,4.29899047347525,3.60551468744378,4.27835479957787,3.67916547170815,3.53942746949649,3.58853692406683,3.40279599266004,3.53266959256815,3.60708287341584,3.6767659282473,2.95066711036901,3.34480498837068,NA,3.35725977652348,3.51347714964553,3.53908377077041,3.55837658737446,3.68444683189564,3.38881365149905
NA,NA,3.49005273757174,NA,2.90323035836344,3.34662870247631,2.92678812987137,3.93851068973134,4.33154089092366,3.04821884228661,4.19272119446511,4.31152927311063,2.46959320333487,3.23752008415785,NA,2.96670518601857,4.01493640560159,3.41389727226046,3.26852483558707,3.48200196914536,2.85102653698899,3.30617765451553,4.1855374378741,2.86754151632128,3.62204261014097,3.67060021093286,NA,3.67655549596007,3.49402692096449,3.76807179892397,2.56547948293539,3.21517806740366,3.33289080977943,3.54163229079542,3.25576925457032,NA,NA,3.13716759002024,3.19882723590639,3.19211586871336,3.16901482687615,2.79629563080891,3.17185966947823,3.25736613943892,3.65692725836565,3.21348114733574,4.65492026359526,3.61501056287919,NA,3.88268651294467,5.10014745204076,4.1485805964877,4.10442651068138,6.01261282604013,7.78198406129756,8.3309468577859,5.56746599198553,6.69201201577871,5.66759477338261,5.65796138392422,6.37132559841625,6.44848689540757,5.61262748236257,5.0223124988415,5.49470275818597,4.82315425076235,5.79534669284928,4.07241085541408,4.71807863681377,3.61721317320073,3.41031476581135,3.5862073916735,2.44995626868739,2.6334890889433,2.33456268299789,2.62917585602495,2.83971514486349,3.00623992360415,2.83173100796746,2.52901298090742,NA,2.40461720949297,2.7380210591376,NA,3.06831673520424,3.47890818637931,2.94873320516072,2.28804235018805,3.24075511428345,2.49384439530116,3.17644516349251,2.90441965859526,NA,2.88882298645007,2.82358411400035,2.35070616922951,3.55687459802,3.4246588878769,3.29123456807526,3.17782075606405,3.88388408445608,3.20924587391567,2.56052548635994,2.88978575157194,NA,NA,3.01144954215159,3.90658020445606,3.81539067291634,3.38954681309383,2.59322403975212,3.10763828443912,3.08166211466855,4.32284066273947,2.60230941390148,3.50386603865404,3.02634114825469,2.68135169507948,3.58044013562798,3.68725863356205,NA,2.89643952889951,3.10659641490612,3.13726235253496,3.16770152734962,2.73008489230194,3.43069079209693,3.02038787673112,3.15843679686634,NA,3.71714844877661,3.90978697705743,3.82840920497014,3.44024200103824,3.30683840686758,5.79596616391516,4.75235521601455,3.04109222433728,NA,NA,3.16254903747055,3.36382799680772,3.70707288629279,NA,4.01900439967692,4.18059552999794,4.07121410537216,3.60516424398314,4.02157725956857,3.99166853550779,4.05773688921307,3.04681614265834,5.02424743111102,4.31031338308365,6.58155979307929,5.52920115067448,4.29019279891721,4.56822506542989,3.55693846599347,3.37177629202988,3.64483430673483,3.27821354419457,3.45364877518892,2.88455261739679,2.76407059799472,2.82130219081536,2.78901023263379,NA,2.94396328877448,2.85380351004184,2.43895839082379,NA,2.49428722531718,2.87865900127968,2.55730858452676,3.16989985315441,NA,2.44961739816367,2.56761948873395,3.16404045869814,2.71281251176333,2.99350675151644,2.83865987871394,NA,3.37841541322611,2.55845368870299,3.18928577932235,2.850126724458,2.48643827470106,2.6347637298934,2.74072914899971,2.37937193155888,2.67542675920714,2.89954627133231,2.59781216585343,2.25619227649517,2.68278421786152,2.71463004602313,2.57870835251036,2.21496436550455,2.51077159291988,2.39033394418829,2.30725155325596,2.43331999407856,1.8744756452121,2.36263231288492,0,2.25286971787534,NA,3.10975803904572,2.67317889059824,3.30850919152318,3.68004133092882,5.02659439938777,5.05346886331707,4.25735915672942,3.83987816289565,4.84635716820908,5.64390898596815,5.64598505058408,NA,4.2850728121305,3.25175829265753,4.40890815863388,3.15524305381284,3.20624258947918,3.00358373921969,3.61568104203592,3.39683521440885,3.05526414005101,3.2190567947857,3.65107482578602,4.00083657931966,4.35855188692016,3.11597767274302,3.15080742348385,3.36917459338419,3.70575372325588,2.53169891551984,2.95318599023953,2.95200367409875,4.08220663425258,4.5608027680639,4.46305253321275,3.06166730590409,2.62127240506089,2.91273498412846,3.40236336666021,3.73425126790152,3.56420220830516,3.63521201681842,2.83300837267419,3.29993510227007,3.07848829097359,2.90046170108169,3.26581804723781,3.77420917835551,3.10230933964278,3.4061398934457,3.86212915693439,3.15484163399071,3.24032833999291,3.19547232052826,3.40198347527646,3.25251474649866,2.9628966023304,2.74943515098665,NA,2.40348448425036,2.71525348821262,3.11426881675943,2.77045652366952,2.59259613885998,2.87013830448147,NA,3.3619844161073,3.43920518838325,3.12230810785525,2.9399504293178,2.9295933794943,2.90419361790845,3.02668362804075,2.44751968872935,2.57123319551068,2.60678005063335,2.69154656473966,2.91287156317208,2.85758447633739,2.66636662832099,2.2594122712582,NA,2.34247958847586,NA,3.38718990978616,3.36163470254659,3.05666628510655,3.18243548210169,3.42743191669661,3.62764586527359,3.26346533977616,3.03683290656321,2.68438176178916,2.66277911495148,2.58467803528369,2.6522362646671,2.4999944560832,2.98052281395797,3.52703020451463,2.9164570690311,3.32372941805148,3.13205319528543,3.61512529960007,3.52975114583276,3.2921106513662,3.7345392582579,3.84742347457065,3.28886431610488,2.77493074780263,2.9458920379412,NA,3.48586777780618,NA,6.00852271550597,4.82290119460475,6.23101719811684,6.41805538592794,3.34666265846449,5.05300949024539,NA,3.88442301853884,4.78054838767359,3.52910818391337,3.2477278973788,NA,NA,NA,3.85968873411467,3.59880780289398,3.3609141879731,3.06842278584284,NA,2.9718280477407,4.03651086754127,3.16188743657068,3.42129528510682,3.24200877364718,3.40338887277782,3.7201190749431,3.52643413685492,4.46609967569255,4.72620416136221,3.88336773202762,3.52496497290907,3.80492896651585,NA,2.87363276448607,3.79133172705484,2.97400636175244,NA,2.60005051859851,2.8349309370546,2.78051052434418,2.89654098187894,2.93623228803806,NA,NA,2.76794193073189,3.31137495223612,3.01507997389538,2.88361020440157,2.94572262895334,3.28085202534848,2.81492732215756,2.49015082794601,2.98196572780735,2.84426847064828,2.81723636218289,2.99926813152638,3.17832366854865,3.36647981231187,3.11101351819565,3.02724176300885,2.82202610639459,2.94181239803001,3.39132254347731,3.52058572387745,3.30579400624623,3.36387630096364,4.36278513704348,3.62428692669565,3.68890053834609,3.72829183488153,3.56986282776106,3.94838018129127,3.74060036472507,4.27736432191487,3.84807533146107,3.76091030879436,4.79323185300581,4.12703653584213,3.60687556514268,3.64664532216032,3.99820640848728,NA,5.02974718841818,4.70894953779072,5.09894297009054,4.09749958376476,3.77654656136218,NA,4.30540381046886,3.72357243184653,3.67504445076987,4.54216471943849,4.8257736919288,4.40353430975391,3.15034851822677,NA,4.3046028370815,4.60208173843609,4.37872448656112,6.16592463936836,4.07166998342714,4.24481780938973,5.33426759524479,4.26169883227678,5.77036173209345,5.17430045761346,3.18732852357968,4.46335928372881,4.19587483010261,4.07198689947398,3.91715970357141,4.29183482626478,5.05009347802891,4.55528986784506,4.59152715338555,4.86367984178504,4.41492074219925,4.1815322771446,3.8979548392304,3.18486787483569,3.06327851359663,3.15379863407598,3.03485203243368,2.99398796480263,2.88781696278339,2.84947437747591,3.10500808599704,NA,2.85742188529877,2.89473175286391,5.46959858196013,2.86097451787498,2.86310172397493,2.79916883285169,3.07229258691243,2.77940154399,NA,2.9644673828084,3.3308275695226,NA,3.23696220504823,3.34124858018571,3.1536079441947,3.21971527918116,3.05251867850468,3.10241118938878,3.36422587758034,3.12471691259985,3.04163645036258,4.09633649573887,3.65898055324207,3.46643103288767,3.92308738257868,3.97238492663778,3.8916889179974,4.08958312309286,4.17385609611507,4.50261138806816,4.29387310098604,3.65815723476876,NA,2.97508969296908,4.23076849576189,4.09657728966892,5.23693911799585,6.04186416985833,4.34630161465438,5.17765256821797,5.28824512108261,NA,4.14503867563146,4.66985834088653,4.66252615152434,4.33895293541566,3.78413263224996,NA,5.01576444833428,4.69612696099098,NA,4.51577091822,4.11320689406261,3.96170891380629,4.69565558186548,4.0692056865795,4.87254397199343,3.81227308322796,3.49232833743137,4.04940259880245,4.4083386828789,3.97953384289498,4.06735802554706,4.1067493497538,3.88205430002811,3.98802500634453,2.97748407184739,4.21556621689106,3.47969006752106,3.39088017145272,4.54245743456429,4.93268215662741,4.79116153652654,4.76216882299196,4.03542378509843,4.51558786732664,3.50785536644769,4.16305294850099,3.77575889464259,3.09568082525746,3.69945503237533,3.13202033142046,2.99642576573619,3.15332206085416,2.78059662576681,2.80478264259396,2.82220197392274,2.97240908141365,2.66479280704151,2.65351378039256,NA,2.5317297635421,2.52194089642046,2.55015378427822,2.604165398679,2.8568550557345,2.70857030920644
NA,NA,3.8180927247716,NA,3.47833682660753,3.81744604192448,3.31589957511407,4.44225084897716,4.69337393885697,3.49291759335135,4.61002064554844,4.78832343948591,3.05716824697464,3.95981246937947,NA,3.38535249326831,4.20597866898944,3.69366566280544,3.4159166279791,3.75530256343111,3.00063344038787,3.96421794876298,4.52987345868049,2.76126078292623,3.46025467789144,3.86197513010121,NA,3.82703351497303,3.43171942138241,3.76533510036125,2.70260011138122,3.07847661262035,3.22787623458607,3.44528689136668,3.35284994901408,NA,NA,3.18430616409188,3.48560249077904,3.55717717471784,3.44614566935068,3.06496679942668,3.43161720983416,3.72806252612055,4.0493737044824,3.92306638877747,5.30011956828876,4.16126728394337,NA,4.43606634864399,5.67202977615415,4.65684120550547,4.54502452004141,6.33600698813764,8.07317714138029,8.65324596841027,5.98979638904005,7.13817001922141,6.02296032934505,6.06479553123661,6.66877223518946,6.73003550943728,5.89470914271835,5.25915244253188,5.73741896005584,5.15549455468541,6.15576747274987,4.43546567594444,5.07980561466372,3.95305043729164,3.99568724459909,4.02659336565329,2.87744279717401,3.19782169373643,2.83311433353789,3.05815283581338,3.16122859196662,3.49265097142232,3.29727575752797,3.02882652119275,NA,2.74178804576377,3.342214288862,NA,3.42548976206298,3.60719504117733,3.31211164079724,2.57129868545564,3.44710523578386,2.80064881454497,3.36034015752639,3.06400632934525,NA,3.00735393350079,2.96459561220662,2.60409550565147,3.85384813966569,3.77584562788094,3.42240519187194,3.06451390925714,3.944033084362,3.4032277953826,2.90304532700838,3.08177555593141,NA,NA,3.04683633770262,4.20637881061145,4.21696210013511,3.88709583013614,2.9470163007218,3.59618899902463,3.46291619554195,4.64636746939624,2.90032324316624,3.70036017820784,3.35033264454313,2.76411316795298,3.76352542164822,4.01012290537778,NA,3.34026681924484,3.62326802007659,3.57152475485829,3.6621566330048,2.86712845196371,3.77884822239371,3.43323972119455,3.45368045406382,NA,3.90537499271405,4.12495522026016,4.36828465370121,3.94943720987302,3.65799643119653,5.98091841383293,4.9947155430193,3.53095134270315,NA,NA,3.45342744280976,3.61284192472005,3.90950769096641,NA,4.36319108935943,4.52201322538985,4.34595257585115,3.96132476988856,4.40830459165254,4.32528488402021,4.54254874043052,3.1822944046147,5.30484253365206,4.65401650518959,6.86139726459585,5.77963475729116,4.593161153088,5.09853937503143,4.16028548485659,3.8020371813316,4.13054487677017,3.80466716923876,4.15251754627666,3.2015132567721,3.27537178397395,3.06124030588058,2.79586008832062,NA,3.60786610907053,3.13280154920525,3.16265653844115,NA,3.03160384638087,2.93732951072628,2.89942306577181,3.39552315681909,NA,2.89673082555063,3.11280209924806,3.11557635285281,2.68040982608947,2.95601195698967,2.90426697738075,NA,3.43904434510241,3.08611353498989,3.52378042237045,3.00083972457614,2.65681627251903,2.74900193770002,3.05143191617251,2.83613375812127,3.06122427287276,2.8605535329263,2.74832372207983,2.78788860278033,3.13889178968313,3.32662656594685,3.17853373680961,2.86098922323981,3.31532616862773,2.88592603751433,3.29834977288435,3.48380973266724,2.55388538950773,3.31780779650043,2.25286971787534,0,NA,3.28309891025162,3.21565705467563,3.62376875741539,3.90306457502739,5.15631142914465,5.04363585576917,4.20074423915638,3.97138331562358,5.20471643326217,5.84630463503759,5.82112762748009,NA,4.53237978884677,3.46515227111765,4.75866538385381,3.75690628907921,3.79472970186664,3.53637768745165,3.94211539585157,3.64519172081571,3.57846147436203,3.59367092559661,4.14443227144623,4.38676485542869,4.7207907579294,3.10051557267901,3.70489448477311,3.72204129099563,3.67692865467744,3.04271931505804,3.60193933597897,3.18736538081269,4.37357313284314,5.06263580531711,4.85295457531269,3.32921380183305,3.08921931241585,3.61630682626986,3.93078996666054,4.20186393522088,4.05004944603507,4.02496237402523,3.21956722318734,4.03449699467488,3.58932090184276,3.55929877155287,3.78386800365783,4.32334187129053,3.80739463232989,4.01712117059764,4.40099457354842,3.32370195217991,3.52098905423177,3.44616097801303,2.91521590625241,3.08453272219961,2.42214091181622,2.79886770151371,NA,2.67587619226634,3.07792468289074,3.52794102832675,3.1102565526166,2.75544545672476,3.0223149546713,NA,3.39507509663078,3.37583617619414,3.01923089828268,2.58101192155182,2.95123059409398,2.94744680262259,3.30593092977046,2.64858711627809,2.70084395345724,2.69750309418128,2.44460443008671,2.8839370587121,3.06926236665737,2.67612295146692,2.21794997517866,NA,2.45636273750107,NA,3.32909433842348,3.38909142952469,2.99545963483724,3.10708843487754,3.76241360346939,3.93170827324578,3.5196710182183,3.32560389133269,3.01066905461727,3.06025733707275,2.83818603991703,2.87427157035129,2.72659592640958,3.3566033137552,3.88301081941881,3.44184606677646,3.73670197373944,3.32573310446572,4.01960844174457,4.02922977652621,3.68349377434446,4.03515525302134,4.14618819005432,3.67954779113254,3.12384409952512,3.60893561156645,NA,3.81092167245016,NA,6.2932714926012,5.23060245299299,6.54856530746224,6.68833672451318,3.59207282171869,5.43077716542801,NA,4.07486947560147,5.03105115076293,3.93229594053751,3.70061476069193,NA,NA,NA,4.1527718107297,3.87851261795546,3.60220772512242,3.46418300349362,NA,3.27890839186248,4.31344766211213,3.44471068743385,3.97226875508307,3.64837303610357,3.79541551820062,3.89436698569161,3.86846488973344,4.70010314497319,5.14093852654076,4.200999417936,3.79423538092879,3.90959766109974,NA,3.07088894347803,4.14647256585411,3.59151332116398,NA,2.98649409729931,2.91510438579558,2.92883201075145,2.90306000864156,3.01822371736007,NA,NA,2.7959461123218,3.35781159009837,3.07686277875109,2.90446161272207,3.00998407022491,3.63747261143673,3.04680986901765,2.74515966492153,3.26418834135391,3.07567228769185,2.88047436052383,3.07232317231583,3.28212084585849,3.54868170960262,3.44484142525162,3.42291706335618,2.94052959440509,3.17269381408177,3.52066109932423,3.60291467237297,3.47720395845297,3.52029174171744,4.29010791237796,3.719068451802,3.82156972397911,3.9207574448084,3.75228299644723,4.10289702692072,3.88906468179256,4.35672154996205,4.03166322331427,3.87412733923536,5.05042650401509,4.51399809576188,3.80229430330145,3.86852482700057,4.15136239840683,NA,5.18922720895282,4.91839129780843,5.29164698929541,4.3293146178584,4.08398805463163,NA,4.59922228454387,3.99379294120869,3.93205649711568,4.81344996591825,5.03715908291094,4.67263263899082,3.39164541639958,NA,4.66988488953854,4.933738498451,4.74302256807335,6.49051017044191,4.47749826150211,4.56971333225143,5.60927441994412,4.53798288443828,6.03824299761847,5.39890198075998,3.44735882328368,4.74453058368596,4.40630219898601,4.34938106484863,4.2390202147349,4.6425342699785,5.24179273476675,4.78812824452808,4.78149764872455,5.02433615133339,4.53624402923408,4.32652851756254,3.97778003142607,3.40841922124819,3.31403478581458,3.43544859706092,3.15569305052332,3.1083047641921,3.11134882990796,2.90006397851717,3.26231051323216,NA,2.9643701096836,2.96806922858574,5.60427689111861,2.66458330556703,2.74585562853656,2.79501761710817,3.05620536132861,2.59044310180601,NA,2.88506505745613,3.27702971459996,NA,3.13116643162409,3.22052176322989,2.85285313481618,3.14497080847368,2.85534221368354,3.1405866450403,3.35575400571288,3.12237761789654,2.98611765110816,4.1486909383337,3.60870867472874,3.44768642413817,3.94542071223717,4.05113882450687,4.02117904842096,4.24261738200569,4.39596140257105,4.71950414239989,4.55151601124373,3.77051390023842,NA,2.94464801542115,4.24754773192877,4.29795172994396,5.46120840458358,6.20434554893114,4.56068584366943,5.35161174031767,5.53393891535457,NA,4.27759503758729,4.8790438354023,4.81655875521546,4.51860489828822,3.96133484334969,NA,5.3323951212018,4.94823316164122,NA,4.76451868549787,4.26527458466096,4.18816902888547,4.9080031787281,4.29748527046924,5.25897012133813,4.21286880456042,3.84699141384778,4.46493200987736,4.84105883952462,4.44091933278547,4.52073425184774,4.55216702348929,4.36514412802318,4.43106640485698,3.38760733678466,4.38120487297728,3.93896679829798,3.78804291329216,4.70224869097385,5.03905080069409,5.08048578024686,4.941556753522,4.2142349966472,4.64633703896452,3.77704520549581,4.59563068091351,4.16993812944832,3.45137685164458,3.93632842880993,3.44894829985677,3.41809862721684,3.6514201187131,3.18635145213906,2.93079361534901,2.90749105212092,3.20384711843227,3.07138098418929,2.87242584267399,NA,2.75680646220253,2.78494884319014,2.70133267706762,2.8193360288162,3.15099534633288,2.98984497980861
NA,NA,NA,NA,NA,NA,NA,NA,NA,NA,NA,NA,NA,NA,NA,NA,NA,NA,NA,NA,NA,NA,NA,NA,NA,NA,NA,NA,NA,NA,NA,NA,NA,NA,NA,NA,NA,NA,NA,NA,NA,NA,NA,NA,NA,NA,NA,NA,NA,NA,NA,NA,NA,NA,NA,NA,NA,NA,NA,NA,NA,NA,NA,NA,NA,NA,NA,NA,NA,NA,NA,NA,NA,NA,NA,NA,NA,NA,NA,NA,NA,NA,NA,NA,NA,NA,NA,NA,NA,NA,NA,NA,NA,NA,NA,NA,NA,NA,NA,NA,NA,NA,NA,NA,NA,NA,NA,NA,NA,NA,NA,NA,NA,NA,NA,NA,NA,NA,NA,NA,NA,NA,NA,NA,NA,NA,NA,NA,NA,NA,NA,NA,NA,NA,NA,NA,NA,NA,NA,NA,NA,NA,NA,NA,NA,NA,NA,NA,NA,NA,NA,NA,NA,NA,NA,NA,NA,NA,NA,NA,NA,NA,NA,NA,NA,NA,NA,NA,NA,NA,NA,NA,NA,NA,NA,NA,NA,NA,NA,NA,NA,NA,NA,NA,NA,NA,NA,NA,NA,NA,NA,NA,NA,NA,NA,NA,NA,NA,NA,NA,NA,NA,NA,NA,NA,NA,NA,NA,0,NA,NA,NA,NA,NA,NA,NA,NA,NA,NA,NA,NA,NA,NA,NA,NA,NA,NA,NA,NA,NA,NA,NA,NA,NA,NA,NA,NA,NA,NA,NA,NA,NA,NA,NA,NA,NA,NA,NA,NA,NA,NA,NA,NA,NA,NA,NA,NA,NA,NA,NA,NA,NA,NA,NA,NA,NA,NA,NA,NA,NA,NA,NA,NA,NA,NA,NA,NA,NA,NA,NA,NA,NA,NA,NA,NA,NA,NA,NA,NA,NA,NA,NA,NA,NA,NA,NA,NA,NA,NA,NA,NA,NA,NA,NA,NA,NA,NA,NA,NA,NA,NA,NA,NA,NA,NA,NA,NA,NA,NA,NA,NA,NA,NA,NA,NA,NA,NA,NA,NA,NA,NA,NA,NA,NA,NA,NA,NA,NA,NA,NA,NA,NA,NA,NA,NA,NA,NA,NA,NA,NA,NA,NA,NA,NA,NA,NA,NA,NA,NA,NA,NA,NA,NA,NA,NA,NA,NA,NA,NA,NA,NA,NA,NA,NA,NA,NA,NA,NA,NA,NA,NA,NA,NA,NA,NA,NA,NA,NA,NA,NA,NA,NA,NA,NA,NA,NA,NA,NA,NA,NA,NA,NA,NA,NA,NA,NA,NA,NA,NA,NA,NA,NA,NA,NA,NA,NA,NA,NA,NA,NA,NA,NA,NA,NA,NA,NA,NA,NA,NA,NA,NA,NA,NA,NA,NA,NA,NA,NA,NA,NA,NA,NA,NA,NA,NA,NA,NA,NA,NA,NA,NA,NA,NA,NA,NA,NA,NA,NA,NA,NA,NA,NA,NA,NA,NA,NA,NA,NA,NA,NA,NA,NA,NA,NA,NA,NA,NA,NA,NA,NA,NA,NA,NA,NA,NA,NA,NA,NA,NA,NA,NA,NA,NA,NA,NA,NA,NA,NA,NA,NA,NA,NA,NA,NA,NA,NA,NA,NA,NA,NA,NA,NA,NA,NA,NA,NA,NA,NA,NA,NA,NA,NA,NA,NA,NA,NA,NA,NA,NA,NA,NA,NA,NA,NA,NA,NA,NA,NA,NA,NA,NA,NA,NA,NA,NA,NA,NA
NA,NA,4.17141280025443,NA,3.65411308857404,4.21479567504991,3.77496819907172,4.73470507435297,5.10837837966767,3.59074860277868,4.20248090563893,4.43468197119517,3.16949516429852,3.92855535130755,NA,3.92807528401346,4.52257804906929,4.06463062658619,3.29305719474814,3.09771916197751,2.97103909826899,4.41654645185538,4.90235990525141,3.75868782540158,4.20143029154447,4.26290194764627,NA,4.40222773561348,4.20946893673201,4.28195740221818,3.37474742991243,3.77608683001871,3.91750502290777,3.96341526968328,3.8227358514871,NA,NA,3.65145085861312,4.00261096315031,3.90923960229443,3.85388701447549,3.45058474971407,3.79491390733692,4.02858663483843,4.10052243528494,3.90050670900892,5.21601080399746,4.36780217501977,NA,4.75495890854227,5.83551357721038,4.59005505333121,4.7606913619229,6.13848839578765,7.90862392256274,8.55738236766831,5.91137264340388,6.87270176719271,5.90343439222794,5.9500126355092,6.59083700644514,6.77546109005592,6.08302854560458,5.44178129678374,5.87835856408568,5.33065638284226,6.46068096460495,5.07082954081663,5.44784749295923,4.57747173074011,4.41959624777371,4.63870733116676,3.37251021920554,3.79638904199065,3.47578996913786,3.42962034249132,3.65356829748516,4.07051574447128,4.00925911798726,3.68633213856569,NA,3.39448587495496,3.74368236407635,NA,3.87801333026857,4.25693068530187,4.07403872679502,3.18100185554882,3.98352968932448,3.56401119476449,4.26767594560865,4.02807328063608,NA,3.85527793740555,3.60265842590366,3.09268630045633,4.31947032700129,4.14244933208731,4.34176530762405,4.43419407298755,4.54982531648394,3.8187661704322,3.17758161732532,3.72230222090413,NA,NA,4.45637704485207,4.67149935012601,4.12849683626457,3.8738809192716,3.20626381195684,4.17968593025399,4.06024434000758,4.54038693064596,2.89651549325137,4.06310766089407,3.73096249653793,3.30903985852236,4.13444864170583,4.44910180947485,NA,3.74757949990257,4.05028262953424,4.08075172626176,4.37848567968006,3.45468142815121,4.05405604856888,3.68284430268272,4.01201423637478,NA,3.91904567713793,4.06169474634265,4.35089963534745,3.97903316901951,3.71596357564283,5.69616419278359,4.73953814859154,3.81430491194777,NA,NA,3.68097827856833,3.90989480699764,4.6012515369851,NA,4.74747661404059,4.82407064088193,4.73633596235989,4.37160448744038,4.77095830202899,4.59902073621583,4.63122588559716,3.68063061300833,5.35801097940378,4.87506421357816,6.76510859376746,5.84095154447871,4.74778501095782,5.49696053015982,4.52530793452416,4.1244627982767,4.76840596686744,4.38541887264783,4.65103069981835,4.03103105095314,3.75526612936711,4.09224241204711,3.85699332877553,NA,3.98653575560978,3.483399631663,3.44050484229073,NA,3.79103138058166,4.3267639346111,3.80313287433703,4.50595698868535,NA,3.46580175508012,3.70856297471589,4.26416104154046,4.17506911276812,4.41641886046142,3.68980555883277,NA,4.35519444618309,4.05329207914739,4.34218168353768,4.19648067256278,3.49591062223325,3.24939772100278,3.66759538907264,3.52147464671426,3.8892396051533,4.26608328075732,3.21398873033504,3.24483496174683,3.98543248929313,4.04221756772982,4.09793517528931,3.73889928232687,3.81271301627924,3.30465988570407,3.44848094657923,3.64501638606696,2.83045746528342,3.30819909340829,3.10975803904572,3.28309891025162,NA,0,2.10196734544084,3.18270335621061,3.88313205402673,4.86697497692647,4.79113112214845,4.2115014293109,3.8174540074458,4.96460013653711,5.73175250088848,5.77626936641648,NA,4.49986781531578,3.64509960797946,4.51053188159944,3.86735885726211,4.20761809852352,3.85476493185831,3.88216128970251,3.95841611273627,3.77907399437222,4.00450647703651,4.5219080077387,4.72233917448554,4.94903131038083,4.21328050430112,4.01343142176569,3.79084810482361,4.62836386667729,3.48926512266323,3.82351864869809,3.86883439575337,4.94963875395449,5.45598391914329,5.01305191940856,4.13653057853109,3.96092667834258,4.16238403589791,4.14954986345338,4.32810421688729,4.42250305903182,4.63057127418996,3.89557781171758,4.22274835032447,4.16046163422669,4.12784892862718,4.4452772948281,5.01299550958543,4.39025905795603,4.58339108670233,4.94596410701709,4.68041118309798,4.71396381242028,4.28283843164429,4.44580726401235,3.9789411369121,3.87569533713098,3.67198557439067,NA,3.61518777155503,4.00993878949331,4.35889539202365,4.13999831806135,3.88875111636122,3.74302306185869,NA,4.41012773710637,4.60792411528206,4.53384475537402,4.35190913382922,4.29496842128504,3.83863364512963,3.9425353290655,3.90197727186486,3.85813683902448,4.04829968023737,3.80623813161958,3.78410196115589,3.50430949048832,3.07217821743053,3.40440675221311,NA,3.08428565073563,NA,3.09732692445166,3.75582802256118,3.53545164920934,3.37910475573484,3.49684408701149,3.67734096990121,3.65495849915351,3.57315315313496,3.36876062472411,3.4180221932023,3.36761795452819,3.83671125786593,3.52929062536551,3.78991903512348,4.15333019499435,3.90527694920065,4.01622446030798,3.81266132093754,4.57539994457995,4.45716888146387,3.94229675994211,4.23213997383869,4.23194593085421,3.95922937052842,3.52106423419127,3.86965050032537,NA,3.95570170002856,NA,6.4140083704409,5.56465124898093,6.72654725388795,6.92442350021359,4.14319596182702,5.73416690726581,NA,4.27743392879313,4.85694943312851,3.90942169067563,3.64038110686996,NA,NA,NA,4.22407335343713,4.29537435698393,4.23907464294459,4.03299366358569,NA,3.92275516143034,4.74824608227779,4.04478468383239,4.47452386413813,4.36873373438471,4.23164383971508,4.33841280564814,3.81455070427121,4.53848315286661,5.28444241256549,4.51146857109417,3.71738599606643,4.20787176118237,NA,3.82317952402423,4.09037857569249,4.14873317838295,NA,3.76243184895384,3.91422094964556,3.76385960587148,3.95762593058878,4.16504898006111,NA,NA,3.87778709029625,4.43798989329442,4.26292121086854,4.25073788520729,3.98229491811624,4.32636834406012,3.97010958463322,3.542457991402,4.26762531004805,3.97349957060527,3.81274511432081,4.09800441524568,3.68399549217978,3.93762627890298,4.37887580578455,3.86283388123608,3.55756539741088,3.63378388456052,3.48142396574425,3.7710228989825,3.4480711972348,3.51497665022122,4.28764100046284,3.7390454888423,3.61196431918941,3.77804335808061,3.75642660834802,3.94744511674342,3.71834697988405,4.34192229902387,3.92093992615412,3.72135232007444,4.91262806730133,4.51201445349633,3.9844525775673,4.16838167709664,4.12625058924195,NA,5.13635206330135,4.83285462343662,5.27189296527404,4.31062037126506,4.28411485289613,NA,4.80436128232715,4.25531487525882,4.1630336663499,5.03406698458634,5.16940875394648,4.91466623945045,3.7273375446619,NA,4.67851938223342,4.92345491181656,4.87587658398559,6.56496372511613,4.50160621725872,4.67413372061918,5.73866097989417,4.77736178150088,6.20338152328446,5.48159361691478,3.49649928882852,4.75305756462019,4.50733225922,4.44763165072336,4.36194948252799,4.84442648804395,5.30636985531775,4.95645549530704,4.79045818431304,4.85917048265751,4.41509643225927,4.59783368408519,4.27704341738056,3.80927176195695,3.71634394232163,3.85924641298423,3.83998191980879,3.87129493954906,3.5005056449698,3.56322960276349,3.7682008140448,NA,3.62458007898719,3.48934727748184,5.4064788455172,3.76704711490343,3.38502344268928,3.41265767444799,3.43516531306505,3.68432234331434,NA,3.68597630496263,4.22729163745097,NA,4.11588738509483,4.45087700148976,4.26363361582406,3.80554154070486,3.89244296716571,3.95767509854067,4.05225989539438,3.67333650168776,3.61000147461801,4.27593727941364,3.92699555760055,3.5395354356579,3.88319884102952,4.16343930912222,3.75489893310053,3.74572082418301,3.83241955842958,4.35403524945603,4.58221720277085,3.70248161734089,NA,3.97509242426095,4.16726309663077,3.88861819081704,5.2328622898528,6.03087204301627,4.52605055062617,5.27177299134132,5.54668595396944,NA,4.30654822421624,4.96100749565284,4.91866145295406,4.54284131072849,4.05052738845123,NA,5.4383051140466,5.07616749475662,NA,4.79261167411184,4.28459820668367,4.10414380748002,4.68852844615733,4.12475424645229,5.19784120651571,4.32349755810336,3.6401364473099,4.30609639731698,4.72862849431182,4.39323874002892,4.45941058703737,4.60816584432051,4.52319253809979,4.52423069567167,4.07292111384135,4.33514814266541,4.19050689082651,4.08147470039704,4.51415302191076,4.75472404336439,5.1067752394019,5.06915662081913,4.37602669554765,4.81831078657883,3.93222111309779,4.7579309225976,4.58850916693983,3.88042451165424,4.03683471255719,3.73798532300513,3.91402737762179,4.04654857746329,3.70530005143967,3.8301894379084,3.45064701801494,3.78999799865214,3.76654786239214,3.63876285339948,NA,3.53087271941869,3.69729956511421,3.77477472647495,3.86905446665617,3.95176256494242,3.60838944043538
NA,NA,3.47455737191191,NA,2.88565666792262,3.53045694302647,3.16596339705862,4.03474146981265,4.59851015902705,3.31560002347531,3.91037626125328,4.1587304038882,2.59115768610785,3.18782871165928,NA,3.53600512399547,4.17949247626299,3.78023391186551,3.49173115263506,3.52142156475427,3.04954565639604,3.8574093019396,4.41024503183008,3.21880956512089,3.81895906576936,3.92289380745958,NA,3.81497353378011,3.6332354778316,3.76070264747768,2.88667303187736,3.19853674270117,3.28299173621508,3.25495997155316,3.22323136768075,NA,NA,3.1046725724671,3.42093384958381,3.47724236436942,3.30233334769611,2.94481084139727,3.12741026237562,3.4165108484658,3.48262763848297,3.22698741067833,4.65052775129495,3.94943267221623,NA,4.42122324450807,5.41672096761589,4.06048331456917,4.35256513022469,6.07677446442767,7.62093519571324,8.17442926212018,5.45318728109733,6.44896443273546,5.40210900039571,5.41050796653219,6.12236935737373,6.39102614193187,5.62608565088131,4.99470574273844,5.41889505193291,4.96146632606932,5.94597928682353,4.55261948946063,5.17718193573161,4.11345671380976,4.1831139229757,4.19767797882689,2.83303545203359,3.43685042228653,3.00736742609242,3.17653555392272,3.15873997102706,3.63287986494206,3.51288390946199,3.2277613080238,NA,2.83502407316021,3.15132810282201,NA,3.23360788153496,3.7016791178258,3.50225170174669,2.60254390193305,3.44185144356134,3.01407853755334,3.76932522544693,3.47268543189762,NA,3.53124229250008,3.06499942084932,2.47423277119236,3.76261589253412,3.58498101094489,3.73939349376174,3.8787841171085,4.11989359430621,3.18766201104361,2.44400699792261,3.17161732140297,NA,NA,3.73794672440067,4.14208627940548,3.67658725538519,3.31750757490479,2.59696185302619,3.55329023140109,3.39519873227769,4.0599223859574,2.49229146574926,3.41087230535308,3.46549749268038,2.8476446932653,3.66622058904677,3.89573889874684,NA,3.38834024768558,3.76631596286727,3.64878870625093,4.13957099669636,2.8951902627624,3.64402431706305,3.35348457355029,3.49751872684901,NA,3.69144607374045,3.6382403785483,4.11494436817004,3.41923222049941,3.2156662211869,5.17900147918099,4.02104750411562,3.23149105491814,NA,NA,3.25040702459582,3.27581905842482,4.08561454588123,NA,4.22746607012616,4.3266930444363,4.3149297303121,3.80264424024339,4.32181561662767,4.35113486910487,4.33816089173973,3.289961362793,5.13506549440614,4.48831016719273,6.46696581373169,5.4616047912479,4.31135283172142,4.87630795276915,4.02902333951826,3.95727230470574,4.3880728075268,3.92591859315924,4.01809482128936,3.77255005221193,3.45794167826302,3.74089400443258,3.75408299333456,NA,3.57723680759965,3.20942503757793,2.98042710837028,NA,3.45436583431538,3.84515711027004,3.2956529860686,4.05158605251421,NA,3.15139651662677,3.24727800513455,4.18502141309039,3.90024837852982,4.21749557350099,3.76478299017388,NA,4.134570593053,3.60717813913525,3.91028230378391,3.67803922910265,3.16212715844403,3.19096548327051,3.19192183212459,3.1451769717719,3.50456482487443,3.80565550228534,3.18538257207767,2.83571946227324,3.47417045629919,3.81688596061269,3.75418897600552,3.45589873411476,3.61377660211674,3.0186515446325,3.26175104680236,2.97504969364984,2.52627020797825,3.26088101007723,2.67317889059824,3.21565705467563,NA,2.10196734544084,0,2.21613924732614,2.97141498864702,4.38658913445495,4.39621679973396,3.6749131068057,3.2876605173695,4.4373376487572,5.17243550125263,5.2740041629875,NA,4.07325542984733,3.20499929664033,4.30455695817876,3.48052156865513,3.78289054524619,3.49138049768497,3.38386624343467,3.68985805897945,3.79296460110373,3.87538850992568,4.23539083153591,4.3754559774838,4.5680172779187,3.80015106660167,4.1392526047685,3.95517861310703,4.43736661989704,3.26618407281573,3.6254211558048,3.55463321609028,4.63291080514413,4.99557109874854,4.61259466053083,3.60622304798918,3.61255790597709,3.71329339510985,3.85260960896705,4.18590704205739,4.08958694867683,4.09342812747277,3.58726988902029,3.86381728462078,3.78140399180686,3.7561348056523,4.07606106468153,4.55789212110438,3.94941638351905,4.32101548765986,4.69860801297771,4.23339970168461,4.32404607204062,3.80649383410934,4.26572113737484,3.99319920437792,3.76976584190996,3.333947851622,NA,2.93622178898706,3.56502733628221,3.96318926783127,3.63302412611904,3.39190069716913,3.45270988207252,NA,4.28641030542679,4.55910095728038,4.3581791432202,4.04782159618063,4.11498701257536,4.0897792233531,4.15413009447228,3.51116722080073,3.66123475470015,3.63447612425242,3.51597844631879,3.8019233345205,3.38798653345624,2.95590416049997,3.02249483526473,NA,2.57675091142365,NA,3.27119180702567,3.61556559609486,2.81708118722578,2.84805805881722,2.91292131214543,3.07694778706624,3.13481660167234,2.99193293285916,2.85292536091639,3.00098708551586,2.78144003008835,3.40292450202002,3.0470724450855,3.32540496917227,3.62901487771531,3.33769056437917,3.39818854146221,3.21457243398405,4.11089711635791,3.88535954937514,3.45330140465728,3.70375617547279,3.72665605499539,3.30540771332353,2.89679008272686,3.42941379891039,NA,3.59714525504492,NA,6.04319712147447,5.12411112032407,6.29597661702674,6.4360149511374,3.68251937191152,5.34195167113455,NA,3.8030526187833,4.51803204727314,3.22895189925749,3.14783005391712,NA,NA,NA,3.79721349361089,3.78316000943536,3.74885740669885,3.47484501496697,NA,3.30966784021406,4.25007750496149,3.44638077943285,3.85776737017518,3.92091456423478,3.67830954041054,3.83838992865467,3.42445355570482,4.30649636209259,4.91647457911968,4.02030154639721,3.60119515048594,3.84028657845845,NA,3.28803886080014,4.02165714572734,3.50372145851044,NA,3.14644364266785,3.27309839562704,3.13782663285544,3.39956567680233,3.60624459359471,NA,NA,3.26164029301476,3.92656119056674,3.74921880885806,3.67825816334547,3.46561693991258,3.75619730773135,3.36131187591192,2.79017482344109,3.70341888644201,3.27881208614139,3.18647402640538,3.43451820919503,2.9673056168588,3.39192228312197,3.84911460226496,3.315548577252,2.8614402843539,2.83931142578398,2.78850750673903,2.82864755118444,2.46515088640329,2.81907235211218,3.73245206372717,2.89827450659622,2.89450829047387,2.83218190276137,2.7795229329629,3.0400178876828,2.88871687456441,3.44180259129452,3.23810752146047,2.80214019831214,4.12666644293738,3.97054058936241,3.44293224764489,3.5730812965794,3.44685319960784,NA,4.43786782455435,4.18801477203366,4.58647541305344,3.5948866909734,3.61434317550498,NA,4.20036183896372,3.66781324317075,3.47087403334648,4.4407700451024,4.58164427075012,4.35005217094213,3.00200224893739,NA,4.09188948742293,4.25180122367684,4.28351109188963,6.07795767072482,3.8687442435572,4.05617281631909,5.21378658693409,4.11594513032669,5.72156928308209,4.92800812071833,2.70668947440308,4.06905895297543,3.88815378033286,3.89949953960889,3.64969503180483,4.24608736121891,4.78831226017542,4.35715722452031,4.18607306952893,4.32966774799086,4.17996110964832,3.93948759352879,3.69485304888395,3.18287532288398,2.92536698448761,3.18487946615214,3.29083175907126,3.19926430720208,2.79741380695941,2.91917034715685,3.09571856147078,NA,2.95229403334796,2.75051081859151,4.9599051084495,3.10167726481342,2.72318430464528,2.79934727993865,2.9360214923266,3.08902560748416,NA,3.03905740657924,3.53397360716628,NA,3.52960298182618,3.90116040213925,3.70680716516623,3.31723408346212,3.31281619801533,3.38874249772431,3.52453874398085,3.13676887478857,2.96770343468595,3.53496473603757,3.0689592632086,2.80013200733895,3.21569915647332,3.47319728398632,3.07599448299016,3.14769902378453,3.09361362175755,3.67457074135449,3.95895837087465,2.88694724630259,NA,3.27887037238923,3.46981090639545,3.09321051514955,4.62621518188272,5.43739637417352,3.92416550693488,4.75873743305257,5.0553670923429,NA,3.81950019748836,4.49865971864045,4.50937817726217,4.07996028567487,3.56588472494392,NA,4.94282323354287,4.5763495107618,NA,4.17680403515014,3.73849749324392,3.42501226884286,4.20423092173067,3.52033488149528,4.57819943705662,3.62637780746437,3.01967463380931,3.66384408316864,4.07439377290085,3.80244876582408,3.81459509187483,4.02230838505367,3.96191117837324,3.95356201211932,3.556614954265,3.91564411700463,3.58828783292798,3.46666217166122,4.01508431030593,4.25398920937857,4.58161379466518,4.53634611467113,3.81859906478875,4.28233328403739,3.37453998228056,4.19721158378203,3.94197652227291,3.17425642953715,3.49180454324857,3.11695037648184,3.19257677475702,3.4771332178852,3.11755708007756,3.23129775414851,2.79569794394539,3.28047549734023,3.25391362620058,3.00531867344307,NA,2.88437308910476,3.06959534560988,3.17038859555654,3.2134293664212,3.35114320951438,3.01077021193441
NA,NA,4.26032367934655,NA,3.80224047310028,4.16955289668875,3.80662266599165,4.599552441912,5.05559633060794,3.98543892092901,4.61248420328856,4.78393479045568,3.42489989489651,4.08034381838749,NA,4.06116960521384,4.64371834968185,4.41708702618706,4.0554179194685,3.92541309702592,3.41478229668298,4.27289170292011,4.82675151062183,3.70782613848649,4.23712642654432,4.26167468927546,NA,4.2211119441075,4.07338671025058,4.22891078073223,3.41529040732326,3.71752396045805,3.72449591659727,3.70726597842207,3.62512359043343,NA,NA,3.59762894751328,3.85580944768809,3.91204221251238,3.62066740605629,3.3014036222296,3.48282572257666,4.0191572244128,3.85458700275419,3.69357706683026,5.18562593226268,4.32378876614034,NA,4.79476014321541,5.77108912976966,4.62551307115753,4.79467655781101,6.47401042568295,8.05222976761313,8.58007758959211,5.86997535289657,6.96637837841545,5.860731866807,5.91717943261239,6.54283170910648,6.71708913016134,5.9189596611443,5.35990846747503,5.76984261583591,5.4004838598679,6.46931837648155,5.07357555816952,5.51557452981233,4.52620091676786,4.73553372949947,4.77139058774724,3.6423843004955,4.12128979526791,3.68771953295669,3.81692975001037,3.76866001280391,4.31048026466466,4.0819275276518,3.88841710104783,NA,3.53788594102611,3.84375999542224,NA,4.10901687139582,4.27070479318477,4.1100093848456,3.24722234393005,3.99589873540773,3.57071064389241,4.22661271990035,3.96563839556972,NA,4.05627921639836,3.7858567082997,3.15200909020291,4.53566960462289,4.42117892023166,4.28371029233845,4.3435719050139,4.62159175121784,3.9262270146432,3.24410087509345,3.73726251326035,NA,NA,4.24525981304717,4.54706798672309,4.08655904270628,3.92197010278355,3.16844281143974,4.0599321113118,3.85859616201823,4.65468189287988,3.21688366947953,3.87642665784675,3.93223834087391,3.36681413173378,4.10391546922234,4.38817320619065,NA,4.15365351967161,4.1395229353297,4.10963556704525,4.63918610344378,3.54315105879461,4.24933262251299,3.87777265494714,3.88450638809012,NA,3.63852114854226,3.73447299895882,4.3603718629534,3.73536184350644,3.35055861036558,5.44076633680034,4.56117215272646,3.87164027360945,NA,NA,3.79529000134892,3.83679953606462,4.45176832868883,NA,4.56599808147792,4.79225935099969,4.836640387725,4.42607202807962,4.67295770968999,4.76707972951684,4.95580563330186,3.85921945674062,5.54953299481138,4.93106677786216,6.82760125798246,5.90368783215426,4.77177506302512,5.36379879500131,4.55797141399989,4.37971861581651,4.88525665185424,4.53969911478519,4.5530833675372,4.28831677744482,4.0449956160339,4.35008651543865,4.36236604671159,NA,4.17383926648586,3.87804463913981,3.71298179316383,NA,4.02887323698952,4.32111865968095,3.80028760589586,4.57542464890463,NA,3.87506586856444,3.70457766185288,4.5046031257778,4.19954693493264,4.75611018094304,4.23842560802758,NA,4.45982931886741,4.2183406537125,4.44031085209128,4.24015555018982,3.74581687440021,3.82280662528863,3.95118892065045,3.90794593459233,4.07528445266302,4.42497948927065,3.87454151923608,3.67659733180572,4.30477477785881,4.37923845696084,4.45281181782537,4.00607791901521,4.28553804486149,3.69151523765868,3.99397717060404,3.76862098451211,3.01535971340909,4.02792528030311,3.30850919152318,3.62376875741539,NA,3.18270335621061,2.21613924732614,0,1.34668550679547,3.18770193742445,3.43828794603369,3.74920180872851,3.83189729804286,4.90127619132555,5.37216616905655,5.56362135423744,NA,4.61132886691898,3.80597203673078,4.96340181397568,4.14696530870881,4.35419299204237,4.07433524138209,4.12350419131457,4.24062695689133,4.33521314569752,4.39438066386707,4.55876275264829,4.79285759796399,4.99821001305357,4.30830539021032,4.75154074759163,4.60740534335271,4.89786302405445,3.88832923836213,4.19459961972967,4.15349237977083,5.00229352273286,5.43637181692285,5.14346970482095,4.05646312696865,4.19453094869301,4.38428964965585,4.48733028869164,4.64078141041949,4.55642892511939,4.53628028774596,4.26014276356814,4.50495332595477,4.2289598946546,4.24750116570615,4.5140129028287,4.99592924110318,4.48667186201367,4.80800324942956,5.20569653403621,4.87468654465746,4.94643293372763,4.32516982786356,4.85842302884821,4.62275829101108,4.35413841314265,3.81642287716186,NA,3.56508475567005,4.11708782671127,4.55013329125525,4.33127729099597,4.05583415782634,3.97373326745417,NA,4.79501151821609,4.74984256235113,4.50675061449847,4.3388700489575,4.49279264096374,4.52691504924241,4.64909163367686,3.92597423218777,4.07340869050471,3.98604348436345,3.98120220742598,4.49132154794712,3.95139494021714,3.26676563680149,3.36547954297182,NA,3.1997290824724,NA,3.76676350219819,3.92474265586031,3.08540495303501,3.20591034445584,3.7594305129318,3.46732260957929,3.41735473932048,3.34776971895316,3.36773597346541,3.56069961274045,3.31954333684539,3.98029020933091,3.60790192252987,3.90674431920076,3.9382417236049,3.80444434904316,4.01127419837008,3.77214512323177,4.54792403690651,4.50302600472855,3.8321776345045,4.03341283818359,4.17610554095834,3.74324412452125,3.40380016246817,4.07032990629931,NA,3.97161599319574,NA,6.36183811565769,5.48336607522905,6.60625354897683,6.74944525314123,4.0654663590104,5.67376287341336,NA,4.09426058440468,4.73256672081761,3.62285077826594,3.68628805699433,NA,NA,NA,4.13163501277664,4.19161971876833,4.16211045119173,3.92077474959448,NA,3.75533060711387,4.62799819731327,4.00821959569061,4.46833120284255,4.37303849728779,4.156923833623,4.24605125063246,3.9640968703078,4.79062520541758,5.43859351114426,4.40599434670238,4.01165482257051,4.02008932309822,NA,3.57073812249745,4.25990920878469,4.04995831177501,NA,3.56829743748829,3.63873921057616,3.6263801770288,3.86157823760842,4.15534502199248,NA,NA,3.71684789272647,4.31535639255012,4.13427328269378,4.00674214698886,3.95995403833556,4.25052405138389,3.72824158699454,3.28800945343707,4.21802899221741,3.87902718719501,3.77979596626331,3.9110729331016,3.6950214232974,4.07165281354493,4.41829755980045,3.50147821947164,3.09243139214186,3.22539510921147,3.14693584780906,2.98860340411192,2.7237825959121,3.01955549281467,4.19391673928892,3.24983831340714,3.44744453108546,3.28355166297418,3.10062619685695,3.38171580515191,3.41785946392832,3.88073988042493,3.67817924539446,3.27961654165895,4.50927119811761,4.22030333492615,3.74855689563734,3.80966305938393,3.7984236966095,NA,4.8966716991548,4.54940611533198,5.05449809256416,4.06554280754612,4.05042402057714,NA,4.55558171044107,4.06827331648886,3.837141285107,4.77142289676872,4.90087801161464,4.67300728316307,3.41386701147588,NA,4.51306594296584,4.68591756197313,4.67672384663257,6.25018423523588,4.24303321398983,4.49249783668596,5.58272156198735,4.53713366560414,6.0962605064434,5.36096321307248,3.25092040785657,4.70348288604365,4.44880524835228,4.28266053867756,4.1093297212019,4.54186441942974,4.93941732923596,4.64290681749635,4.56036945206098,4.51235259083011,4.29012805827362,4.26223840588086,3.98536087382318,3.68019575371136,3.34436669633761,3.59651074328147,3.62684268158384,3.65170261243987,3.2628334726626,3.33799952443753,3.61800275196974,NA,3.37731076556679,3.14923109575923,5.16758032137255,3.55700409209196,3.22598957705395,3.25136619122763,3.30337194687226,3.47182164078542,NA,3.43759771448623,3.80363550627551,NA,3.78992942734697,4.15758378462489,3.98275178536943,3.66555426345155,3.63315272948115,3.69138600300164,3.76849201972562,3.43087676236947,3.29968011083567,3.76090089425514,3.32954943507481,3.13279608302168,3.50815655062363,3.70318249476839,3.36015160305852,3.32611525347843,3.39025285968077,3.79943731595854,4.03050902460105,3.33774369670139,NA,3.77203841382939,3.92141117996049,3.54713474980906,4.89146961287016,5.80163518880885,4.33799469763036,4.91581539032696,5.17163916393814,NA,4.12019189497815,4.8003897219952,4.76273177468019,4.4051242605729,3.91321992973306,NA,5.25112099870529,4.85644640678058,NA,4.52592200539701,4.10461097795057,3.87705687832693,4.66158043252796,4.03500632592779,4.85127517862146,4.1595274926797,3.53708426103991,4.13540148090589,4.44840825996053,4.20015546099294,4.30734049196195,4.32624086415225,4.22281859394969,4.0622366575936,3.90035441631771,3.32672649004899,3.81142561716083,3.71152348146515,4.21797375647616,4.52305900334599,4.8262317123556,4.83299885372491,4.12958833851118,4.64088717004584,3.60004992946506,4.51556071264601,4.34972420227342,3.62426222895297,3.86551844502446,3.49842207589535,3.57233587027386,3.67063897918593,3.42920991326655,3.62046243614387,3.12012377367572,3.49924502687692,3.66656654242758,3.36560245178378,NA,3.11898450526068,3.24340719342049,3.41645454410289,3.50525864634101,3.72282133605844,3.41214298997174
NA,NA,4.58687534798051,NA,4.1817177042563,4.43229784098667,4.11617338423716,4.76392301893772,5.23767456060103,4.339447042676,4.93669503149897,5.14788547487602,3.91124351287679,4.49178780533961,NA,4.42121594221475,4.88085950546045,4.67429751375246,4.37938556399793,4.31274467384565,3.88149637540494,4.69054520458059,5.20570505299619,3.94324714612417,4.50640908700928,4.49392525361939,NA,4.47702621009833,4.24410147720216,4.41245059167425,3.68078069451384,3.92500772490188,3.90397175472139,3.86816227376001,3.93231868552295,NA,NA,3.76377793337282,4.12574568558096,4.20528204210663,3.81697176222892,3.64303589102581,3.72195817990263,4.38648133058192,4.19419452684648,4.18735466054277,5.62577970046414,4.65742383465108,NA,5.08150596990285,6.08976507477156,4.98458019552334,5.07176002497979,6.78656305397197,8.3226368966895,8.81947515854388,6.17466866411441,7.24180941479314,6.18154933026666,6.25494154180226,6.84966623790345,6.92215045034341,6.1574199605917,5.59467260599889,5.99418265992752,5.67722908859899,6.67917745739681,5.31188300716084,5.77170805672969,4.79377868482824,5.07843850381905,5.11749336837625,4.04359636796672,4.48819237973677,4.0518701338753,4.15876594242573,4.16957563392326,4.61270493504001,4.36430875065703,4.22605936820367,NA,3.87272194667326,4.25300479042769,NA,4.43367318934563,4.55986327042471,4.41613991268102,3.61082184704573,4.30522099388527,3.87709601550851,4.46888491692142,4.23045503068313,NA,4.27821485284344,4.17372391619206,3.53174778852099,4.97330899708499,4.87095569258384,4.47052484741665,4.4832242624669,4.81444446413323,4.35357072497384,3.60073848856385,3.94516579583936,NA,NA,4.3939457310366,4.63532165107166,4.22071534140361,3.99263342704863,3.51030686935409,4.08429378615128,3.94637627013865,4.76627773965796,3.50573982806517,3.95820856019587,4.17706648208124,3.52693022013277,4.34838958674312,4.65971356178133,NA,4.50939424098643,4.54758916808831,4.4795570939422,4.96053150768206,3.88336034753054,4.5790626863085,4.20296592377187,4.11835607902123,NA,3.97080349046112,4.14914910036221,4.8090439508739,4.1637695174431,3.79186606720298,5.70747440086915,4.8314341387316,4.23844840843006,NA,NA,4.0611012508727,4.12739121546869,4.73265852641206,NA,4.88023815613544,5.15275757061545,5.12106168097379,4.74433303297283,5.01974157603995,5.07668194918503,5.25356023366099,4.20363097417311,5.81355096350341,5.30430997525254,7.07152374071785,6.17800695000825,5.05556126390191,5.61001785050308,4.78081105281485,4.61766994207187,5.17390925866909,4.80376533665133,4.88844888226608,4.6141808642685,4.45277560472835,4.63944395789663,4.74876894693828,NA,4.60850541345495,4.34368997155593,4.17932793885275,NA,4.35568648012318,4.49155860012041,4.00470065004261,4.78506601797121,NA,4.23752327116036,4.08447759165105,4.71931322504376,4.41699745100926,4.98915171160565,4.49097431715706,NA,4.7812005469016,4.54532940653838,4.81240872793804,4.4935578808653,4.06075579288082,4.21999615390363,4.32156285490978,4.28753930124965,4.39557041680193,4.72993494680961,4.29325208468747,4.18017867264526,4.61342688256676,4.74093740984357,4.77398327955776,4.34565535769283,4.68953211945078,4.06164747697133,4.50407048044719,4.28656308729083,3.42524204371793,4.56202439355865,3.68004133092882,3.90306457502739,NA,3.88313205402673,2.97141498864702,1.34668550679547,0,2.9364318775396,3.26404176998397,3.9004832302013,3.99748171195561,5.13176455638298,5.49080369541728,5.6419119564439,NA,4.89719146106293,4.03580989960463,5.30244307451632,4.52196297397171,4.77433274576696,4.50467017925007,4.5047332940227,4.52851434410242,4.66948542087724,4.75974238676442,4.96292756985306,5.09174933455726,5.29679165214646,4.58545487277203,5.14167400491839,4.99008250111284,5.24201273968659,4.26245572759595,4.61353799458955,4.45952608606224,5.37758788511006,5.7932483175845,5.47830399545011,4.30308273453824,4.53545220138558,4.74927068057159,4.88705063426631,4.93001054918768,4.80012311638755,4.75881603823808,4.51493232352659,4.84912215495496,4.51185673323925,4.55277594930279,4.75793584300968,5.28905810964454,4.83252588358958,5.12189596472539,5.4937581019648,5.05713769519152,5.17647144286973,4.54502903948533,5.00260536861723,4.84068791184665,4.56564033159056,4.08345906205986,NA,3.78315302020117,4.40906336492182,4.89096450647116,4.52184571099106,4.2262977956333,4.02996694391296,NA,4.98063637321158,4.87815898386603,4.65031940978532,4.45029192245561,4.51396118169063,4.74567306924332,5.01937438704731,4.13526250782379,4.30726152506658,4.1586136729568,4.11387630208307,4.71683277453486,4.13539576143473,3.51290755416389,3.56603693256044,NA,3.41340006706519,NA,4.06547544859764,4.25402002280964,3.22809236384824,3.32512767653341,4.11993978390051,3.79977145028862,3.72763382578654,3.72407273562829,3.66340877623377,3.91611982553651,3.63044682445217,4.26348698216389,3.85726459289442,4.27172050001351,4.33774402533427,4.21086555686806,4.418505688086,4.05421370103213,4.87000681128547,4.86627636012455,4.15306854204401,4.28041719146321,4.53895768585172,4.12857965839093,3.71450768814136,4.5203109545971,NA,4.29135734125638,NA,6.6154162630691,5.72715817421278,6.85038196661414,6.98615366206897,4.37304306770293,5.97670855326975,NA,4.37604043734863,5.00716676256381,3.99387599915706,4.11139058228981,NA,NA,NA,4.44634815525676,4.5393749496977,4.48333153418712,4.29957109962806,NA,4.0701427153806,4.925120649542,4.32644670148114,4.77171854607645,4.67933264234933,4.51767875915746,4.47216876586082,4.26645872984036,5.08852801440141,5.80136319087939,4.53279724996189,4.26673111661604,4.15427872351627,NA,3.8076524943023,4.59938693812628,4.30027180285489,NA,3.80880420010915,3.7361393365253,3.8088165311786,4.02496639755923,4.31723443323992,NA,NA,3.92531019216932,4.41430998136721,4.24640083980721,4.08222918906425,4.18878028949061,4.5437067052704,3.93891064936236,3.59760098205692,4.57195806395447,4.19071994236964,4.07365152476137,4.26830330667041,4.00281527096398,4.31923548295478,4.73008384331881,3.94653675320133,3.39921512164245,3.4088889644792,3.42552475257202,3.31034317841099,3.01235871486639,3.30684884696968,4.51075384913688,3.7288098718442,3.85949905217195,3.57369053663369,3.26803888882116,3.62534164288176,3.68549860262755,4.15414799117352,3.94031576862103,3.53093967145348,4.85248486128812,4.53801708846948,4.02442260268045,4.06045485341358,4.07305810628123,NA,5.13798704288064,4.7390462105682,5.30094431836697,4.34356545561063,4.3518474575834,NA,4.80253741987268,4.38030853788632,4.15923787417876,5.0959182064864,5.10921382722651,4.99747682950591,3.74243740156071,NA,4.87866782662899,4.95590569318429,4.98236595543455,6.48945964177736,4.54098447329426,4.76105451820646,5.79920015283586,4.83267469729438,6.34743869665527,5.61458769702724,3.53220697189987,4.99743026971022,4.73046567066888,4.53224612527162,4.36355771616832,4.75889798356382,5.06194431190941,4.80827241567903,4.76249151294019,4.64691358132278,4.42912829922642,4.25592453085685,4.04196012285903,3.92062068227453,3.48959536264837,3.76326514041216,3.73306299477136,3.89626711499991,3.46327242526944,3.53027753661887,3.91529938144337,NA,3.59259278186823,3.32115616997921,5.31674166368391,3.75592415226921,3.49739723031919,3.56765085828347,3.5487517788334,3.60900642302201,NA,3.55222822677962,3.82773936052587,NA,3.81924602535974,4.23477239502595,4.00607748949281,3.74848737427063,3.62932949403716,3.79526456025297,3.82688338877673,3.53746088867332,3.407935363261,4.02802737113467,3.53965173809752,3.41735166286153,3.82808928645609,3.92396722735952,3.67455031260751,3.69661727192336,3.86672294341804,4.17736167086985,4.33756909236604,3.60510825073541,NA,3.88603722664016,4.14714734308109,3.8796659512408,5.07933765746033,5.91311387760281,4.54279144514962,5.02668508545757,5.2834825010888,NA,4.27127846832229,4.96489256339475,4.91222542180272,4.51480236561487,4.10726951620053,NA,5.37776941933847,5.03363715858576,NA,4.69658136778629,4.30772314606437,4.10293548343152,4.83416712588682,4.30997156624909,5.12515316653267,4.52680910267497,3.91905203381469,4.54869808396191,4.82551030520161,4.56783807752306,4.58692503153081,4.5964450200391,4.47715902325373,4.30160520244114,4.26055834055391,3.51442567706237,4.11313260381246,4.05692286908254,4.39977503886517,4.6816591059371,5.05993122998322,4.97133340337118,4.3228689531903,4.80012550908893,3.82542720079093,4.77797580914261,4.54038697522445,3.83785999911343,4.00789927192576,3.6906477385632,3.76116172968306,3.91859163196179,3.6527938815414,3.84793551851035,3.31590525610345,3.7050241756774,4.02857918825401,3.55843332590375,NA,3.30436739880562,3.36806328897863,3.49397387250634,3.59842870509977,3.95064023417865,3.70137905431993
NA,NA,5.47747904301985,NA,5.07884900043406,5.52495510517119,5.26157114414449,5.82425008786424,6.17954351785287,5.28479639062337,5.56818529675326,5.81121999773365,4.89000988346854,5.50130792477803,NA,5.5457638340112,5.58173788028288,5.58726630461535,5.36890082990816,4.87348705557913,4.78810972296916,5.34599626919442,5.95026584417123,5.06510642825114,5.39693705270733,5.2859744916211,NA,5.26513411090759,5.19678394150804,5.11938403744868,4.75956934199641,5.09217314525634,5.0468422444159,4.83765502221345,4.82316147374621,NA,NA,4.72007488896648,4.98717291196769,5.06856583895438,4.68812746262294,4.58198319952866,4.49523122426814,4.92110501979596,4.46893389031377,4.62177086400548,5.8649403632672,5.12272356882126,NA,5.37141991432554,6.16411180836597,5.30738674931983,5.37687288705223,6.71914035002911,8.2374517386742,8.77142713604941,6.13432335668039,7.13165210630013,6.16112570574473,6.32956758601496,6.81442604061594,6.94864160858527,6.31414414991761,5.66072017324005,6.1404436846289,5.8150587627696,6.97664613355431,5.77891465704963,6.17648854403399,5.41576812168252,5.63777886664028,5.83376419903026,4.97450892798259,5.33377685793381,4.96447192750204,5.01805417895692,5.0012119917379,5.52170547705147,5.30780635064102,5.0920912009717,NA,4.8424238370275,5.00238290229285,NA,5.29570035624083,5.34699151746725,5.37546721427083,4.64962253830814,5.21536656306854,5.01266324022884,5.53122441724266,5.29944618809109,NA,5.42040391674206,5.23854051680771,4.61870705250907,5.91133075607461,5.78915304623357,5.67532444342,5.72262572618691,5.85967145451567,5.42534172134502,4.7353881298426,5.33173196332396,NA,NA,5.87619264204994,5.85321956089156,5.31750156692677,5.12044311774442,4.54490459943196,5.5691679218897,5.51631576053943,5.69303851027712,4.7914199539503,5.17262126989682,5.20648297374568,4.89120709797302,5.31289898304246,5.64326550195508,NA,5.35588500308849,5.37561569336519,5.45469604529111,5.92914983524833,4.94899335624413,5.28301933683546,5.01356102573188,4.80332366031814,NA,4.39958029028026,4.66799229453905,5.3878190363323,4.6938330467011,4.27105733494413,5.86705950162114,5.1261756510825,4.91669235783805,NA,NA,4.9944667832436,4.72178708167072,5.39362172347911,NA,5.19623830282448,5.42787249460684,5.44767160652165,5.18379689491986,5.40889036772574,5.33843639675616,5.44062235410971,4.91017119245493,6.20840187846961,5.3612952731915,6.88463923320092,6.08358115073243,4.99956028553298,5.80490703960836,5.30571117438269,5.17111264206063,5.82042658527879,5.43849193280464,5.49903259151505,5.36787399254381,5.13887686016684,5.44973993094958,5.59590262506344,NA,5.35288295736241,5.2423853380921,5.09090928771439,NA,5.44886956581866,5.7211044721144,5.16875864422066,6.06196710549092,NA,5.47687049534337,5.29720015831307,5.86094077463833,5.76787758200955,6.1466262698409,5.64541103805782,NA,6.26180186318784,5.74658597537061,5.68791102841506,5.41368747060035,5.23488706525753,5.44785712983573,5.53273663421923,5.36748806630753,5.35070547354393,5.77901626988547,5.5456466414875,5.45391379142395,5.89135783863494,5.95924868579445,6.02176756885733,5.67109922185958,5.81606253597182,5.36120532243375,5.47637963552683,5.40127471248739,4.85603737950651,5.49479622598604,5.02659439938777,5.15631142914465,NA,4.86697497692647,4.38658913445495,3.18770193742445,2.9364318775396,0,2.07562172626512,3.54963351557887,3.85504381941777,5.09183294256919,5.01708187849578,5.65994025748201,NA,5.35929881998599,4.76570450906999,5.58756273908836,5.1180088766125,5.32292789269352,5.13588332447294,4.94303287523096,5.08003303872892,5.18208829311237,5.23738041872055,5.22464762980168,5.29630583500768,5.32674085712681,5.36236938835564,5.8917993802263,5.50963160964216,6.2116721513254,5.12354139955262,5.37411643252303,5.31912854672381,5.93947611440727,5.91177337357767,5.62855112926633,5.18474999698301,5.50977168280667,5.50219491664771,5.41837988756678,5.26286677410702,5.22892159654681,5.26364816959598,5.2618195104912,5.47622846247466,5.27366463752416,5.24408477484375,5.4190268400731,5.9086005416783,5.41086228076616,5.79633430936861,6.22515320129823,5.94827634975981,6.01057758711598,5.46290164649432,5.89044285044513,5.70932761999852,5.69556047862073,5.38590358437506,NA,5.24074367755272,5.65625224870532,5.87812729015884,5.76684267392024,5.59678609869577,5.45645438793821,NA,6.42239777612581,6.34289039886397,6.15870083041086,5.98562438582842,6.13728383621134,6.08327064101272,6.12268855460822,5.66977528731041,5.68759667293942,5.63669126687365,5.6538652459744,6.07101620442251,5.54998974894147,4.86304108069888,5.04860755361695,NA,4.88152812431485,NA,5.26307059504546,5.44019610201101,4.65959092456489,4.64562758134076,5.10032157813271,4.61021955782913,4.81462004130874,4.84492197054606,4.65165698104163,4.75035284405367,4.56418381101899,5.28208901503389,4.90470481286236,5.03829792712313,4.81140342274836,5.12565841309353,5.21178529956394,4.97912117982389,5.71514538989507,5.61177025394221,4.76810462158996,4.81461910906622,5.10026916196397,5.03860109512116,4.58888787427834,5.14966706397481,NA,4.73717397332412,NA,6.57628697326782,5.92328874209391,6.73832539118112,6.90934526437755,5.02193054445795,6.1271911437408,NA,5.09945535795516,5.46786609316883,4.33115028485753,4.49401290640732,NA,NA,NA,4.55161358992349,4.97558210048765,5.11089521601875,4.9278017070783,NA,4.78268028515121,5.45422685426987,4.97892656551805,5.37937510887803,5.34282065815001,5.10013367522601,4.94875419568948,4.54578888940027,5.20760622708805,6.28299828009747,5.33860191448435,5.06045465682338,5.40282322584879,NA,4.92223210757816,5.45643052471289,5.21317181548312,NA,4.89171533351019,5.23581960531453,5.11900843794807,5.42614239278055,5.72272525738159,NA,NA,5.56715471621526,5.8991923969823,5.88733491738262,5.81407308393823,5.66118547720955,5.87881814924815,5.55338076446145,5.28991934832565,5.80044431872467,5.42632316715143,5.37790044911655,5.48934144332553,5.13860334070737,5.44561141061161,6.1315548605263,5.05716013916552,5.00511928639638,4.95412153301053,4.66444442629119,4.96625779462851,4.44865002451286,4.2495985288444,5.2558297168859,4.62649943067056,4.78606272303186,4.71971581892503,4.54098892539666,4.68572139997356,4.57148136720248,4.92352611328105,5.12330270325227,4.41274330680786,5.3783982421475,5.24877707985907,4.36112527655413,4.65498713362593,4.38060195145158,NA,5.27213050772434,5.03560122277265,5.54679571712948,4.72558197448509,4.73487207037342,NA,5.06934689112452,4.74429851437559,4.5566733667263,5.24170155985856,5.23234183239328,5.17133073981601,4.44282834701812,NA,4.70596935516886,4.92446510794309,4.99515555922973,6.56381065671769,4.85365002933653,4.77083386318898,5.75139013375197,5.03013173229863,6.38207182926781,5.80941423012587,4.1434357430307,5.05025048053969,5.13912664021748,4.88516071546206,4.68259013874626,5.22230960791444,5.40534726374981,5.23656341029332,5.18787939597133,5.09521299326925,5.16773609248534,5.15686649975581,4.91353711161018,4.72032889063153,4.52213677237162,4.58605421039297,4.85507114547926,4.88319874999363,4.47643389398753,4.71246356668218,4.92895916561704,NA,5.00224244622219,4.93982593988653,5.67658402213759,5.11871005635115,4.84580696949449,5.02616902145828,4.95318362992931,5.12035136357928,NA,5.12985406199618,5.52413745242197,NA,5.33504832325277,5.70258716231802,5.5323344641817,5.13326155540195,5.33318409959689,5.44475109397795,5.43371012042112,5.11032518150204,4.92748889235019,5.15374645778661,5.11340862639003,4.78413045051073,4.91235512397698,5.10630589392062,4.51479497444949,4.39713727647705,4.61668108356279,4.92755025470114,5.47257207291437,4.94163528423265,NA,5.49453069022482,5.10737616750608,4.56248016730674,5.77120251396376,6.55932248950157,5.16752581601727,5.64847318121986,5.83361305440257,NA,4.85148704875521,5.56001351931329,5.14868652419926,4.49903198902353,4.50608741865764,NA,5.86074471422796,5.53882850803745,NA,5.29181135265668,4.73472755459698,4.58174485620297,5.18399184564506,4.72185803923689,5.18533151384793,4.801964582895,4.22777582975265,4.67096389394346,4.69188380237145,4.60922093877238,4.44693750182034,4.61006352979123,4.63310477683565,4.55585358356222,5.07715861722974,4.10972266983594,4.79291604176858,4.49087490198893,4.53125714657777,4.88547559870529,5.04714128319015,5.18930955335108,4.67648594925797,5.07604486349617,4.44091515085297,5.16162096107603,5.10527764429547,4.56173514017829,4.75641355570788,4.41667143971628,4.56640610913397,4.75894602458697,4.7071002909296,4.920845466598,4.4903987568491,4.96703166902504,5.03569870654076,4.79360181553919,NA,4.66389270054928,4.88409691040202,5.03913070729494,5.1451132194936,5.08424913744903,4.77688100248845
NA,NA,5.30119771609938,NA,4.85184888319256,5.39852942437626,5.0997131070914,5.72967087645353,6.04978233968034,5.21545387404204,5.40182599262222,5.74978135149398,4.85032903349561,5.44512214525528,NA,5.44884330868892,5.54608081518658,5.49994080381181,5.24454886183505,5.08169548184187,4.82174218072131,5.39543235603384,5.80045046005002,4.8889759441481,5.15727545027074,5.06447713431028,NA,4.98325155894361,4.98764885727196,4.89320720465097,4.68722388096289,4.91395144133911,4.85493051184605,4.64407674715484,4.63217129711645,NA,NA,4.51951392651656,4.83246807069485,4.95696580049568,4.53986246366537,4.49809952194252,4.27958973281764,4.64216164190341,4.03649041302926,4.20206951557136,5.1399077474153,4.65030931309987,NA,5.12710806782172,5.53427436095642,4.54107655058113,4.69874915705646,6.03636041733873,7.59331785764799,7.95937316037916,5.56691429950606,6.25416229497059,5.19410953219801,5.51329276435068,6.11508004482433,6.15208871443309,5.63225259421503,5.18731393738622,5.39080520202382,5.26738852478256,6.49390348907598,5.28238675995531,5.69789557515672,4.97938441988721,5.33272443294721,5.58293392855284,4.70659625130122,5.08637390317911,4.7617577155268,4.84499055599323,4.8298704701165,5.29396942095253,5.03108238713748,4.81591895083564,NA,4.60388144474763,4.69668275914028,NA,5.03839759004548,5.0763880963155,5.10693659542547,4.4178284800336,4.93387909317176,4.8044400199054,5.27835962852732,5.06576152904206,NA,5.13716318724777,4.96914307106378,4.38861097367017,5.70597883846112,5.51737842273408,5.47240128887167,5.5514828878172,5.61870040285141,5.20765169576902,4.56192018241544,5.1935307266757,NA,NA,5.76594567661802,5.75425266717259,5.41467490572282,5.40440940134621,4.35457354338425,5.54346134181892,5.49309091325836,5.62300130530372,4.69098014782434,5.1461683827467,5.1548098902657,4.77489617209535,5.14097154805898,5.49114036914583,NA,5.19312299220395,5.2334025507481,5.28704191428921,5.76786446498039,4.7576344840349,5.20952651364897,4.90928006846342,4.705032002202,NA,4.20188386070916,4.43320288797746,5.36776954300653,4.40777736124181,3.84287539406242,4.98511783737223,4.32756778711437,4.50222714423581,NA,NA,4.661953219553,4.14193518763948,5.13433269624384,NA,4.71722069004506,4.94503181521316,5.09726408622962,5.00704980555642,4.8471483685232,5.02395207129872,5.11215649929833,4.53037632788899,5.59834296663041,5.05482207256452,6.35298916395847,5.69142176493812,4.70594136483896,5.41191605408226,4.93726866022647,4.7995175559915,5.53785686200969,5.14574512206343,5.24667396568776,5.05080006719901,4.93399951723842,5.21042730207302,5.30690258477468,NA,5.19679780568037,4.96070240494132,4.88942065853488,NA,5.26701426072561,5.52891607133185,4.92360296249692,5.85657063721616,NA,5.20480275288017,5.11673991779422,5.68361121998214,5.5831985991197,5.95419035925829,5.41074183500323,NA,6.1021460971369,5.53228899167167,5.50879698216479,5.20824483789369,5.05195025722494,5.29688175717455,5.36031166391846,5.17149724859828,5.19739057756776,5.59223260307433,5.37721782212801,5.26983736864451,5.81209268138493,5.80613619559917,5.88038906847593,5.53690688817323,5.75695221459924,5.26414353136532,5.50114157159084,5.50671950405173,4.97188730337663,5.51170290503614,5.05346886331707,5.04363585576917,NA,4.79113112214845,4.39621679973396,3.43828794603369,3.26404176998397,2.07562172626512,0,2.92213535270796,3.17389989544002,4.19085387425367,4.26560455479093,5.23236935328326,NA,4.72317621694872,4.37026269946611,5.20683096124863,4.86574488542636,5.12982436054731,4.90092625979388,4.55655200336041,4.69811191043399,4.90015826426217,5.02387878833151,5.0058822108515,5.10661343763771,5.00922885915552,5.00868143946187,5.65241972309876,5.34270683518999,6.02073785977496,4.93898138497714,5.29093447448523,5.05270699784127,5.84381768421448,5.72141020057483,5.30041545411666,4.83625481470431,5.24824990813003,5.20073149896309,5.2106892054854,4.92644518546691,4.97997696136412,4.99608881977195,5.01910934216606,5.15899202279906,4.94123321750864,5.05677620018972,5.12308823351896,5.70213081960393,5.18792231797795,5.61068998004315,5.98844702929641,5.7620128939305,5.79727175190533,5.27253023114363,5.67100676225006,5.46207008150353,5.45957505940985,5.14927098119593,NA,5.07899796115569,5.50327858963542,5.6431231383408,5.57739621143666,5.42115750929241,5.33153666792463,NA,6.2475636191496,6.25834372076263,6.08871708628396,5.92325099170498,6.0804135463891,5.92670558560917,5.92057917876176,5.55896029480141,5.56859291392709,5.59618135291218,5.49618172409103,5.89651306394528,5.40246366531708,4.77249831807898,4.93091485737257,NA,4.72378606293059,NA,5.10293526774973,5.33202577399893,4.58694224101596,4.50112363085486,4.89460139182972,4.66451260740044,4.78489709497508,4.803200327203,4.54869448065458,4.64587689722981,4.41315266729808,5.13556901549255,4.75317155239725,4.92059120773512,4.85587695967085,5.08026610726894,4.97828554858295,4.70333192055339,5.52039659765239,5.52855983660177,4.5568689932331,4.4807858946823,4.66445113129283,4.76618937513788,4.32329219505939,5.02680208340799,NA,4.31056030195311,NA,5.91987707543879,5.420361923385,6.1735646127948,6.45908582725442,4.73492443481871,5.69828780916685,NA,4.91448415751723,5.38105110467358,4.33187183395846,4.13824366839863,NA,NA,NA,4.17599799670707,4.59823475098152,4.77892516242988,4.66868850725512,NA,4.42534988641823,5.15057888400901,4.61921651038515,4.92067465404491,5.07647183129222,4.68690456386072,4.46539839786438,3.99374114314481,4.70648149323721,5.95878205002067,5.03394271019569,4.8092719342683,5.19173784452762,NA,4.73455553904586,5.28111080267533,5.04005815761759,NA,4.70732765905158,5.16225758235833,4.96997097126136,5.23630360918251,5.53388390121872,NA,NA,5.43542782900744,5.73787064265324,5.73496500228245,5.70887755914979,5.54180088130587,5.69097513019606,5.41371371614949,5.24626838116718,5.69948498096896,5.33382017036718,5.2553102346931,5.41494824470953,5.03832053263165,5.24728109514225,5.97159770176152,5.01896958159479,5.03904951228668,4.97696793054158,4.66156230729618,4.98324686974414,4.50329787685283,4.43307704178944,5.08972902127658,4.55925996680903,4.70221820528651,4.69526637510729,4.5029483269946,4.5475185174759,4.48406297026311,4.81620115088803,5.00350570178139,4.27943609295571,5.30625244016323,5.16509425008067,4.15425249681244,4.46824788728967,3.73333880456436,NA,4.72376950955006,4.24222599425094,4.73893454220844,4.11923286125857,4.29579473299768,NA,4.43276835325659,4.18068431196159,4.04700772403234,4.87110922535502,4.46537055950425,4.69809921046123,4.18693803724744,NA,4.43496561990992,4.33842842290836,4.66304361324401,5.96359376736275,4.49394580339117,4.48401507803009,5.19494553614251,4.61738825442852,5.67264170566574,5.16750006858103,3.84021945810391,4.61073545973966,4.76748121382839,4.36806806786318,4.25253942014942,4.79206314693566,4.69587027544173,4.53806215184393,4.45627904139615,4.3305350777677,4.53280725190046,4.55986344325901,4.24448611816463,4.38455287136203,4.17704463640519,4.16035527642684,4.57426278476951,4.66780845731736,4.18627305566967,4.53303840535668,4.76747803605938,NA,4.93104754120405,4.8475622925752,4.93776945963317,4.97572825728339,4.71811892090287,4.91846023427352,4.90256704517343,5.01833980336904,NA,4.98855397141807,5.40796114159056,NA,5.17047060590048,5.55079692122154,5.38617689453366,4.98690458455671,5.19575144004832,5.33321731094307,5.32710799689852,5.03938642839548,4.85184120941069,5.1571140902734,5.04570132077369,4.68021473395974,4.74212742363355,5.00492213349966,4.37756268471774,4.31319177071171,4.63069964012674,4.98454593807277,5.49735371897613,4.85003625277028,NA,5.36136117179355,4.91797508211002,4.48211261212942,5.66421749088792,6.41424299449482,4.93897407772522,5.42172467344107,5.59323037902958,NA,4.5286493959196,5.32660165250708,4.96158200841419,4.45756574033555,4.28906782531449,NA,5.78765437146894,5.39826008354704,NA,5.18433152396215,4.62535641007126,4.50422290600904,4.93255959845313,4.53297734185587,5.25043650842112,4.65745010902137,3.96632827925153,4.55710068101661,4.59532192258411,4.41116633913752,4.06300688709917,4.28668676306618,4.26665741010138,4.10553783286427,4.91695470330016,3.84333879263861,4.6503223620698,4.58342053769833,4.14878844894256,4.44366810150769,4.70048338916881,4.57134864807117,4.09355121784937,4.21545002593905,3.89697192458558,4.63331866376535,4.69551604561634,4.14228064838114,4.29543980480592,4.11992638264084,4.37003079467783,4.55913286314623,4.48908231020192,4.76304616921982,4.26663262004178,4.80075826302715,4.92777428793733,4.62977348592846,NA,4.53734084260642,4.79025488384615,4.95014887168499,5.09505570871442,5.00335166260559,4.67800428526378
NA,NA,4.24895100554419,NA,3.81735045145967,4.44510882971021,4.07517008397573,4.91054100394346,5.25926402598588,4.44298672572205,4.77264868189154,5.19096312542409,3.86598260028861,4.63796901140656,NA,4.48119359264876,4.7833771196948,4.61221540170357,4.68535642853351,4.61154568170945,4.16338491974864,4.79387922246823,4.96174223118796,3.83957333664618,4.17338854207813,4.06595322706189,NA,3.79427369145319,3.87281252277963,3.90824157277298,3.81598746430851,3.83380361773483,3.6888121052348,3.52685291905485,3.54852055899094,NA,NA,3.49387310516236,3.9918119841232,4.20025412593351,3.75010858698794,3.69417245393954,3.56829592232084,3.92710269944349,3.87487095843342,3.81187524175912,4.96437318721892,4.17197526887048,NA,4.47637220480656,5.36787363840348,4.33419116339316,4.29159110902865,5.86515366657292,7.49427780548524,7.94558783939278,5.0587006298857,6.15120819223244,5.0095250927642,5.36243957615453,5.90677885781906,6.00021249541109,5.4083051928177,4.53589253459412,5.15446750737883,4.83976145183841,6.01113812043187,4.56584279749654,5.1628740924765,4.19083737314076,4.60257956270116,4.60428734973171,3.73946299676862,4.211200541844,3.80380956824747,3.8143701302222,3.77954764575978,4.38980030351534,4.00015277639951,3.70064100513726,NA,3.53835311123393,3.60720874135539,NA,3.8850962653796,3.83921049827227,4.03469693412456,3.44337410616867,3.82921626602535,3.80457892665926,4.22141871028734,3.93879770708519,NA,4.32692062323488,3.84857916917293,3.46874493990355,4.57158854787682,4.35386485596815,4.44454616426448,4.50894964383194,4.67609191411026,4.24449432579635,3.74591144950889,4.36836775307821,NA,NA,4.78821341793404,5.059632404388,4.90639732113426,4.7295661405487,3.61567169330676,4.65775628983226,4.55356367057291,4.71815329871026,3.75824941288226,4.3132992142621,4.27556629387115,3.82270640844966,4.28988911963462,4.63311313769209,NA,4.24273482215723,4.35995416764934,4.36440436797228,4.84415960916207,3.64295132216358,4.24058266449669,4.08831186107027,3.82258269817021,NA,3.85505575320624,3.98578183906708,4.80665874128295,3.91198416332915,3.43448548472302,5.13641203588415,4.12414525330086,3.75090115954092,NA,NA,3.68752478928919,3.36679629762124,4.06923722584936,NA,4.19320176422494,4.31945657419688,4.28701529878536,4.1549167442249,4.48035175241038,4.56834056030433,4.74029521576219,3.87029842311347,5.12183391464444,4.46551328022453,6.22642014403369,5.21701216159963,4.0228651770976,4.81834027871634,4.20448554930088,3.97560479771558,4.53791082453832,4.16957703736021,4.40355082391995,4.15183500939708,4.10295096172398,4.36397471750582,4.50027706628659,NA,4.2881290884865,4.05371760210397,4.11422634547381,NA,4.27770396639642,4.53299883879493,4.06554661890955,4.91046564767925,NA,4.24406593865656,4.19497396947772,4.69918055495532,4.75419349040081,5.0905862607643,4.54517179488331,NA,5.24778547431786,4.5735576408749,4.4341275998799,4.06734918420069,3.98073806636123,4.33261331561651,4.38679574921064,4.13550873391945,4.12961891980862,4.59522071557981,4.37119736347535,4.20469304082289,4.78792469603328,4.79430174576099,4.90728055286515,4.59669494062662,4.91823261576071,4.47564149028676,4.75098106641714,4.79787404437919,4.19031351340239,4.69484101841038,4.25735915672942,4.20074423915638,NA,4.2115014293109,3.6749131068057,3.74920180872851,3.9004832302013,3.54963351557887,2.92213535270796,0,1.29570294161449,3.97280244404745,4.07619134565283,4.14861671818172,NA,3.90659775373034,3.42286740923523,4.57293245013592,4.14952389288893,4.3695562534757,4.11340583645403,3.91464197833579,4.11259747284925,4.11852815981909,4.28615755390552,4.3646972650878,4.3153930615283,4.42947298856016,4.15566120405795,4.9661435085546,4.66284115573494,5.2652539401183,4.03115906267178,4.49865467523066,4.20092028835215,4.82238638158056,4.95551289576702,4.56980002846173,3.95553567457211,4.32074016164776,4.36992163776218,4.34606643561605,4.30009123304006,4.19526516830963,4.13971710116848,4.07817662577236,4.41353793073208,4.3086045537879,4.36179751456836,4.23919306216533,4.67197506609991,4.36318941876409,4.82575823475654,5.23838551276991,4.85768753568067,4.90629064829948,4.34781671531367,4.97179799553097,4.80675728040063,4.5866587159891,4.15886324482297,NA,4.0790901516834,4.47682050893971,4.48677204439407,4.56989231389433,4.46146017577517,4.49086161898554,NA,5.44005407238002,5.53972474112106,5.35622969686213,5.11896668324964,5.32756366460926,5.1731491046313,5.04456383966955,4.56683183326972,4.76212527734499,4.77637999840276,4.5885950651343,5.02497691797278,4.66551076232036,4.09290032858995,3.99002522806444,NA,3.78160188299953,NA,4.38932830850861,4.67063601544731,3.74421759061378,3.60160562693493,4.11703566056014,4.0054737367,4.06832840088037,4.00967122466249,3.60438813770561,3.70864117933585,3.45007476135893,4.11260843248421,3.82269554002519,4.02872782800347,4.11112164075595,4.24793001276523,4.06809676906315,3.64187828707992,4.64148787291038,4.72606702256848,3.85110701583826,3.89223207954729,4.17531335547812,4.06784541437163,3.44737237981069,4.26015047954882,NA,3.75558362144495,NA,5.95041530961328,5.08257597639453,6.23119638123741,6.22759362453263,3.87755625324115,5.27256551458527,NA,4.1623171475315,4.80405952227844,3.85725901857068,3.66615607681997,NA,NA,NA,3.77420055564237,3.48717244866435,3.80158208904351,3.92488738333988,NA,3.66878945737943,4.48541342167206,3.81659893544496,4.10478954140378,4.26498344014651,4.12809041337769,4.07860886130454,3.79882386748804,4.76486585705684,5.09196204422969,4.34461785343042,4.19766482306834,4.57952835916559,NA,4.02374923176398,4.46294515937823,4.21709164009178,NA,3.79711733556949,4.1441869825891,3.98120842301424,4.18126247264152,4.44846850116101,NA,NA,4.38290423592693,4.71649851915699,4.71747581732501,4.68839738387174,4.49013258673197,4.54097564488261,4.33995015267038,4.23662802738334,4.59113747577707,4.25823009080093,4.18163741905877,4.31739064828469,3.99354233249041,4.20900357276478,4.8903911934333,4.28329317728155,4.26622069918989,4.10884095222027,3.87746150397216,4.20222928707618,3.81097636614108,3.89567683483109,4.29607890143693,3.849413635034,4.00406675607564,3.97922740315714,3.75146133375089,3.78528070315636,3.75887406060004,4.05889311922873,4.14350811268347,3.45160294062757,4.55272613236636,4.35767444596393,3.48180789577534,3.72863899246305,3.36598179087552,NA,3.60974580099082,4.12828875653435,4.39474297361979,3.68351698518643,3.9038955110707,NA,4.19646216490042,3.8411738626292,3.62149127314988,4.54281230553311,4.13384710633611,4.43850225865833,3.44031593742543,NA,4.23216664490127,4.21184636346179,4.1337403583183,6.01545277805799,4.19687561099418,3.92420310863594,4.99337367310622,4.01682929714344,5.42383215777805,4.78585394358989,3.02813033397192,3.86896912849204,3.96507305969444,3.91935030196734,3.72451266676351,4.26315467254857,4.72730386055737,4.23264338089005,4.29189895688733,4.39352187777498,4.58171025240378,4.16435478400441,3.87252260065911,3.42687642677782,3.46917500570681,3.50319005132325,3.7976936538453,3.60404348546288,3.43861793492221,3.54309753973516,3.659306629586,NA,3.94076259321402,3.84439069890947,5.24742951419783,3.95564454015292,3.65422578018055,3.8631880035319,3.98138926458036,3.90213441746532,NA,3.91477913089223,4.45221705820565,NA,4.0160046657967,4.47708963678392,4.35801245794254,3.99583104636209,4.15698946047995,4.37440483691889,4.43803198199632,4.14459758685031,3.87630347634941,4.46129688022506,4.12376270858909,3.7923755225833,3.93664836744129,4.25947962116278,3.73335850742584,3.84010317062481,4.09384687971501,4.48845434052111,4.91462063788351,3.97806264882051,NA,4.3909965415264,4.05315729648176,3.81268683988553,4.93750668310294,5.43645244657546,3.92793678210537,4.6134453322653,4.64770555257769,NA,3.35080139167089,4.22764456601235,3.75691410909341,3.17984281497669,2.99596017700854,NA,4.85639477015412,4.39088901694368,NA,4.31860434102553,3.70234441056208,3.53915600267133,4.11648483690625,3.77262663035249,4.56172781691918,3.716012034877,3.17116732035838,3.92981455965683,4.03182214437868,3.64503873675397,3.33945953141014,3.73249886160543,3.8328044165756,3.80570409845686,3.86510513068411,3.60504608005674,3.7888869341482,3.72757180426451,3.95278480308764,3.95621108946514,4.4888461150795,4.1555273213117,3.56547944881649,4.07285613001438,3.47253390153426,4.25252435658762,3.90427487661715,3.37816708365429,3.76434240842161,3.47900366046638,3.45314560624646,3.84864044266354,3.64680618774971,3.79743564955531,3.40732079150267,3.89511918359259,3.82262551218049,3.5373781451943,NA,3.52213331133644,3.76698046289868,3.85055511961757,4.02810942827492,3.93662966895515,3.5827158384374
NA,NA,4.0239145919834,NA,3.49205963771194,4.19767503794094,3.83108093821371,4.65118118799622,5.02893713480096,4.10203976454317,4.4575047435073,4.89256993194222,3.56640995191466,4.30320265715923,NA,4.26345905269869,4.52827027943395,4.22341301853348,4.16117457936644,4.29270831627241,3.8830404943383,4.4544004647357,4.73455842874372,3.55700119958856,3.91227999752803,3.81554162115021,NA,3.49990109595283,3.58377993665447,3.67616771042987,3.50400142695154,3.48358985275662,3.36660149868665,3.23887345012836,3.27918215158929,NA,NA,3.21586527380266,3.72089825480807,3.88964011089077,3.44448637911883,3.385940219706,3.25357614339366,3.6320013996196,3.54448888787757,3.51455488524688,4.68111823474649,3.92927997545966,NA,4.27033278847844,5.14258418035796,4.04261805767794,4.01065649150953,5.6562708032028,7.30151523926594,7.7484739167252,4.811253997334,5.91973297694221,4.82277852624228,5.14336957750348,5.68581902641768,5.79340687550965,5.18884468200579,4.3323969900579,4.93252599290823,4.59278518153609,5.75915711763832,4.36051096609626,4.93886071531175,3.99187931522357,4.30646258367345,4.36040789096239,3.36550982204517,3.87287114780605,3.46777177119761,3.51303119385695,3.5315329639625,4.04323122799043,3.67950473355213,3.36463101094934,NA,3.21421108802867,3.33456902637623,NA,3.61352120125797,3.61425694476477,3.81589873326845,3.14873781920243,3.61316563761555,3.49274047193016,3.99736816071552,3.6914815956147,NA,4.01201026243528,3.55938867851121,3.15737751264097,4.30816944013496,4.11688276169443,4.23878526076897,4.21487068765283,4.40057101577297,3.95391712809648,3.37313752410073,4.0527818519055,NA,NA,4.53660833854529,4.59021481668351,4.46138938219965,4.34455262044355,3.32341188665796,4.3099656162054,4.2125229044074,4.48433610810419,3.34160195122294,3.93237613575412,3.8421181312985,3.40243924504272,3.97571395630109,4.28808810296,NA,3.79982841180415,4.1347511986983,4.12627333629666,4.57128070770874,3.39585584555457,4.05712818006966,3.79105624255395,3.65827010652643,NA,3.80484307152685,3.90911402993847,4.58393226493336,3.70525493760176,3.3871590757545,4.96850957568075,3.81515198893997,3.3403771278275,NA,NA,3.38318457766623,3.04258345087473,3.86926740364819,NA,3.95804776322589,4.08841987565949,4.03501022609199,3.93162687644712,4.19895491623099,4.32227842285959,4.42189516689962,3.57958620477993,4.80905454523397,4.27936572061998,5.95586851196357,4.89502209217696,3.73277436193668,4.57321607678094,3.96626895925013,3.73897499600386,4.38724702320889,3.93436160978196,4.21602907895322,3.9278205030282,3.84363362896679,4.05877816193249,4.22684454838462,NA,4.03113744212533,3.8034546472388,3.82922612826909,NA,4.06340158310281,4.26656676544195,3.83865520769986,4.69327717307034,NA,3.9091630499858,3.97484543529834,4.56880157201044,4.43536558549645,4.72431810831695,4.28119969566386,NA,4.96099881192094,4.25740375922522,4.17805045470806,3.85006981308367,3.74777509272579,4.06422493349718,4.15822979698457,3.80932088711834,3.85520393990925,4.28904831449381,4.0749517406433,3.83088622939801,4.41349931156662,4.45447294252958,4.52117697356339,4.27105477082206,4.44660409093643,4.004526457272,4.27975599766816,4.45890179253421,3.87495535680342,4.27415360733509,3.83987816289565,3.97138331562358,NA,3.8174540074458,3.2876605173695,3.83189729804286,3.99748171195561,3.85504381941777,3.17389989544002,1.29570294161449,0,3.56195175930018,3.71647313843028,3.71719461044873,NA,3.65054990328928,2.99416806625338,4.03335554598681,3.70368464757302,4.03565673366959,3.81717718038093,3.64133802127351,3.82660319202604,3.75499558887864,3.9466760508999,4.14716919201427,4.05917479717563,4.16944096858081,3.90768172752723,4.49986902470037,4.219633386008,4.9026744793022,3.6055429481707,4.18970152562206,3.78476895314121,4.65456535851706,4.76267059425206,4.35234063747484,3.68569601607758,4.04695236111338,4.02517187879104,4.15204471595357,4.12866340713295,4.01552316613316,3.95695885295921,3.7229735478898,4.18208416954527,4.06428283293782,4.05961976490865,3.97249929786531,4.52019139501596,4.07437908923336,4.58485576569429,5.04560615263676,4.59939135550314,4.63071162372576,4.14011299853594,4.7432310967082,4.57331399488412,4.34320518702754,3.90274212087707,NA,3.76499704414757,4.26445126073616,4.27980629398427,4.3222763028381,4.22799321882373,4.25711588819801,NA,5.19967326037665,5.31895012830568,5.11998472861164,4.84658820108856,5.05064333937385,4.89633475447473,4.80658898724124,4.39575848428541,4.52910428780116,4.52773427775726,4.29552063629791,4.4451195465412,4.36322262380562,3.84180296965775,3.71128697892977,NA,3.26116065068045,NA,4.11175276543085,4.37428798397641,3.40350010297318,3.26652130526237,3.40077506276288,3.6374429773665,3.7296214256328,3.67664111811151,3.1382288020532,3.28243824093443,3.11694644203217,3.74615175061146,3.43577372186623,3.63225249537275,3.82123464173247,3.88411196650234,3.70506986834798,3.28657396611761,4.39420725807936,4.4361957474233,3.55087385607529,3.60024161116522,3.86162575982052,3.71243718019129,3.0795305894034,3.83758250378535,NA,3.46024877608351,NA,5.70251471068096,4.84918247055804,6.00867316588367,6.00573262398789,3.64545106761681,5.05927368905493,NA,3.91500068203781,4.55828911339686,3.54504626822198,3.26693964797649,NA,NA,NA,3.48131545395531,3.32360043874734,3.52679253038951,3.69295526292951,NA,3.32103500968666,4.20768398450387,3.47642825781025,3.84812114581283,4.05912108040343,3.85941118136272,3.83048852345291,3.51119126389358,4.48964889821051,5.22233536792004,4.1395037739373,3.94982031217362,4.35951798244504,NA,3.78511249153684,4.26611700544491,3.91262209377046,NA,3.52120760089376,3.89668790908772,3.68364948137317,3.90465687450095,4.16719665006486,NA,NA,4.11482073328518,4.46452585486383,4.45793654550265,4.418673561771,4.2076680660611,4.27428614604579,4.10162981646947,3.96155613445537,4.36923007358853,4.00368337966744,3.92387069826764,4.04553494676724,3.71100416379528,3.97028855779631,4.62688187865748,4.06726594014243,3.98390511302978,3.77870649096465,3.56623420833437,3.91963538347371,3.50622994816356,3.57507557387346,4.02423590862531,3.58789749458131,3.67148712558046,3.65175565376727,3.3882077023785,3.41204825453115,3.31090212124769,3.652846994525,3.71843670928222,2.94174850334238,4.19105397722195,3.99769379298692,3.13698676469871,3.34008386290907,2.89971731627655,NA,3.03637537191979,3.67713981957091,3.85256992348539,3.28508554362003,3.61189739529819,NA,3.9131839617374,3.42702518149276,3.3044391167002,4.28610869362344,3.80946759683132,4.17101629006118,3.13843415732564,NA,3.96480788329046,3.92695738824142,3.8909094179327,5.76335025268784,3.81774199425273,3.65829205979286,4.7286141200152,3.78158386608306,5.19767596642036,4.55799318258616,2.73811273999392,3.63587253432377,3.76772088119557,3.67707041828728,3.45973779236251,4.01149969010879,4.47878313596374,3.97950419761023,4.01515917629139,4.09874994542166,4.26063987033774,3.79255763824031,3.54739065107505,3.18540928365641,3.13281198563227,3.18336355915462,3.4843381492892,3.33415265272007,3.10057432875605,3.22468454128039,3.36296487085991,NA,3.63979083672716,3.51481507508126,4.91780108193361,3.63363368925252,3.33029117074953,3.57058500235993,3.70162779903822,3.63844304188449,NA,3.63878266260981,4.19398989820423,NA,3.86594345081611,4.28137206957711,4.09149810111927,3.71549192776679,3.87872615177207,4.15627203682926,4.18473497221629,3.86531126731863,3.58830684026383,4.22071259085372,3.89647415966147,3.51624274350363,3.63096103835489,3.97287693689363,3.37513423896308,3.53134183018398,3.81927526258865,4.22224112441933,4.6373886069676,3.63583087754059,NA,4.10538666698104,3.66622233765048,3.41655135560473,4.68109807020289,5.18662907496743,3.64924760379531,4.36202420090389,4.41278938659445,NA,3.04972958787333,3.99143943770503,3.62718222864363,3.1233683312582,2.78247628941124,NA,4.64852099176268,4.18314537642356,NA,3.9957379892791,3.41413136250276,3.27393454017219,3.75962416284101,3.37760390504093,4.31172135259521,3.44095960738488,2.90655333011435,3.69598121152084,3.79750469254468,3.41167815421971,3.09505261895431,3.54919943629518,3.62024362612814,3.68808239570393,3.68286270212034,3.72949163555628,3.58040699126169,3.5485626157019,3.58051070634276,3.61431566462039,4.22347500363797,3.86716430517213,3.22475911779784,3.7829514496495,3.23345663621199,3.99259998106878,3.64404944326627,3.0897025601066,3.50750738493896,3.24027267405471,3.21075864305258,3.61237787078353,3.38346675612494,3.58550030227032,3.14750713678709,3.67176942328597,3.59681296137086,3.2821641864598,NA,3.26466868679434,3.52878380171244,3.61963722773965,3.79564576872219,3.7079266760437,3.35246644692735
NA,NA,5.1893080563212,NA,4.6564499636876,5.27348642846074,4.98140658621781,5.70555679397594,6.12734235272664,5.10560798072434,5.38160362369668,5.78287251974811,4.80136373308701,5.27234316909514,NA,5.45809666989703,5.63035231148326,5.47012821944288,5.2235606749956,5.21062390420568,4.86452171702681,5.43999891701809,5.70877075539855,4.83523038660036,5.01090465491565,5.1215777318269,NA,4.80491277986272,4.8183480337264,4.82381365859602,4.68790067987469,4.84100751652469,4.83385731301856,4.69480550559373,4.57526285879002,NA,NA,4.39657401148928,4.70695822212584,4.76263420737292,4.27810683915253,4.30757041588893,3.95630113407574,4.02976915572471,3.4172212686034,3.81129926428699,3.83795386298892,4.17766958783264,NA,4.69625646786096,4.62461618479831,3.33235914011478,3.82629760884068,4.80144960016547,6.13211801851027,6.39828000953789,4.34576372019567,4.49983836963149,3.99259684611376,4.12412590561502,4.84390305509871,5.01051906083688,4.74149951733123,4.80740749911614,4.53850970677939,4.40944245554428,5.54430997956499,4.53089286517778,5.14460188315536,4.67323336932977,4.82578563266904,5.41533064736482,4.44285149121515,4.7909914168239,4.54912981080908,4.71074598700654,4.75884668314565,4.99847424899459,4.86929588603782,4.69098149687848,NA,4.49932056433483,4.6040747115402,NA,4.91287253975521,5.16454634112674,5.0700370296357,4.25191264680374,4.98159327205782,4.73515899379312,5.26274374946071,5.09802546702989,NA,5.16873668609125,4.97548183785012,4.16626241743955,5.57452455843865,5.46608834739381,5.44659983149134,5.55020312596939,5.64002049778322,5.06419202076123,4.15789594251672,5.07906065646668,NA,NA,5.67174654711218,5.78278701468323,5.52491437485634,5.28012527088247,4.09217159809556,5.32256443543299,5.37869074459916,5.53251993031958,4.43797265851075,5.0482253253254,4.94785043035441,4.67068739114259,4.95439639741282,5.18389484293457,NA,4.84367900863469,4.93237329313023,5.04691304921833,5.3282284518526,4.48716158612518,4.87274858442655,4.59944315880136,4.54395910511482,NA,4.27948922644117,4.34856780176489,5.15149667058699,3.89103151282402,3.49276666181287,3.80396775610088,2.89156466236901,3.85392333437436,NA,NA,4.17844820386716,3.37079310078245,4.93215011284784,NA,3.97169266477386,3.95988114569261,4.34924162179989,4.32064226805284,4.25322194837296,4.20581589268402,4.17520659786528,3.84065987020446,4.8480603703432,4.24538814271689,4.69964541479387,4.26335593837899,4.01905426238534,4.47316961667822,4.2701824335677,4.33719304551706,5.16552933910983,4.77654973157323,4.87179758855665,4.74785043335456,4.57544604958295,4.85078812907495,5.05905579086162,NA,4.99904433983733,4.83744309940395,4.54105997913769,NA,4.92502298072616,5.23352692832268,4.79184840035352,5.64366628276566,NA,5.07450874344084,5.05545456072143,5.75390799839393,5.47883034302767,5.75229853093042,5.41291294237367,NA,6.05408852039863,5.29310503499031,5.48830024933246,5.26283522779123,5.10761729497155,5.31001274062159,5.25983156049905,5.10389580943766,5.20502052322693,5.58292843309378,5.37737719468277,5.11380930373919,5.53780399363322,5.57364138843562,5.67632032734228,5.31316230252578,5.52803795892761,5.04821145672436,5.29222602110023,5.33849777990337,4.97072489966131,5.32969547193929,4.84635716820908,5.20471643326217,NA,4.96460013653711,4.4373376487572,4.90127619132555,5.13176455638298,5.09183294256919,4.19085387425367,3.97280244404745,3.56195175930018,0,3.31814467919027,4.60402090381489,NA,3.60771863515297,3.81785498153587,4.64976738028804,4.26862589272971,4.55737004586375,4.33583583261775,3.82932514564824,4.09154110573309,4.31017952658274,4.56016328752126,4.43532966242246,4.36022209178108,4.00768994903088,4.55864138987949,5.02691108125086,4.59860655605301,5.39797927232812,4.67377130733026,4.82541670071995,4.50640859297908,5.71130156765543,5.2318593366232,4.51462748193027,4.40553296652096,4.71857001485537,4.67824025501521,4.67291340168797,4.26627524257922,4.4805326461951,4.41270657692295,4.50526600140248,4.37813214838595,4.12541986688709,4.51781966171582,4.85486445090466,5.51698840652966,4.84719603857441,5.37232154264546,5.7443053582638,5.5014885063464,5.54333236554782,5.13044242028055,5.58768225731674,5.32194365408462,5.25806192857896,4.77959956239307,NA,4.89878280727164,5.35383513005205,5.49177840104362,5.415126590423,5.29497818043412,5.31992922029183,NA,6.11120100891895,6.10237604750643,5.94482470467141,5.81332642316908,5.96708420928391,5.73617226236345,5.79768216539712,5.48295164612625,5.53353584786889,5.54734169684626,5.31899686070046,5.65728318652583,5.30711778650539,4.90204231407101,4.89100474984739,NA,4.50513761218722,NA,4.91945064058808,5.03009131444715,4.53350469684014,4.52816514594276,4.64794400281799,4.85639616819756,4.72737552873408,4.54964137721679,4.25443164581767,4.23740507890446,4.24225784932361,4.78188380349722,4.4540583127856,4.53748170727302,4.62212680528634,4.64925128414733,4.5434908352544,4.06881258820983,4.98094409507997,4.99779535576324,4.02926509083504,3.92007774976527,3.54252305278243,4.14364053656426,3.91221579846153,4.32220599899426,NA,3.85010149727692,NA,4.7342144121393,4.55769236457726,5.02923667347633,5.11149222773916,4.20148016284897,4.83342489230852,NA,5.00549564953801,5.5204849208296,4.1627626418045,3.81699004540677,NA,NA,NA,3.92009916035704,4.81074975296681,4.57206272299907,4.29126069209673,NA,4.02703065886703,4.81233135443096,4.09296227321579,4.28206418696839,4.73940501018748,4.19487126217859,3.9983208618237,3.6179285788953,4.04527155616379,5.53634714164733,4.3820743898139,4.73799869490162,5.29933852257174,NA,4.58234334761002,5.28132603139618,4.76418586780466,NA,4.64783097450647,5.06044439332725,4.91513124092129,5.23697999854535,5.44091544039767,NA,NA,5.41792802178572,5.70311955011429,5.64654215080376,5.65427298552347,5.50938286911047,5.69931955127909,5.4489733815397,5.18604063188604,5.60215456517223,5.27085502917102,5.24793200741077,5.38685425810929,5.10831477071708,5.24367674992815,5.84360041871268,5.2081384759957,5.08189936162481,5.02373059545191,4.80597507140343,5.1062382181202,4.62878145776994,4.6128798499949,5.16468748749023,4.72989329048395,4.74126608852554,4.65536951350827,4.43298417987474,4.56327676742749,4.42427563921721,4.72286601720951,4.75755755953821,4.26244107300492,4.83005723924597,4.53142583128514,3.7000980259497,4.03941992241111,3.07317322825366,NA,4.73000164272495,2.90589624491154,3.17742778326878,3.4241162954085,3.73424698462716,NA,3.57461550017676,3.58339348533779,3.50842087541735,4.13735140424276,3.35770357379348,3.844503239364,3.80947092087727,NA,3.6711540808667,3.31715520323479,4.05977029365943,4.69733316278043,3.67826070083985,3.94466757359658,4.06968432739902,4.00390922939808,4.60942718619239,4.31076518598481,3.66455703841167,4.00593156107429,4.4620379779782,3.98427192399083,3.88827669664249,4.32495615224472,3.76933408774236,3.6501728733723,3.69907843264063,3.71166164066336,3.99510007451988,3.62322984030432,3.50317990278643,4.23691577011247,3.93354502941122,3.71786180272869,4.42762810066363,4.63799038977561,3.99596790480335,4.46639464112925,4.69280572294894,NA,4.87823268129147,4.720679876057,4.15828846396052,5.0577161217719,4.7499643518454,4.91717452985869,4.88102583188299,5.05739523280562,NA,5.04593529204311,5.46722606451347,NA,5.28434881387053,5.62526822976346,5.47140605625234,5.13044425686307,5.2449015293054,5.44281637842833,5.4494974941278,5.12249563077945,4.91981668490478,5.3163153150053,5.21608135533711,4.85835804597061,4.90664126898551,5.23300119214222,4.68787424812102,4.86243895710482,5.07622390526588,5.42293958199228,5.63059499209645,4.86179524655977,NA,5.28980590123951,5.01885540714138,4.77846663327544,5.82434395108611,6.36869715810797,5.11553682517186,5.6232113155948,5.85566031884999,NA,4.60800763835387,5.24264321390688,5.33903472029271,4.89497009179067,4.61570336042622,NA,5.85446542112139,5.48506778799948,NA,5.1252951381969,4.27472046172808,4.14347729058022,4.58142522708549,4.3091648836084,5.17190393680106,4.12339487297416,3.58465758939872,4.23549544059854,4.31036649255949,4.26201954316092,3.6624806789515,4.04679333739724,4.02927984962155,3.98142909124529,5.02709839493872,4.75567904516079,4.776197072658,4.79340178450917,3.7643641434351,4.4055583840505,4.34412978699481,3.72272738064718,3.50860803798911,3.46337074225098,3.68293279407343,3.70377653167009,4.01239098209147,3.6414831920983,3.68357775247319,3.74104402891656,4.08216912705272,4.40313400588047,4.43957071313524,4.77666610727453,4.28616995564452,4.90788671248543,4.95275488976473,4.68988754083505,NA,4.71147174615208,4.89567260762132,5.02038443747901,5.12571273641392,5.06220236595982,4.8190845513321
NA,NA,5.84690189415353,NA,5.52028767719718,5.79614432908688,5.53653151865543,6.14470396596111,6.56045978674699,5.6688054612738,6.01691487805901,6.36567539747053,5.44478228292698,6.01586707267319,NA,5.97187560812508,5.91011145584402,5.96119669864555,5.85925331188533,5.69058010966469,5.42674058639639,5.919208366747,6.1885594554249,5.35794057709271,5.59374437037866,5.52707322429913,NA,5.36501615434697,5.31213685036485,5.22650440333812,5.15977529755133,5.40031116317109,5.33713562400392,5.0803469239057,5.03041292582707,NA,NA,4.8989489283317,5.22848908306172,5.34726387655565,4.78742270909097,4.83561452734804,4.514553413757,4.8412069770477,4.0173342074912,4.56142781238551,4.9967947273319,4.89100359179401,NA,5.3195628173161,5.42493556832105,4.39494092570188,4.53976499193978,5.78825253156578,7.20415807116265,7.41781994731611,5.39263844649423,5.9138140535509,5.05796256661423,5.1889248092313,5.74773162202974,5.66585920786437,5.30298720068408,5.21284593580163,5.08454254622426,5.08528998839435,6.33017939422901,5.2449198315358,5.72749218593601,5.18439981906589,5.56995610641748,5.99429503717921,5.09872947601031,5.47421114433543,5.20272080075172,5.26038454813829,5.24802436983209,5.67543073048573,5.42327332177394,5.29121701757251,NA,5.08800202900479,5.24085195659024,NA,5.49834400048489,5.64458071629937,5.56008359424619,4.89172713051319,5.41893579687325,5.23527506175925,5.6926770148699,5.51591016981848,NA,5.64847175073905,5.46312300549934,4.84670465988422,6.15919488908239,6.03647693243261,5.90896735975311,5.98119923175548,6.09447692157378,5.62099186737433,4.95697848882625,5.67717692715806,NA,NA,6.26363339056399,6.24155792630367,6.04856870664805,5.93384258543301,4.83512599207279,5.992533501907,5.95895126433633,6.01567894327754,5.15904556428875,5.50665116051862,5.49963289320619,5.20842434331118,5.54285418787801,5.82032051894082,NA,5.62587244363327,5.67551913420697,5.73340991333007,6.23545140269589,5.22566111857611,5.64695523942736,5.37928739326704,5.26672830440815,NA,4.86630987554711,5.08589905065005,5.99968518259746,4.81449943251314,4.29475561761056,4.54467983189804,3.87143964845735,4.61451035605901,NA,NA,4.87389244048296,4.17513613978742,5.52561939917711,NA,4.59124500763462,4.86658682522285,5.20026862926317,5.23988556099355,4.84467015967091,5.21125662462145,5.13033466403939,4.76714795180601,5.60001913936672,5.08304151859218,5.82654866713148,5.28955812469416,4.73322458357804,5.29312117647412,5.04240719366231,5.06428370708968,5.93724794146398,5.55941269760517,5.5558161552976,5.52659532448408,5.38354713210022,5.6438186648849,5.86277902504493,NA,5.73132645027039,5.54824494287027,5.34063931024075,NA,5.73154528601444,5.95103616380602,5.45509281590849,6.31526582080249,NA,5.78084612603988,5.728490617067,6.26485100641758,6.0717930561718,6.49075992420607,5.99453976874677,NA,6.62886394514628,6.03198029830723,6.06114942106986,5.75902734789037,5.6260125857125,5.91431908411713,5.95707432937975,5.75864084548554,5.76369451501435,6.17783249249188,5.94046614033969,5.83003357401881,6.30614147029464,6.30008165900044,6.37722953313037,6.07942801430822,6.28136519693978,5.82744937926254,6.07742288283689,6.11955531427449,5.5768497149263,6.09517238030495,5.64390898596815,5.84630463503759,NA,5.73175250088848,5.17243550125263,5.37216616905655,5.49080369541728,5.01708187849578,4.26560455479093,4.07619134565283,3.71647313843028,3.31814467919027,0,4.79511003924717,NA,4.96260816487359,4.66859649941766,5.52717735447941,5.05963896273982,5.3517226049253,5.15281688585317,4.58086436995908,4.89889783951977,5.18477613035197,5.38227544239376,5.31653569083788,5.21027748939111,4.90971422175045,5.32650014132791,5.98638604972261,5.52227089310199,6.3751836960756,5.32817340217476,5.58055819024145,5.39958585468678,6.27305804251422,5.94102850035326,5.34349209334703,5.11277402042157,5.5864600670113,5.52209714675221,5.58722400883208,5.11780362559768,5.19937559158108,5.16910385146205,5.30306744412199,5.45626524467088,5.13421448776369,5.4278181945162,5.49413568506148,6.12873625628533,5.5712997820945,6.01012960744428,6.42798494021511,6.23778643751563,6.27499492148167,5.78964413914477,6.25790918725639,6.09425851230097,5.9700761933713,5.58483734788875,NA,5.45815838332112,5.97649526062593,6.11513238262268,6.0793817758171,5.97471714205384,5.93107662125675,NA,6.83698720036088,6.76270399232239,6.55767514956493,6.40383659957249,6.5845872516598,6.46524017350593,6.50972084625414,6.10273806053379,6.18150790638227,6.18038567254735,6.02701761912402,6.38000132258232,6.01116009745485,5.41816738494601,5.46565567579112,NA,5.21927206891748,NA,5.63674282239185,5.84625399619719,5.03178518095943,4.94067172717939,5.3362706570566,5.26593376874383,5.20588208392585,5.14239064700797,4.9116641949884,4.9685833580574,4.82351556046467,5.51751884453351,5.16489404565626,5.34873730023277,5.28922993819741,5.39778155590124,5.29287880895039,4.95018841839134,5.83404830820585,5.72396143136622,4.72261014989872,4.51641557281064,4.52352404775334,4.85347954658416,4.49530086237623,5.24082315078734,NA,4.45177763134789,NA,5.60290198359378,5.36032657591877,5.86201841994209,6.12850522639488,4.94156679226386,5.64002963074008,NA,5.33081402484861,5.96248591933675,4.69207464029207,4.65692979685297,NA,NA,NA,4.44486178432571,5.26194353334363,5.11016623273117,5.03520155349514,NA,4.69492151297118,5.44558640402415,4.80459710530006,5.06427532141549,5.43282771589806,4.98859594273453,4.65380208444477,4.26735064378721,4.8099322130243,6.2577841119552,5.15631577912431,5.30623777571593,5.7321773546029,NA,5.19412285632245,5.76259736155447,5.34768025737646,NA,5.17911857227049,5.63747462371746,5.46083847385633,5.76580900980768,6.00705285253179,NA,NA,5.92256236348705,6.21255907404563,6.19639745713461,6.1691479507854,6.00417431577408,6.19961274109714,5.92658506847228,5.73676025401777,6.1839025153735,5.82587924356405,5.7983098345855,5.8809313160548,5.65917535736801,5.87300770609712,6.46061705346187,5.66194912027999,5.55502437823609,5.47562406804533,5.22712735825209,5.52112723386661,5.10913743047924,5.02773374250045,5.59553745658927,5.13653702728293,5.19158479724379,5.12938428527842,4.75442927865319,4.93300634582102,4.87343581580829,5.12724714392712,5.23970615770863,4.6552099732092,5.32644675158612,5.13191046937885,4.26154445491848,4.53996251505776,3.40360424700859,NA,4.88196115452471,3.57024794998925,3.96377508084711,3.93599831335081,4.34866009372974,NA,4.13357859644775,4.13085247808471,3.98858155074332,4.7413205425604,3.91152058249392,4.51208714947984,4.37049696759779,NA,4.25670569299673,3.93318589453869,4.66858614387063,5.43481849761324,4.30794391962984,4.50671889356305,4.84755705687087,4.54941030787625,5.31607240074664,4.7804589277504,4.13303500899742,4.55257832019784,4.92264956810961,4.40923219116646,4.25165421572126,4.71891598963442,4.34765930733932,4.2404971035333,4.14288019671535,4.04485101502486,4.42985667896221,4.14581732509363,4.0019511249915,4.71923885938479,4.36243574489733,4.2777246393886,4.79848808208485,5.03117276093474,4.38144275450959,4.90923362186561,5.15972487928305,NA,5.34758095288013,5.19626944674637,4.54732258196991,5.48910805960235,5.18125045279737,5.36423829856902,5.33297386364473,5.50219730991557,NA,5.50706249585446,5.95624499228628,NA,5.73232571701098,6.09564680697368,5.92531590038699,5.51739832411126,5.7100212233856,5.89488733098794,5.86977803635117,5.53101567043189,5.32597380421264,5.75999343515393,5.63198507456484,5.29320491981747,5.30744668666721,5.63240854772921,5.0303786758872,5.20140028656702,5.35670201857206,5.68485887209128,5.95594917269278,5.29697988057104,NA,5.8775262812127,5.39822637003172,5.12961408460187,6.05309293018715,6.68178228363655,5.38130943673791,5.8443900405679,5.98929858140626,NA,4.85409017102758,5.60544686187697,5.36930270574822,4.67259516833004,4.79831222162755,NA,6.06478947085668,5.71209378635214,NA,5.56014914435105,4.75472655120846,4.61220753206118,5.12477806103348,4.76552062443271,5.51123594239983,4.78246487535328,4.02915451207191,4.73978749414082,4.76784507988664,4.69266560165852,4.1036642060556,4.44344793582384,4.44506060613732,4.41913979724538,5.45688116483998,5.072133998058,5.07783577211666,5.20818007551012,4.06525250054885,4.64758989315343,4.58898326255026,4.28188546859291,4.01335993675518,3.90656073967204,4.08557250020419,4.3529935105748,4.58746558377908,4.22636551488101,4.28783210690252,4.29640433042592,4.54443886746249,4.79453308373855,4.82528928647806,5.20223732678844,4.70436882650466,5.37293576158911,5.39814219092409,5.15697651526737,NA,5.10886155946513,5.31143064278229,5.48435056847653,5.60335356294308,5.48360817879957,5.26225243144441
NA,NA,5.86692390082319,NA,5.53798887593647,5.80229637643443,5.36464802742507,6.11595207100143,6.50390528236574,5.58814583166751,5.92495821772077,6.35092615981167,5.47613696591489,6.02852375171373,NA,5.89692534708956,5.82313676055483,5.97738011059534,5.71690407405161,5.68656082563498,5.45750783147427,6.11192354093041,6.33423134366599,5.42341144329119,5.65996350477854,5.57801270193924,NA,5.32915702599408,5.34400862599065,5.23886181962802,5.16800114706016,5.44069051689442,5.38749916837214,5.14688837151247,5.10896464184405,NA,NA,5.04807027089702,5.4004039563255,5.53193216414173,5.04177458221113,5.06012881969192,4.96661231013986,5.38927342225391,5.03569127771693,5.30348601291026,6.28260078518004,5.55970259022137,NA,5.9384255249365,6.65380907429552,5.611145616491,5.68745903060861,7.01256677171404,8.40013662181636,8.83984049159836,6.09405857792295,7.18179545086023,6.44363873178865,6.53455199470725,6.98396739953789,7.15620755384873,6.56914372307342,6.00831865008465,6.40973851500144,6.15658894226802,7.20737734061651,6.00059739454998,6.5025602184252,5.71288797331144,6.04128156272372,6.24490080697451,5.25118734994923,5.64338224384996,5.33169634433161,5.37904262826202,5.37726749158037,5.82510558383115,5.62307161303317,5.43307481114314,NA,5.19519170226656,5.3784423931934,NA,5.58672969114926,5.68376022649849,5.63544586869191,5.03044212542353,5.39843874122486,5.25688163113429,5.74613690091594,5.54407566151856,NA,5.68125608108759,5.49002348542186,5.00943754026476,6.20850480253714,6.06729352247684,5.96442796124486,6.01568624194467,6.1999755213627,5.74145526488444,5.18991691914568,5.74870379511053,NA,NA,6.26560107067615,6.21502549788984,6.14847200965013,5.99593170914527,5.10293463021998,6.10085300256134,6.11718437264746,5.75643892107218,5.25834899376514,5.65595828827676,5.64738577579384,5.27525891025306,5.70426939440181,5.99558971712591,NA,5.76825151944888,5.71288862344967,5.71809179719088,6.28952246434731,5.35319264182844,5.80170543499559,5.53098385703837,5.54694709034352,NA,5.30294603856415,5.51407688712371,6.27392089381974,5.41101094279949,5.0522473873485,6.20318589071437,5.26758659756594,5.1933492156266,NA,NA,5.26550275805889,4.86187126540568,5.81452337858273,NA,5.56758263125171,5.62147285982407,5.65078523887085,5.57915709877973,5.89933803893497,5.81535542113787,5.9687134924173,5.27574834240438,6.21641331099151,5.71672672018285,6.95171576297171,5.96578147892509,5.48194091489516,5.95928333838362,5.58728951119052,5.49984747786482,6.16127923762767,5.65877273277905,5.88016898119602,5.74154356891844,5.57055395446092,5.85726613509017,6.03465184401249,NA,5.77895774785747,5.57198511452436,5.33770923751871,NA,5.84799276039887,6.04865638918981,5.57045002101602,6.40923955415753,NA,5.77883640115388,5.47958481109597,6.27834368022111,6.03837167717484,6.41324105726504,5.98513366233427,NA,6.52850210250028,6.01795001645853,6.0063238093973,5.75851334301053,5.60038141250211,5.87914325441654,5.8343877250013,5.75219096146129,5.72388196967636,6.14729036005787,5.94940135798055,5.70371133570454,6.3082482503142,6.30697327943656,6.32860184615623,5.96531531150845,6.30214898441453,5.42315162995753,6.09119965608271,6.1157363503389,5.60100140758032,6.15127855289009,5.64598505058408,5.82112762748009,NA,5.77626936641648,5.2740041629875,5.56362135423744,5.6419119564439,5.65994025748201,5.23236935328326,4.14861671818172,3.71719461044873,4.60402090381489,4.79511003924717,0,NA,4.92161115507614,4.61266169562883,5.7570612079568,5.23374153390573,5.63070813593018,5.37780342151865,4.88539792663312,5.07301185085011,5.43769633432831,5.64401024974155,5.74249145068066,5.51587784979246,5.46186004237609,5.68929579446486,6.1473661852778,5.79456802141592,6.3644229053736,5.47755275991696,5.77085212310995,5.29798485432249,6.42813886381717,6.4133157530591,5.83882069526628,5.51010563240228,5.80913894229862,5.68578256596111,5.80045401057136,5.59599105619956,5.61276444778963,5.62834850546795,5.57312303100974,5.7973352565311,5.63487808633455,5.72452349708189,5.88258953433612,6.37158620270822,5.91980969314353,6.24724947056025,6.51580650725326,6.36081794651383,6.34689437379553,5.53268984181428,6.29172338557586,6.08671550589705,6.01017459671736,5.54651048956258,NA,5.4711880353227,5.75467999615292,6.07413893712525,6.07534035596057,5.92234104797524,5.93871655783979,NA,6.84256545294323,6.43030038615567,6.46062312407297,6.37442824609781,6.59712661562825,6.53393253546572,6.47727415179212,6.07050329128085,6.18828036653073,6.20100733547004,6.06920928089009,6.40685420372535,6.07273944893776,5.52549195791087,5.45233629291857,NA,5.27194470611836,NA,5.72796743780991,5.97417193740293,5.16546386307977,5.0496794431433,5.4260316238686,5.40515931271853,5.30000155351686,5.1347033566816,5.05745290957679,5.13806841972831,4.80906846127425,5.49465232017349,5.16747891577431,5.32991201741508,5.42916330551237,5.36044175549872,5.56387614732031,5.02996450242146,5.31885658291191,5.75747290728559,4.89343981225927,4.68217447207025,5.16798045886319,5.3208934982731,4.7895306402749,5.48118265000827,NA,4.94263709627212,NA,6.76528427939393,6.17847610544451,7.21272704492501,7.08703749820338,5.40038942457781,6.47428646105166,NA,5.37331578414414,6.0997746887789,5.21741724619064,5.18927221996739,NA,NA,NA,5.08349894683651,5.4957147025475,5.47213439864691,5.3893322867371,NA,5.08543426568573,5.9378796273134,5.24114649738487,5.56774780501777,5.75763726152041,5.53420386782733,5.48583393617951,5.09466193344511,5.92377485666637,6.67447359976656,5.56017929853026,5.45272587467268,5.89831072352412,NA,5.58793242397561,5.70116206819276,5.67717690459071,NA,5.43482865734323,5.53206676590555,5.60326924330895,5.85967273334019,6.06170397453507,NA,NA,5.92725439502386,6.24801762186596,6.22546795706455,6.18561295747101,6.05250878822257,6.14708437468012,5.96467997869147,5.79382125201259,6.23550788392079,5.88485151767457,5.87439502270716,5.96011216840003,5.74807069162344,5.93853333531979,6.52378184770067,5.70280988683863,5.60088902630715,5.53176475098541,5.31816233622095,5.74764556454639,5.35643183656838,5.29871358711664,5.78931874454656,5.37158776231445,5.44045579157224,5.0937465551393,5.12372125731295,5.11052937007744,5.10948171579547,5.35184707404815,5.29659640460169,4.90863532283846,5.02417937062983,4.72711117730512,4.64575728944832,4.66545285776348,4.38267878267077,NA,4.91305577095648,5.06164779109647,5.00116217865454,4.85054224728069,5.20610160154164,NA,5.33966330331506,5.14178711193849,4.94552602745316,5.59545856700948,5.04459216268087,5.53580155068425,4.84520455521625,NA,5.53295778230969,5.40837387951533,5.54747422410841,6.60763181422179,5.15535019655593,5.32000944153361,6.02504444377645,5.38086462352617,6.6307161731755,5.94445271190948,4.5814857483295,5.41966519889193,5.61364616434522,5.42316223522116,5.18604265265115,5.5677564657984,5.76515337515347,5.42756280725595,5.52548259350631,5.36680019131131,5.53090748277488,5.3198123971033,5.09663525736469,5.10627292347549,4.99286621190217,4.95285612186497,4.98123955497137,5.20926347287798,4.85008166609231,5.14160980664606,5.30929287269594,NA,5.4015449425907,5.28848189466697,6.09625927799764,5.47304966934382,5.18276993795963,5.36718830902258,5.36028029488563,5.5223270467724,NA,5.50681812511057,5.97958311859973,NA,5.76282373952136,6.10219760663876,5.94143077103948,5.57915264186473,5.77356951740071,5.98163088426388,5.90970760266356,5.60424524011155,5.43180797617637,5.90362003512573,5.71142850608816,5.38523387617752,5.4102239981303,5.77974585155156,5.22554512820292,5.4258429695084,5.52986244803438,5.744188889422,5.62267524014662,5.44422862641401,NA,5.86553595309444,5.54210066786928,5.29182837046868,5.98575279600105,6.53020675400271,5.28035626884112,5.7474984304802,5.78633601824656,NA,4.70354086277205,5.51701644611529,5.32815165873475,4.82354011991399,4.7551835710849,NA,6.0230229390288,5.59022055378464,NA,5.54009389267471,4.81167574371259,4.6054728839444,4.88728488960779,4.91564542983909,5.56911529485112,4.90437741005939,4.32318957081244,5.01524179834133,5.16567321309016,4.98331038645373,4.66870732491374,4.9369766581617,5.15821988001518,5.19631555469404,5.60877868067207,5.22922744777143,5.29438244698809,5.50248180991651,4.99459959230101,5.06453524269594,5.69467006684437,5.41413134481031,4.91091231457862,5.35538553769489,4.86351865187825,5.27770702253518,5.23582869456438,4.82946610570297,4.94588502612927,4.87095603003854,4.88128956183015,5.08141627665583,5.07352061748377,5.35582699747617,4.98879640400324,5.53023281514943,5.4618408992834,5.30461822121346,NA,5.19700198563962,5.34473850442469,5.5368118426419,5.69561247819462,5.63559701760236,5.38466793695184
NA,NA,NA,NA,NA,NA,NA,NA,NA,NA,NA,NA,NA,NA,NA,NA,NA,NA,NA,NA,NA,NA,NA,NA,NA,NA,NA,NA,NA,NA,NA,NA,NA,NA,NA,NA,NA,NA,NA,NA,NA,NA,NA,NA,NA,NA,NA,NA,NA,NA,NA,NA,NA,NA,NA,NA,NA,NA,NA,NA,NA,NA,NA,NA,NA,NA,NA,NA,NA,NA,NA,NA,NA,NA,NA,NA,NA,NA,NA,NA,NA,NA,NA,NA,NA,NA,NA,NA,NA,NA,NA,NA,NA,NA,NA,NA,NA,NA,NA,NA,NA,NA,NA,NA,NA,NA,NA,NA,NA,NA,NA,NA,NA,NA,NA,NA,NA,NA,NA,NA,NA,NA,NA,NA,NA,NA,NA,NA,NA,NA,NA,NA,NA,NA,NA,NA,NA,NA,NA,NA,NA,NA,NA,NA,NA,NA,NA,NA,NA,NA,NA,NA,NA,NA,NA,NA,NA,NA,NA,NA,NA,NA,NA,NA,NA,NA,NA,NA,NA,NA,NA,NA,NA,NA,NA,NA,NA,NA,NA,NA,NA,NA,NA,NA,NA,NA,NA,NA,NA,NA,NA,NA,NA,NA,NA,NA,NA,NA,NA,NA,NA,NA,NA,NA,NA,NA,NA,NA,NA,NA,NA,NA,NA,NA,NA,NA,NA,NA,NA,NA,0,NA,NA,NA,NA,NA,NA,NA,NA,NA,NA,NA,NA,NA,NA,NA,NA,NA,NA,NA,NA,NA,NA,NA,NA,NA,NA,NA,NA,NA,NA,NA,NA,NA,NA,NA,NA,NA,NA,NA,NA,NA,NA,NA,NA,NA,NA,NA,NA,NA,NA,NA,NA,NA,NA,NA,NA,NA,NA,NA,NA,NA,NA,NA,NA,NA,NA,NA,NA,NA,NA,NA,NA,NA,NA,NA,NA,NA,NA,NA,NA,NA,NA,NA,NA,NA,NA,NA,NA,NA,NA,NA,NA,NA,NA,NA,NA,NA,NA,NA,NA,NA,NA,NA,NA,NA,NA,NA,NA,NA,NA,NA,NA,NA,NA,NA,NA,NA,NA,NA,NA,NA,NA,NA,NA,NA,NA,NA,NA,NA,NA,NA,NA,NA,NA,NA,NA,NA,NA,NA,NA,NA,NA,NA,NA,NA,NA,NA,NA,NA,NA,NA,NA,NA,NA,NA,NA,NA,NA,NA,NA,NA,NA,NA,NA,NA,NA,NA,NA,NA,NA,NA,NA,NA,NA,NA,NA,NA,NA,NA,NA,NA,NA,NA,NA,NA,NA,NA,NA,NA,NA,NA,NA,NA,NA,NA,NA,NA,NA,NA,NA,NA,NA,NA,NA,NA,NA,NA,NA,NA,NA,NA,NA,NA,NA,NA,NA,NA,NA,NA,NA,NA,NA,NA,NA,NA,NA,NA,NA,NA,NA,NA,NA,NA,NA,NA,NA,NA,NA,NA,NA,NA,NA,NA,NA,NA,NA,NA,NA,NA,NA,NA,NA,NA,NA,NA,NA,NA,NA,NA,NA,NA,NA,NA,NA,NA,NA,NA,NA,NA,NA,NA,NA,NA,NA,NA,NA,NA,NA,NA,NA,NA,NA,NA,NA,NA,NA,NA,NA,NA,NA,NA,NA,NA,NA,NA,NA,NA,NA,NA,NA,NA,NA,NA,NA,NA,NA,NA,NA,NA,NA,NA,NA,NA,NA,NA,NA,NA,NA,NA,NA,NA,NA,NA,NA,NA,NA
NA,NA,4.7276385852873,NA,4.21544094891313,4.91964410941249,4.51483848312548,5.40553981575777,5.79493274306464,4.57402286222045,5.17669365888088,5.41229633532723,4.19033636030182,4.72955188573683,NA,4.80636835584035,5.18597322179995,5.17535115920877,4.83316918393215,4.85018995359005,4.31428963563481,5.16404911030223,5.35268298392376,4.22131753906458,4.61480750636281,4.57271475258654,NA,4.3173111314534,4.3129163454244,4.4414268390425,4.17715548607601,4.19744189184546,4.14905511005574,4.18630573821967,3.96640739802965,NA,NA,3.88326528163587,4.07986797654157,4.09869866309336,3.91025837516142,3.82756556970772,3.80476740924598,3.89636703191737,3.94333819543296,4.07299443270907,4.90672854271268,4.12230312514507,NA,4.542257589364,5.46590713355401,4.44836960589916,4.42947823685102,5.53778907495548,7.02342946844807,8.02063586491959,4.99384446412984,6.1919233969423,5.41521710107769,5.64476071780129,6.25940070045858,6.34955859758231,5.81235845381023,4.97900229674882,5.46965002559516,5.16683354991803,6.23404561844598,4.74393542430708,5.20921786105283,4.33879170462725,4.53151916235293,4.78718614669452,4.03271690139878,4.40861620408456,4.07341689475354,4.19906824114082,4.26266924441012,4.53580648159133,4.28928143298467,4.22823055456457,NA,4.02957009181338,4.12684424955981,NA,4.46431273943964,4.59173588030439,4.55408614861605,3.81724781049177,4.42976730855615,4.22101696876569,4.67697750219169,4.49532515577992,NA,4.61701953661391,4.37803950948364,3.77594539865046,5.08236158534045,4.93624586718097,4.80118192519451,4.84099823132771,5.1248598103733,4.55766781160236,3.82538509613411,4.45881247642851,NA,NA,4.99593780413186,5.37180161887405,5.07676640138069,4.85917995472516,3.83150053624874,4.84929588743544,4.85486609562568,5.36105207508674,4.05130158412746,4.6868199227644,4.41917376777561,4.13044945008117,4.67216015857355,4.95930288422022,NA,4.4897046441951,4.30982801235754,4.38590260501865,4.48154569963559,3.94680163414919,4.38886935054844,4.17896722301791,4.32821135410047,NA,4.2338615411767,4.46030872632735,4.80955210608388,4.09971388086278,3.95223820769653,5.58065591967582,4.27473231203682,3.81442975339995,NA,NA,3.85706792103728,3.52187605181318,4.47901944892084,NA,4.44837337939599,4.40721370410065,4.24153085222101,4.16988207414569,4.62339207554763,4.55311427722144,4.66053305673384,4.0431426430332,5.24657024620591,4.61309847802547,6.16443160003039,5.16335201609579,4.49057636259499,5.08799165668916,4.45788281770882,4.12009723187905,4.73910720758082,4.38154276551564,4.65337737302053,4.26983872231702,4.33719311765378,4.44612418850902,4.51350891123053,NA,4.4729790976747,4.30804696972773,4.26815465417533,NA,4.34009002582615,4.70400041016318,4.37625453855217,5.05201643396874,NA,4.46836857964962,4.42069594005344,5.063827732019,4.80331755437274,5.14530776257219,4.59448266779938,NA,5.35635185652044,4.58255563771146,4.72705631411996,4.61729168132076,4.22151207761443,4.31482289484619,4.43744423490526,4.34429987900625,4.34791153139131,4.87558520860651,4.47525842606152,4.32013103705139,4.70467028438574,4.96430822752621,4.84806753347129,4.42831159653049,4.75757695318764,4.46165576562495,4.69834203269188,4.76784387977935,4.26281751875946,4.64072269517443,4.2850728121305,4.53237978884677,NA,4.49986781531578,4.07325542984733,4.61132886691898,4.89719146106293,5.35929881998599,4.72317621694872,3.90659775373034,3.65054990328928,3.60771863515297,4.96260816487359,4.92161115507614,NA,0,2.55320877846636,3.29210430258333,3.54974649592543,3.88483136280675,3.83385060095174,4.083042989065,4.0175226387771,4.16153022870993,4.28742974365813,4.43019131484649,4.4081191330308,4.46952391367606,4.34416751986473,4.84791183485556,4.55752441641729,5.02157132546435,4.33186342390255,4.53942066674817,4.14396213309793,5.1278266329788,5.29939476678633,5.0167425322462,4.16864929808199,4.18124007801567,4.48352453157821,4.61442351732013,4.63856485389523,4.67693095930677,4.55934876487943,4.42487821114837,4.59392102068238,4.3023164877134,4.32111095020294,4.49051643623629,4.98579192996687,4.53068578257751,4.88068339097967,5.42920789066099,5.11395459958675,5.1877153164311,4.73576355621291,5.11247809733558,4.93745489138528,4.80055866041794,4.30691683693045,NA,4.42321324171374,4.53296081212358,4.85043663080998,4.85022025695965,4.66833668141463,4.48691772127829,NA,4.95763802821423,4.89329215610455,4.80907295371112,4.84113744513712,5.1687848363535,5.0624308908046,5.22504726266737,4.8537875205143,4.94651957425558,4.98219167719952,4.74858591751525,5.30740441526437,4.69792169169033,4.31229534847278,4.26427883365214,NA,4.0196928119735,NA,4.43758002165462,4.3807002141578,3.95342148723395,3.87822208831727,4.51064735730793,4.5741840920861,4.24548718255612,3.90787851279937,3.80759456863536,3.70032389827846,3.56938436275724,4.04350472120458,3.7751094213226,3.90645165744287,4.00660244380947,4.03702935476747,4.23872352075927,3.68587301231058,4.55201777029974,4.64587709299026,3.7906517844175,4.02138043769943,4.15522030734249,4.05890478843991,3.55873744157009,4.08061555424984,NA,3.96436681536726,NA,5.93419711221886,5.0837309990362,6.31812861810176,6.17516797797798,4.12386352863207,5.33145781885922,NA,4.70019074531719,5.3695647712047,4.19707740195348,4.05111319414055,NA,NA,NA,3.94884000762225,4.26294866197191,4.08173283605503,3.83469067654347,NA,3.92733528002164,4.58845226741597,3.95773763639993,4.37866459246529,4.32392173361251,4.2709170903612,4.26106250638817,3.92106352546463,4.89854721493604,5.57053748725851,4.53931199494928,4.52294566178843,4.89153772452721,NA,4.25245244067704,5.03092961766356,4.18719751400976,NA,4.14659594106477,4.52503659191355,4.29040563857261,4.5902709943379,4.72549101515197,NA,NA,4.76969903526298,5.02415233336124,4.94027009269425,4.88626813436997,4.75344014430822,4.83118803147035,4.66465550299407,4.44053694820337,4.8379782663191,4.48685704885187,4.56973653057128,4.78619241908107,4.42796473310312,4.53973365358736,5.04002528478448,4.62032597899877,4.53377427545787,4.54255985838993,4.38077932306057,4.70357106294319,4.33839105219981,4.36013965797945,4.82960958152209,4.34199612595035,4.46173913094461,4.3262433163608,4.26603350671426,4.37023870861645,4.12236144390669,4.61084503498306,4.39605355139693,3.94271953736448,4.82274427585041,4.03554294840807,3.64767231197976,3.81126955174131,3.88183994109121,NA,4.73237911906782,4.42321896665667,4.68494273594427,4.16173743281064,4.18668912837237,NA,4.48073876197973,4.09512156261793,3.9852296806807,4.60092776583082,4.41386528115939,4.40412025831584,3.71345414321007,NA,4.58888547397375,4.52244905574705,4.59099526715856,5.99119472714884,4.22612517220026,4.43764891240756,5.13982094730295,4.32029077770252,5.7791129153316,5.18640045686365,3.65376312719018,4.74060884748892,4.75862301084167,4.55056354448623,4.41009493653228,4.84159579228884,5.07701766633725,4.57966942198215,4.79019210937718,4.94443766306116,4.8836162387216,4.3607087375723,4.06294812888814,4.08076913435098,3.94096976542991,3.81912458224057,4.17681626804184,4.33340311629997,3.98344716686982,4.18622773608334,4.35471115197833,NA,4.29887017882175,4.31479188895457,5.49907538798422,4.50971084432362,4.22225606509046,4.37309626784005,4.47186193479317,4.43191567527054,NA,4.4381938408803,4.85149813026001,NA,4.62688401698217,5.0162659125174,4.83167509712657,4.51677165663973,4.57137590322771,4.63017979893287,4.74557450849193,4.4604334315998,4.33949930935236,5.00733427252155,4.69615682328452,4.37489000298552,4.60513273509504,4.78935645990417,4.30257506365597,4.37360128573061,4.66101637087428,4.96843912915272,5.27053710254547,4.45042766596455,NA,4.69657703984924,4.76790034946718,4.49261406920414,5.63738056835506,6.27494858194725,4.82709010477327,5.43710230305394,5.56223297659607,NA,4.32485073978505,5.02692160599979,5.09755010966005,4.62466832708521,4.13851832837001,NA,5.60600672523791,5.17488154664951,NA,5.00521802464534,4.26936226873718,4.16378413284805,4.69046331391533,4.26563254826016,5.14039669425256,4.0526470304075,3.75931968762505,4.36554217118819,4.58821225058292,4.43381183094077,4.30667847089031,4.44501598845861,4.44218390155763,4.54632243616344,4.55892781683727,4.66042539854031,4.39137794209401,4.39847664942968,4.29643859318659,4.6347651853116,4.78356870698573,4.46515400525862,3.85302398439299,4.51863647003403,4.01119773469234,4.41558112075053,4.04419202874962,3.8357188955947,4.01748722889707,3.87616732092659,4.0026793275187,4.2184131216902,4.08017205239591,4.32223645365234,3.96372592862937,4.33780972237908,4.40114402229082,4.23363468204719,NA,4.22684683863612,4.40258550132443,4.49554856021785,4.60356985453812,4.56597631830504,4.36987309184916
NA,NA,3.92211410597009,NA,3.52683782846046,4.09118092288454,3.60784925527229,4.59815193864531,4.98459430640429,3.84784005918732,4.49639258934275,4.76183973430247,3.38953297116823,3.91833178896604,NA,3.78597401673472,4.43829150495917,4.18760698036524,3.82058974280906,3.9938404751307,3.36011915794348,4.24752102419758,4.57454713902184,3.20804872496909,3.62586651755069,3.5644601637069,NA,3.41153289575767,3.32339062208111,3.57478128718576,3.08465918503122,3.07784767576602,3.06197796068363,3.14476575065233,2.94527407632454,NA,NA,2.85966472637004,3.23607558333678,3.26369992862617,3.0185914863383,2.91858583005002,2.89408157824246,3.09894064110637,3.39697095369082,3.518140604185,4.60523762629991,3.53442894678475,NA,4.0455947306088,5.15371089803549,3.969729371484,3.90365538523304,5.65828489547224,7.32469992626951,8.03244881885606,5.02842496169711,6.31693416704967,5.34637504315164,5.48733902394731,6.13292372906336,6.23784549954196,5.5635866228159,4.76578755033052,5.3060808705375,4.86590620423011,5.96344176604436,4.29705365026979,4.87361993776145,3.85167258602688,4.03780520641215,4.21023427913573,3.08344436607904,3.48422653868991,3.15053002698911,3.38241243591253,3.49551890937553,3.7865237383235,3.48270592742719,3.29165589689911,NA,3.08146522280532,3.30357072853061,NA,3.63253543729081,3.82124542860477,3.72377420832056,2.85571358423861,3.66544432461915,3.31109951887898,3.85007254461102,3.65508487955248,NA,3.76319644096896,3.54098423400683,2.85465459493316,4.37520517319589,4.20344248594693,4.06927570939364,4.03001522036009,4.36827695345621,3.88225545819844,2.99761872944228,3.54823459236013,NA,NA,4.08394233124629,4.47698953530716,4.18638033260537,3.97760176620842,2.91426665178328,3.9397985123848,3.91562003673302,4.52575626361493,3.00161377755495,3.71721107466864,3.41221664812334,3.01832264862089,3.64275882145149,3.92379632168844,NA,2.96211047171512,3.33296223322179,3.31389323409098,3.70397517269054,2.93506883349325,3.54564174967646,3.28678685829328,3.49452461426523,NA,3.69359670431057,3.75245572779298,4.18534748566719,3.51306494487332,3.37002916407398,5.42453778917511,4.11084206048991,3.10407838185642,NA,NA,2.9651417551512,2.814891865877,3.73817494263244,NA,4.01835453893843,4.04356124539376,3.84389189810461,3.69685388686802,4.0917391978405,4.15155020207417,4.26865223119441,3.29110536392867,4.58444351050718,4.2885444496194,6.16452035593148,5.10144166081919,4.05091566894035,4.63616377848126,3.782040159037,3.48899884498525,3.98313571937029,3.67086986236528,4.08534874020228,3.49799731502337,3.6344860839592,3.65642659702042,3.70004446424186,NA,3.86998644536723,3.62397993020113,3.47993381355528,NA,3.47036475331402,3.74135735094146,3.50482047298461,4.20207718264501,NA,3.56849302141844,3.61617949908695,4.18775615933164,3.89249805509585,4.27065326278132,3.81997371442305,NA,4.57586147772018,3.71998944828974,4.01269716135148,3.71966111364742,3.47417623685463,3.67996615245604,3.76686394613549,3.57566410556608,3.65178610792464,4.0594236733379,3.76005462205172,3.52380731426793,4.00197450771797,4.08029611086465,4.03283629531072,3.58928817247331,3.78326846839587,3.35828615343603,3.76554581252509,3.90804895096071,3.31257163165674,3.7707317294141,3.25175829265753,3.46515227111765,NA,3.64509960797946,3.20499929664033,3.80597203673078,4.03580989960463,4.76570450906999,4.37026269946611,3.42286740923523,2.99416806625338,3.81785498153587,4.66859649941766,4.61266169562883,NA,2.55320877846636,0,3.4708795576996,2.5214685265497,3.10149263844708,3.22866317899337,3.45476551043936,3.35801793535499,3.36138215832307,3.55039208313654,3.80098655119427,3.82959066069853,4.07043314707201,3.41664524181718,3.99185280269546,3.85396456071273,4.16658746119147,3.27262977703679,3.76418730989116,3.20702651779911,4.48469858764045,4.73939609744939,4.4849398143755,3.26311462858436,3.36222585118603,3.61044261965651,3.91476754617684,4.02300148971557,4.03846842987588,3.95520622566826,3.51762044935264,3.92261346450131,3.60623137140714,3.63039515207464,3.73685514077736,4.3849016061725,3.80787517761568,4.18916196549179,4.74291028489415,4.23253327691667,4.29683215404116,4.00983179540551,4.30767879531192,4.05742565672174,3.80613458560964,3.35813667207248,NA,3.36541510830924,3.73073789775505,4.00041561891683,3.85700957559473,3.67083098973244,3.55993125748505,NA,4.33733152940203,4.42472570001542,4.20450159622727,3.71639524448827,4.24479548503659,4.08476319256072,4.28751687265441,3.83291250169002,3.87188477465638,3.95576664444586,3.61704450564366,4.10382425614399,3.70496483283182,3.3071465698272,3.09962057993451,NA,2.74304373913466,NA,3.46854806637173,3.00354127872545,3.0670494636167,2.91468661931075,3.37484807743145,3.59441089116248,3.30560757466587,2.97088166390371,2.73562516620788,2.69221624016777,2.5128363394041,2.69185270987148,2.41646824350225,2.95679822387375,3.33726045225321,3.18309710650817,3.36011880997118,2.83074421894804,3.70790188731249,3.78347330219316,2.95301919197099,3.51933759855031,3.52266501328997,3.24892621049093,2.68535015371374,3.31287267398403,NA,3.23158127895288,NA,5.44286272776614,4.65986086308511,6.05452306536255,6.06900781577659,3.29088693206748,4.78310169517107,NA,3.89640458788195,4.50218778756942,3.39563965695804,3.16820552091417,NA,NA,NA,3.45454884716409,3.53160455320281,3.2283669348606,3.05408182271382,NA,3.01401969020546,3.84131938631918,3.15930427640808,3.63103883492337,3.61215733877205,3.57591146939727,3.58251725585809,3.39571131062978,4.41315906051349,5.22925222042071,3.8574045418049,3.86831246367849,4.08376560533174,NA,3.37465078950201,4.29098547057211,3.48117151222995,NA,3.1795161322495,3.4539663668843,3.29191505144401,3.56118993816164,3.75033606676872,NA,NA,3.79774561828193,4.11301223808527,3.97898638852885,3.94774681605045,3.86679212325995,4.1291945859769,3.83271386537974,3.54348446580443,4.037449897449,3.68060253643537,3.63442422274981,3.8822965227196,3.56710334061592,3.59180547983331,4.07987245572713,3.72775303921601,3.50708941685435,3.47802894044033,3.47926776087404,3.76290160918948,3.36890328865188,3.39915249762268,3.93507174266087,3.47684200631734,3.52569518018636,3.1815847307323,3.31607443756052,3.44848723233805,3.18578641871605,3.80335757772887,3.25450324812216,3.09176076291211,4.29460831731559,3.49857158858191,2.95030122810146,3.18405831793462,3.34795040456871,NA,4.24985525387221,4.03380161916369,4.40973762204511,3.65282234244568,3.65115857257464,NA,4.02599614483356,3.38686253014483,3.31803075618949,4.23223173743419,4.21130836820743,4.09468502593427,2.91531687661573,NA,4.20461476565715,4.20799505355887,4.13532493687889,5.92166920601281,3.77802665041216,3.96036345349407,4.95816844408808,3.98534412940596,5.57026188985529,4.93129719025681,2.83158283362318,4.27668948365801,4.18895081810102,3.97145100265528,3.86774367417582,4.32200030710937,4.81223162807392,4.31374195297792,4.3767590718148,4.45345966192012,4.31495361652745,3.83173901618274,3.51439720374438,3.37030004763957,3.13112961574821,3.18350974932016,3.33390194051325,3.47251165040751,3.11665484114255,3.22612566824928,3.47717496831337,NA,3.38486357769347,3.30702547007834,5.13013453128568,3.51097716560801,3.27772246433593,3.44757144406561,3.56048542835726,3.41890704236647,NA,3.43238393276845,3.87807538732195,NA,3.63466247964023,4.03583894054456,3.80767785824828,3.51669861083818,3.50403180665895,3.68363080075644,3.7655394098005,3.46742607039504,3.33339149322643,4.13636904243243,3.78514824087568,3.44832806943706,3.72449836111726,3.91117326932581,3.45516175093822,3.61678785418853,3.94258965944178,4.22264323270287,4.3888518614794,3.4995155874772,NA,3.67119809376107,3.8881986267244,3.70328698586324,4.9077517037495,5.5786322261724,4.0218649688767,4.71732239966393,4.8085570157994,NA,3.53311630171019,4.26569426221929,4.32034167672424,3.88647173092941,3.33044547535814,NA,4.89322053051845,4.49342520857421,NA,4.10887205772901,3.50259434961567,3.40695590217429,4.08745018482784,3.49506006219463,4.44501552063498,3.40443038681404,3.0410231881184,3.66892324478937,3.96547582461843,3.72682541267119,3.72870969824323,3.8471588710568,3.779366369828,3.90389234596846,3.65720481085971,3.92347733986102,3.59337559444534,3.59268615193559,3.99507407034826,4.17672183510085,4.50108039642007,4.18693663160753,3.45961985098442,4.09936916807818,3.33825894542732,4.01416180105379,3.52287883926711,3.07900541441224,3.40216800388008,3.12205051047754,3.18921743113537,3.45234208880443,3.16819412421858,3.34118326758645,2.95078828230535,3.34726416119045,3.507371639656,3.19225222819128,NA,3.1595142395224,3.313008217173,3.42368520431138,3.57428759560736,3.63418170405853,3.3752374306768
NA,NA,5.1745427783774,NA,4.70098141013842,5.3644064631918,4.95546455803911,5.80859065335104,6.06026313703174,4.51702136672559,5.40613808176278,5.54628245959135,4.32392099998605,4.94297180879423,NA,4.90562146307841,5.4790305823091,5.1703853773174,4.58757279985101,4.73127445136078,4.54625458280465,5.1347100578399,5.52576250717537,4.62454494971895,4.9262136509086,4.90468615362438,NA,4.75106369936996,4.78532156943188,4.88366181505027,4.50575906421052,4.68981851552328,4.77378452578191,4.81889835443493,4.45391190363523,NA,NA,4.36924542341552,4.48324571106832,4.33412625311548,4.25737997111579,4.06921939786582,4.11747593382366,3.91307601881774,4.07197146349476,4.10470832672798,5.11248174859498,4.07923491664736,NA,4.62763445143252,5.46355312080427,4.70752381275055,4.52665769119572,5.09112723068701,6.67807679157717,7.93415215739148,4.81193085189299,6.54484080013524,5.75678962215605,5.87688458199738,6.3375623339931,6.49481687442917,6.01484998524636,5.21994002626319,5.83103468891846,5.24885307288999,6.37518787599157,5.05183675426883,5.44766336517617,4.66068122291618,4.45453558340222,4.87928159355179,4.13160289256242,4.38833430165319,4.2296754287483,4.40080669545796,4.56798377314005,4.6924864341767,4.62173622729782,4.35510291854141,NA,4.26590823843007,4.54388839169121,NA,4.78371875550528,4.99431209667361,4.90619837384062,4.11474507223953,4.93256591661264,4.56612135760239,5.13057646952879,4.95078489396949,NA,4.98164948411894,4.77905233677014,4.05726709652841,5.43189354028226,5.24477262365952,5.18711884231383,5.33607923534417,5.42730043768924,4.91516893482536,4.04671815881861,4.78648664227492,NA,NA,5.44867065332443,5.62348633024446,5.11589598909039,4.76326257670978,4.02982271245445,5.17588140999557,5.13645820288252,5.56546061797278,4.26869300486301,5.12631553893393,4.63677310086428,4.51605078774216,5.00285947203984,5.24937237534933,NA,4.29022574960805,4.49696848950588,4.60772454422241,4.76169123259915,4.33307573230278,4.59812212871604,4.22701116188292,4.59197456685409,NA,4.31956352354247,4.59224131182371,4.61733111794852,4.21594124100869,4.17228030302591,5.92611613432615,4.85402777909518,3.8404871800884,NA,NA,4.38486283029947,4.0789173700721,4.92613485899054,NA,4.63407631635768,4.58437362651364,4.46681729731889,4.46314533996864,4.66686432354293,4.55772333120593,4.56012945740509,4.14906758249936,5.41711492214344,4.88263124943229,6.21804087974549,5.42851701077867,4.39105789122832,5.06377312974149,4.60623029653496,4.38189887215531,4.95386615409166,4.59342407982983,4.80878752683543,4.54578087241069,4.42324440896509,4.6855813402159,4.77935920688919,NA,4.46573938911091,4.52906559192054,4.38090717277783,NA,4.6448272225865,5.09494187664522,4.79054466423598,5.37200938236882,NA,4.68857552216459,4.71633660798818,5.40413850907735,5.16862275797125,5.26823958513426,4.89196784145347,NA,5.72065446830269,4.81970778245905,4.9655086026237,5.01049346171338,4.63022270640867,4.75848126989995,4.8161320619701,4.54983347688745,4.69918512125775,5.09063752275139,4.68877620164751,4.42831959518313,4.80545235192129,5.03752815490859,4.86673009520375,4.53140609320711,4.46863887598433,4.33734359989319,4.31838377256516,4.79536655978929,4.4822720692296,4.42100400224886,4.40890815863388,4.75866538385381,NA,4.51053188159944,4.30455695817876,4.96340181397568,5.30244307451632,5.58756273908836,5.20683096124863,4.57293245013592,4.03335554598681,4.64976738028804,5.52717735447941,5.7570612079568,NA,3.29210430258333,3.4708795576996,0,2.62615199799014,3.10889977342713,3.63410033429181,4.19872697549794,4.18142578415186,4.01430933535377,4.11863773972363,4.16852656063607,4.68662006013658,4.64297317286797,4.61077565218585,4.6123094635225,4.37519217553779,5.25628398053172,4.26616629638922,4.56936870619499,4.40869159966659,5.2675936601792,5.09133673550633,4.91642172256376,4.62490497429534,4.49610643607285,4.46207813911673,4.7081747367421,4.83575409113994,4.79866706435392,4.75701026152248,4.39752335937538,4.80566827075214,4.62483462744624,4.46834413295818,4.66172281294285,5.20840255719349,4.70513100690589,5.09087955987725,5.6046254404408,5.36244761021183,5.41539544305409,4.97365101214477,5.30280115321905,5.30616627215724,5.11401660457127,4.71963443555178,NA,4.83871226127048,4.87733129409905,5.11928653404012,5.1598845900881,5.06430798307552,5.05747285660863,NA,5.09197145610129,5.00280619289342,5.12791354424173,5.17357831721942,5.41500162648185,5.39720853204563,5.34290623313157,5.15182012623066,5.25470637272757,5.32853467163339,5.24686884185214,5.15938792463804,4.82932289719254,4.59033598530297,4.62873968619476,NA,4.28373211200246,NA,4.79210707346099,4.64705360138055,4.58821457240282,4.49680421434661,4.36719297647742,4.53100722727594,4.59275376009713,4.24082429726424,4.04703767535551,3.88050403579634,3.92322209543247,4.31878009942011,4.06631227950468,3.9886991610135,4.27726243855374,4.13627130175044,4.54544645369124,4.25310023258294,4.83913007696398,4.70453108473989,4.02931580468565,4.42967395761041,4.40962533828653,4.25299377229522,3.90222180871882,3.84073915932175,NA,4.09466107751607,NA,5.99179286938303,5.12815624760756,6.16291172280977,6.36148013768306,4.23865865008836,5.2211896865105,NA,4.99615922044808,5.52512985488781,4.19119284240506,3.95962071334781,NA,NA,NA,4.07937451664246,4.34383556386264,4.40084138891533,4.0832975453624,NA,4.2486227004232,4.8891726798004,4.38445824192299,4.72230080235248,4.63751233248738,4.53176396676064,4.58800333898021,4.38908647028907,5.19472829896884,5.99304221577862,5.12652538458472,4.76675550868691,5.38654737793331,NA,4.70858426075542,5.26075789452301,4.62468260757516,NA,4.65885065194811,5.1318389004925,4.84309997658063,5.07946655821931,5.26753133423145,NA,NA,5.23835041947715,5.54187409757109,5.47807972101421,5.46637341735649,5.34714629682032,5.18092773995224,5.07634714621968,4.85505734180184,5.23318543927874,5.02983203635439,5.08531661364116,5.284483320945,4.95526339455964,4.9719750962534,5.19584505032938,4.80626809621615,4.84949394371329,4.94915940125612,4.93929848808189,5.20977704695425,4.7773277428526,4.76081877870244,5.16687843692048,4.74104047098809,4.68638595968936,4.72236512070572,4.6951763326302,4.88857419957328,4.57985063764102,5.03354634474734,4.75532120582344,4.46429794173513,5.31968722916861,4.57791292085062,4.04834274810931,4.2624389945094,4.3779711108228,NA,5.35175543318469,4.83234103799,5.10392863140932,4.48137171617611,4.38365183074343,NA,4.7657420851086,4.1665406045932,4.14932313597033,4.66568280059252,4.97364664190183,4.44725712349072,3.75375251276838,NA,4.6094583875068,4.8099123393937,4.4370535971302,6.13426811188727,4.33322015422897,4.3785961911048,5.35032721653208,4.71608262547443,5.99660539565508,5.60015345936916,4.12308321162906,5.01570867056434,5.09760767261428,4.84329304312341,4.70042389757709,5.24717937450104,5.52078017011325,5.10645259599789,5.17990815609426,5.259259052994,5.13661787285725,4.96102532651332,4.54057131787978,4.39882053029964,4.32342250026116,4.30443688735647,4.63839712747196,4.73210918186309,4.45504954073467,4.63228431983912,4.76854297149257,NA,4.60375267574719,4.71749297128794,5.7647680693019,4.92525213651032,4.70922208802934,4.83819609124203,4.86391429100285,4.97481586722584,NA,5.01259556462672,5.48625036155866,NA,5.26334309170264,5.58317244301932,5.44849594179693,5.11026302051016,5.22612416424907,5.0102121332522,5.24468138333077,4.93215397836904,4.84085106675641,5.27498100815067,5.17820652173395,4.84604460815447,5.11565399446639,5.34953989121941,4.71411111037242,4.73852507869808,4.99035181793821,5.35496560982711,5.63277316705862,4.94899193381216,NA,5.26998829989605,5.2908116894902,4.77790785702437,6.08638581849731,6.8431483251426,5.28757112918758,5.98223600808084,6.04012591842296,NA,4.87434163603939,5.49518705236451,5.4926143912839,5.12515053605964,4.57515069336032,NA,5.9397747385631,5.59992817878887,NA,5.39886268928481,4.78043185897691,4.71420663660459,5.24283469903378,4.41772335170888,5.5043616510404,4.33457184113012,4.24703556638274,4.6678227134022,4.8553340956991,4.64134816234675,4.73265657478528,4.84267013671058,4.6831566283884,4.84352824025967,4.73970369409646,5.06388085275875,4.61513896054784,4.60944868380579,5.01142656215801,5.23007972626236,5.29792034458043,4.97455960149771,4.32904049315284,4.92241596326945,4.28390826032297,4.60879535657757,4.53990622325863,4.2165213647517,4.52916669639705,4.21099129771453,4.37823518880526,4.48764097766008,4.47145187785388,4.68943468729848,4.43333345021794,4.72471441573734,4.60543234805819,4.65477171793278,NA,4.68211715762498,4.9083962800533,4.98182084100185,5.08476601593819,4.94569533194483,4.7023891617166
NA,NA,4.29844813136038,NA,3.84472317069503,4.38927899876863,3.94643304774263,4.86796354107398,5.1901926182011,3.72211776330878,4.69680052067049,4.85841601192005,3.41446399923094,4.14245251310211,NA,3.85654611878296,4.59319893678077,4.27489757994506,3.78890438223064,3.91073474235041,3.50115234418207,4.0974723313431,4.59236989636352,3.59308310883749,3.9148617989295,3.96951775776789,NA,3.77357717089624,3.78112165235925,4.04189593363385,3.38332227006252,3.65284232792183,3.70963777800881,3.85412081643574,3.37681364769434,NA,NA,3.26432764363693,3.26884266652875,3.21665739083591,3.21930493499381,2.90408778449362,3.01934631536371,2.70094512622174,3.25105923768156,3.02289461251604,4.27491034575846,3.0796841670561,NA,3.53722370522724,4.58276205050347,3.7184109174813,3.49900594316673,4.82991645592179,6.43548599580626,7.48577383038808,4.44891733851106,5.96111879619425,5.07762732119908,5.09505251540198,5.60123859088168,5.73455598899478,5.09493107372859,4.36828455045812,4.97486836672972,4.28605229282918,5.4929960074677,3.91573954693718,4.3549133555016,3.44308483700207,3.28681657351548,3.7678848215982,2.86503772263621,3.01418404612673,2.9462424132474,3.17695489642867,3.3714313719545,3.43935182876604,3.34822754539411,3.03628267213471,NA,3.07657799464021,3.39174194196085,NA,3.73018015050513,4.06659938150092,3.83328670740804,2.91437141294991,3.94865558415038,3.43759653814205,4.06478759840703,3.89565297085804,NA,3.94186375162242,3.74843647435758,2.88547259742048,4.46008413227443,4.32914696835127,4.31410783997421,4.40116924876646,4.61435898596142,3.94154982533992,2.89502106287713,3.79938171645367,NA,NA,4.37946917283228,4.81652285972145,4.28518228887915,4.01254142152039,2.90979400035803,4.2115306924979,4.16293859710251,4.77470961012612,3.27990323216821,4.1519862169467,3.61257547396694,3.40712392148745,3.95811323415919,4.14520938366478,NA,2.77007667186636,3.28421469732011,3.42024160224,3.66839391119549,3.07596326567058,3.49981095614907,3.21251340698832,3.50763768245372,NA,3.5234854376901,3.72577667379605,3.71666450714721,3.29840736401964,3.1562748413633,5.33868461589478,4.30578842931054,2.89105204169542,NA,NA,3.11759239348332,2.97170320300351,3.71858133941073,NA,3.53510350473554,3.55179109095081,3.55246975656538,3.25395845479126,3.58330970274607,3.53480285223359,3.49063196219781,3.07183981815411,4.51472495093397,3.79507492429949,5.59216874749614,4.63852852720018,3.53490917031289,4.09494849864597,3.40973511066009,3.16544961730232,3.59887236830191,3.42005709190781,3.66657067025347,3.27407976618819,3.25763588267592,3.56230445905585,3.58293295529126,NA,3.3307593709408,3.44942917962897,3.1405878288209,NA,3.23761846820164,3.92619471346,3.62600785447764,4.31892683741203,NA,3.6155094007135,3.63703292827726,4.24675355089049,4.08186993542695,4.25425923605069,3.94869924857746,NA,4.6459880076189,3.84921882801728,4.10248186831526,3.99983724264018,3.65003457967415,3.82863605505095,3.91208968492356,3.60819758565385,3.81019233302189,4.21346972406967,3.78670638839284,3.39738054862206,3.88039939890088,4.02074973686443,3.79115793715109,3.38241625061577,3.39951454274463,3.22493767493056,3.30119477688254,3.65972879241813,3.2724427104261,3.34550038267826,3.15524305381284,3.75690628907921,NA,3.86735885726211,3.48052156865513,4.14696530870881,4.52196297397171,5.1180088766125,4.86574488542636,4.14952389288893,3.70368464757302,4.26862589272971,5.05963896273982,5.23374153390573,NA,3.54974649592543,2.5214685265497,2.62615199799014,0,1.57534197468148,2.23588515640691,2.80586565859702,2.77620444589961,2.56588378467013,2.78218876557431,2.97696549010444,3.5292459318001,3.65007056516674,3.45610109620812,3.42241322528782,3.24081267501423,4.14621154478582,2.92323062667049,3.23778217786628,3.1116328104832,4.09014319616758,4.18471591523476,3.90528096355935,3.38627350671744,3.1834719874756,3.00334261320931,3.38926555542773,3.64241180208763,3.60164851735984,3.61064027150453,3.21127552770344,3.50010242806673,3.2235013025756,3.10845826440919,3.37449482103793,4.00496367037578,3.40480514099807,3.77630890004742,4.40516979632201,4.12437080600678,4.20564649801796,3.92487266869983,4.36012709472176,4.28006135305321,4.04900557988608,3.63226163912604,NA,3.62261518226437,3.73914463580602,3.94817735949899,4.03938495813884,3.97821134283051,3.99205393581214,NA,4.33747277553619,4.44004981359187,4.25486662651461,3.97489880945231,4.36076273890716,4.32467345352533,4.18375198750404,3.95747410873032,4.01961734287879,4.16180811620818,4.0881611110668,4.13392529458008,3.88979147152033,3.68093909084068,3.40293408259449,NA,3.12280333915977,NA,3.84209290329764,3.48794706890316,3.54043919731708,3.60067422844208,3.58672215250925,3.8206882535367,3.5804909548185,3.04641389065373,2.7516609944782,2.53869309470525,2.75052215566871,2.91487350153587,2.78831611373814,3.01620548115264,3.22339368647997,2.95240345579469,3.55359611203837,3.20366676265812,3.45421387372802,3.38676203855815,2.75710332940935,3.41152195843578,3.40935673565718,3.14235166039533,2.65840373123738,2.62378896467618,NA,3.1471197850496,NA,5.08694014996511,4.26410383918969,5.40237796940813,5.62048664838356,3.13934936318944,4.22102524309612,NA,4.1581599418874,4.7686790570838,3.18547819209336,3.07854273063513,NA,NA,NA,3.21960834450269,3.46171270017607,3.21001479144719,2.90888335914671,NA,3.0857140135959,3.78969651229914,3.19800039031726,3.50183611065906,3.52252810631494,3.45741375153753,3.62808092838011,3.39147165564739,4.30199261956313,4.98806128459072,4.0344727635003,3.8910051266509,4.35612685319519,NA,3.6075557029549,4.31412398803574,3.49060658262907,NA,3.50441354590363,3.92787205489713,3.80537574948205,3.99533667850739,4.25215554157003,NA,NA,4.16631009101862,4.5202387316717,4.41285489823416,4.38418690002459,4.32298517327416,4.26692699382193,4.10286150028763,3.83205931905539,4.05979144367337,4.01186434544191,4.00177808608194,4.19719666919375,4.10484086906182,3.92639857197096,4.11638637302558,3.7968758891483,3.87195590530898,3.84343079179458,4.08901736530212,4.25539156430561,3.87858708327582,3.84138695784301,4.33774083003075,3.80642944088001,3.90280594472221,3.80976792208876,3.85309677328134,4.09827829154944,3.78954081221824,4.26459001169248,3.70351046510914,3.83038922406083,4.62559532415019,3.67408221121402,3.14734321816269,3.3495017181241,3.63460575843336,NA,4.86359251294902,4.19546565452328,4.53811760905741,3.7056179691187,3.44946495942326,NA,3.80709873475392,3.20240389455572,3.17104619956679,3.80256236084581,4.12677766495517,3.5792267694391,2.71209959618703,NA,3.73393448274217,3.98241770972995,3.55240482622547,5.42335504864536,3.50662102778438,3.48545478441101,4.49891096930887,3.72486320449398,5.19241372019577,4.71029398470902,3.14475497251701,4.10064572503741,4.1429533492722,3.85185096964944,3.71964653932367,4.21250491984998,4.70916958900276,4.21782600092059,4.33702968634179,4.54695946046169,4.36939543577144,4.08605382427146,3.65059105819823,3.31651458511891,3.26027030774857,3.29056121733466,3.56661908699607,3.65771646001128,3.4570012412073,3.60860280999313,3.73017811092183,NA,3.58419621819989,3.66997388190479,5.17945741227443,3.94751355494405,3.762730703198,3.82320234001439,3.94101774739693,3.91977915266338,NA,3.94379788223252,4.41326120250423,NA,4.23576155454419,4.5114855469819,4.40139682510261,4.21822707014579,4.24770535139824,4.13077853390331,4.3922053452771,4.07166922442974,3.90434783255254,4.53271252155786,4.31721232670639,4.02794395096277,4.3377214578489,4.53286774876973,4.10744493914679,4.22142154821437,4.3717374654277,4.68494229916457,4.66996729984773,4.11658985170078,NA,4.23335924199242,4.6590453746713,4.24918515795668,5.40763335534347,6.18781685779451,4.5592826372251,5.32370293713995,5.41942052802284,NA,4.20564276173502,4.77431714288741,4.85967246552135,4.50203249177225,3.91708834668478,NA,5.15910259025796,4.81519459273405,NA,4.595835231617,4.0313078277642,3.89760003374386,4.62486517834369,3.81106172064421,4.7323675680937,3.52416965112688,3.26784125119085,3.83149082050994,4.065232336101,3.72612822181875,3.84259622706806,3.87759742496478,3.6332738872275,3.80388522911556,3.56743721770067,4.32797433185603,3.58864420148344,3.50630083520737,4.28432062532148,4.67697954939779,4.40532511624383,4.19860307902416,3.50419384017652,4.15940293540296,3.37608992883428,3.68269484141888,3.53115542219458,3.12501525324744,3.6027474350305,3.13389815981723,3.19060776679105,3.32507766952226,3.298465145944,3.58405166004181,3.36559244570487,3.65315283418326,3.44229140307918,3.5500394121173,NA,3.58428152103373,3.74041830421943,3.84258663967633,3.92188389441495,3.89114601375492,3.6483449895346
NA,NA,4.37850619406748,NA,3.94310820704454,4.40676956640891,3.95977527232973,4.9729425915671,5.26985526152695,3.87087122956748,4.8630679037827,4.98109938760672,3.49281480400255,4.30462382062131,NA,3.88997614925648,4.57476954170997,4.40576434969847,4.02540169202647,4.10780159060266,3.66036354973326,4.20875754316581,4.72860589417621,3.74409956129976,3.97150457129717,4.12460200877546,NA,3.89171536072801,3.88242602679209,4.20257566857814,3.47088552587249,3.84241724964087,3.82736072146456,4.04465407601188,3.48980175251517,NA,NA,3.4219509235482,3.25970663870661,3.25337819728941,3.31431894239156,3.02449915066718,3.12297294989748,2.67303878825983,3.42989731459891,3.01396907075192,4.46806272007669,2.98136181674591,NA,3.31107804504008,4.63967539092227,3.87388584891052,3.51202029907037,4.98819901692505,6.53000604562179,7.62777728174944,4.44887573530007,6.12709521318001,5.22571052565197,5.23785462546775,5.71677315885244,5.81006091400787,5.07176809405078,4.40084221533254,5.05334312407176,4.2726844079446,5.42768896930878,3.80509673384378,4.2747210086879,3.34329686957422,3.10616387123148,3.5480650867112,2.94753615605203,2.95552721583319,2.93371046393337,3.19083251806569,3.29965780857378,3.38886692326715,3.32471320064102,3.01379757037353,NA,3.14519997271152,3.44182730857438,NA,3.74613755938808,4.09308562222438,3.82396520524091,3.03694069053886,3.97866615913349,3.52168591824617,4.12633048028608,3.92769371686283,NA,4.0326818595206,3.80483025422977,3.01532080526017,4.42658771099155,4.32225381392589,4.35283899763947,4.42871017047585,4.74909843185055,3.98233408233799,3.1188283281173,3.93155985051525,NA,NA,4.39922857511386,5.01231149155316,4.60623677774292,4.26036485855243,3.13357641070185,4.36365648715876,4.26512831508327,4.99328942463901,3.57094568948034,4.35737542092159,3.77628041316989,3.62949686503008,4.11821899612882,4.21671100708275,NA,2.9906679092797,3.27785179144418,3.35733123180269,3.53634568219965,3.13966407421527,3.57473092502413,3.31343168178433,3.5552516667791,NA,3.60282302199757,3.93870739468393,3.81743910720605,3.42088652745173,3.25148034076561,5.61876613128315,4.5247704620257,3.09528984358309,NA,NA,3.22880816237487,3.10250515798202,3.46789312677691,NA,3.47076086856818,3.44165721364925,3.30943614949925,2.98110273127594,3.50060663421907,3.3340706268349,3.47278398957173,3.10529365813776,4.76459412254104,3.70045604539408,5.63148042551186,4.47919706772981,3.44639025964184,3.93929016615952,3.35140508656337,2.98690767325759,3.31814553642965,3.16639968466687,3.44905837895467,3.01879418302261,3.05099708312443,3.43820533221586,3.5311190139866,NA,3.14210563656345,3.38808603879581,3.11813037209473,NA,3.11923186334201,3.82513123386863,3.52938075328957,4.15643560273541,NA,3.67901020269312,3.5450580012002,4.18808320090336,4.00442643030209,4.22127064307642,3.92323520212475,NA,4.65129359477759,3.80120206536294,3.90884685671249,3.94708286948157,3.7137128612917,3.88515140943144,3.84112530656203,3.61583777633994,3.79510499950545,4.27133738621665,3.9013135170787,3.51118445666447,3.92921259518008,3.97052522829151,3.76157028718425,3.29152600147668,3.46255786976974,3.33208897986246,3.42430393604715,3.67985018519564,3.35905280435994,3.35259264777319,3.20624258947918,3.79472970186664,NA,4.20761809852352,3.78289054524619,4.35419299204237,4.77433274576696,5.32292789269352,5.12982436054731,4.3695562534757,4.03565673366959,4.55737004586375,5.3517226049253,5.63070813593018,NA,3.88483136280675,3.10149263844708,3.10889977342713,1.57534197468148,0,2.01822744439269,2.90215873711709,2.75570844240743,2.35033954674391,2.44864518508781,2.68490280499153,3.20852294451885,3.51340081587009,3.4274662066934,3.45810536090787,3.18450593094723,4.20950305555101,2.99777285263425,3.21113988678442,3.1209826644784,3.85619270246221,3.89715483566182,3.79064978933652,3.28480237262132,3.1196713683123,3.02386824229634,3.23457029777764,3.54138477553918,3.36991202970587,3.33984263770588,3.13009633877603,3.51457728829188,3.13628473415445,2.9325707447838,3.20416924331805,3.59253175522587,3.13418033475187,3.50585207954938,4.17282110392041,3.90480764013462,3.95567951713085,3.82073562321829,4.23042952749957,4.26728329518437,4.07012977140274,3.7069407387339,NA,3.62959921200627,3.66189424037274,3.87603412285928,4.00984117884392,4.04848692373934,4.1362647756683,NA,4.26157157411959,4.38449176977904,4.2764279198285,4.02016870366122,4.37337193939401,4.27215672740531,3.98521207157199,3.92219249128771,4.02578657562128,4.20271867268319,4.19860462340389,4.31149975649946,3.98353370937112,3.75190539210381,3.48401070408847,NA,3.44857027300597,NA,4.02267237784903,3.6702005437666,3.69257845633128,3.86063246232043,3.99892504120367,4.15236685849534,3.82648810353968,3.29299259807245,2.95800100819096,2.67110733186028,2.91664801145383,3.04040332739903,3.01136137388252,3.16371032832868,3.25871297167289,3.02553754509767,3.6952240847267,3.21205148904632,3.47439386539671,3.37628051786813,2.74310447302068,3.41981495605476,3.51040455242886,3.20642074716619,2.71646309769145,2.59301661129866,NA,3.35054900620203,NA,5.24861225546573,4.22960108511923,5.43793018216341,5.65679143910655,3.11643853109228,4.16836839272194,NA,4.33404821386721,5.04489423483352,3.24365874946614,3.26034472366154,NA,NA,NA,3.26409356170589,3.31569291337538,3.10311446845014,2.86382053939597,NA,3.11327246935636,3.77988142464752,3.18168661240754,3.45140132829851,3.29769475449561,3.41661257768348,3.82139487967113,3.57393679669157,4.40989559699734,4.94745458212028,4.20789103286553,4.03996887833092,4.45805660389972,NA,3.65289390418499,4.42701204635128,3.41343325149636,NA,3.4851372879108,3.90123458732037,3.87161456537859,4.06874321925294,4.29213521896099,NA,NA,4.24205593184796,4.57374907474326,4.48812152106059,4.45571498270922,4.38360094587051,4.29947879470822,4.11053629021064,3.87076314743675,3.96455917339846,4.02555697916094,4.08065399180801,4.14960703549164,4.24118008484401,3.99000580673625,4.09737684655512,3.81068627235515,4.00823976517335,4.00669715158975,4.36267431265367,4.46561381044024,4.10000890403535,4.06870945482252,4.63448616863215,4.02184953297426,4.20292297257729,4.10169241663169,4.1099977257748,4.40694913159666,4.0810216330355,4.54609703048952,4.06080727263622,4.12133255898816,4.91445487716361,4.01665077589196,3.38534949679411,3.56248378951005,3.98537989691151,NA,5.13333575033608,4.48861837304546,4.75818842721804,3.9612285504773,3.53143876980632,NA,3.93321323595575,3.40198347440917,3.33015877870664,3.83575834111873,4.34263110076037,3.642982148457,2.85498199481054,NA,3.76101173689524,4.16107061936385,3.58044184137211,5.58183944662638,3.66884554622258,3.5819011873087,4.53052188708466,3.78168056415594,5.22757493107574,4.85759486647399,3.38052668216901,4.13810180129574,4.23044937564746,3.95160562914163,3.81309085247372,4.26699009302124,4.92750171236796,4.40967783063154,4.59491641334192,4.87739467591538,4.61744000928403,4.38300360544757,3.95174703002793,3.40279398034936,3.43175596224374,3.41686361344112,3.61697832106108,3.66827051296844,3.63261624694116,3.73226750026379,3.76227769969445,NA,3.6560577378496,3.81985896537225,5.52351866310131,3.9934985142653,3.87190071375851,3.87915942128539,3.9934669145056,4.01579095847742,NA,4.03238845394526,4.46913855102346,NA,4.34839073616214,4.50846894072528,4.4645745618762,4.38590137186448,4.40061299258837,4.27874554372447,4.57885375264269,4.2557098330375,4.09278626972502,4.72403305846788,4.48733438423577,4.26555258505111,4.58739752346,4.75898648686039,4.42472154816316,4.56028799939882,4.65848247097209,4.98029732123649,5.03000678427142,4.41172343420827,NA,4.3064354372968,4.97501302802131,4.57885991964818,5.6881092194388,6.46152198739103,4.77826835905657,5.54832984856119,5.63361715650292,NA,4.45164555636362,5.00495612758891,5.07860063966819,4.71956809829329,4.12827050433132,NA,5.34209490512726,5.02580357199572,NA,4.84894254293789,4.24854945556883,4.13548649090364,4.93278305288558,4.14316957965372,4.97811583662773,3.47626107144927,3.53019796651159,4.01869150687072,4.28929960633867,3.89507849457208,3.99847749545574,3.99946329231803,3.76360014881094,3.99857391187373,3.41442554840101,4.58743660972435,3.6538861037753,3.41198163897088,4.56642282505345,4.98071548574509,4.59480332659411,4.4517516586428,3.75547361840923,4.45309675321809,3.62274747888177,3.77554072653598,3.56362761887827,3.23546293167105,3.84403289228547,3.28285629112315,3.24832588812152,3.3159786464109,3.36824718979765,3.65133991841616,3.56462976104186,3.72195073891434,3.32245409874095,3.55317176841823,NA,3.62799626571633,3.7919651964541,3.83820537093772,3.90645896119689,3.90910141748943,3.65735187293425
NA,NA,4.09032316941277,NA,3.66398561278205,4.17117947911014,3.686712883085,4.74518116194233,5.04025637918002,3.54316618690908,4.66330831983915,4.67680272709444,3.07723962536352,4.07978671779069,NA,3.53352022177643,4.47183303895441,4.13178550694727,3.80721308794883,3.84889643233313,3.31036462200219,4.09243975501734,4.31735017940319,3.45046627581424,3.83681623778032,3.93286496053541,NA,3.70027291728418,3.66387153982902,3.91391037211589,3.22272106113133,3.65306039728815,3.68269800517903,3.82121057996415,3.33261576056778,NA,NA,3.25914148657974,3.37795266916964,3.33746299679638,3.13329752439632,2.81321402042435,2.98570352614203,2.69194002059244,3.11711808672288,2.604573074807,3.89507968782719,2.67644755351456,NA,2.85135695907743,4.06553547000806,3.45621972487461,3.19546196570481,4.67499456180615,6.48599712057677,7.42897973418101,4.27673036537752,5.79596662332286,4.85202128575539,4.83373304907907,5.29472683338331,5.50598418438487,4.6704789078583,3.78372591322337,4.49755548016024,3.76587515149979,4.88322191591436,3.34324096959766,3.6480002601895,2.7883075735189,2.73653212783296,3.16945286374082,2.49493617404234,2.49863248949262,2.41412048145405,2.54152634298324,2.63875248438863,2.7653637476617,2.84200941136655,2.66413315500863,NA,2.67095977662738,3.04567895560641,NA,3.25422542890074,3.67637005982574,3.31835751046012,2.66916919460832,3.50206965466326,2.99872052927151,3.61141985377221,3.48370293805427,NA,3.55918739005521,3.31866651452138,2.67056643847381,4.01896454176211,3.845690926552,3.92776123507669,4.08388388665093,4.33925387982276,3.53381339160823,2.86736060897927,3.65515338907445,NA,NA,4.10702163008352,4.79654584489454,4.55893130329282,4.18161399725233,2.94052294697077,4.18905794636222,4.11311052781085,4.71994460405466,3.30787196675265,4.18420938032597,3.66348944679575,3.53626746476418,4.02740037390424,4.09512895913107,NA,3.05633196863778,3.20689635417646,3.21172327582422,3.37774094234685,2.77713156049045,3.22011557484009,3.05405609434956,3.20553983949413,NA,3.50832794706109,3.81188079944481,3.82704346772596,3.33479590528255,2.91772522304294,5.26291614712576,4.25264315454343,2.6430531037309,NA,NA,2.92888135189973,2.6974316549746,3.06917681096152,NA,2.9570885034974,2.79328388190023,2.90533339421199,2.41127516007772,3.23214347006082,2.7633397418647,2.86808005336624,2.59224188722851,4.36006061643531,2.99126777865857,5.23674329554692,4.01524758471963,3.02805296889595,3.58078254141258,3.04296410085665,2.6133613981468,2.99127896377008,2.60689185902766,2.98852309939144,2.55127150012911,2.61790233246785,3.02345591257689,2.92912353015322,NA,2.58090097306419,2.77010528712852,2.54057655883364,NA,2.80552387119978,3.38479035013523,3.2847155776729,3.8116825789661,NA,3.19415526988216,3.29098880002474,3.86027439411983,3.66150647811709,3.76178066272402,3.49706221226442,NA,4.30637633336361,3.50967067627752,3.55672367725309,3.54395907941177,3.28378482886184,3.49781326558327,3.62415092572089,3.21589658060779,3.44035345877134,3.7796967755504,3.44537975513011,3.10519045351363,3.63954166991035,3.71085367946644,3.55843847321832,3.12119539548021,3.38162145660107,3.28316148447759,3.35844551974956,3.44377853260033,3.06456888802183,3.28524773657487,3.00358373921969,3.53637768745165,NA,3.85476493185831,3.49138049768497,4.07433524138209,4.50467017925007,5.13588332447294,4.90092625979388,4.11340583645403,3.81717718038093,4.33583583261775,5.15281688585317,5.37780342151865,NA,3.83385060095174,3.22866317899337,3.63410033429181,2.23588515640691,2.01822744439269,0,2.24298613841307,2.03304906600243,1.84918889409896,1.96272274726446,2.44649920335432,2.98033457781924,3.18056430762687,3.13580648655514,3.29114613167887,3.13149949093634,4.0481609264169,2.88950434940392,2.81043045790047,3.03039667552309,3.54810282461666,3.51933349555257,3.30183490538528,3.06684684604402,2.71157436388468,2.86609591532393,2.50723366305728,3.01138855477172,2.96533083127358,2.90304040280401,2.76813862434109,2.92445727526587,2.73367981581023,2.52500557000917,2.81196680421399,3.40894652651112,2.87526466616125,3.10484768120736,3.71793889652459,3.79025448912038,3.84555126462124,3.47701148207408,3.92328453959873,3.85598775616897,3.64744972078804,3.32512351411304,NA,3.42680214696214,3.3319301666293,3.52914060278434,3.75036129398745,3.6942095561918,3.78930164422423,NA,4.10575867284745,4.18681714925473,4.01126076164899,4.01027463561919,4.23825645276599,3.96896375167543,3.79152952392209,3.6346235687714,3.69995281564228,3.92507562901563,3.86679358404689,4.10141746936154,3.82170534385011,3.58067248050691,3.27823341508462,NA,3.33305188837621,NA,3.95845597125004,3.90162942409024,3.55500348820765,3.68068068340789,3.85123798090098,4.07872113800696,3.70903699705377,3.22918847450993,2.87724808892948,2.56489414928304,2.71590372111431,3.09082050560995,3.03772376663155,2.95988758564278,3.10241155120098,2.76677056815027,3.47323996425639,2.93322502316234,3.26761216184687,3.21702531021024,2.58264022667039,2.99511951797774,3.20738470715986,2.94855188441577,2.34868165559761,2.42228633850073,NA,2.93635209746629,NA,4.97060149189368,3.8010794209618,5.01433653769071,5.11946222427863,2.73213124897931,3.79251790566774,NA,3.98111758626068,4.91791499735421,2.97262424535868,3.01435414259063,NA,NA,NA,3.05615183940997,3.1099027546451,2.75453888314216,2.67983964113154,NA,2.89918512930013,3.35693951763903,2.78741488487253,3.16339680195821,2.9106400081232,3.02600557630443,3.12279870692624,3.13629068630227,3.97954317794683,4.6213134904951,3.67270516775977,3.58524473980001,4.04043385422298,NA,3.30813592031713,3.94767336624082,3.35336333459826,NA,3.2219684045757,3.73502809037464,3.63640686636227,3.77222026221715,4.05267559350165,NA,NA,3.90147556175546,4.23953960429228,4.17062950148317,4.12002542625445,4.08557831125608,4.01541759943081,3.90525077346668,3.61759411245529,3.67450885929151,3.76883537621139,3.76182519161842,3.87962598839724,4.05109066258839,3.83053103472111,4.03010132588977,3.72171957529445,3.82438126815097,3.85491487197787,4.18635686132733,4.31342095863545,4.030798389061,3.94548887535051,4.55392697776127,3.91785563688939,4.09196884975813,4.10223831553071,4.04453298066717,4.24647253068474,4.02958299624032,4.4472037633832,4.19050661265006,4.04074566042225,4.75953174501577,3.85393318547811,3.24068091906379,3.41748570648199,3.68840950284267,NA,4.90249970545055,4.2089761416507,4.57230846711414,3.64941918341799,3.21958767163094,NA,3.56304150363501,3.27766930944058,3.21922339331155,3.5236748912257,3.88706458163464,3.42766400581105,2.71998250834481,NA,3.34080423832271,3.81645697629178,2.96487840695087,5.03998500161002,3.51722496035706,2.98299957525592,3.99223215499994,3.06990488121176,4.68477882270695,4.14942865709959,3.04924499920713,3.75149700137621,3.6916209883054,3.48228630242226,3.37479296911833,3.82032157740709,4.44937111657413,3.84628662809344,4.12219925880973,4.45848897916908,4.2275515126689,4.0969181287829,3.65741381375977,2.96219610121443,3.06410907884192,3.09954765666291,3.32064711034906,3.31002637588455,3.3101742981756,3.38381597395427,3.45816801163869,NA,3.479987667551,3.62386559891975,5.19289970670842,3.80959308436047,3.61264643309896,3.61177555518975,3.77508438001997,3.77939392141679,NA,3.81670143767878,4.2923561876222,NA,4.14007148519052,4.31179087930326,4.25588526378408,4.12496936209642,4.20192107152913,4.19970598777597,4.38646650876327,4.0628052475425,3.94203579953738,4.60728565495414,4.32875399488984,4.04582634171013,4.34955913438011,4.61375032851156,4.26558268794967,4.35966121143958,4.51213859658715,4.84821946413129,4.80754528436176,4.24922141576104,NA,4.06639337505838,4.74883016578601,4.4395031128008,5.47161037827683,6.17630263164921,4.58204144009722,5.29412413311253,5.42774672240993,NA,4.18515088622078,4.75852679182917,4.75854737481376,4.41611838462243,3.86341582094645,NA,5.14150978912744,4.69493531798575,NA,4.65421531865751,4.00212208757651,3.85729068198019,4.65349457255646,4.04651491551028,4.73599042090651,3.41045163727003,3.19343385285022,3.77596236243012,4.01544634662915,3.50729730032336,3.51365588975473,3.4046110044887,3.30227975500359,3.66369322562314,3.10519244610435,4.32527880149374,3.54650167336172,3.09639030940416,4.14765364245005,4.60565194637061,4.03750655260567,4.00498306962518,3.36184102763118,4.09380543024669,3.25193272599524,3.34617760777168,3.15565465116443,2.88732230961384,3.37204284571418,2.82647685443029,2.82134793958267,2.85576330648203,2.92510759387341,3.22681967129407,3.1730542094307,3.36533970828814,2.90757883211,3.25765690047686,NA,3.33955401779379,3.49939129103232,3.58264696850604,3.61486541412863,3.61434625416462,3.33551646232542
NA,NA,4.34406070493335,NA,4.0569188588151,4.38821244523232,3.89689577435866,4.88084611694015,5.25025721501494,4.02555246154303,4.8677317709856,5.01391983202148,3.55689336599998,4.4348179533881,NA,4.03798666638764,4.81496215580837,4.45012953173643,4.11687539728097,4.16878578854787,3.71101549488291,4.39904938528642,4.78004069457481,3.8284827971437,4.22516832550622,4.28955475228796,NA,3.9684761690825,3.96385019681435,4.10777368618538,3.57493416312185,3.96587277473188,3.93726926714444,4.00209044409926,3.62247518803632,NA,NA,3.42282864455665,3.53044638806305,3.6457081855216,3.30261217673388,3.12848404264301,3.00654073691376,2.88996525675792,2.97800403567214,2.8140058931873,3.95006597854754,3.11103990999521,NA,3.37034572440374,4.07460254828909,3.05144008763589,3.0263299835263,4.66474264170379,6.26275131324867,6.88035368943719,4.1395891971417,5.24899054647654,4.36618135109779,4.22811631756502,4.70646991290161,5.02521604951132,4.32495852827292,3.92447413114067,4.20718832822265,3.55923981008019,4.64929782414056,3.25187945853409,3.86963172623484,3.10366789138084,3.10976851591799,3.7710207718368,2.86742028121697,3.23695685611802,3.09446291082876,3.1861962348336,3.15231574495224,3.37334038133329,3.29008449368724,3.2248491895939,NA,3.14007172568563,3.46424209688336,NA,3.43308618813897,4.0332055454079,3.7157790955337,3.09659712061928,3.85341964266711,3.44224793321015,4.01533520154403,3.87695434880253,NA,3.88567720260443,3.64617574135618,2.99135456513397,4.42561359245,4.24009409711911,4.33195309807705,4.40985668192109,4.64221456785684,3.70711771059384,3.14877838806367,4.02133302650001,NA,NA,4.46532896764716,4.96947573336557,4.78665468913362,4.36999629752722,3.18661833740659,4.48346302097801,4.37613619897027,4.92134132913061,3.5363729367402,4.32703620054264,4.11125775498501,3.78878102547183,4.27606408083884,4.38816364801494,NA,3.59648439263122,3.85959745306585,3.79051765505937,4.13915732559711,3.1704561842465,3.65150533166199,3.47930935516952,3.47895747473161,NA,3.6676813094925,3.91779108547796,4.25047295504513,3.40798100270155,2.77652742902283,4.63672832647749,3.72200571343119,2.9184741055666,NA,NA,3.24561430831906,2.76847864217864,3.57164683126001,NA,3.08925834781027,3.00220632635988,3.13473123834445,2.72229561729994,3.17240487570681,2.90818209376195,2.8755393223204,2.70699094149932,4.5187997857795,3.16666120268128,4.7827047696843,3.87262125810932,2.95770443626655,3.36936772573648,2.96548638457976,2.96225742942708,3.7047442305168,3.12677241037637,3.19794684465126,3.18720293005145,3.15150683283668,3.58964570394896,3.47718177982259,NA,3.32758095531606,3.25653452853806,2.95579987779112,NA,3.50577368838347,3.92514333189026,3.61221395052002,4.33903101248492,NA,3.78119637969318,3.80051539046904,4.34852611334655,4.22932378045163,4.43071301751729,4.03490274438021,NA,4.78706829285477,4.13508632689699,4.26018025160678,4.06871445831124,3.85115314558419,4.02398442777847,4.05822288576769,3.78307775433338,4.08205902203077,4.34332367815926,3.94551607288986,3.73100066753303,4.35677620288447,4.38660688390595,4.31088137659458,3.92774844009222,4.23408897377575,3.85830131589096,4.025813647318,3.97585037082894,3.56823084519524,3.88790412134182,3.61568104203592,3.94211539585157,NA,3.88216128970251,3.38386624343467,4.12350419131457,4.5047332940227,4.94303287523096,4.55655200336041,3.91464197833579,3.64133802127351,3.82932514564824,4.58086436995908,4.88539792663312,NA,4.083042989065,3.45476551043936,4.19872697549794,2.80586565859702,2.90215873711709,2.24298613841307,0,1.61203985704871,2.46113641543353,2.61672751207701,2.89536205276164,2.93963573688612,2.96395928448856,3.37014986097566,3.7744040903023,3.22037103042842,4.3141795939504,3.2636305085699,3.18018949311372,3.12963668856484,4.16812050699785,3.89709874923827,3.08801262279855,3.34112024078001,3.33796898254953,3.22721427748902,2.83055291337204,2.73757751165635,2.88015369344467,2.95785546328856,3.1109115825379,3.11856325604808,2.88380642788521,3.06801687248621,3.23220448114665,3.92689373511895,3.33842551897168,3.65876241082859,3.98185180479833,4.21765813660189,4.34167418163596,3.82140422281987,4.09613075574748,4.02869813231038,4.05270198228021,3.71511877139866,NA,3.62982133517352,3.91249066242496,4.10981894583162,4.10800676640549,4.04440547616,4.15300237176175,NA,4.78411545227532,4.87793592085242,4.73340380154479,4.6148505632513,4.70682997210501,4.48768358235734,4.3373645510792,4.15931544197268,4.22483089754219,4.44902359273909,4.28704497819718,4.47945129964115,4.2146646047522,3.89312799045682,3.80511366049711,NA,3.71601118751138,NA,4.04846191297702,4.13755135269428,3.73791879526943,3.85525297927456,4.02114414552354,4.10891051738611,3.80014795400715,3.45011934502991,3.23337493067033,3.06582925585463,3.11445922503329,3.56426265442977,3.41047043953027,3.448632233464,3.48599971784152,3.25641898658458,3.66539399832441,3.16396922850579,3.55460129956144,3.56824174930752,2.78693273900056,3.0608076084287,2.97751298676354,3.06702545801494,2.65946209503314,2.93920385928462,NA,2.92851157005569,NA,4.76433987035729,3.78640692277292,4.84659765411215,4.97161251696148,2.97990477272441,3.99079879953778,NA,4.19809872670188,5.01531978093486,3.11690807036501,2.99004820202759,NA,NA,NA,2.93939309405268,3.48376852529393,3.1062922851845,3.04766622231194,NA,2.97267173680822,3.55695586377888,3.08137629131651,3.24197422117169,3.31847213894698,3.19549240196722,3.15448206186127,2.76606918052967,3.47207877195336,4.49444046135106,3.65253866545847,3.57196839067686,4.16101398137122,NA,3.59622745093396,4.03483292310629,3.58714705087485,NA,3.48894656972762,4.02502856006222,3.95174930572589,4.13654712712239,4.41508780629568,NA,NA,4.28106584893993,4.60676849134342,4.55707557282643,4.54413867285726,4.39611336768068,4.47466461966838,4.30517132382414,4.06156453384469,4.34622531675849,4.15627651692854,4.12397614503896,4.25896323694397,4.23347809698176,4.21297225845201,4.61620997314593,4.16215482522255,4.14825117174415,4.04386390750819,4.20977087099493,4.40535646498082,4.04582094985544,4.03736248166949,4.58805699331937,3.9024471155777,4.10920229740761,4.07722332931954,3.96496986219126,4.13970478860721,3.95638002766986,4.32261317620674,4.27148600850775,3.93013417549577,4.65572444986988,4.12208519516523,3.22711417124942,3.49306165309261,3.28952520694134,NA,4.5955156996114,3.65693579018777,4.10476607438606,3.40077691603453,3.04844951072454,NA,3.10365430206398,3.03495133684199,2.95367792850014,3.41134803266648,3.50318548752343,3.19548213503419,2.78199088242361,NA,3.08898643798643,3.29211487943364,3.0087875473559,4.768886383835,3.22917197702706,2.90317083585711,3.79376377451484,3.18595871878379,4.45227727665815,3.99931839315409,3.01065836505226,3.5052209629797,3.64939568228104,3.17978835821297,3.11359039703961,3.44202333820481,3.94166035864748,3.51084127067634,3.71122184333748,3.9199040616729,3.70935528552651,3.7254691814979,3.29507824527751,3.04340677876051,3.0270285198835,2.99981193092362,3.31294529294439,3.52610895570196,3.19961017509348,3.47734781861681,3.59097252183351,NA,3.73110430454716,3.71757180751825,4.55494152510847,3.99711285365554,3.7108328946303,3.73281252563659,3.89907988565284,3.99469577600881,NA,3.99166824643131,4.46292993028449,NA,4.32006171875911,4.56677763605395,4.50178610216717,4.36591137309753,4.42446374893599,4.50720902716906,4.63473188372867,4.30225608720648,4.09359224274263,4.66733511907855,4.38027491691221,4.10174452614104,4.35741975845471,4.62208905644987,4.27866127958279,4.38068202683949,4.43474548629488,4.79993817546608,4.73752802876834,4.21250469614474,NA,4.31769342219601,4.79139687697586,4.41582991123038,5.47278547179604,6.20639134073961,4.64264746820382,5.40597314839284,5.53327063971472,NA,4.22018263727052,4.79995466523471,4.89473226880557,4.50106318106984,3.95241050743217,NA,5.2649267971246,4.82895231065939,NA,4.72544365510982,4.05255173614422,3.79042294154233,4.64406618321531,3.98593196567462,4.64190302627908,3.18603636417185,2.88016279689554,3.46486962493719,3.75401649788355,3.45534131306551,3.33020493358429,3.38830888285443,3.1885573689834,3.39253228309599,3.5834266241646,4.33500295712544,3.66632981498122,3.4048402275644,3.79368333357242,4.29557743998005,3.99949398229825,3.77690998119387,3.14661186513598,3.71673466098242,3.12381587263288,3.2305425490382,3.1703583468551,2.85135255026217,3.26491130805069,2.84432530390754,2.93278854774316,3.05244405958928,3.19951737758716,3.59057380988059,3.38387837808458,3.7565747043283,3.5176347947248,3.55431432732609,NA,3.64502485819376,3.7860269707685,3.88598003985898,3.93258588988844,3.85790307762034,3.5730597086973
NA,NA,4.32122253067389,NA,4.0185724856674,4.31958747540501,3.91704211055367,4.80583241784114,5.12224401014398,3.78793339758043,4.77280933162621,4.85876968828294,3.52180295711678,4.27508687089135,NA,3.75755698292812,4.6161741509968,4.21613064413294,3.71966581004496,3.88400275363799,3.30054429482973,4.23593579129985,4.42617381943241,3.43199358280139,3.91112830804946,4.1325427717378,NA,3.76987808490117,3.69193342544758,3.8190740523765,3.36069677602027,3.7501491864081,3.72942122675888,3.82280182250138,3.42876670829682,NA,NA,3.31174375505416,3.4036062676906,3.52407765268957,3.13178595565292,3.00219123335484,2.9414760669284,2.89393478118403,3.00411372401485,2.86554294151791,4.05126843157302,2.98709991572359,NA,3.18577015226345,4.12297230000427,3.17243752329531,3.11260543584635,4.78310816101163,6.58409660775737,7.17063704744737,4.42691440623672,5.60298362186066,4.71360645074062,4.60857130597442,5.15536585076052,5.30891875040195,4.54226186048327,4.08113940746867,4.4037370247288,3.7614035417804,4.77397049896928,3.21484276834206,3.82209128702045,2.98082522020386,2.95529495652411,3.58888161691676,2.76708630141373,2.97127446683993,2.83479601501668,2.9790700791651,3.01101882006143,3.1743322222479,3.07592272873866,3.02622387855627,NA,2.95443579098836,3.33198970648729,NA,3.51024300710022,3.95009239087929,3.60908533845121,2.8928867809857,3.741542561011,3.25697854939061,3.86859335391655,3.67018493423512,NA,3.6098386252033,3.60865238141019,2.84319024721392,4.38304956293159,4.29372122312741,4.27005426715189,4.27336062126529,4.59883286394492,3.78432060923327,2.95466540504954,3.89069292679028,NA,NA,4.30493714678594,4.85196184751141,4.77924312581049,4.41447718666119,3.03298515801022,4.31278950672422,4.29767952204486,4.88057402554199,3.54996938115399,4.24333013134303,3.97955823919248,3.66773235595644,4.15622452433846,4.2578373305758,NA,3.4901685461893,3.59395325729033,3.60751326649408,3.88245055579829,3.0703654131929,3.52518485975913,3.24111048442946,3.21212421036876,NA,3.52668442345888,3.77259930770965,4.04193616527962,3.3051190995567,2.73298070172786,4.90783059301022,4.03459236173095,2.71346671013506,NA,NA,3.07089296075845,2.55844849445561,3.23959779954734,NA,2.90480448541703,2.82059941103257,3.0548516846599,2.63280674444379,3.14233414333323,2.48976946042726,2.88316056789609,2.3928160426949,4.36034715426565,3.14307905154738,5.10858617029602,4.11423891747334,3.16252862479705,3.42513612729142,2.85095050832345,2.80109207114233,3.53829049692323,2.86478370391094,3.12323722030662,2.77662328527516,2.87635128102104,3.40810694857897,3.15048217998234,NA,3.14581468986832,3.11486766929378,2.79215216588842,NA,3.27360419398777,3.6718207773963,3.40113863540536,4.11644203806353,NA,3.51755505188714,3.43225959811986,4.06718565254421,3.83088370827926,4.09351630356874,3.69076090312246,NA,4.52515659106353,3.9074471771384,3.98604278212393,3.83947964088769,3.59943103368763,3.8062364351922,3.91469556181999,3.59202982675821,3.89450976283352,4.19229304806985,3.82760381382147,3.63217306535757,4.09812972599303,4.21704791472847,4.00760617917624,3.62207756748203,3.95239609210865,3.646044584387,3.80999203640426,3.77571924169469,3.39448458548047,3.80926648291113,3.39683521440885,3.64519172081571,NA,3.95841611273627,3.68985805897945,4.24062695689133,4.52851434410242,5.08003303872892,4.69811191043399,4.11259747284925,3.82660319202604,4.09154110573309,4.89889783951977,5.07301185085011,NA,4.0175226387771,3.35801793535499,4.18142578415186,2.77620444589961,2.75570844240743,2.03304906600243,1.61203985704871,0,2.16174390667028,2.27070181765194,2.80240642582048,2.91484338146291,2.94412135583056,3.1040089272145,3.40736453360564,2.95661537702917,4.01081501286882,3.12809312490164,3.03941601907531,2.86886736958465,4.00075059987055,3.76773166197713,3.35393482437461,3.10241287651822,3.08336152179749,3.07760346155688,2.85743827894105,2.78651075052919,2.85769442673095,2.98298843852147,2.96221798376297,3.11574470739562,2.73240569410341,2.86137671997696,2.96058900033094,3.7064588763156,3.14457744615849,3.44372376639059,3.77671747525706,3.94089668175393,4.13779383793967,3.76890557996664,3.71062932816389,3.65278126704247,3.72141643828775,3.52901041944359,NA,3.54445923518016,3.72592862257196,4.02151612100803,3.91466461832892,3.85811990245853,3.98764143237199,NA,4.29169593238133,4.48374538727264,4.4626386404695,4.29099571882599,4.37869893095464,4.01972167011931,4.01644771268614,3.88557427458072,3.84331630876824,4.11913796753293,4.05151856435999,4.20153919909142,3.95288195933488,3.59483119314734,3.52281645963657,NA,3.53618611070058,NA,3.91905881879658,3.81413100180049,3.63241847193278,3.80310245876564,4.06451747599242,4.150976881089,3.77478571768111,3.38823605876481,3.06743176328866,2.85372746247955,2.93208338011418,3.28169893953665,3.18491865783633,3.21366326387492,3.44131347933262,3.09867718711824,3.56638022672481,3.01899854283914,3.40894950328287,3.44715922531916,2.66149338992475,2.99089276911187,3.09134749089184,3.05209660690684,2.48483040063821,2.80840185858161,NA,2.84186526854267,NA,4.73300438058214,3.59384343265951,4.91284474725834,4.9750440114277,2.71475584173527,3.87440174230512,NA,4.10057861360542,5.00500491573119,3.16664599290958,2.86839578007293,NA,NA,NA,2.87705171270702,3.37583824190715,2.91465779084448,2.87337163761995,NA,2.74753735392485,3.33869042519852,2.77725813708115,3.16752368966198,2.95487591043934,3.04475179858113,2.98044926457468,2.73230424292454,3.35271609311615,4.61929355784677,3.55280411435281,3.3283136240067,3.75149855989181,NA,3.32522830058114,4.00312095460799,3.28992388596861,NA,3.38496272849472,3.7307809138244,3.84877748359492,3.93395226884117,4.28707537868052,NA,NA,4.09171793987361,4.4187928590273,4.38005020390702,4.34499096636169,4.32874334982134,4.40344529537244,4.2337625402342,3.91712749207241,4.09938833484353,4.08923275674169,4.06386901404783,4.11447811682361,4.25308637674219,4.10508541382923,4.43102749086581,3.96726308160144,3.93982333414107,3.92709090397606,4.19524472654558,4.34515366414767,4.06023851707042,4.00788621495126,4.63228917120555,4.04821455830595,4.19744856049795,4.13499732867573,4.04235249256961,4.25943757658692,4.08602777184902,4.44642936859604,4.31039227526685,4.10210746115739,4.8187061505302,4.17463896180244,3.23595695260522,3.46158687402179,3.505999320632,NA,4.8242362379144,3.88601135367791,4.32539173858651,3.55981272455931,3.02974172280213,NA,3.16201838511316,3.01364032701057,2.91403638671416,3.34887884171537,3.63366336041283,3.15928755372603,2.67272180008426,NA,3.23932003512418,3.51857392953944,3.12795117836983,4.82193475669083,3.15586539521036,3.05628275058389,3.93869068366015,3.16501863167457,4.54286564808004,4.09273441373544,3.01550627615048,3.74593779285686,3.67790705962018,3.32658891608984,3.25842578197105,3.46859862164397,4.02831202439676,3.60332651242551,3.82412994112574,4.03462387697912,3.59979027155366,3.80176666281881,3.32866923852312,2.99444419127684,2.96164303926451,2.88253210049882,3.13687116821654,3.45842470338486,3.1721317855532,3.47410740225492,3.62577837778986,NA,3.68226553341375,3.77009206286746,4.72377189140179,3.95742553855741,3.75321264072428,3.77395687957655,3.88260743927934,3.90314528941612,NA,3.90361659048129,4.312201206526,NA,4.1936945432565,4.36770934465623,4.29213072657148,4.24626638652595,4.26823179648373,4.33679056086493,4.4037484107289,4.17897219683454,3.99311873608269,4.73888041561543,4.45351917746387,4.19439119050679,4.45825151027229,4.62787993753987,4.39450304505995,4.52557451877091,4.62738838547776,4.88627991522251,4.6901588410671,4.3184810182798,NA,4.20588222266555,4.85639331240228,4.5469666786543,5.49242577462269,6.22889586331632,4.65197116639215,5.354654436603,5.49683598584559,NA,4.25359369687741,4.80638638739581,4.86976462252598,4.47471618744397,3.95082481136504,NA,5.18929281946806,4.75210706483245,NA,4.68969226339023,4.05083992973574,3.86338465387367,4.66252654886687,4.05608593522647,4.70563264310471,3.24493942753866,3.04602483785719,3.60541439205222,3.89080254038145,3.52773684974646,3.45459329821766,3.34406755709048,3.14113446053577,3.36830436842324,3.3198294985207,4.26765753591683,3.50925562493686,3.3039817563764,3.88288695767658,4.37954562757421,3.97496290309565,3.80583988625819,3.17555910862365,3.80018547723277,3.01370962136671,3.21517560583312,3.06584814136207,2.74918480159978,3.16458393647112,2.73851515804542,2.76201408781303,2.82654612540845,2.94216630321717,3.42204352394743,3.25061565272735,3.55067092980071,3.33750541676103,3.36135473882415,NA,3.42449640449987,3.53253501704236,3.65731440932244,3.66648413047583,3.62452167174421,3.44060425904574
NA,NA,4.27850825961172,NA,3.83464119802728,4.34584688207952,3.84499075025831,4.94264823357802,5.23950070982156,3.82166334750275,4.83202219672233,5.02055273158793,3.39303132905939,4.32374611127653,NA,3.75553591473777,4.68947927543604,4.2180874517988,3.98220903240195,4.00223325292873,3.38870097900385,4.25153619271616,4.64589018518054,3.60921631747229,4.01703301196978,4.08642761172634,NA,3.8701698978676,3.78118993618332,4.08037167080109,3.38007668907274,3.72330578693684,3.74819612770426,3.92590156170394,3.48935772477591,NA,NA,3.38473782766923,3.55864093499099,3.53092858646138,3.32487622034649,3.0373403287248,3.16274070371479,2.9453902950652,3.33520986870133,2.86855340237663,4.25963560916627,3.06459408758869,NA,2.95034895825688,4.31031365116493,3.59977616769191,3.28354436466839,4.82164484103322,6.70359160222912,7.4684771248745,4.43976479415458,5.83929692381969,5.00074395222751,4.86413516901388,5.39661557432486,5.52201716159856,4.78195121706221,3.99515071849836,4.56998258012334,3.67049883163039,4.92419609638702,3.29270911869189,3.81884333553644,2.92521135482967,2.714963211591,3.34686919598501,2.66845329046163,2.52717576880751,2.52425324280082,2.66408842012472,2.93530044573296,2.96323329001144,2.95198862654672,2.64698007132979,NA,2.85042698249372,3.11804771063724,NA,3.44980723914256,3.81983604993367,3.54470532776288,2.85718877047377,3.7021452353884,3.22960351030537,3.81867928971049,3.61523274203732,NA,3.79790569569701,3.52837050968203,2.87463323227066,4.23150809038795,4.14856832957824,4.20474861907429,4.21733109152172,4.58593593419458,3.77527126129739,3.03585465583217,3.86970714611144,NA,NA,4.27909021667687,4.89261865950686,4.77460119916282,4.41295690333134,3.14328980252865,4.31543730838985,4.24752264523751,4.89241323945793,3.40300805206254,4.31014315049724,3.77962760691082,3.5902316431191,4.17897235052067,4.28202726226947,NA,3.04848826534307,3.4316717873511,3.51821850609538,3.51353497506879,2.95734582773023,3.34541186329777,3.22142197555121,3.21679953933993,NA,3.72245176846408,4.03875721484345,4.0282905632168,3.51650405077436,3.07283092093965,5.39743576404983,4.36708920972369,2.86137732997767,NA,NA,2.76950649728835,2.73543396803455,2.97226116141718,NA,2.995522653206,3.09250947517778,3.02986371963967,2.58224170292627,3.22873171826574,2.89228921415343,2.91175765846238,2.73366757659479,4.64915952745458,3.20274594810182,5.19689307737358,4.1661465708008,2.8874531019164,3.37966818006105,2.66810482251572,2.13196243663968,2.73881872136908,2.53451060672501,2.97622183864438,2.31951095897886,2.39083664989777,2.81170278263841,2.8947611679885,NA,2.79265359185155,3.03139824427012,2.68362698977011,NA,2.56196797970648,3.30392310508736,3.08191545612965,3.83281842805848,NA,3.25824749430463,3.22137577935926,3.48329073413756,3.6092311347488,3.67984873969693,3.47881076195066,NA,4.22979158493405,3.5787582048072,3.67039628852144,3.63665968349162,3.41030533760501,3.50923304136245,3.81321715172492,3.3468185277111,3.51153236907294,3.98970346822493,3.50775968139502,3.29737951780333,3.74274919897445,3.58728598608954,3.57055255825381,3.17566922419948,3.42934392816495,3.25438121175166,3.22924034633909,3.51537749721059,3.11215247914548,3.17988035301396,3.05526414005101,3.57846147436203,NA,3.77907399437222,3.79296460110373,4.33521314569752,4.66948542087724,5.18208829311237,4.90015826426217,4.11852815981909,3.75499558887864,4.31017952658274,5.18477613035197,5.43769633432831,NA,4.16153022870993,3.36138215832307,4.01430933535377,2.56588378467013,2.35033954674391,1.84918889409896,2.46113641543353,2.16174390667028,0,1.20063843073295,2.02082220409987,2.54852596036488,2.87355238261972,2.90714237100355,2.79716326034416,2.67963908048838,3.9024405737455,2.46565023178372,2.71972119737563,2.98888397581801,3.60717018749787,3.7062405845032,3.44426911584392,2.7794993571703,2.65222411187926,2.59108195257667,2.49899622631349,2.67745536825483,2.69009386607766,2.81979195592416,2.49677125994159,2.61812894842506,2.42034801495777,2.14518633152041,2.57510966894057,3.32353429547583,2.68094193125279,2.82784339435788,3.62577998599039,3.39792642642494,3.43078726045733,3.46183220754088,3.73127559481387,3.71014206512717,3.49170524246711,3.30155942548842,NA,3.38299707849663,3.37822837447828,3.52833743576929,3.61151931446889,3.74164759575698,3.8311651838648,NA,4.20945149084201,4.22681847322862,4.09838878107023,4.07895482127027,4.14693635659429,3.79604524890378,3.54629278533289,3.55815993313044,3.5911649179437,3.86813156569926,3.78525330915888,3.92098749803774,3.83771574387596,3.65287922087912,3.27749968028338,NA,3.31554108115106,NA,3.87858400994162,3.96682338605925,3.66516229282267,3.75684958525627,3.87583188354083,4.18117865844985,3.82294415140435,3.4673465784559,2.9157477366697,2.54572617556526,2.90062527057035,3.07431964139469,3.10457096112635,3.22390928297803,3.45480912073137,3.11427887468388,3.60695795550277,3.05287789626613,3.37410199754632,3.46238056337788,2.83228001507629,3.32895283294806,3.29827577895473,3.19253115290522,2.54997971233723,2.57466847190675,NA,3.05469104187092,NA,5.20594091009556,3.94964555804834,5.16807769902018,5.37643878874684,3.00240210238389,4.03465363209189,NA,4.24678423680182,5.13538992549258,3.39605754688898,3.20848940198801,NA,NA,NA,3.20311993289905,3.45798910294813,2.88160474802036,2.70610940362147,NA,2.84524805997268,3.47079310187686,2.87906755034221,3.13700802360828,2.95737807384694,3.24393072558033,3.29970842940824,3.24008031602112,4.07068448846151,4.71998322445074,3.73449357179539,3.811878273955,4.18330041881049,NA,3.43326491930184,4.16122416498863,3.32401184350906,NA,3.30342430142819,3.76794050094666,3.71163278570641,3.82194003719135,4.11555978572568,NA,NA,4.03935115869491,4.31580440539308,4.21781146281893,4.22924798122806,4.15657502012031,4.24224665957504,4.03207134408807,3.81026007672479,3.75028266314232,3.87214684390215,3.84573483747878,3.90866556140385,4.15027140621025,3.92295588398385,4.16434862323224,3.94288466799904,3.98847938056374,3.98375830774985,4.29597556331339,4.46145949627719,4.18838328004495,4.15661342170601,4.73556847979911,4.1091320730288,4.25499218016894,4.31089003912636,4.22775398557107,4.44531945331694,4.24601379526006,4.69812560437312,4.22762061098275,4.16523614353581,5.03984522255805,4.27489367385353,3.47148257106107,3.73975541813046,3.82310485901592,NA,4.97667636124084,4.2668289116292,4.6713526951978,3.84026789005127,3.32254620385798,NA,3.62064033908274,3.29274147110478,3.26557526229232,3.63892321301601,3.97540327935609,3.50643830530069,2.77550052844834,NA,3.4872257288144,3.90611783734093,3.30926779824945,5.30769826426849,3.54582213642041,3.27833808732516,4.26576916047085,3.46915818769265,4.89248415620236,4.45583718085889,3.18620383020442,3.90095863013636,3.8945157702122,3.6068670657506,3.52510027331592,3.87197785978152,4.52605176361273,3.9782689209306,4.24580008664718,4.56309048644866,4.27701939117714,4.07802707888141,3.65661813071959,3.05160407569933,3.21366191442716,3.137738856795,3.3345045337691,3.40929833489684,3.31698342815777,3.40061057757828,3.53856853605461,NA,3.57002560642058,3.72798389940371,5.25456818275425,3.80443419635488,3.69703534458609,3.66005601979833,3.7612974148153,3.74819760978421,NA,3.84436432725418,4.24431935087728,NA,4.07021901739117,4.235424223196,4.18240174790074,4.17044387196121,4.2045274721615,4.26663932909524,4.41907144532377,4.15728051439876,4.01110358372941,4.77656807577281,4.46937168903207,4.21685038111123,4.53655253551793,4.67936665772341,4.45924220437997,4.60012664879308,4.75862518172245,5.08620482265372,5.0264811620025,4.42563127653328,NA,4.12236214521172,4.94160438650596,4.63857165766095,5.71645634619128,6.39465166219136,4.78930432713112,5.5316113962515,5.61092791185403,NA,4.38261076848319,4.91327674649062,4.87106242851283,4.51799448732877,3.98677110007276,NA,5.31983807075561,4.90184131788229,NA,4.78006484304172,4.19661858467637,4.08891876635242,4.89379877037883,4.21851478736099,4.91234750840444,3.52886324077631,3.38915760465236,3.95396309877364,4.16359391933709,3.72470948366735,3.70243505984442,3.68535077349786,3.49539354960971,3.77025669470058,3.1768972395393,4.55216262347447,3.7456974423602,3.32068191576388,4.32314040971935,4.78312194399862,4.29345924480592,4.10622891741164,3.43858591117871,4.13506129322413,3.37395791557982,3.51531500530497,3.3271423723325,2.94306352445566,3.5672467098042,2.95546271447397,2.88818297520052,3.02451358145042,3.06246353007103,3.36369629796149,3.33294531587306,3.49586785373128,3.06103282540164,3.26082449951246,NA,3.36952064341479,3.45232372129388,3.52677203442851,3.55914866855954,3.63454481206941,3.35691744739443
NA,NA,4.38678115299362,NA,3.98206847925384,4.46374170016117,4.036834519224,5.06850813576785,5.34287482741081,3.87519319001584,4.94448468642924,5.04765616045182,3.46670625385367,4.35744036652911,NA,3.82423901546915,4.72661596327556,4.28579589514064,4.05237450659597,4.01693229464051,3.40366995072029,4.30026899721048,4.67394827177842,3.58421561471597,3.99067053400424,4.1218032790748,NA,3.90566873347782,3.83283725303401,4.15052104390278,3.42915385794863,3.75921223740849,3.80733974132724,3.99877525491648,3.56369753578396,NA,NA,3.50208838434938,3.63713046457345,3.60704118489656,3.36627356401815,3.06388875659117,3.22189309498141,3.0137796888117,3.42751338679966,2.93212505252811,4.41335709477605,3.12243152435324,NA,3.08960395921795,4.41201432432746,3.78470028458463,3.34926396270222,5.00010121106003,6.84420694721936,7.60497154886071,4.58661269374214,6.0470170972296,5.16530062850177,5.04028474783557,5.49937429590079,5.71828163833789,4.89177931145474,4.02034212089179,4.57231298154281,3.86307349527754,4.91123354333658,3.41960242410909,4.04169043110081,3.04099777256602,2.80238661435308,3.40682868751209,2.79236939171671,2.6634738210663,2.62553454825007,2.82012677943235,2.92226876997479,2.93496795259856,3.04950762872822,2.78503653050881,NA,2.93802252553375,3.19295550341531,NA,3.54902142803189,3.86398778461965,3.55372906415778,2.99826562714658,3.78764494956206,3.2951416827499,3.88060978921989,3.65444497621448,NA,3.84754686925056,3.61357586972219,2.98534975849542,4.34980355483452,4.26918086862604,4.28272083373952,4.29059609023017,4.66743743260825,3.88729538346035,3.12056315533744,3.99034272099,NA,NA,4.37290127273663,5.02786263415532,4.88920118916415,4.55753468123081,3.26937450910068,4.40419816165893,4.27517995856324,5.07575184816311,3.56248670742854,4.40315034706819,3.9236593590379,3.64464054841526,4.2433430372193,4.30939899749685,NA,3.22469703293998,3.61812302897208,3.52678407248133,3.77225316839748,3.09490724677384,3.40586202409681,3.32004110955695,3.3641837488928,NA,3.8379825282737,4.11806081567591,4.02741123846476,3.56912022406076,3.21981518223818,5.59266580410165,4.60077923414314,2.95160913405766,NA,NA,3.05434541173358,2.85344564443257,2.93774259380959,NA,3.03024300341324,3.16622185448878,3.03821806210777,2.56392425969143,3.26557956162168,2.78503848012304,2.97123754955876,2.79905481171515,4.80598096501499,3.25647914226567,5.33109998359517,4.18840689177862,2.99589138070955,3.43616992012478,2.90310475835057,2.35079416892759,2.83757208028221,2.51069428118823,2.89449453732873,2.31670874463435,2.33839306559313,2.90204594165373,2.99380682774765,NA,2.98729249545292,3.11695108268787,2.85688920906674,NA,2.96069171711174,3.5270662639025,3.31868514660729,3.95809652386188,NA,3.4332759351515,3.34228585605481,3.76736441499911,3.64392769047046,3.92366109844808,3.58745030380872,NA,4.25052098789145,3.76269282292529,3.66193995053484,3.66411168038207,3.54600220309092,3.73302782480007,3.96066357920218,3.51524740939912,3.66241004432716,4.06729606299326,3.78546443098982,3.46989606131216,3.94686430905483,3.86615281543165,3.78329319422917,3.47247591193559,3.67779112135865,3.44178269058075,3.43286555896795,3.53838882880024,3.24690553037409,3.44113657144852,3.2190567947857,3.59367092559661,NA,4.00450647703651,3.87538850992568,4.39438066386707,4.75974238676442,5.23738041872055,5.02387878833151,4.28615755390552,3.9466760508999,4.56016328752126,5.38227544239376,5.64401024974155,NA,4.28742974365813,3.55039208313654,4.11863773972363,2.78218876557431,2.44864518508781,1.96272274726446,2.61672751207701,2.27070181765194,1.20063843073295,0,1.95515685494819,2.55413564770922,2.93189639715873,2.95997603831561,2.91454007349757,2.59603969111628,3.84704858209903,2.73515710059609,2.8887561342507,2.98071767265831,3.58798202377503,3.55921973637486,3.56767268387088,2.81069305486876,2.79351813380409,2.70792192160621,2.73719446861631,2.9677661502391,2.8660197207616,2.86865987320023,2.67143258327918,2.93173433783637,2.65142281685148,2.27902079653098,2.66376045918057,3.42619896363162,2.75468725590586,2.92155433296179,3.54890831371311,3.47799108187123,3.4209359506716,3.64291103819266,3.7082922048749,3.77172591849164,3.45935182270746,3.480250421411,NA,3.54636753964709,3.54547723821172,3.77606784906775,3.81528921832319,3.87449372103654,3.97926864316268,NA,4.25463804990684,4.25775740005171,4.1759868702487,4.04553174412949,4.16393829954396,3.74647480647506,3.73020474428099,3.52833663676148,3.71038434335751,3.95264962737196,3.92814957809402,4.02457329839402,3.98299444709412,3.66491425997382,3.33219478473819,NA,3.40647022632175,NA,3.92958382924713,3.94834233956974,3.69978647172297,3.82634230593764,4.0401471381154,4.19355706032732,3.86952576362344,3.53460031050443,2.95362308132047,2.61601354280319,2.88098637570708,3.14422703771937,3.21330054401489,3.22500643475313,3.43960827215557,3.15873236471815,3.80037363748214,3.1905441471367,3.5007247146492,3.5409328585436,2.81555130939316,3.38249777005681,3.47438410899262,3.3549588326178,2.62441637606076,2.5845074724445,NA,3.20421941040717,NA,5.31842226547989,4.07388634245531,5.25439313485578,5.41247516191402,3.00213102857104,4.02853855393144,NA,4.29781727385319,5.21614684095096,3.43252996288064,3.2482693340208,NA,NA,NA,3.23953059371468,3.49860412073095,2.96523925236763,2.87090083539823,NA,2.91168705500909,3.53597107878442,2.95758281024462,3.31731923187837,3.07742889400249,3.37081491022622,3.38092162743591,3.37219234499488,4.14179734763709,4.79196066471459,3.91168235273572,3.80760788935868,4.24342113940084,NA,3.48924256523627,4.28022003823335,3.27059806176655,NA,3.37612837079008,3.79618041554583,3.79253850751798,3.86489780942047,4.22226242097781,NA,NA,4.11968583980171,4.4223467580245,4.34397203600487,4.31469675040926,4.26810735767891,4.28418735237095,4.12801723420121,3.91778714355383,3.81327878879923,3.98368928554423,3.96732554863858,4.03618648263738,4.2588354526645,4.08965121448919,4.29997996872558,4.00537163829383,4.07394933605113,4.07558628042775,4.36383355168692,4.52283432255573,4.24326754550565,4.1898293648248,4.79350109371568,4.19089266701048,4.35746477910972,4.41144596542757,4.31583896343433,4.52363878774524,4.30249289909921,4.72949367935137,4.40570007457557,4.20819114014192,5.12285070517808,4.39002319134513,3.56212592602465,3.79593651625684,3.96652163037374,NA,5.06981134530192,4.45312316168832,4.78776290921507,3.9902249166313,3.46180182687399,NA,3.75777225821335,3.39173237269344,3.35841810787451,3.65730452768766,4.12497083257263,3.56118017081097,2.85454680723893,NA,3.50279211246678,4.06766927021716,3.365646153639,5.41317486706637,3.62160843834898,3.33357358019376,4.31476415148431,3.51522825234701,4.98821843158451,4.57502957375129,3.32326524872761,4.04402463623019,4.00349050769382,3.75254736565281,3.6771118273882,3.97984562394871,4.68779864974179,4.15437831342865,4.43318101665566,4.71841924810744,4.35266781601141,4.22318304443405,3.80166748350365,3.16448477735301,3.34299117108404,3.20925407737987,3.39082570505602,3.46920376447964,3.42787888942811,3.46876515448582,3.64304917354732,NA,3.66007188725176,3.8348203128257,5.37989628391309,3.87581576564619,3.78479111028188,3.74433959142696,3.84999337849145,3.84070418365456,NA,3.92733624323043,4.29713807954693,NA,4.15358426460655,4.30102150504028,4.24071739375671,4.28137724851025,4.28105237205308,4.30239506974609,4.4479390708769,4.23212595412977,4.06522558486843,4.81883899854121,4.51170011479834,4.26945831018723,4.6214269269583,4.71373384185237,4.5000301149735,4.66334787445869,4.79815316706844,5.12764103121976,5.08436979458047,4.50262610052893,NA,4.07951946155794,5.0046031172258,4.7097597027077,5.7819287491506,6.47862991832424,4.87860382572148,5.61981358258917,5.70429872519991,NA,4.47884460032547,5.01373275114131,5.01544770828901,4.66255854593006,4.10489319504064,NA,5.45766540990895,5.03723985071188,NA,4.8723688841808,4.30388667899357,4.24558789403282,5.00400856617066,4.29174571158637,4.99244123105045,3.63222153755127,3.59871063847664,4.10921722807212,4.2850559614416,3.85875795591844,3.8865881607607,3.79034963350001,3.65506549265001,3.95907622999031,3.18545302077697,4.64959877109746,3.80423274569949,3.35416566150488,4.45339177517143,4.90399952789067,4.37345523051886,4.20926030111978,3.50831332811043,4.2782542141301,3.47552038027704,3.58836113156616,3.41376353439197,3.11296895920456,3.6750911977367,3.0552983376453,2.97223282066897,3.09269034805192,3.16381966323531,3.45814125026704,3.45471441935795,3.56514803687671,3.15361965882572,3.38904380975405,NA,3.4537678499148,3.53378441004285,3.58930878700285,3.62067868085638,3.66290908469579,3.40187339711786
NA,NA,4.68213914041029,NA,4.31036323100595,4.77447469062871,4.29787742183119,5.3291056224967,5.6052395477815,4.34999048850038,5.20373960381763,5.28200759701471,3.80435612248608,4.63850344955917,NA,4.24268509095732,5.05984250525607,4.84703477043823,4.5410479768039,4.41071977879254,3.74012137423531,4.48039451938324,4.81681895834126,3.93737194932404,4.2110095875901,4.2830326233381,NA,3.96259062425816,4.01544150344292,4.30486780216494,3.76302927113133,3.95073817511326,3.92473868788552,4.16911184286502,3.68895729672311,NA,NA,3.69558127956383,3.78484829844379,3.78776880480803,3.44385847219306,3.24394185460105,3.17420333819893,2.99741592399762,3.3304619417784,3.1043145549472,4.2167505089005,3.24754370746805,NA,3.11393718713631,4.13615789267753,3.6571832494888,3.23601465568318,4.58816325445882,6.31684659398336,7.12688762888572,3.8811282539828,5.55815714749599,4.79854454156748,4.61557499495963,5.03664130910088,5.39191723518009,4.58747573025997,3.88374510274828,4.49633681142553,3.6378180487361,4.72996107260715,3.27278983039063,3.8878709323153,3.18693610265798,2.9202596059493,3.73157369747792,3.23187410442815,3.02109991023593,3.01944988098675,3.31301892609515,3.43241400665854,3.61745914356474,3.4746923881647,3.23541360655265,NA,3.36431236987512,3.53663509204079,NA,3.8914544653417,4.20875777975258,3.95491049904638,3.29040451642567,4.16650698765228,3.76583292755387,4.28012826040251,4.0720852161054,NA,4.30141570916303,4.01848910624791,3.29937147187273,4.69923255076178,4.59346307033977,4.67507916050717,4.6772323870357,5.06507016626653,4.23551571178427,3.49605672419839,4.35492252803809,NA,NA,4.70334756998175,5.39655246305582,5.14618494324262,4.77227286724588,3.47855495775864,4.6456904638467,4.51983595510047,5.36638887527314,3.86480180896002,4.61220714252083,4.09052386891124,3.93241770286194,4.3898858708001,4.48596826100401,NA,3.59464033754905,3.70985970420958,3.79271282445851,3.87066554687334,3.27462153365744,3.60977059084158,3.55697860687184,3.50195247977305,NA,3.92960834166868,4.22865912843939,4.11420890242388,3.47332569443199,3.07362266799097,5.46362167217781,4.41077167050481,3.0855096618785,NA,NA,3.22667758285947,3.06736415118755,3.34952871746874,NA,2.99705739679848,2.95141639224348,2.84124573844709,2.72426273389247,3.29311957592797,2.84853082663998,3.04864426130641,3.01748202813222,4.79785133116029,2.99845266804597,4.77932586024023,3.83965646717299,2.63422670574363,3.28660080658902,2.92984784616135,2.71274168678245,3.05947807138913,3.02105136889428,3.18276793436777,2.68256376098298,2.79393354944482,3.24955969879007,3.35915685030807,NA,3.38054093698892,3.63347461331279,3.20280562607358,NA,3.20930239945939,3.76208280181733,3.5746720351765,4.33001889948623,NA,3.89938887339468,3.75922531941826,4.03839963468598,4.06366556632582,4.23848944809791,4.13320999874271,NA,4.87127058752901,4.14903662674976,4.1456450800652,4.06283579121754,4.04367971843813,4.29426998278786,4.40844253994443,4.02946110071554,4.11969601691385,4.49136825522863,4.26587203441152,4.03828978961939,4.50073511320309,4.26312212212751,4.36373985167771,3.95431112602902,4.25934859353533,4.02781387478289,4.01760855096725,4.18315931484458,3.74733628243988,3.9381410267348,3.65107482578602,4.14443227144623,NA,4.5219080077387,4.23539083153591,4.55876275264829,4.96292756985306,5.22464762980168,5.0058822108515,4.3646972650878,4.14716919201427,4.43532966242246,5.31653569083788,5.74249145068066,NA,4.43019131484649,3.80098655119427,4.16852656063607,2.97696549010444,2.68490280499153,2.44649920335432,2.89536205276164,2.80240642582048,2.02082220409987,1.95515685494819,0,2.15959648056322,2.35000867177799,3.04791342297086,3.15197644366867,2.87076596349194,4.14134329693346,3.08251089843583,3.10959878431336,3.20449856671056,3.76713594692515,3.11865892816253,3.21582124820874,3.05271760200634,3.09505628222257,3.09815750764358,2.76645842262336,2.78299249189996,2.86535490494105,2.99626725111105,2.95986685190322,2.69420574791798,2.49498304620005,2.61251025421889,2.92027579692081,3.57908768320366,3.03255067789656,3.30898533420451,4.07841645406769,3.92665617259615,3.9825367373102,4.02067585872709,4.24410090982528,4.12754616070484,4.05599645298306,3.67948356606006,NA,3.94065534300527,3.95931056081103,4.02815139356065,4.22060090402198,4.22991634936539,4.37250504172165,NA,4.78994493864013,4.77670901727035,4.59657307844873,4.54012453056665,4.64518819570533,4.17814976293579,4.14480509490797,3.93700089409332,3.9122785138879,4.2516965472286,4.26381207789311,4.66369186029964,4.30316347030337,3.99218406007545,3.75985998852493,NA,3.8597398474504,NA,4.30403315280073,4.19026641584503,3.97085940529214,4.2113282191563,4.37064817160012,4.41920748058763,4.06528367398779,3.73835731207682,3.36428709230595,3.03836913841594,3.23896754495187,3.44544545173114,3.40858656997073,3.35247622965378,3.37670899632964,3.29875217599245,3.90089897234567,3.29876916576295,3.56715952494381,3.76095729082491,3.03053733425217,3.52542878901594,3.41225560730512,3.37276892582692,2.87820724771471,2.76244540625846,NA,3.17515863226644,NA,5.08614476593296,3.82020420866511,4.97782627919159,5.0377226005194,2.87860309103486,3.71656075631722,NA,4.57851465315964,5.14312826623063,3.40038224522913,3.10507044704554,NA,NA,NA,3.1059476509269,3.5381496852513,3.11565951415728,2.81308036659153,NA,2.99860898138534,3.55388907188188,3.02640072998362,3.47336441583579,3.04440368036725,3.29981919145474,3.44210167460302,3.41493177124663,4.20212437625222,4.74593197251355,3.85353480802578,4.05100984428204,4.58429141608193,NA,3.53341173497905,4.2887250048379,3.52458434913824,NA,3.68320867965869,4.0989648394532,4.09611413612219,4.18719860965772,4.5618462214934,NA,NA,4.46279710448402,4.80574912242915,4.63774826472267,4.59622083881049,4.54294498673887,4.54129720049184,4.41413750408179,4.19546939997886,4.13770604692314,4.27884347057768,4.24540570248833,4.33644845495252,4.59471326768462,4.37114187042231,4.7307794123109,4.26326949204555,4.26483663375711,4.27216564249038,4.54440996665002,4.65977111923769,4.36010648841057,4.29937217248764,4.92183135738585,4.29797314304422,4.50326728338317,4.54168830484171,4.40813401952839,4.61638188490653,4.40690198876968,4.79601728507215,4.53255280290376,4.34912086354721,5.02394702457236,4.32451764103728,3.49475293984078,3.76844868892724,3.914623133859,NA,5.11031127398457,4.31224258137991,4.52125163927603,3.97791681108346,3.38866614582487,NA,3.58560767819995,3.28783563578201,3.18432925441219,3.4786396925286,3.95183817599828,3.21651192976651,2.77392857008408,NA,3.23021921112069,3.76385794272345,3.15620578657595,5.11384578634667,3.35076087804996,3.13807814721044,4.12350562931573,3.51540257655485,4.77529188530473,4.5680810878682,3.34718708054105,3.92174205035134,4.09103772039467,3.74348896040663,3.62553973816878,3.82142094257676,4.52145795378742,4.07328177386968,4.38194856753417,4.66264162122468,4.32076077614171,4.20956122755756,3.74799834652705,3.2755693157302,3.4287310746644,3.21602806711828,3.64146656220902,3.71988911022889,3.60657069649061,3.70549026633027,3.87305832127879,NA,3.94516164048827,4.10120870329266,5.31011426302577,4.19991307896032,4.09083695290254,4.06506580001076,4.18781613906975,4.17404221216247,NA,4.27094922137889,4.62684795573673,NA,4.45192364933944,4.62561957317023,4.59566093525036,4.63735672076424,4.61798038508236,4.61614437722292,4.77051932840151,4.54958160303519,4.38295053987306,5.01528542675945,4.7731247612685,4.511150294726,4.81993100973748,4.90036379040967,4.66183479217171,4.81743347487279,4.91735791425542,5.22687212897311,5.19190085389255,4.66417822209406,NA,4.5147280962422,5.18190808405771,4.8452331540322,5.83431176482696,6.58668069235812,4.97186548385062,5.74630028080204,5.840175172266,NA,4.58682742988372,5.16243314357242,5.19250893468524,4.84185220043769,4.26241451467883,NA,5.5952761952506,5.2154196020188,NA,5.07951034284314,4.40614262988509,4.31954881932522,5.17626181845196,4.38891163840751,4.91555692425373,3.3865026600568,3.59417579952256,3.98329541342354,4.11694368649242,3.83393242076266,3.87669025937961,3.83705412951302,3.63934507862256,3.93931051430995,3.38880500035203,4.77135670661864,3.89671873871228,3.58995993845615,4.45891854354782,4.95383793691211,4.38353007890625,4.19006033664448,3.50837135671232,4.22412473871249,3.53435123525395,3.54351216750269,3.50315110065011,3.15995446160882,3.80451242448965,3.21277668754508,3.08389685415848,3.30127338992742,3.42979412188119,3.72006915510439,3.7441742377883,3.93690613340695,3.45119097950897,3.65677673100868,NA,3.74281669827655,3.82355388980871,3.88984443330047,3.91637578395982,3.91208587601544,3.68431734503485
NA,NA,4.74070354038432,NA,4.31576583721093,4.7033484585878,4.28215692228924,5.36426140056984,5.74153616682709,4.60392187468412,5.37990153367894,5.55264001397276,3.92469155194937,4.66827892694311,NA,4.51217303691287,5.23619515347567,4.99093758529354,4.84358740104935,4.7652435984879,4.10424973836806,4.77516206168911,5.06203516444853,4.16836432294676,4.57692195540798,4.23205538939078,NA,4.14610378865691,4.12906694065798,4.39409530666248,3.87599607081824,4.11404035921364,4.02612930126641,4.21035640895308,3.81282949404698,NA,NA,3.78949437370968,3.90386339267984,4.02634678717809,3.54644519338067,3.49781028543741,3.28954512029782,3.19369723301361,3.56746681373245,3.34594741451522,4.4288653068499,3.39484827304703,NA,3.082445791149,4.37460206851729,3.68880052997101,3.34952345233508,5.03731072420578,6.74531757341657,7.35567920713365,4.12529815996656,5.72926790341118,5.0052972368215,4.86597323202441,5.31495843029298,5.5447912185697,4.7737885483418,3.96856924639622,4.55187289160803,3.72162311622922,4.72145114787725,3.2717906952941,4.07987249550172,3.40763567839308,3.07461418989716,3.75174129972519,3.27120168192023,3.32557693091127,3.21202662913811,3.32540437083698,3.42442420225714,3.65555182122533,3.44666447498593,3.36065702852219,NA,3.40728451402425,3.50683056823706,NA,3.79925001261784,4.1565380952786,3.96596047066215,3.39278097500786,4.13305300016417,3.79992608820223,4.30330612836596,4.04403631179678,NA,4.46210302039087,4.02169291244002,3.42371593514032,4.53895775720662,4.54674566311314,4.71160617904885,4.65859685485222,5.22250878100002,4.22023752891158,3.67511009109712,4.51394283632511,NA,NA,4.87951001868375,5.49556162422684,5.40221660005365,5.02134585499755,3.71953305353169,4.89274457481841,4.69548363275202,5.49799421171595,4.07446620564859,4.715002203669,4.41445722762515,4.03578653213759,4.684781665914,4.71862421027507,NA,3.88074112115935,4.10284425559635,4.10372650425668,4.15676147250937,3.37826657513815,3.84637398900975,3.82308474797419,3.68356046104439,NA,4.21827023540641,4.44352335319221,4.56925055104146,3.70007902372126,3.26630413716804,5.65953637159328,4.55599756972551,3.23277440743417,NA,NA,3.23997308189001,3.01258535248703,3.19503018396778,NA,3.10860261351821,2.8701159838178,2.6610617632217,2.51620665971551,3.51717317989246,2.91314952974285,2.99530443817166,3.08171624809795,5.08525171080088,3.08287128776273,4.93544203022592,3.85823458139516,2.89133135360367,3.3441639902688,2.96178462394399,2.86476746967817,3.40018528234136,3.03304474928461,3.22934442709542,3.04904937863489,3.0021571183102,3.49178199626229,3.78745628479576,NA,3.66449017057148,3.89866695263469,3.44864947683519,NA,3.53780903070171,4.09022554137728,3.86793187735155,4.64870824981033,NA,4.21042394170653,4.02541256547821,4.37988325742199,4.42401030937309,4.6865343909688,4.4342759680504,NA,5.18393008591075,4.41520940253314,4.32382067895973,4.10804491681694,4.10733260666162,4.43618350849795,4.49007195586064,4.18510735987745,4.2213949153155,4.63249952019335,4.44499564942048,4.27933967094638,4.63059466970161,4.54140385224744,4.58443727613224,4.31010971372342,4.5828952352262,4.31675097998068,4.38261134506299,4.47011329645205,4.07655826883503,4.30459481067954,4.00083657931966,4.38676485542869,NA,4.72233917448554,4.3754559774838,4.79285759796399,5.09174933455726,5.29630583500768,5.10661343763771,4.3153930615283,4.05917479717563,4.36022209178108,5.21027748939111,5.51587784979246,NA,4.4081191330308,3.82959066069853,4.68662006013658,3.5292459318001,3.20852294451885,2.98033457781924,2.93963573688612,2.91484338146291,2.54852596036488,2.55413564770922,2.15959648056322,0,1.96789712831269,3.21314489219573,3.51045455845627,2.93174557113641,4.27028216940369,3.16832237537831,3.09020303417894,3.06601013727776,3.75238275164438,3.39875254126448,3.18667070715998,3.11827140509243,3.26206650513284,3.21212062494254,3.01362942743912,3.02980794128885,2.80935943881486,2.94504872711069,2.95576229043511,3.1753410091194,3.01105511205747,2.99058315641382,2.84312558664122,3.55044227461303,2.89314935890787,3.27450792563823,4.05572864111348,4.05364792713325,4.10762903836813,4.04864350258487,4.35736334003496,4.34409273244043,4.27812300845838,4.02350238136364,NA,3.83791352364859,4.08191080315959,4.203474363986,4.25309142941093,4.3505121082009,4.53385290595862,NA,5.22010922279417,5.18400218104906,5.07286121766289,4.83520790368721,4.83265793740134,4.44806537351475,4.50357213211322,4.2138647341795,4.22705789049608,4.60854570661639,4.532175624404,4.87878158378351,4.65790678830826,4.23823823292147,4.01348726818682,NA,4.04004035825158,NA,4.48862191036498,4.42218020187898,4.02770031151014,4.24656181659083,4.45769412853945,4.5481489830919,4.12895823756548,3.91114909159294,3.42988299694458,3.19220169310812,3.45637509567695,3.54545154326915,3.57059848030433,3.63315188651762,3.70994857396108,3.4520796255601,3.97484501437943,3.23682829970464,3.69127652156597,3.79196917509745,3.04052447144508,3.57556241725854,3.38462270716891,3.41834375020143,2.97314360075866,3.02987467059485,NA,3.46763497559623,NA,5.3576525642079,3.94283298456983,5.29016363153701,5.24226402181541,3.14861760618975,4.27095311258418,NA,4.73350936445783,5.31257500769891,3.66583339535247,3.51466331832124,NA,NA,NA,3.3186400140977,3.66756341410943,3.19472346177218,3.14780765666573,NA,3.01724173368459,3.69739255285947,3.19127803301109,3.44618870638468,3.34274515499085,3.7166979610229,3.79006917433488,3.55527438153006,4.34457208718378,4.92381914082368,4.04084033919856,4.21225538983293,4.69761846763932,NA,3.83036243415816,4.59540507187548,3.5755190837339,NA,3.72998090398311,4.21166214257559,4.20842768414797,4.30264986271836,4.7001081638554,NA,NA,4.64657932307112,4.91212991625075,4.81647889136543,4.78128353787219,4.73161247180368,4.70159203546923,4.5323853470751,4.39603673028695,4.25204821310922,4.33858819446317,4.36667536777682,4.3274514646902,4.61797620590258,4.65236570141354,5.05978436311974,4.59045497591411,4.53108622470918,4.44957976389267,4.6415817662593,4.808548987728,4.4643391635487,4.41701085795209,4.97618729342927,4.40318053183122,4.57324325552175,4.57612823595884,4.44753641201304,4.68051193237581,4.44150956917548,4.84500615513209,4.52583315694366,4.31635508998633,4.98352901363102,4.35292141433947,3.46802081574578,3.82137279171219,3.95230564780876,NA,5.07061862250089,4.36841333252752,4.577592701475,4.02856963258354,3.46372154072897,NA,3.68666122157978,3.33782630422619,3.3097012490926,3.62647277455461,3.9866305103005,3.51557381888233,2.95889763263052,NA,3.49727191540747,3.8418676313846,3.39687045836062,5.36668905711644,3.41262702052187,3.3608418121327,4.21038861442083,3.60890207954433,4.87634053016502,4.62139653842197,3.36578689866396,3.8863111864071,4.01384028413042,3.87990312050474,3.68023527730835,3.84201221155896,4.5944848687215,4.09538343619254,4.48871051048535,4.74686806686746,4.4584092634551,4.18515550142079,3.82144994833724,3.2364723219484,3.46816348628272,3.2501613850755,3.57105152552526,3.61176770724544,3.49461832631129,3.64065135517102,3.7594281976321,NA,3.99528190230679,4.11544840880817,5.49182108909228,4.22459992024696,4.08762321372284,4.06721137453044,4.18531853590935,4.23204615845392,NA,4.35218010310591,4.70659750767581,NA,4.57805996096994,4.72995137790895,4.70035224877066,4.70636543509317,4.71763339742304,4.78594004917122,4.8785611702194,4.63622041939468,4.48626673245988,5.14435665881864,4.87899474484499,4.60903390510104,4.86862309360047,4.98479865896118,4.7292201778676,4.89721547142249,4.99146954927961,5.30037563238792,5.37351677556124,4.69971592049486,NA,4.63807194718827,5.21957547633044,4.89479906456108,5.91439295241445,6.60995459960884,5.09850162351936,5.77670316070837,5.40409233966752,NA,4.61309166131315,5.21680940366418,5.25847644394756,4.81206803259956,4.30892578898654,NA,5.72924261645252,5.30888065297652,NA,5.02407384613075,4.25059038486033,4.15428085253824,5.04119386203251,4.31573130373513,4.87022549117862,3.21584923676994,3.51261195918791,3.92364907149349,4.0271932102742,3.85699677440877,3.80340682002263,3.73467164682678,3.72106310758403,4.11044131399737,3.56097936322217,4.95687021872541,4.06265929457937,3.6772787747404,4.41509737081296,4.86712353689174,4.51792059176529,4.17325803706236,3.53644855457435,4.36036862771691,3.78571998691053,3.67210031564151,3.53388816330712,3.27425284217513,3.91053410835628,3.33116829415514,3.12871623561173,3.47717260696068,3.59042724530799,3.82828781166672,3.85710440113585,4.17110582012597,3.56453928371529,3.73197951225062,NA,3.89553927202607,3.9811343743887,4.06918019624679,4.03025663669368,4.0319160477629,3.83514945677462
NA,NA,5.03303010069114,NA,4.64227131524003,4.92168263879277,4.58077805591158,5.48798197379085,5.86851436196784,4.8202056555323,5.55633586341308,5.6525695247491,4.20132989997463,4.79788953068387,NA,4.77328281862094,5.44903949308305,5.22163914335636,5.07208782643753,4.9649165144363,4.47277829519388,5.02645595184177,5.41611742165841,4.46823334547478,4.92152246658525,4.91694232549509,NA,4.41097745416506,4.39449513117742,4.62230165220056,4.26838189666629,4.48988792314665,4.42166518577107,4.5356892163969,4.19658825674145,NA,NA,4.13490632179846,4.25695884144827,4.3338559935556,3.81614487429556,3.81944989484743,3.54736084613663,3.33405068818556,3.36540842255088,3.28969935238424,4.11763711628711,3.19819891769942,NA,2.9961833189639,3.80758404757554,3.26155635978084,2.97855067498642,4.33381144406366,5.97510218248238,6.51175059009781,3.51423547163261,4.963994385903,4.43847567942536,4.23438222874171,4.66802783359633,4.85376260915614,4.16782806697599,3.56908270145114,3.89943275983008,3.11646496497476,4.15862196630528,3.06372261122484,3.82883879465738,3.46570337745735,3.21996594837322,4.14423147262735,3.58851976631578,3.63747717283659,3.53584349439964,3.65386034890085,3.80315956202542,3.94997922403637,3.81342263071739,3.77595505836846,NA,3.7668516169327,3.88527820790718,NA,4.10415932658553,4.54477979962603,4.21285918074357,3.72551486911096,4.46075352730347,4.08376081429033,4.58442046262271,4.34108080840498,NA,4.5962125057267,4.35779125293823,3.73048993322235,4.92025243733191,4.89146480456861,4.94897982425656,4.94147062826507,5.38315378485791,4.51343849464278,3.94853920046039,4.81364159909811,NA,NA,5.14786005002283,5.63351063537068,5.5674381724917,5.23624642804079,3.94453979754046,5.19607010740983,5.09353264354312,5.73170622065668,4.44550025841326,5.05388133261269,4.83858422234375,4.46018956296465,5.03779423279565,5.08247307927738,NA,4.30058230781061,4.48145277078223,4.52829064878114,4.54638206928483,3.78275472608049,4.16445830719129,4.1424695899312,3.95656913720162,NA,4.29685917002117,4.53435801801672,4.69678821536239,3.77124669871232,3.3131844772723,5.12079684312295,4.21722756708021,3.25588222610808,NA,NA,3.51324425801535,3.11724292748783,3.61625713112895,NA,2.96034514513283,2.66832536155512,2.72566326287846,2.88499834022668,3.38979966468578,2.8030536432028,2.74966636729945,3.24110980049716,4.88333416545435,2.66417392351626,4.02104356087905,3.2187216151278,2.37643928546901,2.81179697511231,2.71325522363002,3.00946791776379,3.75493935684362,3.24866874331607,3.31705962451328,3.32049700024935,3.24238977764277,3.8372301799842,4.04330873484437,NA,3.89193644025149,4.13570740528246,3.62485881226837,NA,3.91903906139664,4.39172423880612,4.13016577297262,4.92825806696665,NA,4.41072455944875,4.30214887055586,4.69311478661475,4.71805699825945,4.9165270312374,4.6745296968254,NA,5.34051390827501,4.72841452044228,4.61560004579469,4.47704783282299,4.46611516156985,4.727267662662,4.88282654978923,4.49514761906814,4.5945202524957,4.94176172602295,4.68397802382704,4.6561629870465,4.96748611211189,4.89338687508893,4.92683960441992,4.67616872921123,4.92482288439668,4.75066507090431,4.63208405834627,4.69152573714416,4.38304777133254,4.65508649578756,4.35855188692016,4.7207907579294,NA,4.94903131038083,4.5680172779187,4.99821001305357,5.29679165214646,5.32674085712681,5.00922885915552,4.42947298856016,4.16944096858081,4.00768994903088,4.90971422175045,5.46186004237609,NA,4.46952391367606,4.07043314707201,4.64297317286797,3.65007056516674,3.51340081587009,3.18056430762687,2.96395928448856,2.94412135583056,2.87355238261972,2.93189639715873,2.35000867177799,1.96789712831269,0,3.37493699889436,3.70378126856289,3.18007124215008,4.71111000081303,3.54187980682541,3.36517164304003,3.43133179791436,4.11233437640872,3.16405045123445,2.78060911243938,3.40760978051535,3.50673925424941,3.44278286875395,3.16255181106098,2.83421353006529,2.80911716815114,3.05545586774199,3.2072492577192,3.22632571977884,3.11708524454744,3.17299920243805,3.18220681054185,3.87135416561528,3.27491289114705,3.61249686894324,4.20855857942467,4.21395855141982,4.42450084386836,4.26787722557951,4.4975146086454,4.51818958605931,4.5730209283013,4.30200954660501,NA,4.18328232492607,4.37246528627539,4.49049595553203,4.45404950671367,4.60563562723282,4.81828953442757,NA,5.4772196761748,5.59035987754086,5.43932075313465,5.19101788964184,5.15240154718871,4.84487075509017,4.88889480517586,4.63887955458305,4.68359904709559,4.95172713450371,4.90607768206239,5.2501180290359,4.9497367203806,4.60967313587305,4.42194274690786,NA,4.46121990201402,NA,4.80219081011334,4.74153106584678,4.38728512589671,4.65047664413807,4.75828270371416,4.79152831254228,4.48515327855976,4.23858933873334,3.8556305369829,3.59790823501345,3.7650823053621,3.97465418089362,3.94225243611912,4.04726397146119,4.02091634499265,3.88701977124243,4.10912435016978,3.47072349147931,4.07321195363588,4.11205363084724,3.1044756556687,3.48254626413924,3.04733956338229,3.53256276163369,3.24358017384884,3.36916313751947,NA,3.35343614599202,NA,4.75936504068939,3.61651064046228,4.64150628344124,4.47100289082559,3.17963862859209,3.79254037695353,NA,4.85541235786073,5.45018042148465,3.67380954316887,3.44736045272173,NA,NA,NA,3.03840548038681,3.94293863635439,3.49539116026652,3.32595802559167,NA,3.18765140953253,3.7858630091515,3.29050518266579,3.59796662503424,3.4588941022307,3.67413285318097,3.67345511097721,3.34610992056634,3.97015060988565,5.02584488217944,4.01344899980263,4.27939589715351,4.83811877010243,NA,4.08526397073494,4.73564418236728,3.85598067237081,NA,4.09205880304494,4.6178017183473,4.59810250087878,4.70044467921444,5.06856028308662,NA,NA,4.9311337972723,5.23688324804941,5.14922400396097,5.12559279090116,5.06586089393957,5.13933796668046,4.89314529199083,4.75548905374085,4.72719408471253,4.74832077274466,4.75062322470626,4.74221367505655,4.9625445912666,5.01801907217943,5.46871115776098,4.94354073222734,4.91408316974371,4.8547435312621,4.95516033638628,5.1126424348108,4.80557000040678,4.69409376233284,5.19110581132681,4.70379522388396,4.7960099351948,4.73662656898647,4.72031177469683,4.86841887477378,4.66224525660177,5.0294925948579,4.73574513621904,4.56187767380407,4.93455755080793,4.33820406714397,3.54587425671546,3.88327280535467,3.81254847757195,NA,5.14947030834755,4.01015394918211,4.15041338155978,3.84319919009541,3.34958400351974,NA,3.38292308488026,3.36470541751204,3.26079437480792,3.31799596667294,3.48715798893987,3.15979435568029,3.09031016661282,NA,3.06175080889626,3.39105282942057,3.09339349696085,4.57733051249097,3.09427872139061,3.13957449926835,3.73312485752759,3.33400179274767,4.30947266894569,4.12600609641633,3.4826369323149,3.76244221814448,3.96277929524857,3.78083900701808,3.57968169855108,3.67362916236561,4.0535582923448,3.73920725299669,4.15606482885314,4.36663786110566,4.17639749381627,4.00626742543714,3.67576180947182,3.46609135879172,3.55986445500823,3.39567313910673,3.83279742045263,3.99880978798318,3.7020459183351,3.98809161488352,4.15302327399276,NA,4.39614564726332,4.46922957684399,4.99853872521549,4.62279085177128,4.45533595800089,4.46688769039878,4.57026005045823,4.61574316896416,NA,4.70183327069896,5.05433581707554,NA,4.91148800627121,5.06387925663924,5.03403494276647,5.04551466517681,5.05870743302937,5.10582266565547,5.19318136327193,4.99266174781819,4.84109236783705,5.43574358700507,5.21230163076258,4.90191038471342,5.12078933249376,5.24852190172566,4.99457891621128,5.12255094488404,5.19929700787924,5.50552133728994,5.46889292726351,4.99313123695251,NA,4.90941540292408,5.44358888233774,5.09760196024181,6.02902922165161,6.73981449022746,5.28784774636921,5.94942894020292,6.00949758135223,NA,4.8055904307624,5.38057490627312,5.44420815180604,5.03531675572729,4.56504846521201,NA,5.88173731398657,5.46662905107239,NA,5.25804465988716,4.37167008369664,4.25748362571201,5.05642177274215,4.43175750644433,4.92169237344369,3.33870351181918,3.59126780976494,3.88878821586891,3.9781443666438,3.83267647454029,3.77435196386239,3.60505037049931,3.55089691953664,3.9901414989458,3.94295641952261,5.05961624255422,4.22180648727861,3.92797473307361,4.04223848880066,4.67890173455147,4.15853745522508,3.76713497740464,3.28740938323927,4.00365159626423,3.64649113709969,3.26334478677923,3.41409603969206,3.27983286629436,3.75622424519851,3.36229794753414,3.29844868212092,3.59886431047981,3.79672013446421,4.14670214892532,4.1038714720879,4.48487510900351,3.99120737916207,4.11043771366986,NA,4.21728322834218,4.29460415806654,4.38541881208169,4.36152938083229,4.29312672580958,4.12080924011098
NA,NA,4.00300644765213,NA,3.72582716303136,4.01452649854707,3.58253979803942,4.66368499626174,4.92185083047194,3.89661615215889,4.84492791448629,5.03827288669156,3.4480300196334,4.24826164826329,NA,3.79165093157824,4.553143697581,4.10460834487724,4.08982234811263,4.27381728263056,3.51374160733125,4.15871999354133,4.59325823547314,3.03486189893151,3.62089747961827,3.90777712931598,NA,3.69439463733114,3.40267930476124,3.86174569518116,3.0487920961897,3.24668481652635,3.31777159690902,3.55413890257875,3.33653633632585,NA,NA,3.11476706438725,3.33628183765451,3.41999338289409,3.19017670786196,3.09225946262335,3.13411669966081,3.08433546719273,3.421843876798,3.39421993733327,4.41458156085526,3.21039741244251,NA,3.37505936626645,4.49800896718232,3.47456999027069,3.41033643501773,5.11866119498246,6.87504159020194,7.71136419069188,4.91015309253725,6.11202765904499,5.16454931546089,5.24830769591482,5.8734847621917,5.88636702893246,5.04349457923535,4.38558757493898,4.85128669373557,4.24411332284734,5.27515987223222,3.5318281545581,4.40276002054696,3.32990019545385,3.46891106780311,3.73601295724613,2.68603957465075,2.94866402782769,2.77821684281522,3.03091465943826,3.1266735266968,3.32606499603369,3.1127911676197,2.95511112581128,NA,2.77310055885662,3.27397528670682,NA,3.38895124549523,3.70485699128823,3.3544918939852,2.68329830516681,3.65135838716478,3.05980991563065,3.55628028124042,3.37085258758253,NA,3.44589182048227,3.30343340184048,2.72423456679068,4.11859378651708,4.05996124803821,3.85572867334492,3.71370078775982,4.35087738415378,3.77239786172728,3.09850520406438,3.56696403094245,NA,NA,3.7285519966838,4.66967413993833,4.70634454728743,4.420694001465,3.05914664972164,4.05768846158282,3.91780983985152,4.94652175049945,3.44496731490057,4.04201068864854,3.72846249265425,3.23218753324623,3.87814642619968,4.01265247295898,NA,3.34095219447482,3.6050263932946,3.56321171691078,3.5821850104653,2.77389263995221,3.41916754398932,3.20894572886836,3.06721091923103,NA,3.82016615010408,4.06505386756341,3.98138125068307,3.28799014781228,3.23037387034616,5.50030881756872,4.43108651131413,2.97588513991372,NA,NA,2.94262794712302,2.8113823178956,3.29336740981148,NA,3.39320233689084,3.46489323315834,3.52918047281236,3.22428509450895,3.74391186254902,3.51368427767889,3.74277124222426,2.5573639978284,4.44798804741209,3.70754355637758,5.82654744958306,4.9376653676391,3.62702044148573,3.91872050579636,3.16030693651233,2.95318086102214,3.37225090529709,3.10801831076533,3.53728609721841,2.67592064315045,3.01895877509617,2.81464966583355,2.85818571796592,NA,3.57737194288401,3.30754336389472,3.11539358586241,NA,2.85390675914505,2.88057216987941,2.92866509521192,3.43808048692887,NA,3.20483688242506,3.40207078496128,3.40929734647903,3.29183323708665,3.56134623431302,3.47788239181647,NA,4.12295648082655,3.33020524513924,3.67078105438087,3.19609753721684,3.1797027380212,3.49882513974267,3.53642068835672,3.32168892823188,3.49715428292885,3.51922972738185,3.50751736993173,3.38435335433132,3.66370563663962,3.65636158036485,3.56499126873486,3.45821726565244,3.86994107923746,3.53843653456864,3.83103356459616,3.91284608222076,3.52582863442184,3.88158024357072,3.11597767274302,3.10051557267901,NA,4.21328050430112,3.80015106660167,4.30830539021032,4.58545487277203,5.36236938835564,5.00868143946187,4.15566120405795,3.90768172752723,4.55864138987949,5.32650014132791,5.68929579446486,NA,4.34416751986473,3.41664524181718,4.61077565218585,3.45610109620812,3.4274662066934,3.13580648655514,3.37014986097566,3.1040089272145,2.90714237100355,2.95997603831561,3.04791342297086,3.21314489219573,3.37493699889436,0,2.55810691247531,2.86603636017947,2.79284663725846,2.44269454896058,3.18942691345383,2.76457586454629,3.75924290640743,4.1632364387853,3.90004317158533,2.31693283951671,2.47633746975747,2.80000301914383,3.28379244932322,3.34978814335029,3.08712057893441,3.15847054136854,2.4783992777096,3.26766004589653,2.86671640925823,2.80304348208653,2.96705496468827,3.69218139690643,3.21370144580676,3.49202012123956,3.8954863773169,3.06287681205459,3.26444788482726,3.51623356605035,3.37239065032907,3.26395246525467,2.89077802754467,3.04938589520381,NA,3.10287167053097,3.33691515273683,3.55217100115104,3.26205830887519,3.26147984656792,3.62918871370994,NA,4.03040586261191,4.17100345066592,3.95351087518589,3.6176382723399,3.70671593263229,3.34240140128473,3.59850792630237,3.19040188930607,3.18998537594113,3.2665840057595,3.11595675888941,3.63526486784234,3.5069319828401,3.20656302451597,2.79213110349961,NA,3.0594993286063,NA,3.6608038601547,3.54861309687758,3.38446144005037,3.60344568959121,3.96285238145645,4.20597883650496,3.7212942273224,3.46367048225732,3.0110862961081,2.89258316669914,2.68279397653699,2.49813184133936,2.63470570645785,2.99779019999062,3.55715002825124,3.01356226248513,2.99565080852518,2.67003711486834,3.52416154617995,3.16029842740135,3.17636007036512,3.36810666047349,3.12171221517986,2.72851019490148,2.51530794833743,2.94397680032901,NA,2.78899261856892,NA,5.44373971775731,4.33405280100648,5.53440651519215,5.75907693934087,2.82924370936649,4.48262669763377,NA,3.98755292229389,4.80349969256452,3.63977707271882,3.28727394559056,NA,NA,NA,3.54681415870079,3.63648290763676,2.98523958248096,2.6502517441208,NA,2.68335725613026,3.69435924431318,2.73580402954027,3.06843246609355,3.15696880340864,3.3289616460284,3.35129750541871,3.32813450955489,4.23929010116614,4.89350143151734,3.79223021101433,3.95406315444645,4.15812167886786,NA,3.02209555094944,4.23685898786704,3.20379121854154,NA,3.0413701335113,3.26714169308713,3.3746249289779,3.32991396239895,3.70343148203572,NA,NA,3.3874729784907,3.82312444341404,3.57066099585912,3.56172584992318,3.71023517895771,4.08531555823929,3.64734647645878,3.4216388922844,3.51916143261089,3.51330687942776,3.39279471973811,3.4903410730106,3.8771371178404,3.78275190414301,4.00089221530766,3.75300124839135,3.51538923392965,3.61147655484323,3.91679321000131,4.08414498574342,3.88088298417784,3.85998771625556,4.44381273625026,3.84887171017558,3.99041011317702,4.06423650470721,3.92355078936031,4.22707787326585,4.01582630079299,4.50669482291117,4.16702152398803,3.97595107271113,4.80258060620966,4.30763741876929,3.21275799923331,3.50219157959911,3.69597055858085,NA,4.87012418558865,4.31110748181714,4.59645582434313,3.85278311557405,3.4693472372478,NA,3.75141589001386,3.409008904955,3.34976604885721,4.12736612133039,4.14624777639243,3.89096128260577,2.82665483447598,NA,3.95788748988268,4.08469857748849,3.92011316452569,5.61470500729988,3.82501088605546,3.85340732755337,4.66250682294692,3.82494400977682,5.1679731866752,4.72169755549066,3.05953783883203,4.20915194452214,4.01564861492383,3.77808186510787,3.62081070055308,3.97031101998694,4.50275258013049,4.06265226707144,4.27539327826271,4.5429028432899,4.21155104552798,3.95082132602387,3.59522825837165,3.12614015888063,3.08044442931763,2.99045071203657,3.09790192365284,3.16885707829928,3.04247285903053,2.99363968340794,3.36431034612865,NA,3.27272994838068,3.28558354105885,5.2052069045148,3.24282406763805,3.23432175413116,3.2960752127213,3.55785261514665,3.08388106576751,NA,3.34494128857389,3.7328330955374,NA,3.47591866061896,3.59324402657257,3.46006597886954,3.59343090837208,3.45207771358518,3.67673046977433,3.84565582129287,3.66903950955092,3.53880417107435,4.54631786683189,4.10610711104259,3.85836990234161,4.23701845802923,4.35591617811797,4.21668558571027,4.45722363944775,4.66001517109899,4.95131160283369,4.81384611594192,4.08798163159122,NA,3.47775330409977,4.55547956129093,4.50006525673825,5.59857362074829,6.28387818444334,4.69551232983713,5.39822901614074,5.45920408805009,NA,4.27837742238236,4.83139885146603,4.78538692313594,4.48705315245392,3.93835292542746,NA,5.37095328997027,4.92703598756213,NA,4.64831578011921,4.11894344328287,4.00817078316073,4.8445075800754,4.12584713953335,4.90925542859078,3.69264217075625,3.49689806567653,4.05784735747882,4.30974965068239,4.05877740097123,4.03365483903237,4.01337400136786,3.81277099889739,4.05432408961307,3.32151246081642,4.55879663681783,3.80609740442141,3.6192222084024,4.32471060988187,4.70827507638056,4.54385975249596,4.32551993324323,3.67731882658731,3.99181007963057,3.3286950693054,3.79322634874195,3.48300777775275,2.98799395965369,3.55214873584793,3.06299080140624,3.04189722526994,3.27947243435236,3.11402332866706,2.97753563713268,3.000378791526,3.4127365458192,3.19099746151657,3.0056212175553,NA,3.10376319446126,3.16927376477225,3.16230694962856,3.21609670543395,3.37432363720595,3.16269416723367
NA,NA,4.70502245384572,NA,4.15525679561665,4.64131003612023,4.27176756485408,5.25647614612412,5.46479778018338,4.06248837099361,5.12556417165326,5.25408739124116,3.65344155320874,4.34225164980286,NA,3.97543755205968,4.93266462671657,4.35921818416438,3.95768948115109,4.03921704534177,3.58473525522407,4.15835275801406,4.89663142845099,3.84752004063898,4.26720196747898,4.46625675196138,NA,4.28736925755542,4.11107972240415,4.42029787221174,3.60567845157557,3.97685179265874,4.04513690640472,4.34292267992419,3.95883834193787,NA,NA,3.87014086695974,3.82490793920203,3.75638060598461,3.75892448934904,3.5669901318817,3.81179384432366,3.53446910089629,4.09982800525552,3.81883957347483,4.73454014121127,3.84392760367364,NA,4.00710888079184,5.0276440380031,4.19756655599216,4.02197573590265,5.33923083353382,7.08434993357222,8.00702825470197,5.36797237889716,6.57274938529097,5.74421290277561,5.73524174078422,6.38642088388437,6.46059907323967,5.61147572530967,5.17381898233373,5.51715522426811,4.8375122089635,5.58075869202872,4.01008828837188,4.89897949778526,4.02903070257034,3.42998643333445,4.12256614628659,3.16308247336588,2.96872202676277,3.04921664405182,3.47157080372448,3.7416508795198,3.54466655018521,3.65289084902182,3.30016412623642,NA,3.3470147634813,3.70537150251629,NA,3.93484866492515,4.44486687724739,3.97079752235722,3.26225021179086,4.34968171654786,3.69371336713996,4.2668873055062,4.03577127582741,NA,4.12263296641869,3.98303585676387,3.26083335440694,4.52640060608818,4.5249883269998,4.51086745631506,4.52798059224148,5.07948519325022,4.34246385969924,3.35422569635453,4.09727821411296,NA,NA,4.37223703913915,5.12264356181828,5.08302857619409,4.76216532699272,3.44078139869653,4.49323627794507,4.44161716798474,5.4147483090598,3.71691344727664,4.6039571672705,4.00132556927336,3.81855332231603,4.48072258880645,4.40107070105667,NA,3.20961384100047,3.84308337650556,4.0008271572547,3.81403169582358,3.28539014898757,3.75216469696224,3.53280533511956,3.62311072726616,NA,4.12764615317226,4.44929792690638,3.709940310084,3.41403409356672,3.72353663607491,6.08763390825762,5.10404559254026,3.29192126598878,NA,NA,3.55548375119031,3.66514339836203,4.00728469436644,NA,4.11543899579284,3.90354071872646,3.88558177263593,3.61872971012748,4.13801328638871,3.756417172001,3.69628123384439,3.24694828332068,5.20921755048171,4.33210315517903,6.1445307485241,5.23757598028795,4.21370972043699,4.27371156985854,3.58693431519922,3.62715908636067,3.74723617161816,3.61606538071024,3.86186627413907,3.13831211228903,3.06705583233238,3.36002624645425,3.47378132442003,NA,3.87849161089496,3.89033442602516,3.20661864687013,NA,3.25575422926476,3.80061289199334,3.71899371827593,4.25173891573607,NA,3.61224148400162,3.74269034158271,3.93573495902727,3.92985215605333,3.91945864092104,4.01723486750322,NA,4.71473522035847,3.76802874677523,4.23239896904281,3.86210971151418,3.77619590528818,4.03248969272746,4.11628255639247,3.71584464068221,3.98775607000311,4.12291784839149,3.96071178211076,3.51677166262302,3.90417649382567,3.79635069470926,3.5768231509724,3.55871406270539,3.65826780360807,3.43508120432102,3.29962309850745,3.7521213220703,3.78962112087082,3.58514375297451,3.15080742348385,3.70489448477311,NA,4.01343142176569,4.1392526047685,4.75154074759163,5.14167400491839,5.8917993802263,5.65241972309876,4.9661435085546,4.49986902470037,5.02691108125086,5.98638604972261,6.1473661852778,NA,4.84791183485556,3.99185280269546,4.6123094635225,3.42241322528782,3.45810536090787,3.29114613167887,3.7744040903023,3.40736453360564,2.79716326034416,2.91454007349757,3.15197644366867,3.51045455845627,3.70378126856289,2.55810691247531,0,2.01223551057972,3.4968936187155,2.35486606895846,3.11487262321365,2.97164406396273,4.22381024462178,4.5668128497307,4.36903404876556,3.18092525806771,3.00812695556901,2.96517235312177,3.58930952686386,3.72251205237188,3.63357046029054,3.87469517072675,2.83916215646234,3.41592059390393,3.14829984288015,3.00092540249533,3.51406665340771,4.19298611503959,3.49604115317357,3.69183661052891,4.15881415174222,3.58698842648696,3.58962633745112,4.08561452975954,3.91653436541405,3.80838387341622,3.62247316041394,3.84217138200016,NA,3.63582753773944,3.74221967043262,3.95262774359876,3.7451214143797,3.89624452964965,4.31318373548793,NA,4.36985111457321,4.5418966778997,4.48647056674754,4.34970058986384,4.16063760286012,3.5474718763197,3.75422476034554,3.66403660186941,3.66803761012616,4.08306502764731,3.90832742719103,3.67680053433594,3.82246094280361,3.68741856927931,3.31824528767605,NA,3.42993655993145,NA,3.64976918067974,3.7048742754871,3.95853540257054,4.16856956596675,3.89763184210787,4.3887584143035,3.90950787426771,3.60917237379987,3.17697768663587,3.01379455641181,3.21445073496395,2.84698852526599,3.17682446765061,3.44907774191893,4.04360810221435,3.2995118205509,3.80447905365018,3.43567084982244,3.78534639739492,3.65795102546252,3.66492532036819,4.05259289985505,3.95792645459059,3.56935392865037,3.22235916774673,3.04013840946394,NA,3.72237197521787,NA,5.87473759400407,4.6786864829583,5.87100106369948,6.16045524991791,3.53215900107734,4.95767870878052,NA,4.64059179925377,5.47590278460358,4.09136167221143,3.61810830772791,NA,NA,NA,4.13491373181003,4.08514634205671,3.71640289819931,3.31259925188607,NA,3.11912783910786,4.24564181548366,3.29232874497294,3.56145645194485,3.63711820707913,3.95010020331027,3.99564334407041,3.94393339678873,4.60410444465202,5.1657041251274,4.30347009817063,4.22088230000912,4.68603312328669,NA,3.66616290161947,4.51312256497172,3.69035001115887,NA,3.91567511293237,4.03412187675109,4.19163225490617,4.1525534584343,4.52363961040034,NA,NA,4.21157758728944,4.67582322112083,4.41539780947613,4.34939271629479,4.53227876592677,4.58855538580659,4.24448184077741,4.00502201051593,4.03902146310991,4.27689250921441,4.20848219230022,4.2248684949645,4.59860143230068,4.37768187032511,4.32371166697917,4.16187202706283,4.03150865144401,4.14337479830908,4.5919080132121,4.66563144254604,4.47797417724367,4.47703044549208,5.17907909977722,4.50574874246733,4.61385454127601,4.62595441585013,4.60440016070504,4.92626559742227,4.57487676013999,5.03281133364321,4.50207942538596,4.54716753763645,5.29370496200785,4.67541415155024,3.84421747155088,4.10857579973965,4.48570507827669,NA,5.61647561887724,4.92803252512919,5.25164448036763,4.56079887811572,3.99743878957647,NA,4.32606580615459,3.81831059380116,3.87826772503418,4.31562306791119,4.77503706392658,4.14642746419941,3.33288400056499,NA,4.43407440172791,4.67183307522429,4.46259078399856,5.92685945436551,3.86313092434992,4.44148151612177,5.14874758266601,4.48341693357618,5.73888977883533,5.42925867517718,3.88226900832744,4.86607545919998,4.75501957501721,4.51979374872887,4.32883850090619,4.44235578938902,5.28566521411763,4.90493780333259,5.00581485357138,5.26605847502065,4.78238977491026,4.66448837818742,4.27018817969852,3.83183550095009,3.83471263114431,3.76634302314714,3.8057346536138,3.92474090958133,3.78004743293125,3.85970214309577,4.02077612688846,NA,3.9300216995507,4.07136175797381,5.79683843532917,4.11921163828389,4.11945957037762,3.97537509536339,4.01286277002956,4.01845990223491,NA,4.16811358353872,4.48863356355664,NA,4.37155634886938,4.46325331468574,4.41294924724218,4.4752750932244,4.3717486560723,4.26198622795324,4.51564097926346,4.39512998104744,4.31394718400249,5.12610176235288,4.79345021678074,4.61532369312981,4.96010792472713,4.92970283645119,4.8414426220278,5.0513947929483,5.17174797871461,5.49144234985308,5.2132885158925,4.7343405756864,NA,4.23264052808107,5.29382647562047,5.08284194741023,6.14168131571965,6.87171800748985,5.24949033042337,5.97409246132914,6.08241539759219,NA,4.94963266800687,5.41871985293665,5.46034535723457,5.14062082178951,4.6168184076683,NA,5.84223424884094,5.5200089085244,NA,5.19283274851025,4.68550886342313,4.69284554402779,5.41630961015674,4.6117222187473,5.39336302042596,4.12546380856244,4.18038285049776,4.50215705903079,4.79182470036063,4.62661205945655,4.68912388844158,4.717462614766,4.48420419651371,4.60483371827267,3.71912711097127,5.1477658859978,4.19437370671301,4.22389931260281,5.06555779603915,5.40738098181409,5.23976732157305,5.04422545350872,4.37365015715034,4.79330457897945,4.0421788267308,4.27512827532494,4.13601302533189,3.65778191937169,4.23721294960536,3.73770453640024,3.63825120471685,3.83200953490516,3.69880859309975,3.87579208063829,3.87654483260439,4.1092917161086,3.67254962360232,3.82609113990716,NA,3.88015324956832,3.88754637904049,3.95733083967678,3.92710361631359,4.01414333139422,3.92414581903807
NA,NA,4.6757421214638,NA,4.19607327724827,4.61125739636489,4.27027040425388,5.21085273555398,5.49607687068285,3.989648852433,5.05559998438296,5.14413158821202,3.61755941093497,4.32792631796226,NA,4.01326642297828,4.95727834435412,4.39298416476634,3.94986156245246,3.82589705910056,3.42303127295057,4.33346588039903,4.9750099252626,3.91859998646399,4.35274866526419,4.51967687147858,NA,4.24462387858886,4.15781246561734,4.31197420783335,3.58110545696278,4.09331764166634,4.13423210868826,4.3176749525689,3.88023529742789,NA,NA,3.79572843629184,3.79170339296521,3.72878556946689,3.49018882148234,3.28054777673844,3.47122389123515,3.27316419823594,3.69638421804319,3.50073873124305,4.64538096228945,3.5326265029767,NA,3.64750857322682,4.80874541365218,3.86753655514596,3.61170230822393,4.97453188220301,6.73712505578497,7.63287854729184,4.80059539292646,6.17120054600949,5.42923009481732,5.24304827399144,5.78345890904618,6.06081578097139,5.24880807395249,4.64853091182747,5.09377399991209,4.31204621646785,5.09761772873892,3.67721640721934,4.51937146048688,3.68476852941007,3.10420513884846,3.85902823785785,3.02926818953068,2.9040636763347,2.97089855567315,3.28177792067607,3.39809534760065,3.41206830177647,3.40809266428691,3.19552411095593,NA,3.26554670350131,3.53505854987731,NA,3.85197363129214,4.32204016687623,3.97390072419525,3.19323762170663,4.22671174066429,3.60933413009246,4.2524903095885,3.98168046156105,NA,4.12166311115814,3.94330076859263,3.17560585125734,4.52246429370158,4.51621556106567,4.56272068355358,4.54767992302134,5.04500023449271,4.13624183605987,3.28640715588151,4.15282025948925,NA,NA,4.5709962235809,5.09344840602828,5.05934060050819,4.74031274351163,3.3704520679291,4.62580145674891,4.5173167917662,5.38624769690582,3.69005981840476,4.58140562178728,4.14635809543029,3.82277938309187,4.49894363229615,4.48023748197902,NA,3.4468937229952,4.01062509819908,4.12585900217944,4.17865748679447,3.38685375399093,3.6360010200607,3.42762022998976,3.51333270308889,NA,3.85864657043194,4.07967938799881,3.67660830599459,3.21824345998475,3.41995406504437,5.77940808555383,4.80286239372159,3.17783519104655,NA,NA,3.60426664910011,3.39327392386985,3.82248220846499,NA,3.66276373719212,3.47020780664786,3.23576393127665,3.07616179302936,3.77044658465112,2.9916928515735,3.13058647381235,2.8325752199369,4.99920506338202,3.76267132289826,5.45031414912644,4.5245215098618,3.67701665617471,3.87946134722059,3.41113749482414,3.34325081713294,3.71613128739029,3.47046404522,3.53487067629134,3.08510999272409,2.87609385194365,3.40840737112952,3.61218474914982,NA,3.68481713076112,3.65985472137303,3.08831981303369,NA,3.41798232379822,4.08584364052306,3.77668765442791,4.47120019421313,NA,3.75812365684042,3.68727305720825,4.19637058324822,4.02335301330039,4.25452201502836,4.02192658269364,NA,4.79589862220741,4.0614232279577,4.31255487502073,4.0507143568857,3.85666545886075,4.06184054597907,4.19720886510487,3.83128672970154,4.12026778854898,4.43933698251649,4.08680876151877,3.72960685060871,4.15265816865855,4.13119947054747,3.89993549227207,3.83203438047869,3.96479186958593,3.57800186008883,3.47303097525583,3.78978532503985,3.60061004056904,3.75075193564681,3.36917459338419,3.72204129099563,NA,3.79084810482361,3.95517861310703,4.60740534335271,4.99008250111284,5.50963160964216,5.34270683518999,4.66284115573494,4.219633386008,4.59860655605301,5.52227089310199,5.79456802141592,NA,4.55752441641729,3.85396456071273,4.37519217553779,3.24081267501423,3.18450593094723,3.13149949093634,3.22037103042842,2.95661537702917,2.67963908048838,2.59603969111628,2.87076596349194,2.93174557113641,3.18007124215008,2.86603636017947,2.01223551057972,0,3.35115168911342,2.54081982098988,2.5669866216948,2.77814452843654,3.96554038298379,4.0553275173649,3.76426077697538,3.26319592443582,3.25260699467578,2.95437005603607,3.23732321297691,3.3328763447356,3.22642896388799,3.36769753515851,2.78511172896108,3.11274089253712,3.01349764839726,3.01514428084596,3.32690217033009,4.02209076720443,3.24732136124049,3.47543934127722,3.97454957051195,3.92131801714752,3.84569434668983,3.97751579270924,3.97968801884924,3.77662541826229,3.79670604522557,3.92258364951635,NA,3.65030803790752,3.89545561244077,4.14943964833107,4.03643209633424,4.08434156021135,4.30192675821041,NA,4.51383944590552,4.60713712908265,4.58735356839758,4.44978607822526,4.28357830518373,3.75352224718973,3.85151078654326,3.87151741389175,3.9553208876471,4.31561106991191,4.18243831219841,4.06029360575456,4.03301327536929,3.63945475338476,3.58914195370029,NA,3.49173275850286,NA,3.43137066035303,3.62945576102056,3.77749878784595,4.00740800634688,3.93539026464347,4.19395098480297,3.82478639773927,3.56752495658829,3.02374658514058,2.8321874450087,3.2211440328882,3.15272326503376,3.35052111838852,3.40270718143815,3.71364497435936,3.22789490810486,3.70202552174724,3.33036804733387,3.77464380837217,3.66525106047689,3.29837755782152,3.69561391191994,3.55409052092617,3.30214643396858,2.94675389185893,2.78047721044971,NA,3.3900604410815,NA,5.57547037798105,4.36569069714421,5.52233823174003,5.62374616700168,3.21313306867233,4.49765475680041,NA,4.58275722605243,5.37517819256443,3.85490921682508,3.38701488221675,NA,NA,NA,3.67542093611137,3.8511283243109,3.50522838792986,3.22165131173661,NA,3.00742851562086,3.99518909631685,3.25375018211333,3.47771089252675,3.51668128011116,3.82108199555725,3.94313990263176,3.51409131987387,4.08292286530361,4.85761856405273,4.09701759646199,3.74478196221258,4.32363243255355,NA,3.64564483718555,4.12727981267074,3.5487896395282,NA,3.84786952997694,4.13186779348282,4.19405793777957,4.16200534018807,4.53997034386239,NA,NA,4.33474501870822,4.77822465039194,4.58149430155093,4.55521412288562,4.58936291325255,4.60946931978347,4.3178895743053,4.08118167204746,4.22768740492655,4.31157017296535,4.27633451461829,4.30136595782535,4.56420221311965,4.49280107369814,4.47986144911362,4.16302450769094,4.02849987525286,4.11722998404125,4.38581791823424,4.53714518131255,4.31707976764605,4.27110618105658,4.98564116476252,4.31784971300448,4.43539992587229,4.45094255828234,4.33317146301228,4.70922327678143,4.35240764586429,4.78257362685656,4.396535710751,4.28446138030025,5.01234123965132,4.38661481805744,3.49626520553167,3.77571395643494,4.15316148888864,NA,5.31293359124552,4.53676958502352,4.79207958896053,4.18197897114986,3.61102365065956,NA,3.93912762566089,3.47075307863486,3.43594577199007,3.83335220623848,4.33381483781364,3.68415863881046,3.0205303691489,NA,3.90764884717436,4.18879601489068,3.91858903587799,5.51352369585802,3.44309720925606,3.86974857693137,4.57058001438274,3.95363097867202,5.29827096628933,4.96390640514127,3.56021658666439,4.30101016991386,4.34183484150827,4.08135782571799,3.95854699667766,4.02663645974831,4.7487906345476,4.37589842851827,4.62885121819169,4.82025172478297,4.22824889301454,4.25573200832999,3.78470084110244,3.43755359864783,3.53680061021661,3.41371477943602,3.54350556732754,3.74102886267103,3.54898517875341,3.73956036055423,3.86123889965925,NA,3.84837243480845,3.96599675697915,5.46535568348539,4.12861574786151,3.99931844403962,3.9371405084757,3.90092505947514,4.12234900185378,NA,4.22719906680432,4.52556562360047,NA,4.46453271874095,4.59267521759984,4.55039150410066,4.52683155511017,4.49889329241834,4.38584870984934,4.56312077438375,4.43046735992962,4.29856307387404,5.04587517959607,4.74435981342492,4.54959306452728,4.79782928340969,4.85970874285358,4.72135441331398,4.90053677095324,4.97657684655497,5.2483149593965,5.17082886427197,4.64857926716966,NA,4.39244204474068,5.17953247850808,4.87605324788002,5.95005826121852,6.6662681239803,5.11908843389475,5.83786723551288,5.92908238575496,NA,4.74264828355813,5.26524108481754,5.32902322640914,4.92536550190133,4.40482047458011,NA,5.68651225764913,5.2936306263149,NA,5.03158573328286,4.35977060250187,4.33245831948326,5.13651254756601,4.33063871304742,5.06530428893289,3.60990881717831,3.73185423017131,4.11479302692348,4.33701507338493,4.15460699561931,4.19474698125967,4.22657064816786,4.1601934441879,4.37708355352942,3.70414190431065,4.9496327598585,4.03001359688225,3.80638695817214,4.62682355688725,5.04829875992029,4.81933389228243,4.56166801842235,3.87989931323354,4.47404851029477,3.66568996801115,3.80638136770103,3.75195007313486,3.31805338755548,3.83519106507938,3.28470705937018,3.23525750898811,3.44014657135721,3.48558246203677,3.77728132029316,3.76790201105662,4.01684220229337,3.57314028161115,3.74153982392278,NA,3.77769107066524,3.82552770933098,3.92386764883823,3.91505774132273,3.94510811412241,3.82106708149889
NA,NA,4.92301604791504,NA,4.6433668191629,4.93629967034285,4.52369329759872,5.50086559063418,5.82756709196779,4.444575752609,5.57676530335059,5.69605229905644,4.2410397648042,4.95888815390648,NA,4.48443830336807,5.24896165931471,4.75551808212931,4.59340192647189,4.7480574998234,3.94861858114738,4.91389302477804,5.26511893733412,3.86057828610527,4.34907291282946,4.72946580772469,NA,4.49183085600014,4.20867546470514,4.63401562869084,3.77615896151461,3.90311613408226,4.02793686614253,4.27402399178155,4.03622571363745,NA,NA,3.91636156472435,4.18008510860533,4.14695596740135,3.91908797283225,3.72023754304251,3.94863540742686,4.0505920863029,4.37193267537154,4.36410958255829,5.59026249023999,4.41186435211942,NA,4.71695434476175,5.79059917852883,4.750566225569,4.7321484913003,6.23547356997334,7.93099862974508,8.76189631741819,6.10348072293817,7.23367241486776,6.38180344972285,6.40017787832287,6.95129427099869,7.08688581065011,6.31012569801865,5.70921658566893,6.12029213992149,5.53251690724742,6.39889592122598,4.83315728984244,5.49984135356137,4.57183259563398,4.39028106994279,4.75305144489781,3.72705728301137,3.84134697457031,3.69608480443672,4.03439191953266,4.09643123742729,4.11935697697966,3.99747162662405,3.94613139418333,NA,3.81130623483689,4.24705504558322,NA,4.52293299387029,4.79781502727556,4.5101313620626,3.63687575380744,4.66327679711461,4.01495614913276,4.59625334613951,4.34132987336098,NA,4.44794847461517,4.29638461173306,3.56216815505234,5.07108490625054,5.07395957333691,4.8162996758031,4.68204001211835,5.21493688386654,4.62265598439492,3.81388151160524,4.2203268374924,NA,NA,4.52728913167642,5.30097669072417,5.21146435360275,4.99808025623186,3.76836678581324,4.82829502069943,4.60792553628925,5.68441163116825,4.12121327304071,4.80590705392953,4.50424114904075,3.94801709554417,4.67694014271362,4.59848858990355,NA,4.04705339117384,4.33246833379743,4.42817958662931,4.23625673612494,3.67715849769365,4.24687070356314,3.85831983635403,3.87488989909189,NA,4.55414740351963,4.77715273978639,4.58091453432339,4.16663398724301,4.23773534861979,6.503747032618,5.41639205459795,3.94157278092628,NA,NA,4.09983410217533,3.99417401517549,4.54496827862285,NA,4.63318173848498,4.68977227765624,4.50442856326303,4.25016704757259,4.80083151366564,4.30758570482958,4.6107859750444,3.32730354347287,5.48101558138982,4.96719295620412,6.85171662827901,5.92513785385565,4.98084329793559,5.33456515903517,4.55299394456214,4.17227389871299,4.64168224744828,4.31542385368443,4.66887714989298,3.83782576216795,3.94246007722938,3.89179951652085,3.89604800752592,NA,4.45818436990577,4.16904939843605,3.95966540365024,NA,3.82760433225197,4.01481946494165,4.05532103554189,4.60868635505866,NA,4.15810942128787,4.14413418114605,4.28762031185566,4.05445794086931,4.38592263887616,4.24138321723865,NA,4.76645270281161,4.18109121630994,4.66820529036126,4.29913424917358,3.9857634299182,4.15532928826207,4.3158419627781,4.19504330910439,4.40756277871956,4.57151781526342,4.25314057021663,3.99538811898498,4.43727769789808,4.56074858219221,4.36928261428362,4.14906524132075,4.48666265751508,3.97292658148828,4.39143602176568,4.54423477244097,4.02073302932444,4.45123262630862,3.70575372325588,3.67692865467744,NA,4.62836386667729,4.43736661989704,4.89786302405445,5.24201273968659,6.2116721513254,6.02073785977496,5.2652539401183,4.9026744793022,5.39797927232812,6.3751836960756,6.3644229053736,NA,5.02157132546435,4.16658746119147,5.25628398053172,4.14621154478582,4.20950305555101,4.0481609264169,4.3141795939504,4.01081501286882,3.9024405737455,3.84704858209903,4.14134329693346,4.27028216940369,4.71111000081303,2.79284663725846,3.4968936187155,3.35115168911342,0,3.37581501758784,3.80832402828883,3.12505154329693,4.93032097800659,5.37829487788473,5.1781828617119,3.63430896279787,3.62601199567306,3.92336316167937,4.34521786609441,4.46716790583573,4.28579782745988,4.4654158402627,3.76778855341879,4.07103818308495,3.76504731311702,3.93870519883021,4.14957822193073,4.83514195502173,4.33476184020183,4.53817558344839,4.96826469729448,4.42577514775643,4.5190773976817,4.52477863301939,4.5711548095883,4.09169477236578,3.875461698323,3.54102858062614,NA,3.91035027728015,4.18980932928655,4.56652462407855,4.3034504574408,4.20296786141934,4.37429955371282,NA,4.67250104019924,4.55723883396784,4.39130975274402,4.23063492576838,4.31961913538502,3.96263429007896,4.35416642433045,3.91833705463582,3.93097121380455,4.00052648710726,3.90577145657466,4.28840922085046,4.27663598363921,3.7145759739442,3.52832686322278,NA,3.50105499193612,NA,4.16411272746666,3.79450540572468,3.84963726113876,4.01319630012776,4.46042574060128,4.8134774808062,4.25700533021746,4.01684877719026,3.64258410045377,3.57531846062412,3.50873378681953,3.32192634601535,3.26109689867237,3.35466970909154,4.27652567561154,3.64704375996703,3.72328366395543,3.47200631566773,3.94217692056038,4.07968683367441,4.00130612842481,4.33923492307345,3.99153496637286,3.55407173359882,3.45679705639246,3.5404905156099,NA,3.86713329532431,NA,6.34231592660906,5.31943030943954,6.6316315364591,6.73770606127907,3.90269620266075,5.50484299185275,NA,4.79924721311794,5.52930555711009,4.49047008125689,4.18952175974275,NA,NA,NA,4.62487107454212,4.66920110162925,4.1246443831567,3.87906617394845,NA,3.54207595076704,4.61219284534805,3.83461605246671,4.27869333222145,4.22476069281411,4.29361152427134,4.50683215894748,4.46688206211912,5.12093598490296,5.76360183313731,4.37616939675076,4.74223499921425,4.91478937053581,NA,3.77816307711838,4.83466116196326,4.10035387420585,NA,4.10980833589851,4.06521649884867,4.34825102979066,4.2591752805339,4.60193705912784,NA,NA,4.26656698491575,4.68153886072646,4.44534377513872,4.42048676567221,4.54790881537554,4.88563763644195,4.50022191553291,4.1924940285171,4.45224048853118,4.46886425818812,4.32613477155294,4.46085192834602,4.6860294961151,4.66627730252711,4.66369913422571,4.29589479361107,4.0210573976058,4.19972027263734,4.45174451962011,4.64972966680651,4.42675064001416,4.31290387049921,5.10772075578048,4.60224404072012,4.68407548673017,4.77748874008614,4.48233959493945,4.93344452384336,4.62515935872361,5.10557612677418,4.79081333564134,4.66960815473857,5.53029734441351,5.01592043353044,4.10463753672561,4.33601405982989,4.71154984917172,NA,5.92732287256963,5.29432748175286,5.5004252172688,4.91340721668697,4.56120154451834,NA,4.85466689883588,4.27873576087458,4.2602605168767,5.05769839624707,5.31895180453887,4.87497501592717,3.81645866625246,NA,5.06809640594047,5.23334640439372,5.06710759914508,6.65017023946892,4.68005112732756,4.98515007972659,5.7363131807913,4.96069106802052,6.2956877885576,5.89898850385058,4.13050017779128,5.40837888198938,5.12565284786169,4.90194763918187,4.84511273163852,5.08967077545745,5.63743249953476,5.1801450182795,5.32184695530432,5.55719887778266,5.0063172612797,4.9090446460025,4.53789297159498,4.19943901531396,4.1171936245574,3.81382811786234,3.96985050615007,4.21270319945376,4.01137797320931,3.97519672636364,4.31972753898745,NA,4.0347286289513,4.01150832397341,6.10139003348326,4.18608099218393,4.01161461143671,4.09036706227142,4.19830413171689,3.97045960068923,NA,4.22940166784925,4.55073404138248,NA,4.34524078799969,4.48979919838421,4.35551232300913,4.36735552219144,4.16476712096774,4.48232219284481,4.60108079166294,4.35038792438095,4.22798531896148,5.23672696194711,4.767644779194,4.54618672700493,4.88737966420989,5.0198109280911,4.90030650658663,5.09664830788733,5.32737918052647,5.54348192329899,5.37169235357389,4.73371911656695,NA,4.27245798908207,5.15217067865889,5.1125814757687,6.29159624675143,6.97880205427767,5.45602223844309,6.09782575016004,6.24588468905646,NA,5.11871051671098,5.6443122915081,5.691334389069,5.36792503043933,4.8318189647085,NA,6.19900488915295,5.77737864168269,NA,5.45717525424529,4.90809801837343,4.88958210906421,5.65061468010496,4.92131119885991,5.80348515468899,4.51764858174957,4.49633692516433,5.00256155437173,5.27720574559127,5.09687563827514,5.13912764087416,5.1464361372453,4.98563884734004,5.1618401346174,4.35672890357993,5.37417114020439,4.73000774999452,4.60590071940074,5.429314213901,5.79771491688059,5.64395902997213,5.43210498228582,4.76876585633827,5.10863028536559,4.37921876145053,4.8273358274844,4.54782860161024,4.03323672892585,4.48090469650528,4.01940813120829,4.05837179987058,4.18705971807377,3.99990888586137,3.98708734207595,3.82890391234342,4.16297140619503,4.1648713933276,4.02932467962901,NA,4.0284583654136,4.01423118918143,4.05493875751006,4.0724068733684,4.21430459493433,4.11262882752505
NA,NA,3.71628791126624,NA,3.27699321444409,3.67274927327263,3.23025549917909,4.43353595073232,4.75275034349588,3.48105994779083,4.49025024323631,4.68573838942813,2.76210309461993,3.65933617221387,NA,3.28848843054352,4.32263878659044,3.73739675845099,3.70738408569847,3.83226188334758,3.26175158385808,3.70353177354367,4.50601255839549,3.11816309750121,3.73492367595866,3.75044104697905,NA,3.44223914780147,3.29954774997245,3.70498054536319,2.81753286078198,3.23672281216567,3.2632885540508,3.42546411666754,3.08152991441886,NA,NA,2.96425335426391,3.10307494207503,3.15911502038094,3.0156007781272,2.69506065868947,2.88516830075152,2.87857184156528,3.48782288699753,3.03881587380782,4.42866179084227,3.39826049888758,NA,3.32158909893202,4.76329161907621,3.76892458857093,3.54633996665944,5.30344445009754,7.18864301337622,7.95724077916078,5.02279107058946,6.38652776494199,5.41605149173583,5.32834930878572,6.00819291181756,6.07641609376052,5.25696670717617,4.49185114629194,5.00405892766772,4.20204371051332,5.28668933587172,3.59952847749678,4.33796990354393,3.13640415526226,2.92181699278206,3.12375751562688,2.10602247316631,2.3843053440821,2.28553113043674,2.31026984960552,2.57942764769111,2.74393367344101,2.66506743340906,2.32797999155846,NA,2.32009131738314,2.66689516272341,NA,2.90875847258874,3.31021776995869,2.95310818891347,2.35505068175988,3.23237484287541,2.63840860037446,3.24439398674515,3.01328048171539,NA,3.34380468689873,2.89493938492934,2.40403398701673,3.56304125226621,3.58057572413636,3.57823240245829,3.61157872277058,4.15919705985052,3.24534335722551,2.6868292442337,3.28248722871985,NA,NA,3.6365696447182,4.29450096711034,4.31912664066996,4.02383509372393,2.82003606432266,3.91313966723492,3.71695435514982,4.60387838236782,3.03978879886973,3.81289313256223,3.38579755426627,2.9909969269057,3.87251679890098,3.93806855537033,NA,2.80882543403466,3.27323561616167,3.23428116694589,3.27374906139464,2.67804322794196,3.2914276123237,3.06470711755292,3.14052199581167,NA,3.6621682370335,3.94490717483977,3.76215744705534,3.21911159911552,3.13501393494212,5.68572865155906,4.64427441789873,2.72666557389551,NA,NA,2.56536644062748,2.89962266151542,3.22253687722971,NA,3.58402099167837,3.60173988795089,3.52768372144315,3.06402795598898,3.60526851835826,3.59516725256213,3.56138558804526,2.75524524132625,4.92056374526886,3.82376847892713,5.98741787306474,5.04306047030335,3.84846937890182,4.15508846992619,3.08414857700128,2.78185975851355,3.27237706018391,2.96309768858086,3.30526541287233,2.73116685760909,2.69727155774505,2.79020837703423,2.96383289298702,NA,3.00721495751692,2.90375422851855,2.68013243766526,NA,2.47382186950021,3.17369100929443,2.93904823249495,3.56846951183168,NA,2.85161868242821,2.9592301279505,3.08333672995206,3.40758001080507,3.62293026928594,3.2146955706481,NA,3.77026617702079,3.04414844417438,3.48164255839921,3.04020234222478,2.84606553766428,3.01891783345395,3.33921152830541,2.89794087711633,2.97111466288418,3.42578631425207,2.9213126961676,2.70338538065043,3.15302515925721,2.83744865095255,2.77112167854137,2.82622325880418,3.05877064948653,2.7286919790945,2.74405167486069,3.1964138266002,2.68380887630991,2.7750203824372,2.53169891551984,3.04271931505804,NA,3.48926512266323,3.26618407281573,3.88832923836213,4.26245572759595,5.12354139955262,4.93898138497714,4.03115906267178,3.6055429481707,4.67377130733026,5.32817340217476,5.47755275991696,NA,4.33186342390255,3.27262977703679,4.26616629638922,2.92323062667049,2.99777285263425,2.88950434940392,3.2636305085699,3.12809312490164,2.46565023178372,2.73515710059609,3.08251089843583,3.16832237537831,3.54187980682541,2.44269454896058,2.35486606895846,2.54081982098988,3.37581501758784,0,2.34725496988457,2.61560404213758,3.33964688710415,4.12559932117405,3.84962746083333,2.56207424453326,2.3462946026982,2.26128548427139,3.14126569776471,3.20847747811319,3.06790981027983,3.21739233370774,2.22055622978546,3.11971492691191,2.92057035214252,2.6943508541768,3.01625129944767,3.56029448697573,2.91116020539937,3.15354806355999,3.79817785815908,3.27769557135603,3.25205068461108,3.25879715379318,3.55861780392662,3.55843164369782,3.11722937695496,3.14672731625573,NA,2.64538155410969,2.98304906292819,3.13913130326224,2.99553595301639,3.15105378764506,3.44040956952183,NA,3.82619251524336,4.09536277341333,3.87954059909867,3.60042937102959,3.54576652166538,3.45672713917547,3.2381501390938,2.95052470542742,3.09133522896732,3.42602294641357,3.26496780733439,3.26040521743037,3.27713769310209,3.03677730061642,2.56982877205557,NA,2.56687652954226,NA,3.34785449442604,3.40271507897739,2.96926188602829,3.13844039213908,3.29799049715093,3.56901900347198,3.18025367954235,3.08979577300193,2.42787724903299,2.45440502472318,2.54041550630167,2.46267409762186,2.60111701558514,3.00816650424795,3.37835720071234,2.7067792087081,3.18711357949208,2.79905569055933,3.3233808947984,3.16689215541839,3.04648718816635,3.5482255406023,3.46737115923819,2.90871482043091,2.38162118083985,2.64620869006253,NA,3.05475422032302,NA,5.74988380841518,4.53825451157914,5.67748819672154,6.07438490771238,3.04853676696779,4.70352428364475,NA,3.7514482221243,4.66072201193594,3.39727781368273,3.10369797984872,NA,NA,NA,3.55448750041958,3.34210964456347,2.72914492496492,2.64149957528683,NA,2.53262622214827,3.74024940018343,2.79561042435205,2.88505472268013,3.08193065151238,3.42890220706229,3.56969391817774,3.18563032846823,4.19268245086452,4.67451175832446,3.7430858555466,3.59155834336147,3.81277357191846,NA,2.9586984906071,4.02269875853023,2.88554971345581,NA,2.73139082381748,2.97784955813351,3.00899522586943,2.93440431279912,3.26674066289419,NA,NA,3.09928378308725,3.52334014973872,3.28459957224905,3.2917925539149,3.33146674767699,3.40450745110645,3.04753547162902,2.98360466030908,3.0411775564446,3.2208182419864,3.07757797977323,3.11801905264151,3.44192553757742,3.43136932703792,3.35348783737448,3.20270435262771,3.14593203172175,3.25481768586323,3.61397648464118,3.71335206837943,3.49078500127465,3.55920904081614,4.26027780465727,3.49481671104604,3.57052984956052,3.67761105960579,3.60657961324624,3.91755350269999,3.68381208619584,4.16017572231996,3.52333833986074,3.59176378067307,4.53683519200307,3.93822393482352,3.07573599799626,3.34192833085015,3.6737177409802,NA,4.75053160754287,4.26499947175189,4.69197401322929,3.68455348236927,3.25563020197951,NA,3.77659746354657,3.08841597277336,3.11029868248378,3.93068938408145,4.27976918833233,3.78727207095949,2.50500916282294,NA,3.85258823593162,4.10304015226703,3.7950909197263,5.73407092667839,3.52596772563644,3.71909496186175,4.71672996632981,3.77533404708865,5.36149321057565,4.80878443221755,2.84598452040589,4.05499493533847,3.84938584696352,3.54462795364223,3.46852122919802,3.83360074314562,4.74787231170491,4.23729418947028,4.31586683643742,4.61519582562557,4.32138445462058,4.00390260438843,3.58640298752984,2.83342842442982,2.8333169043117,2.98641661377208,2.80126816276377,2.73049172115832,2.70708516470289,2.63864999297483,2.83567791216725,NA,2.78589291985706,2.93112013653857,5.31891107914765,3.02390597927633,2.95981023819419,2.92168792856939,3.14023071150104,2.92914515474898,NA,3.1177425323074,3.5507624782426,NA,3.40952438752391,3.56042269038759,3.48313278819055,3.32140945129045,3.32556020242837,3.37127922224171,3.68555416100431,3.44422467150836,3.31853974780544,4.23189162686758,3.81089492790661,3.6278438827235,3.97650312371225,4.09307351493291,3.88003098874983,4.0920149011786,4.22012286708961,4.56159779334701,4.46954780990743,3.72662445549797,NA,3.33361176421053,4.32985863603996,4.13838823866529,5.24687377218991,6.00472706045416,4.33934496055742,5.13251142637522,5.19952263269474,NA,3.99429234838278,4.51817109620339,4.51407940607773,4.18134816902504,3.58663350096966,NA,5.0634895939472,4.66140387149575,NA,4.22291674682272,3.82887729038073,3.72861285185017,4.60230478409411,3.74024681771731,4.52371587591355,3.46239934362278,3.17756860099641,3.69513352805347,3.97884162439835,3.75064446780895,3.83455776049423,3.87407112256916,3.67905813554742,3.84647364641624,2.77384627353992,4.28059713888919,3.32619602448865,3.10664475196156,4.34914654772101,4.71113911765719,4.54414871281132,4.41278075779298,3.68748744998368,4.1552454054268,3.2437873416874,3.80397216282013,3.48546424951441,2.74884728238442,3.45890813855718,2.81308744267483,2.70474057232505,2.94090134021503,2.71618438936719,2.668610627119,2.71155697573356,2.97575787996992,2.55199834372124,2.58067552917603,NA,2.68873046474577,2.79837807459047,2.88132461059116,2.93028295849187,3.11366802839324,2.82079788439109
NA,NA,4.21663145627588,NA,3.70612734168428,4.17905391265965,3.7340825314685,4.90074481460099,5.32194829619661,3.90457128727413,4.94100158080672,4.94254669647371,2.99834195025194,3.82043106806457,NA,3.71965828275926,4.81046216718278,4.28766466604613,4.18932710494724,4.11753992545823,3.51930021414654,4.23645161926701,4.84467256758054,3.71257444054636,4.29984681997121,4.27910106508674,NA,4.11077066730424,4.01607349422489,4.27441609202026,3.36115055450641,3.91050805491662,3.91455129186521,4.00419944886809,3.63102514259405,NA,NA,3.42055958462254,3.5726276074306,3.65030770668524,3.44908783579807,3.02145438684353,3.20468201023804,3.29297855185215,3.65923305258151,3.09866449289943,4.53097598315618,3.41478414590712,NA,3.12328637124114,4.70456106293167,3.83193331313848,3.67670202969675,5.31283620106124,7.21971492762158,7.82239557962847,4.83172402551028,6.20610864011923,5.30571080015119,5.04397650948291,5.72816039735121,5.852155747395,4.99010110113242,4.24385103505194,4.87269359859484,3.86229788064583,4.76720868983013,3.37700604474159,4.14253545618775,3.12939186915789,2.82673866706906,3.07633705770782,2.47399734211421,2.79562672846942,2.66199401056178,2.60112909756037,2.76934112229396,3.08739885085041,2.87309848649116,2.78143371369216,NA,2.80867630747374,2.90607951778862,NA,3.26847116839103,3.65404506185847,3.38368681058202,2.8152944603111,3.5332939149239,3.03656596755053,3.60719584667967,3.38735170128953,NA,3.73520791400852,3.3405797381619,2.88510997886006,3.73587006238236,3.83592387473371,3.96483043957027,4.00404218013275,4.44914731262064,3.53571681497476,3.21290760802711,3.71506459453748,NA,NA,4.09924739433421,4.800955531213,4.88690016836965,4.49901291831606,3.30812326971281,4.40703638887573,4.1985421479355,5.04376509256383,3.55332668007381,4.41496311590646,4.12277775001949,3.61256857817007,4.41840850484007,4.33876280619142,NA,3.56970592210907,3.75662273132026,3.80245167334655,3.84476798682189,3.1190160666942,3.62491670913283,3.44514294711022,3.52588797568788,NA,3.93150425727285,4.24165188918326,4.23663139819388,3.57741316310746,3.29969550654127,5.8599194576515,4.850119124055,3.10073962433361,NA,NA,3.13880603083706,3.18939392876586,3.30863706223717,NA,3.47006730252225,3.33361193685631,3.19852097408861,2.92633089285017,3.61878388759463,3.18559888073906,3.25844172047996,2.75999189832764,5.06089905270041,3.55015629237281,5.63696969165512,4.65811016256482,3.67997981637482,3.66864255360417,2.86911609487091,2.85756056250274,3.16358067906257,2.88963037092602,2.93804225149315,2.83305004022081,2.65701150714973,3.1190432728904,3.31947128138878,NA,2.88701276113408,3.03454922841123,2.4417134305814,NA,2.74929075239484,3.7629837216584,3.30558095209047,3.98851750784472,NA,3.24061805816927,3.08465617383458,3.76910500748325,3.74209850675797,4.05375725264517,3.56226003399605,NA,4.22681961049184,3.59771958633946,3.84564955003199,3.47758850907902,3.19097521540028,3.32908306464123,3.65675571791113,3.31563970130755,3.4594749427551,3.98619670108051,3.22597997463154,3.12513501513497,3.61592374353462,3.44630201155612,3.504979676756,3.33074138745506,3.52268982178177,3.33298137452951,3.14006932044954,3.37586041860129,3.01027357579451,3.36405966880946,2.95318599023953,3.60193933597897,NA,3.82351864869809,3.6254211558048,4.19459961972967,4.61353799458955,5.37411643252303,5.29093447448523,4.49865467523066,4.18970152562206,4.82541670071995,5.58055819024145,5.77085212310995,NA,4.53942066674817,3.76418730989116,4.56936870619499,3.23778217786628,3.21113988678442,2.81043045790047,3.18018949311372,3.03941601907531,2.71972119737563,2.8887561342507,3.10959878431336,3.09020303417894,3.36517164304003,3.18942691345383,3.11487262321365,2.5669866216948,3.80832402828883,2.34725496988457,0,2.68452718453668,3.28061126723879,3.54905987528532,3.2763147403369,3.13183073329126,2.65856554194198,2.34853050917052,2.62407825016375,2.9112729959053,2.73113193857077,3.03321300273747,2.7614263069047,2.74275138091861,2.91985599857529,2.82610523497344,2.83102483665861,3.34603618973039,2.60433018921287,2.52739959928878,3.22972705176981,3.69905940883923,3.61589810997749,3.36608900604952,3.87591530745279,3.84431745059859,3.69899289690895,3.51494764316357,NA,3.03067669731524,3.1570053399073,3.41971407935938,3.30129805214005,3.44503273949192,3.68223298356162,NA,4.27388502544045,4.38789150941547,4.20652298302296,4.07591297236976,4.00941460269499,3.9125450305701,3.72554548116527,3.5627442989524,3.67197647671313,4.02017814362881,3.99714472303252,4.12619161880289,3.84648684518347,3.43082666536381,3.36794230881363,NA,3.22952458236186,NA,3.79702699451674,3.779228722349,3.48487823587943,3.68812729117123,4.02434096028439,4.11530275695188,3.6029829745403,3.35971446854124,3.01291266362274,2.89382564705113,3.15070381512802,3.17142744242452,3.2076418611993,3.39605829259991,3.59824402199354,3.06820024023381,3.54643906242295,3.23037471415523,3.77028622648114,3.71348960672023,3.20989307151552,3.71796695438699,3.64775472809661,3.28458650617609,2.87860288469517,2.86879692848716,NA,3.43914698017838,NA,5.78665631385286,4.54487960201267,5.78866136839941,5.91719031041181,3.09849470913351,4.71920986262947,NA,4.31597060375511,5.17606527055949,3.6166739011312,3.2464742198429,NA,NA,NA,3.74140029432489,3.717809290806,3.2085661877088,3.21311857546547,NA,3.06006591662544,4.02456817434945,3.23472827079927,3.3129473312269,3.11449472737493,3.57109287362382,3.82473589969215,3.36561948524143,4.21275810464607,4.76644456859738,3.94842912206701,3.65494105333433,4.08732972650887,NA,3.49768778146155,4.19661486910213,3.32387105267109,NA,3.26547277238527,3.66321806844549,3.59237646553532,3.4986431216559,3.96179489736481,NA,NA,3.67352416253017,4.14685942884106,4.02683481152625,3.97441709311677,4.05317668249775,3.90427259308439,3.75854735404822,3.58971451838671,3.59790066169627,3.77429070196156,3.71246168478139,3.62439870540244,4.04787003998515,4.1154348284256,4.07129325906406,3.78377085584461,3.67913253441068,3.78086019961668,4.10601325027352,4.18725044637294,3.99517350760936,3.99985810586095,4.72805591569331,3.9511624635592,4.07578892567955,4.15384725264611,4.0011401612397,4.4038684722938,4.18504797668858,4.56620323644263,4.10272947086857,4.13486424917665,4.93367741024173,4.25220347385221,3.56282068252278,3.83370976869429,4.03826529796712,NA,5.20578778596028,4.59718029866134,4.91169195455288,4.03255194058362,3.55277469279691,NA,4.05260722762583,3.55054355158347,3.41124313904922,4.12852711120754,4.51820875765256,3.99128706704418,2.9034186047132,NA,3.85540291814062,4.23327034563068,3.72778680465273,5.78554876111408,3.77301397919656,3.68589355294534,4.7242824812312,3.7847292345833,5.28483588608117,4.75098509176697,3.20490138558437,3.8054903784637,3.64343585279444,3.63400274041002,3.56975902114168,3.88953889283605,4.75035283901988,4.20294465063513,4.41465286957009,4.7548758577015,4.24893984181538,4.14081387199988,3.67143168313321,2.70918046085321,3.0068362225602,3.09952564513512,3.23090212364934,3.10400053943417,3.0344157853248,3.18157674749457,3.16755676562811,NA,3.29420694049548,3.43361132447861,5.53418198332138,3.71597642893818,3.48931674896927,3.44655269815962,3.5999282952538,3.62102641239288,NA,3.78650620567788,4.16260086009377,NA,4.08616292149036,4.25799983536247,4.19262956201692,4.01267315697753,4.04633641434393,4.02051978932414,4.25253939684745,4.03767627889039,3.93252613008783,4.73769602404256,4.35777328024067,4.11102086033829,4.4239423862607,4.55990106941322,4.39377233299556,4.52974276287605,4.64989905639866,4.95346324073933,4.81174144272761,4.25151899704173,NA,4.07589892233606,4.87238895969066,4.61604760878681,5.71761897776778,6.46075601966261,4.86340525272933,5.59182026057873,5.65253524303607,NA,4.53382923516973,5.06800248683688,5.00964284819536,4.60004570007555,4.12682118716069,NA,5.54270476436983,5.13964271332524,NA,4.79814612760156,4.14686443029234,4.03195438902002,4.99218965928678,4.18932222383624,4.88722870033441,3.4022942209871,3.45438468289248,3.82595316703407,4.17141828287015,3.94621776718582,3.92822043482977,3.91442839387202,3.89145557942264,4.23799512655462,3.26449904935812,4.73103694917434,3.93358907127955,3.39817521254917,4.55096214877626,4.96731854110328,4.75995410182278,4.57515827794232,3.88157373989714,4.47750980974058,3.57178708364831,3.83307115258001,3.55320941937385,3.0519868243772,3.69644886949074,3.00713519584914,2.81353292078976,3.05017712440101,3.03423699077237,3.24604618428493,3.27265588155219,3.46208399543944,2.82247160499025,3.08764625382655,NA,3.24291296536775,3.37260275780723,3.42306222057317,3.3704044752495,3.54947743409627,3.29448243243278
NA,NA,4.15533536529855,NA,3.6949443490703,4.09514875757531,3.73139788446282,4.67358166558854,5.08105505597524,3.76801809533722,4.76357493661333,4.83681780473928,3.32712621416776,3.71424101284502,NA,3.65658323754168,4.46146357133185,4.10838306804777,3.83894058694231,4.13285482470316,3.46866809129367,4.26828147921335,4.64328965652649,3.29404846979975,3.72443584993432,3.91318782672928,NA,3.55277803229581,3.41593091873604,3.77799395242069,2.9843499652112,3.23789290049077,3.22767569580534,3.43289924937037,3.1380502771679,NA,NA,3.00763031583042,3.16412023952728,3.37852845007929,3.08724974807714,2.91782573117395,2.98970479952377,2.97304010455306,3.60996418123517,3.36553332005422,4.56039941753516,3.43187404655929,NA,3.4818573010618,4.76166667765018,3.8032926086288,3.59871289539617,5.56548499277529,7.27169720251147,7.74999713924672,4.99385010506186,6.2500169884386,5.3386987542336,5.33146695633043,6.01799767898403,6.06316615277032,5.1850101073019,4.55774742845239,5.02942698818769,4.42690782830728,5.06742346820208,3.49814367799205,4.32862611217805,3.45908034151821,3.13626130096643,3.56979717564499,2.53201740922207,2.88947357068819,2.69095522613385,2.9831062800282,3.08321485150117,3.20843443830706,2.97544816239964,2.87766405798607,NA,2.8046888315568,3.14055254877113,NA,3.31510244017285,3.7264302166715,3.43457154973437,2.68313654952475,3.63277199530633,3.07314888429866,3.63659251131355,3.41835012854453,NA,3.6092963938937,3.35568744784394,2.67534880929369,4.0871463752821,4.07523527424976,3.96953756177445,3.90404011456272,4.40295033984964,3.68672224962015,2.86654974314304,3.55996478588797,NA,NA,3.97402903327727,4.55646018470204,4.60648411068994,4.28534260658501,2.99692472170414,4.00521979215004,3.76266513088103,4.96679963015534,3.22175077374757,3.98120237776213,3.64995232534178,3.09333148241672,3.92069574192367,3.71823655419437,NA,3.11937327987313,3.43603599867606,3.4464751179011,3.30716912013438,2.67924819252567,3.40492009462443,3.13723361891778,3.13459373888898,NA,3.85391735238377,4.05250063372195,4.15627212462583,3.41701138845644,3.30585332231321,5.6654670740788,4.46106714413818,2.83794203996068,NA,NA,3.01212496517022,2.86008211183762,3.43527345585995,NA,3.67362572201926,3.59598328275359,3.24112831156972,3.14004780080387,3.76502851265497,3.18876325504519,3.53771063901323,2.73071391297471,4.90335112741656,3.95322805324207,5.88691011466557,4.64783568812783,3.73283583206731,4.0253095083052,3.25729820067717,3.05614268460236,3.6110747167755,3.00947299422114,3.37035247143937,2.87050623275706,3.02194262847666,3.17238831448233,3.22544811988219,NA,3.54289561249484,3.32891745153906,3.01066548480611,NA,3.02626545024275,3.43113876557038,3.3682296895063,3.93793206441102,NA,3.29676003577346,3.33571456931007,3.83473114801308,3.44706460652043,3.87617149861476,3.55215821714816,NA,4.26084876706145,3.44737970723304,3.90617483032355,3.49661807239493,3.39837979712151,3.57927676766716,3.70677673110805,3.36693401266039,3.64833496527365,3.93244805245908,3.59785835461692,3.37326466357289,3.73557749408891,3.6736443998325,3.60181452429568,3.43355603007274,3.81907635056227,3.35701835143073,3.63445819825444,3.6674396707888,3.27995351956736,3.70354658657911,2.95200367409875,3.18736538081269,NA,3.86883439575337,3.55463321609028,4.15349237977083,4.45952608606224,5.31912854672381,5.05270699784127,4.20092028835215,3.78476895314121,4.50640859297908,5.39958585468678,5.29798485432249,NA,4.14396213309793,3.20702651779911,4.40869159966659,3.1116328104832,3.1209826644784,3.03039667552309,3.12963668856484,2.86886736958465,2.98888397581801,2.98071767265831,3.20449856671056,3.06601013727776,3.43133179791436,2.76457586454629,2.97164406396273,2.77814452843654,3.12505154329693,2.61560404213758,2.68452718453668,0,3.86449166886059,3.77149300780135,3.84139177169248,2.68051113188506,2.64836638706456,2.70293489362045,3.31956449883599,3.4467888753158,3.17951580506268,3.33250214383856,2.74110354349295,3.24024578291075,3.00761360644536,3.05318845740913,2.89755867968878,3.33003029857254,2.90087083513052,3.37039984095093,3.7433143849538,3.60408831371016,3.68310668259336,3.58022519828348,3.77734959581987,3.59253345878714,3.38293213718851,3.10388955647394,NA,2.94048517283637,3.44756627308572,3.63846420705389,3.3981405184602,3.44632305669805,3.75453828629435,NA,4.14626947545672,4.23131677030362,4.12168596458942,3.77703653961185,3.72830177170241,3.39505145060075,3.51370507727409,3.30427832638419,3.42882555744386,3.67941577293916,3.38510874518975,3.4615838584157,3.43478817550018,3.0149402161783,2.82029900436245,NA,2.74573309582754,NA,3.36265432446305,3.21826126823667,3.19780643744731,3.33820905636674,3.61612291472555,3.87444760457215,3.37832404490079,2.91404566547008,2.55827424247626,2.62777082147338,2.4949865471953,2.43539369084486,2.45624043059566,2.77163158446814,3.43675170998171,2.67369100677185,3.16416628920518,2.52295634749334,3.02024375454515,3.46676637184729,3.14151956314172,3.57015945039575,3.54524657358454,3.06486976612877,2.63165679963566,2.73151203864515,NA,3.3427194707183,NA,5.58630613293821,4.31653550772388,5.85871971819296,5.82181165111041,2.84724909786537,4.74453366274973,NA,4.15435018171685,4.87375747777361,3.53238988122235,3.08224348201665,NA,NA,NA,3.5790702461072,3.40785456753279,2.95786549944866,2.95058065793206,NA,2.40785528018974,3.42438112992818,2.67057337693854,2.9187172109218,2.97022656042052,3.31719632024728,3.55969851052244,3.39770808816644,4.13827115985088,4.73088783957541,3.38731059842247,3.59943343474797,3.99115050477272,NA,2.95898224661538,4.09509239168028,2.70373800830104,NA,2.96239783043867,3.30233647795584,3.35935525863682,3.31832894329704,3.72366834807268,NA,NA,3.55389876678693,3.92698454176424,3.76806831818141,3.72872354789666,3.7524814427485,3.90335107926173,3.58918370884814,3.44526809402207,3.63948772665548,3.61538041066796,3.5093098474755,3.60879128314557,3.72666450608345,3.79157326456042,3.97433966146588,3.64585769632303,3.50969495553068,3.45408778060903,3.80319888696232,4.01496088045781,3.68542003486679,3.65539919049429,4.44090883469279,3.82869294278688,3.90355245699923,3.91989338282428,3.66689789979989,3.95950518314699,3.7100901217438,4.20023015619027,3.99567894710913,3.70399197613793,4.7998117941453,4.17286350252469,3.23770192836376,3.51046962875287,3.7570868543327,NA,4.85597874530847,4.30266478466419,4.54945800430314,3.93241491964944,3.59891872942779,NA,3.9699549718583,3.39213713815472,3.35320662961686,4.13350443265318,4.36956546327393,3.96996548063229,2.84633848417869,NA,4.06945230146504,4.29168843785883,4.0972661131549,5.8747518324978,3.54199155485231,3.9351807939237,4.7222603038228,3.98851584431537,5.14677010621684,4.97656615967808,3.05839374533572,4.14586912024121,4.1098051097909,3.84157816740319,3.71001654107942,3.76160295699065,4.75837408894743,4.27484858952409,4.48129672910693,4.65237320437002,4.1338829674982,3.99251918945991,3.64645116723273,3.05274408350904,3.03298753876708,2.77244636991471,2.96247855753506,3.22879172059527,2.91837024812005,3.09110893531119,3.31336638776402,NA,3.30332669614387,3.27704729701077,5.31023103693446,3.48402038528732,3.29746249096747,3.25698132808594,3.43357438849286,3.34032909059662,NA,3.48450445535877,3.89823767677613,NA,3.70192323902381,3.92247448507006,3.76839526509978,3.64678154616492,3.56121123009438,3.67727258479792,3.8512696200879,3.75483302073607,3.62578291824522,4.59150008500899,4.14867225547535,3.90763528240474,4.23878949791674,4.27505346974674,4.16557269515049,4.40443148776099,4.54798315576889,4.84505674761175,4.48111088908619,3.89795336167953,NA,3.64767958263637,4.46633852754245,4.37841269089442,5.44772969756356,6.15254545376758,4.5518103400786,5.25490720467438,5.35464115916164,NA,4.17821346727576,4.80275847777949,4.84563511838307,4.44933695181721,3.89551343128289,NA,5.30742461057685,4.95570080197463,NA,4.45116079847138,3.81929622324733,3.84777757149545,4.68721737979977,3.87315018686674,4.85565897489264,3.18918816987025,3.44730955395723,3.98209809397723,4.32992734830104,4.10571609825516,4.01605399069687,4.10166647038386,3.94235746225249,4.16071946665279,3.30973443659342,4.52467481511226,3.52751766729868,3.63826176684047,4.42955225673657,4.7592831954871,4.77963259957319,4.48119258994854,3.75084379230067,4.24521189537596,3.50871049983612,3.92130036299446,3.55793610177067,3.03111622141835,3.60699805063528,3.03975017575964,2.92589094077185,3.2356490188324,2.98959937009396,3.24167583876912,3.08942228908231,3.40835832098905,3.21016075579761,2.98986729584328,NA,3.07387755166733,3.1278840880984,3.21764876344246,3.2313121825901,3.30331755282155,3.27525988533594
NA,NA,4.75793549741813,NA,4.22358429863123,4.76104251082787,4.3106420026747,5.5825869405822,5.91328800573307,4.61923339035468,5.627998292559,5.68587142130519,3.65619363261264,5.01299265302663,NA,4.68057456963179,5.62794541117128,5.13427422877186,5.2045970382795,5.18448360800978,4.55870673994466,5.14365128751317,5.63273197118965,4.46113609748983,4.97685497649088,4.85592629713799,NA,4.58952442296091,4.55174552622236,5.00836442242755,4.28259008271185,4.57498505564528,4.45380666938601,4.59411701632789,4.1645074455215,NA,NA,4.13062575562254,4.3367158689242,4.52908535728561,4.29732724006707,3.87673482984926,3.96464498433877,4.23301372437916,4.51936429617627,3.82408144508448,5.38566196954432,3.89424858410599,NA,3.60837690816317,5.28408834657578,4.66274843151778,4.18994437251374,5.9079104273912,7.63009628004674,8.54117278331288,5.54984007062238,6.94531232675522,5.98226236121404,5.77119831341494,6.28654348223508,6.28998761298903,5.44968720987937,4.4597945614404,5.32072470132328,4.35429915735644,5.42965934248005,3.99594069751225,4.6144941624838,3.23384347218577,3.52196081565359,3.12047703056187,3.35297045087498,3.62376316782464,3.4456381224789,3.25950365431196,3.05086510999199,3.91456087388812,3.63147680054943,3.3729542452812,NA,3.41777877956568,3.4577719547268,NA,3.76299584845143,3.67326800917233,3.87495966454121,3.58612509929822,3.88631826585608,3.75315898984221,4.13438330918188,3.73985683199503,NA,4.42409254816854,3.69948307593141,3.710077566889,4.09458924687809,3.97676291504257,4.56579683170401,4.45949680287605,5.142636132975,3.94914461888867,4.10248489762165,4.64587462418678,NA,NA,4.81249679084705,5.75174923673036,5.70440437472106,5.36933584093795,4.25587207523066,5.27021396410257,5.04939597045609,5.77889443639217,4.51368303444632,5.17058224184466,4.90569659694093,4.45322686676813,5.16611193193942,5.29303157288061,NA,4.36381369896445,4.55706079809851,4.35664758799097,4.51536995519714,3.91318643984174,4.48981887742476,4.42640258845643,4.38493429353459,NA,4.86546853515819,5.06464002754729,4.9016272137154,4.50100161264618,4.18018825026918,6.53842117826804,5.5759060086436,3.91647151503657,NA,NA,3.66029275330737,3.7074166715207,3.1181101788752,NA,3.69566636465614,3.88038886732679,3.75665981734787,3.37057127962703,4.12969431136491,4.06589155519356,4.22208387835883,3.79148631204344,5.81412182128145,3.9388426986812,6.4654882290628,5.47316042085689,4.30799431838604,4.55955953441972,3.82743300090632,3.42952191283932,3.29946893340293,3.20799040140946,3.55724315936952,3.12691960599232,3.11453488170082,3.57391707266117,3.79013788098391,NA,2.94860227502124,3.18116647385433,3.56013016659409,NA,3.25123744979498,4.00115136928529,3.64215474206238,4.01477833060461,NA,3.6689619722893,3.588582839162,3.93274975278837,4.26793962332738,4.43991823791406,3.95829461403453,NA,4.86565470278804,4.14129069350785,3.61556780003161,3.72743486675364,3.61847746852089,3.96069133933462,3.92431226687513,3.61927266085959,3.63335053226864,4.39678081746477,3.81299408509077,3.79954354683348,4.20440317417775,4.01795429498863,4.06339562991043,3.80628822689425,4.07892257206201,4.24668096836382,4.2336312826328,4.4828068510269,3.85514183204698,3.97387983240777,4.08220663425258,4.37357313284314,NA,4.94963875395449,4.63291080514413,5.00229352273286,5.37758788511006,5.93947611440727,5.84381768421448,4.82238638158056,4.65456535851706,5.71130156765543,6.27305804251422,6.42813886381717,NA,5.1278266329788,4.48469858764045,5.2675936601792,4.09014319616758,3.85619270246221,3.54810282461666,4.16812050699785,4.00075059987055,3.60717018749787,3.58798202377503,3.76713594692515,3.75238275164438,4.11233437640872,3.75924290640743,4.22381024462178,3.96554038298379,4.93032097800659,3.33964688710415,3.28061126723879,3.86449166886059,0,3.55053947202087,3.55730084096061,3.14062043046353,3.17130618245797,3.01648650260271,3.30119410840978,3.72571040665426,3.39184295754108,3.15650621164879,3.11879683094196,3.8507459163434,3.90385744120345,3.37170843202393,3.20909023494133,3.43563878843287,3.44169176706538,3.61966457766111,4.35204362085217,4.00997617775065,3.77720984906949,3.86890037051882,4.48849933601736,4.73734904251668,4.15376554859244,4.25871267546851,NA,3.98122386906454,3.72583066914031,3.68725996011424,4.08909649110294,4.38728048590054,4.5939062784992,NA,4.77845595388544,5.18226606887802,5.02453442712545,4.70580404667114,4.76317440830718,4.56033002079859,3.99398128460279,4.08926317280854,4.29300597830548,4.48278317417998,4.49841171132879,4.63414973269663,4.51247530812823,4.16688098152349,3.79628031110729,NA,4.06579618430796,NA,4.65775540665585,4.54286252550075,4.12035982514153,4.44936599156409,5.03777369690589,4.97907110157307,4.47789403085849,4.42015668162047,3.79458441988694,3.74566129483801,3.80438223615053,3.82792922352125,4.1143151209595,4.20932047082554,4.25113429380793,3.88791330587159,4.52223845537931,3.96675708266342,4.33460342934569,4.09391543858925,3.72534733633907,4.31083545620356,4.57765619791375,4.20095256809463,3.62117854046708,3.84744190074629,NA,4.16378534002318,NA,6.47390057795097,5.47640354957605,6.32970621688891,6.65295542948189,3.94667692599078,5.28645014879299,NA,4.87815492430047,5.87417127217479,4.54108471189351,4.34616614976653,NA,NA,NA,4.19320351531977,4.31823954500673,3.53465037319237,3.69341435984467,NA,3.91616834377083,4.63267398984214,3.89915481060093,4.04814862093242,3.43392463896041,4.11651627504993,4.48552037042349,4.08101268548465,5.18802517222113,5.25401299473902,4.78311862493041,4.40244553817574,4.5617589406792,NA,3.95930304806871,4.77441337121533,3.76927184898259,NA,3.55314113921047,4.0634063669903,4.01301936963462,3.95102029774973,4.18813769673385,NA,NA,4.19455353750252,4.39088628788904,4.29248052894327,4.33583914619758,4.30051967938372,3.7610643707263,3.98807091747504,4.04400764488587,3.38948359119645,3.90122455333228,3.99933366748548,3.78217134526554,4.42255628487983,4.66185962289311,4.76936310301157,4.3378073788489,4.46969005312327,4.50198953006362,4.82485360366484,4.88763809877645,4.75534945764332,4.79945883517361,5.32761541416089,4.65646563247736,4.8884934765932,5.06225697343611,4.90919069560765,5.05423188269499,4.92312050198707,5.31197108968639,4.89146727592168,4.85061649514148,5.58864002057743,4.91578811167602,4.01533519504964,4.2554592097917,4.64206068754525,NA,5.70378967351736,5.35648298005067,5.61596523615355,4.63926372605316,4.27836274257835,NA,4.81366870011949,4.36987786484873,4.24126136368663,4.91708231577236,5.05704184125922,4.74158440377582,3.63671643481896,NA,4.47575449830731,4.93989138622727,4.27301546053443,6.47613292166218,4.73262460068926,4.18811594977911,5.36741349192902,4.24737231000457,5.79651020335993,5.19395526937609,3.85268167464581,4.25799045428573,3.89132632501912,4.16989119626473,4.06630573964029,4.46961244830282,5.3689929873995,4.73761452102683,5.01919254645869,5.44838234778905,5.13945572610673,5.02883161599273,4.55912912026494,2.97602868060022,3.70383579695224,3.81402255083294,3.82038385803418,3.1831407219199,3.72177306456065,3.56257994380467,3.46874065777686,NA,3.74571612714428,4.04441972910617,6.19788148042543,4.09959402546461,3.99913747861271,3.99253721988765,4.37249278144361,4.06513039046977,NA,4.30087944764999,4.69215660875248,NA,4.45413138037938,4.53753623452292,4.62158110713114,4.50776639924615,4.61278474538508,4.65539401997454,4.88431376252744,4.69859604118982,4.53848548913112,5.39811770207767,4.95705073931201,4.73768192670088,5.03404107830488,5.25797503432208,5.04087606467195,5.19762976017639,5.28043157192204,5.57354645399327,5.60253588443405,4.90228408935631,NA,4.66496918307815,5.4881748194193,5.22577839084705,6.17868421798073,6.86395987290591,5.34964641444117,6.10100349897378,6.08723475201147,NA,4.97671485456363,5.54102142126131,5.44975813083602,5.14056510311333,4.55286157606436,NA,6.00726177839446,5.55888608124338,NA,5.42348563433976,4.88094232586066,4.72981809527862,5.61787629610034,4.99165581300054,5.50613510992028,4.49555372534782,4.18243402226844,4.76724706783956,5.00275808200656,4.40999172834826,4.49542109736319,4.36060024271433,4.28410172606075,4.7282228131166,3.18022932412666,5.25180826311843,4.49206139578746,3.62842999742427,5.1691019624221,5.58580379067669,5.27222563289499,5.21114874681208,4.49072203357584,5.14250458186737,4.26701518029437,4.46665148614725,4.13189831643887,3.70387613713437,4.48641559845977,3.67831424914539,3.24600624823622,3.47085026199472,3.52599858122073,3.56407288698437,3.89759671212228,4.01137924470681,2.75851345270462,3.47310046572718,NA,3.66983409443992,3.82407708659543,3.75773893452986,3.72066124678331,3.9312686492294,3.54157828991617
NA,NA,5.18741157772944,NA,4.773333260347,5.24670444959174,4.86481703803931,5.84084203754937,6.16547789453121,5.15741490794185,5.89478454378556,5.84171131178767,4.26931528067545,4.82832246386723,NA,4.95043410696604,5.92108191125708,5.57517545973478,5.4811348258593,5.41424054837716,4.92608574727393,5.39473670830069,5.58807181065014,4.86057703426855,5.37232928167816,5.20094732128209,NA,4.86926405359869,4.94968366475033,5.18698803495732,4.71891601617668,5.04637831293251,4.95599055384096,5.07428719096804,4.67008919843524,NA,NA,4.65443639918987,4.72367949606609,4.89736785643315,4.41750239168428,4.27586003080388,4.17682400162871,3.97868428632077,4.20080155841149,3.7291373487734,4.69098900709932,3.66243171964784,NA,3.25194936738016,4.3874876617992,4.13339651280887,3.65832971153638,5.17015350090346,7.05584669985744,7.31263477958516,4.53933057718937,5.96123167554433,5.1834699952157,4.94827632057388,5.48615392321056,5.71750681156698,4.90957016346817,3.97769972449996,4.66418902208242,3.74427342474963,4.42182497193595,3.3714193359457,4.1185916015161,3.52240380217786,3.42905724366616,3.87753679286085,3.77296664916588,3.98710534092191,3.85153907179272,3.8092695277611,3.76068319362625,4.38013948112952,4.06820656987061,3.91704292994535,NA,3.99124766902441,3.98478576141517,NA,4.26006109071524,4.50848346026929,4.39945650670602,4.11323790150108,4.57175867027866,4.33229417411669,4.77313529790666,4.52818130158517,NA,4.91325370755857,4.52168160522258,4.17541930553579,5.03310392518623,4.93504445313698,5.13836501626988,5.15401359840465,5.61514277815035,4.68185102169957,4.48228147932576,5.19711418003486,NA,NA,5.49647246205937,6.04184530557955,6.07628424544888,5.67969880925498,4.55765380128511,5.63646049343558,5.49179618771003,6.16272562288987,4.9157315621157,5.59682096300889,5.29852819897679,4.95049498909185,5.46559786863229,5.47929586682975,NA,4.79809732304046,4.80556841248037,4.81301269541781,4.84608068910743,4.30612387110538,4.819629488106,4.69273716639543,4.58886141082395,NA,4.9878873554975,5.22420490179887,5.27085900818548,4.50223567943596,4.05645452910779,6.12918135424481,5.1701529211165,3.83730116220013,NA,NA,4.19893576330001,3.79478669473114,3.93039253441107,NA,3.52467011030106,3.41286892876507,3.29700668538042,3.44520877851822,3.90612557389901,3.42901292615822,3.71439341859569,3.89993977074275,5.61523264028126,3.4960854201836,5.33046042423036,4.31675719013859,3.37288305831553,3.5696464785661,3.37001581339819,3.48163207616476,4.03818663813392,3.42320690341652,3.4262083125531,3.69665421568683,3.60851668464176,4.22250392547794,4.37208999066246,NA,3.70813046993286,3.9883941287829,3.8630077710013,NA,4.22480898009135,4.66253245492656,4.36946403093999,5.04072386084282,NA,4.46804152741409,4.39925248035977,5.11223538988061,4.90830630219349,5.1199048013776,4.82573302352094,NA,5.74879670155626,4.84018067673285,4.56860913094252,4.57676329198918,4.65196198610928,4.93912641562091,5.02149200199069,4.55778357213066,4.59542597434819,5.01471178476694,4.76799286596863,4.73319455615691,4.96157879684871,4.80708773755394,4.97095825684685,4.76835932392079,4.98683105785451,5.05776450025656,4.75889759773574,4.89727494796381,4.64723830193733,4.83894138856648,4.5608027680639,5.06263580531711,NA,5.45598391914329,4.99557109874854,5.43637181692285,5.7932483175845,5.91177337357767,5.72141020057483,4.95551289576702,4.76267059425206,5.2318593366232,5.94102850035326,6.4133157530591,NA,5.29939476678633,4.73939609744939,5.09133673550633,4.18471591523476,3.89715483566182,3.51933349555257,3.89709874923827,3.76773166197713,3.7062405845032,3.55921973637486,3.11865892816253,3.39875254126448,3.16405045123445,4.1632364387853,4.5668128497307,4.0553275173649,5.37829487788473,4.12559932117405,3.54905987528532,3.77149300780135,3.55053947202087,0,2.4241084393914,3.93366418374213,3.88152226713741,3.71887520304884,3.50235494127097,3.49803426134402,3.28754266377286,3.2621620112325,3.64704556877857,3.75410543374383,3.9561113440431,3.81021931212623,3.44401156363816,3.70412109904131,3.45364765588964,3.98547383924904,4.59348595870912,4.71610106686844,4.73084922495565,4.57531533980696,4.90636922640847,4.97862986678899,4.94720489444173,4.72112402745037,NA,4.54695084529095,4.67002878080467,4.77783259818942,4.78986517699416,4.86571599289564,5.14564069851318,NA,5.75819707522695,5.85116055784156,5.66902721779453,5.47290897896858,5.55287572451454,5.25543842621769,5.10063293800561,5.01124786398377,5.06771944241629,5.31302567516381,5.35985040101531,5.57861775171141,5.38958723923526,5.04419302124759,4.82662486283162,NA,4.86944127306425,NA,5.22690342029947,5.19504813036713,4.98655031122773,5.19192603908147,5.43135158759941,5.31729673809203,5.08807872206588,4.71128718129752,4.44258929036568,4.29854760830425,4.27925810162948,4.34918406206292,4.40545898367809,4.42998066637225,4.54617629040927,4.29874212449281,4.68375538564075,4.26551808474651,4.60262273318055,4.59756934182587,3.95345596065423,4.41419996751643,4.4027561078123,4.39567446433243,3.83257292039412,3.81446559841008,NA,4.10544043604891,NA,5.61206979422728,4.5046243034711,5.53941234837141,5.03999932853158,3.42207437852635,4.38256622454316,NA,5.11070719052737,5.95685591704584,4.06513871539874,3.83503879654739,NA,NA,NA,3.9069044944351,4.05996002071064,3.76736575247542,3.97276521805502,NA,3.90218361372747,4.36754196360078,3.89645092742441,4.13625194102904,3.56784797203711,4.18809717534337,4.17579808864857,4.03249821179215,4.8349402298413,5.04805347934174,4.57457969387908,4.55166218145505,5.20653150556073,NA,4.45621338825969,5.21049490897203,4.05317150920208,NA,4.30334518364951,4.97547750348867,4.79363708955465,4.83479596766118,5.14809343351092,NA,NA,5.09584014033034,5.41208152908551,5.37726078451739,5.33933768605641,5.25011150868338,4.99882029551096,5.08959245977935,4.98656931778662,4.85006947358962,4.87638202063072,4.89999714544887,4.87090422326269,5.1283301197906,5.24780773151764,5.56570862409878,5.10471273601094,5.23683314395522,5.20486465764272,5.35598626969189,5.53560956371244,5.26566198144834,5.21494304416208,5.7323583734239,5.15689553181649,5.27541576638846,5.32878186105932,5.21413504849831,5.37307250168327,5.24171348545452,5.60473034317169,5.44264489815709,5.18487498743137,5.81925485298953,5.25392652485454,4.40002383330228,4.69003451775386,4.70986088357142,NA,5.80311820235007,5.02521127925672,5.27963388594828,4.71503502941824,4.16057604081477,NA,4.30497693520281,4.10883344686604,3.99699164753373,4.33953312499607,4.63849072328876,4.22347809686529,3.82561125140932,NA,3.78075808433641,4.32932400613109,3.57224259913109,5.61857086223641,4.13099866107386,3.62594473631395,4.55043552656605,3.91599223369515,4.91217417578722,4.94500237913254,4.0337010845933,4.11222783100686,4.34671806230591,4.10429632252678,4.03374106082129,3.68902301295301,5.00474082701718,4.54284186670695,4.89973005439646,5.22993904765873,4.99275649071905,5.04264891285694,4.6286914671809,3.67658108300611,4.01229415932092,3.87704780505859,4.24420060182849,4.17927450414905,4.13622507477108,4.31028269429819,4.32795606867711,NA,4.64676280678839,4.82074940651491,5.93668510271054,4.90424058170064,4.71765681003403,4.75875835867288,4.96175987746426,4.97038972294484,NA,5.06578478595271,5.446301615023,NA,5.29807314337848,5.43165066262251,5.40550116670165,5.3601249178527,5.43325925100201,5.39061638764038,5.58712973675328,5.42813981879592,5.26237387346616,5.85594370532652,5.59439606287477,5.27081124180339,5.53055696164793,5.66630628636783,5.42513167085392,5.55048196952853,5.60798996759916,5.96914870888411,5.87695789986153,5.41021196001941,NA,5.36945342963357,5.87249246040827,5.59303940925664,6.49597541485237,7.18679375671582,5.63474736942056,6.39980282106308,6.41464564335448,NA,5.28762360724521,5.81368317493531,5.7804051115908,5.45098485650358,4.90479021677818,NA,6.26763251100496,5.88590534014056,NA,5.74977815263941,5.02549686931129,4.95218652346734,5.82252266404831,5.07059688826515,5.58480073047676,3.95950663979244,4.24310116588799,4.55662128740656,4.66822982295925,4.23692577307681,4.25238797314058,4.04635319449739,4.02744949018653,4.56665815516432,3.94882412828839,5.48975527458811,4.45038381296782,4.02932941161941,5.1256821530687,5.57470363370408,4.94138120806282,4.87383649789094,4.27242979839984,4.87244761892404,4.25381866933391,4.16316530501376,4.0120300490592,3.80392359754264,4.5202499068083,3.84326042459101,3.59828903078167,3.85098232314135,3.93797911246619,4.35575685945939,4.45324103546351,4.59739541761844,4.00675059552726,4.15106249657588,NA,4.34005967213723,4.53184643169407,4.59756343282727,4.55965146405909,4.39251379051046,4.2585715836738
NA,NA,4.92295243151964,NA,4.53958899461032,4.93925347243938,4.45753618887818,5.59302722671884,5.93975348692758,4.9712564350465,5.64670345192948,5.69482030815803,4.07599572533139,4.93620514173185,NA,4.91325250673432,5.74837620624231,5.36180561381422,5.2193408657865,5.23630980955107,4.78449157761106,5.31251808658149,5.57309640267522,4.71507826085753,5.16665824106841,5.10438726794191,NA,4.75124000086071,4.79492439378869,5.04470712962671,4.56916523225429,4.82535241668254,4.74223043294104,4.84348830008952,4.5162381784241,NA,NA,4.38959812666173,4.51149775116044,4.66073851593517,4.27304155811442,4.09369217594101,3.92314982034204,3.75716546485811,3.80891301424589,3.45822083379506,4.23351215119143,3.41828247313105,NA,3.15846201507212,4.01331009436987,3.48471254647891,2.95719897446109,4.46486066188479,6.10755111277903,6.48162246073287,3.62884158474622,4.85864317460726,4.18183381044544,3.92479197653622,4.26142321921041,4.70823391219265,3.97888961360086,3.36816988509154,3.97594361625185,2.92816758413985,4.01424334504333,3.08066723052038,3.88300802808732,3.29059991924261,3.35053954434936,3.87399762955356,3.62956229813278,3.91279478268968,3.73940223956477,3.57242457800455,3.56499452525594,4.14051154797422,3.92349300897962,3.76461258668648,NA,3.76299798244795,3.83313212108012,NA,4.0285244234857,4.30850270283586,4.21746539753949,3.85219802343917,4.28883016996294,4.09067703974625,4.53078881236874,4.29005559442412,NA,4.64232874675354,4.19862413495581,3.89246710033492,4.69242131408821,4.61379001016673,4.92639046643926,4.91085221058606,5.35138820738578,4.36646388454505,4.20829853314333,4.95035898342555,NA,NA,5.27662341756778,5.8917112240673,5.81368207935389,5.45128657454679,4.30036708742054,5.48569912726456,5.36498645592993,5.85157609968706,4.66069392349006,5.36450575359796,5.11047969713136,4.71461954839166,5.30745081839059,5.45626676860059,NA,4.66829157977767,4.8017395439345,4.74340182354384,4.95999127616261,4.09655556702716,4.69663011727596,4.56652392177161,4.46605519220324,NA,4.66334919560872,4.95340911120792,5.16280559311147,4.27459937114239,3.69465733555191,5.38348896888219,4.47347098573788,3.59607445797974,NA,NA,3.87601601687063,3.45036574085874,3.84716204250848,NA,3.21145794088327,2.75969962791767,2.93642272383694,3.1016733000935,3.4938394489342,3.12437475798495,3.12990101752625,3.38762808633342,5.11682272745998,2.85562506804349,4.36582022908569,3.72842352898385,2.90316820786774,3.07487681986309,3.0819839032925,3.33054783698044,4.00461193465806,3.49520243608184,3.61602163758146,3.74405367573626,3.50780624846006,4.09523884604637,4.2830774209821,NA,3.49172714658042,3.76545109764861,3.54945436126564,NA,3.99951193934301,4.52387367142624,4.16816675703163,4.9357647370617,NA,4.37165397092636,4.29936034813486,4.87982223090177,4.88894794079663,5.01507735915538,4.62963812255532,NA,5.5129986306291,4.81635350745992,4.60940000909292,4.55450037057934,4.44976493449636,4.63955516102804,4.67638301789902,4.41480169156599,4.50792810281011,4.95959420798756,4.46333354375926,4.47578529012236,4.77037859495621,4.75145427794602,4.90247841962207,4.66770260349999,4.88171461011428,4.82473474942123,4.74142416512203,4.90039097677474,4.47717942013793,4.71283848623541,4.46305253321275,4.85295457531269,NA,5.01305191940856,4.61259466053083,5.14346970482095,5.47830399545011,5.62855112926633,5.30041545411666,4.56980002846173,4.35234063747484,4.51462748193027,5.34349209334703,5.83882069526628,NA,5.0167425322462,4.4849398143755,4.91642172256376,3.90528096355935,3.79064978933652,3.30183490538528,3.08801262279855,3.35393482437461,3.44426911584392,3.56767268387088,3.21582124820874,3.18667070715998,2.78060911243938,3.90004317158533,4.36903404876556,3.76426077697538,5.1781828617119,3.84962746083333,3.2763147403369,3.84139177169248,3.55730084096061,2.4241084393914,0,3.74318677370132,3.74968346882516,3.52968381025373,2.99608275780697,2.72907527314143,2.7291969067841,2.88270801999665,3.32935673435666,3.3007381298428,3.54597309280561,3.49358073731289,3.37304603289172,3.86025966236542,3.55393969201337,3.96754199584834,4.50365968137002,4.60384386816732,4.62072140063571,4.17412102526853,4.7548756990234,4.76838771504779,4.69532341145147,4.44195882607942,NA,4.23255461086328,4.39450950380433,4.48466993480443,4.56377409032103,4.68009765590187,4.90469638367453,NA,5.66501859898576,5.84299314950438,5.73351272210608,5.44830964210508,5.54917477874642,5.2678610068578,5.05911364378269,4.9630716630706,5.03510718127633,5.20063994016497,5.14264990900036,5.36142028007509,5.21087444247681,4.87085964393635,4.69515084651415,NA,4.64728537310272,NA,5.08519295450431,5.10257449426875,4.70553745271829,4.92855122268932,5.10047020625161,5.08566921583763,4.83203326254425,4.61396806068952,4.19627719874378,4.08534247365421,4.1471588983673,4.2879049946442,4.32457106333538,4.4104199627006,4.40294847399078,4.2538476910022,4.46597043126871,4.04257048102302,4.61612178296013,4.46168024445646,3.67791081546524,3.96208075588172,3.76498012590017,4.02138413824513,3.55509044776619,3.75332288194041,NA,3.71745397937334,NA,5.09242607236675,4.41748951348999,4.90286543511853,4.72257090111908,3.31170166849287,4.00349543749804,NA,4.94997949209514,5.70330706082522,3.84234481042257,3.61116244794262,NA,NA,NA,3.44156330125977,4.07127017093382,3.7244211347248,3.84840091957333,NA,3.76038655747613,4.40363066031754,3.74850741861814,3.95084761464165,3.7358447628988,3.9909032668585,3.86635490393566,3.5149022040095,4.28155918045,4.70965656932362,4.24491580561949,4.25460557482464,4.87855945375468,NA,4.36207847005202,4.91650691539788,4.16331668600676,NA,4.15172718029378,4.6669189732389,4.66530644922827,4.69682575553444,5.00032421343997,NA,NA,4.87595396957332,5.15493421323629,5.11809076573788,5.10888053670965,5.00719211506787,4.89189941877922,4.879018427034,4.80296705408633,4.75105662943303,4.71895796342044,4.70474792742414,4.65951159384028,4.88279244076562,5.00235321993646,5.45475138725043,5.09385664394508,5.06968733171345,4.95529837513799,5.09467965333084,5.26151603218605,4.97194019928345,4.94957320685088,5.42027491258994,4.86253605365257,4.95060310919092,4.98457591154094,4.90261260354653,5.06968252302237,4.89936558438811,5.268560760599,5.04193648102356,4.83570449971831,5.42754485451133,4.92372665734793,3.99318862055097,4.36145486931141,4.08912335145862,NA,5.4027946092188,4.36173718724158,4.73073148658537,4.20328241903672,3.73316243932089,NA,3.79140504093199,3.7582900124794,3.67490431861967,3.95356900451822,3.95271617909904,3.7686980129741,3.55427416365263,NA,3.29511652750146,3.55558772606255,2.81663848819921,4.83049056790721,3.84437323361776,2.97215184854957,3.84390521604819,3.30600741334654,4.23487724039875,3.99178981811572,3.57030987215106,3.20024426713432,3.61584017290173,3.54951226518851,3.42856352716269,3.48787612870643,4.15974105069554,3.74422898451032,4.12929158453571,4.54389008711019,4.36937005104361,4.31633714748231,3.8983464413789,3.17348393955446,3.45088087201636,3.46351174357132,3.8678181982656,3.7781370685781,3.70463067731884,3.88704018597849,3.84997310439515,NA,4.3032390715446,4.38021439054521,5.26589431946909,4.6034745604146,4.3663195557049,4.44244138362616,4.66013679608773,4.65910079731617,NA,4.74758244045306,5.1760883447657,NA,5.015708204649,5.21290031304518,5.18569399659518,5.11458596977213,5.16586182155276,5.27147978522911,5.43080695829377,5.18097522963713,5.0164865311328,5.62887251760729,5.32497935067115,4.99631779448292,5.23691963161327,5.45451427639676,5.15102432211007,5.26152060742771,5.30920340499338,5.72788002074429,5.7426849917407,5.10983001523927,NA,5.07797950653162,5.58663615092676,5.32190111374322,6.26184020197565,6.91660946790744,5.38811865167103,6.12479246934639,6.20649222562686,NA,4.98719430742572,5.58042105956972,5.5935032618524,5.2407147711883,4.70081407609785,NA,6.09720106605831,5.64484647994201,NA,5.53092724748942,4.79295024214478,4.59958721004698,5.46312114611015,4.7841631732499,5.32040299285459,3.81620565959382,3.70472156724427,4.08178109164478,4.24516964047257,3.82004112028989,3.79103902711065,3.61707365868706,3.54243395664017,4.18315052742769,4.00730692881451,5.25730810664496,4.47339584360679,3.94893904143706,4.57024165531444,5.07195432724375,4.4682315716521,4.18622006657132,3.69487876214792,4.29351763392641,3.89500070238518,3.5185919603293,3.43874460679273,3.34834106336046,4.01037381567401,3.47494358921488,3.28713922185893,3.65352518716729,3.79070080518491,4.12640341087774,4.16551098850173,4.50232955914599,3.86458630262034,4.00979438684752,NA,4.21873810929938,4.4130104433888,4.40390532470695,4.37220875432784,4.37587730355896,4.07606539036199
NA,NA,3.90107721245867,NA,3.39130515680522,3.91341051025807,3.4089645572788,4.56118298834965,4.96230610707039,3.90128306710489,4.79296391564529,4.96904545719167,3.16685022564119,4.11903070668511,NA,3.7709448959166,4.60906307990157,4.21466488337821,4.24413698578262,4.41262814324866,3.60593217474305,4.29472728359535,4.56802219164353,3.21253471547867,3.59380685215165,3.68398222731903,NA,3.42744693213212,3.18862169903638,3.75933832391525,3.09672852688312,3.20357349502763,3.12590569037942,3.33157162067297,3.04057372576581,NA,NA,2.91787645075521,3.27319941300653,3.49535666444487,3.17435796774813,2.86641069540541,2.86717874163737,3.12430142194546,3.394818060206,3.09434482091595,4.378271021717,3.14725592253101,NA,3.22804484052308,4.60833354838457,3.62182816412275,3.28654012416155,5.35421663527214,7.11186530007262,7.69618277010346,5.01234721058877,6.22199343119877,5.14147350566492,5.11549404824227,5.79669101772565,5.80787078653211,4.97589544413268,4.41225754247308,4.82636665735753,4.24536864287904,5.22412936880204,3.47246229146095,4.36462665866238,3.12589927242109,3.40817290698136,3.53015216860673,2.55702265216978,2.83923275146385,2.66451025384545,2.83249670183479,2.81375087306915,3.20646366850444,2.91790285569916,2.72580114333464,NA,2.5781407269694,2.91015922634505,NA,3.14791651282022,3.31875544712779,3.17727980561679,2.56640299448486,3.24552991667284,2.85673438101784,3.37306917088281,3.07979910660552,NA,3.42807038074702,3.01732005045542,2.53756116439426,3.82656515875444,3.71317514286289,3.70843074200609,3.60344284754842,4.24140158786696,3.34882290307232,2.86078047935005,3.5160078352608,NA,NA,3.79327208010533,4.65893405571046,4.68218070822464,4.2703114153679,2.97519312571482,3.98116321237286,3.93908575222535,4.81927273885845,3.37068670523046,3.92912634829716,3.7536936544993,3.1957381954037,3.85921779853996,4.03576744428924,NA,3.28619930215399,3.62497019936673,3.40883583673873,3.55612476124108,2.70600358384745,3.3651218175713,3.30184530575145,3.19446852549772,NA,3.90248743558627,4.08103422479794,4.17851589259274,3.41048081877226,3.10919973722417,5.42424233350301,4.34137809728229,2.82966301276356,NA,NA,2.55836426138132,2.60817351514381,2.6789055031701,NA,3.27957757061317,3.45729444152344,3.42641876716703,2.99277247008519,3.50042256608371,3.49159711434152,3.58937030056361,2.76794658119138,4.66387767430116,3.63274320070446,5.84570269814156,4.87218617865854,3.51114944178412,3.69732091005393,2.79974735716256,2.39995990792589,2.77282997926355,2.63202135625247,3.03871002115879,2.3751933501983,2.62032152150091,2.53271839211071,2.86187490792785,NA,3.15311247548962,2.95298999018326,2.85777865968309,NA,2.48064317575832,2.67753697330239,2.57381086826368,3.2105364026501,NA,2.88344896597694,2.9485397346025,3.11123076071522,3.03375090113113,3.43494747556704,3.17284708505015,NA,3.79717837786137,3.11812420384046,3.21844062409761,2.98029955752538,2.92118928169521,3.26545143655509,3.23390811699425,2.97831044863323,3.18065397540809,3.53662481583622,3.27737175882714,3.15777935387824,3.57503998108366,3.49185615691139,3.48491992040302,3.17750583658717,3.70180621857353,3.40230146304617,3.7565961704695,3.84556515216852,3.27578561308508,3.68598934214906,3.06166730590409,3.32921380183305,NA,4.13653057853109,3.60622304798918,4.05646312696865,4.30308273453824,5.18474999698301,4.83625481470431,3.95553567457211,3.68569601607758,4.40553296652096,5.11277402042157,5.51010563240228,NA,4.16864929808199,3.26311462858436,4.62490497429534,3.38627350671744,3.28480237262132,3.06684684604402,3.34112024078001,3.10241287651822,2.7794993571703,2.81069305486876,3.05271760200634,3.11827140509243,3.40760978051535,2.31693283951671,3.18092525806771,3.26319592443582,3.63430896279787,2.56207424453326,3.13183073329126,2.68051113188506,3.14062043046353,3.93366418374213,3.74318677370132,0,1.96664325136922,2.19538177274612,2.88147894426558,3.11917265166519,2.82543267041159,2.53136438313294,2.08637733039775,3.05144157661643,2.56151053195108,2.43726804525395,2.61943028905928,3.24504644764377,2.80854283855389,3.20668498754257,3.81567910379763,2.89773195775496,3.03977402997178,3.36379448160437,3.46589505807848,3.56499277609871,2.98546265768702,3.00627757690859,NA,2.95986010062784,3.09960910019534,3.26200613735812,3.1639339677404,3.25933318697012,3.47664011601243,NA,3.84079864166701,4.11898044820143,3.93140711562083,3.52300114658457,3.62940317964702,3.43959300912616,3.39279371840557,2.98177294679955,3.23723717999313,3.28141686659117,3.13281591573146,3.6105456794211,3.50946323496749,3.28215480430236,2.66302575983505,NA,2.83570973114946,NA,3.65061193251444,3.60053926602348,3.08177253064472,3.29532916654906,3.8707835674096,4.07107559276108,3.68802519422442,3.51710120954794,2.77532636907619,2.72444767635905,2.63434321883871,2.73413977117142,2.84886982876537,3.24922788224267,3.61146632523144,2.97298504653027,3.14761009437211,2.53824089013793,3.32547226862679,3.27988174992861,3.00063748379726,3.41853717719453,3.3785301677187,3.0450193498708,2.57222598458747,2.95939261602765,NA,3.07811642007051,NA,5.54573804755503,4.39787053927786,5.52032246329583,5.84887782322234,2.94351805295265,4.56586615750863,NA,4.01657295928482,4.94058249963837,3.665137823245,3.26316685937727,NA,NA,NA,3.28211077143518,3.55362783834732,2.8722940432589,2.61656864862622,NA,2.50363638438123,3.53134727203961,2.43203893594993,2.81034708852488,2.73869538934545,3.04191275448202,3.26037811266045,3.17868811560682,4.07251415357781,4.90388171904418,3.70810078897323,3.80171509889258,3.82307841027801,NA,2.89610042075928,4.21779266865491,2.66109786782198,NA,2.43554052724032,2.92030399196173,2.81812167667599,2.9367983044012,3.17295160858281,NA,NA,3.09674208722031,3.36878718476819,3.17808759605887,3.2243391984271,3.33067992551546,3.63818005124461,3.3134674462522,3.16293740089403,3.00076904929175,3.12901038644724,3.11775675933015,3.18726974481101,3.62464993293693,3.6432105247489,3.84933050529795,3.65780305135874,3.53412975582192,3.55129341533076,3.79924063708067,3.99312601549537,3.7167736133496,3.77909302640892,4.430131848745,3.76980411980503,3.91375160534498,3.96690117714308,3.76071186139612,3.92490229735039,3.7968320409238,4.30050713292633,3.97485407001998,3.75568590998174,4.6981466506927,4.21288012867082,3.08266080604099,3.42609513072424,3.45915344917537,NA,4.67538771498001,4.10483838771241,4.56041467553052,3.63974088580457,3.26443856230384,NA,3.67581825793454,3.2092031432571,3.14411991254128,4.05910428389442,4.11112748632423,3.84465315184292,2.687524947054,NA,3.83023741675063,4.01393668204431,3.83987400213029,5.65127384476098,3.69059264187225,3.73096565318751,4.63892562711156,3.69935266602752,5.08502266174835,4.57918516495661,2.82387798433427,4.01678112248429,3.66215715559188,3.53136391418009,3.40139637304359,3.72365817541173,4.45297265510564,3.95845906356847,4.05980727762442,4.42163299000793,4.16922768509543,3.69397026358502,3.34807296127662,2.62994995263873,2.77279051043751,2.8394144362262,2.88636305225532,2.87421001911852,2.73225946966395,2.73000240940897,3.0625080343085,NA,3.09252974476658,3.09177495704481,5.07181764437764,3.20298300689533,3.08202845612438,3.08499792375988,3.37034063494759,3.01641029403108,NA,3.18382412275775,3.57543357939659,NA,3.26414231882021,3.39775062233786,3.35286230475996,3.37703162892415,3.28577644268909,3.6011995956988,3.72266922641985,3.5836387269381,3.42598185377271,4.44589622303692,3.96279851901808,3.74606762000006,4.12398652142376,4.21895897275493,4.08473055494345,4.29521249980317,4.4594211592472,4.78258031169168,4.73288925827598,3.88778448836921,NA,3.38959071882594,4.40120585898239,4.31262762366195,5.36992740966583,6.02511720632596,4.42928509546358,5.12212520716682,5.15915447232311,NA,3.9499347204954,4.59247877646142,4.6015496195796,4.23372065338676,3.65492548988377,NA,5.18232907158551,4.74508319526541,NA,4.44535584044085,3.92920689523684,3.84690113307323,4.69291954778634,3.96198179112913,4.76474892556508,3.72305387306005,3.35503902232518,3.97924647207262,4.25001386204645,3.86994279204871,3.83864353265671,3.80597910087682,3.54123884885951,3.81035229009555,2.77658625755931,4.29432763608861,3.6002350563173,3.34772741651003,4.28665351608718,4.64631811766449,4.52560438019529,4.18122766592116,3.48699682335466,3.90399727245887,3.18536803494197,3.57883280771926,3.13676879958258,2.59740564614276,3.33190924732642,2.74173911197676,2.59055224428235,2.87679951108632,2.67953173931587,2.80818343329676,2.71901844340798,3.01505210039003,2.7147841772554,2.60659662806629,NA,2.68367069511235,2.65735356608169,2.66050890736822,2.6885415378509,2.99657503054597,2.75783033712181
NA,NA,3.73396714344183,NA,3.15245280861323,3.69173294293264,3.17119911744387,4.49702406525734,4.9267196729516,3.71043087678105,4.87743927232754,4.8890068454859,2.73716652177982,3.79536135885973,NA,3.54534282599348,4.57386183506572,4.09814112887376,4.19567153589363,4.41262799385348,3.63919967679045,4.21477026816186,4.72513482074252,3.22740931013963,3.86706681471992,3.9950542318297,NA,3.76803078653833,3.49114693347267,4.07557662282762,3.08374524506315,3.29320530168409,3.36097741816915,3.59127877970519,3.29687528299811,NA,NA,3.10402904904963,3.33167352556871,3.42873231682267,3.34462084389163,3.01974350888315,3.21247534141423,3.15758777662961,3.71844035617333,3.09740801126258,4.38796132388185,3.23913106685887,NA,3.16423305377899,4.58339181680393,3.77685920497496,3.50704583918527,5.39600959514481,7.27968936106182,7.83976568329986,5.16386213094762,6.33978526529841,5.31711320204533,5.24321884775321,6.00556854224013,5.95403968301423,5.1846390520892,4.56483854343314,4.88862675639895,4.21079692464443,5.1103945319086,3.28744493734519,4.09847440080926,3.0060279529726,2.93152855831391,3.02868012021491,2.05195266337354,2.36682991605087,2.16126868600334,2.25176824362836,2.50253662344621,2.68606784681579,2.48123991605967,2.36248443633522,NA,2.2481722269569,2.53611071871933,NA,2.79407010876679,3.14236680528071,2.70058468781707,2.32956041766732,2.98957332021623,2.46105302521007,2.91272649914615,2.74917017765924,NA,3.07653345359651,2.66802279027898,2.43339462076045,3.32973325487979,3.27213021908052,3.27593436517502,3.2397841674849,3.80808296972364,3.02666530522141,2.88512115049518,3.28325952360058,NA,NA,3.41516416853644,4.45944742522078,4.59818707344771,4.24484878963077,3.00589497886758,3.97262531616396,3.80029327748244,4.88031298184152,3.3045272304489,4.19054262154946,3.80932422540401,3.25910651892903,4.04014637056168,4.09372963704201,NA,3.10539492640713,3.34020177299309,3.21266609000324,2.92455390949667,2.44617537738532,3.20977283310727,3.22980972988269,3.17722494573898,NA,4.03613078747745,4.31409267837648,4.20736614397008,3.60815435136733,3.27265045890963,5.71996391091802,4.63573817511564,2.88692212574067,NA,NA,2.6264014840424,2.89436844034544,2.89780972220449,NA,3.55612994928494,3.45384972092377,3.47376660622309,2.98994154472617,3.56064637617426,3.47824985240392,3.58967063470118,2.8411374644228,5.06450060722242,3.67990294761702,5.96123308134809,5.03394246294461,3.73752124571007,3.85440192668955,2.80846291208549,2.50826173984325,2.49371346799188,2.380341785878,2.80473905872939,1.9949047674547,2.43140686169646,2.36846812270518,2.34950467467649,NA,2.71444496284832,2.62719696067791,2.42279347071701,NA,1.9181142717617,2.40409310032252,2.5815079930018,2.85025175795843,NA,2.47090139493164,2.73347936354809,3.02488130385542,2.90994569004798,3.02982529626869,2.64571531105469,NA,3.44142188035345,2.57465637583158,2.77522483793359,2.52384596970087,2.31335384749315,2.72351013243032,2.96813376396622,2.48789314824009,2.56998637751194,2.9790509665487,2.63252164168377,2.57321293584804,2.86663551654516,2.89782789651444,2.79482130904374,2.64665855315646,3.16469670413826,3.1514810659375,3.22720794440907,3.4555681177105,2.9900691806227,3.30766555607923,2.62127240506089,3.08921931241585,NA,3.96092667834258,3.61255790597709,4.19453094869301,4.53545220138558,5.50977168280667,5.24824990813003,4.32074016164776,4.04695236111338,4.71857001485537,5.5864600670113,5.80913894229862,NA,4.18124007801567,3.36222585118603,4.49610643607285,3.1834719874756,3.1196713683123,2.71157436388468,3.33796898254953,3.08336152179749,2.65222411187926,2.79351813380409,3.09505628222257,3.26206650513284,3.50673925424941,2.47633746975747,3.00812695556901,3.25260699467578,3.62601199567306,2.3462946026982,2.65856554194198,2.64836638706456,3.17130618245797,3.88152226713741,3.74968346882516,1.96664325136922,0,1.76025554467086,2.52261110383196,2.99786591352198,2.7599161520097,2.7589866110643,1.90520661354747,2.77747925731697,2.4789513827346,2.20489897651765,2.42931576359975,3.00778164853754,2.46842088303472,2.82828394859319,3.37711834264321,2.6743479146845,2.93059933556587,2.92001003409854,3.21450021479049,3.32269519054509,2.81158713907159,2.70970713110771,NA,2.64187373098367,2.45071509558456,2.60010597220582,2.5734866700109,2.72925247663649,3.01385377710465,NA,3.53701590892277,3.80202510779314,3.49466800164587,3.23979711681796,3.3043820641978,3.16642155585563,3.03074216531873,2.6895726367273,2.81254168611017,3.03657032308588,2.97335763539901,3.53597947913252,3.38351045768627,3.31962847256934,2.62558522716041,NA,2.88580156796376,NA,3.74277031417356,3.6411805319937,3.29123586236453,3.48050671240235,3.97554896727536,4.24924857863031,3.68950353723743,3.31845559524987,2.98003688164641,2.792171673475,2.67793345132765,2.60121488502423,2.66201969922062,3.15129409606199,3.61298521442029,2.83582745263192,3.25581171494599,2.75591769484222,3.24737863742593,3.23212486120227,3.01795870177581,3.6193929190242,3.55526117368658,3.18314363057762,2.77665242397173,2.82832225527857,NA,3.36500835104526,NA,5.75561690638741,4.4877442806408,5.75649028786662,5.97806868233263,2.98782298850791,4.78148800755763,NA,4.17098525496262,5.08657812138974,3.76399020966593,3.44756135878583,NA,NA,NA,3.77276139716132,3.55325024138783,2.99708512930263,2.86856170911713,NA,2.69640878663837,3.6898885755163,2.62733680719972,2.97771295979327,2.61145213103407,3.11441418771559,3.43468327049414,3.42916024657246,4.32678111040687,4.93988659205339,3.68504523886639,3.74851028159434,4.10801732013581,NA,2.95269809444219,4.15093682207859,2.76182917857496,NA,2.43214812022452,3.06038250567103,2.79658396992903,2.75353021750437,2.95610070039682,NA,NA,2.90545254423839,3.20954058854863,2.99727252270042,3.01986769517722,3.12289826607414,3.48463996677094,3.13587233046166,3.03309999576215,2.55493782811007,2.94282556005626,2.84519620127199,3.03901788009503,3.45472909218591,3.57959169542773,3.63523930464591,3.62281588363325,3.52855953698433,3.70485758446446,4.03744092818861,4.20518715067339,3.99097545548189,4.00895591109689,4.63907082523066,3.94203767400282,4.04655029810632,4.19614149390197,4.03266770289543,4.30513964731592,4.1173864442791,4.61969448673181,4.18254537171536,4.1121159951763,5.03354047579436,4.34434570806908,3.56325418675711,3.81940872985687,3.9492767742617,NA,5.09327044644689,4.47774027373192,4.86493102537157,3.89864989984927,3.48364067878242,NA,4.00207855154004,3.48787842227394,3.45379324665757,4.36928806404419,4.5045662972043,4.11865742967574,2.97814012111384,NA,4.02498392563312,4.34867504831916,4.05466608988864,5.89501756874438,3.95345628831998,3.96325844413087,4.87887299687276,3.97900529538795,5.31088656647229,4.86353666827743,3.23227473573186,4.24663131169585,3.84343236518531,3.71233344113298,3.6922844371965,4.0073505540057,4.85380926293156,4.34332790898085,4.41757500945844,4.83505998311516,4.5342368480989,4.27198949928029,3.90896273143105,2.85408478082684,3.01657181570786,3.03911187585725,2.98349941992998,2.82425983577908,2.90368772994849,2.79435071744678,3.00082303455623,NA,2.9788939611688,3.11025393971026,5.42869490002217,3.11719509743326,3.03170468764189,2.99651270053604,3.39901356103355,2.90966757080974,NA,3.17437492712259,3.57092715271038,NA,3.32417553641944,3.39312562575257,3.34384371501694,3.3839919525201,3.33051418000808,3.50829905365096,3.79696057224291,3.601985408037,3.5328486279248,4.52846823207208,4.07801582766174,3.81798724385104,4.2439357839542,4.36867849172989,4.24676573859197,4.44102763323539,4.63931279829853,4.94751858971518,4.68932122161098,4.04579907629639,NA,3.24096145220833,4.58044691757834,4.48674423749533,5.6536966926077,6.33357359399741,4.74286610399805,5.46078184500027,5.53354735474037,NA,4.33505570528683,4.93038998756809,4.88401959350051,4.56376432759213,4.0383548267164,NA,5.48270662513254,5.07508540634085,NA,4.76745013632255,4.30237492229416,4.17736403816076,5.00110930075645,4.30259699970497,5.0636841851268,3.83384221303495,3.60110328075846,4.1742851636469,4.51822626280511,4.12980739237905,4.09213563929063,4.08797129599549,3.88307104760531,4.13018875953235,2.64312693758492,4.58163422524395,3.77752305512145,3.46758824110929,4.69189178319712,5.05634017327254,4.88883088898197,4.69719203346359,4.01817490381298,4.30958744078483,3.57893766455325,3.92026606742795,3.56418615739908,2.96395992664336,3.71349447541386,3.04068996091082,2.84935176821134,3.09658170751299,2.81074108567626,2.60055501336603,2.81541196059342,2.99682400471079,2.44344560124261,2.57908336384244,NA,2.77315971491472,2.80691609858128,2.79355674883314,2.82752619381623,3.07476141990461,2.80634619630938
NA,NA,4.17419753960128,NA,3.37621092387716,4.17020900644995,3.62432933594084,4.93760341358183,5.34711998866532,4.03359536077095,5.0454846150356,5.12736003412816,2.92345913992635,4.05793221659556,NA,3.97400274462387,5.01255617071497,4.47081680691438,4.44797871397324,4.57694305940135,3.97815573923143,4.42588311047956,5.06097550418138,3.75486091991891,4.40408076964011,4.36418445429852,NA,4.08517525935972,3.96287677756316,4.41110138638478,3.54132066311212,3.84124595228797,3.83556748781379,4.01415475275071,3.64657960194237,NA,NA,3.51184588923485,3.66108859176289,3.80383324384493,3.63883205359995,3.28278122103672,3.3699733597129,3.25572058300296,3.72363942745604,3.05360839448707,4.23441515533666,3.14084162468847,NA,3.0784675337091,4.43827662360363,3.59865443730268,3.33448196758176,5.26635834412562,7.1497131450684,7.68323966261402,5.00327938275597,6.12335486734874,5.15357956430407,5.06840202530193,5.84938191099181,5.88733109130977,5.10088919630442,4.52092595003752,4.85212344371612,4.10325063811094,5.01543413396113,3.30740826769896,4.23778538161211,3.11350921715931,2.99527540523534,3.15510482602363,2.36104856812505,2.56533739015398,2.57768823330379,2.68038343471621,2.8381339356102,2.98049203018695,2.8441917851082,2.5398254381189,NA,2.6865278079559,2.77318353295102,NA,3.18022277130321,3.50867120833205,3.26296221500154,2.78850170184135,3.4364451198294,3.01268567464082,3.5574585213114,3.33243199471678,NA,3.71978515234058,3.2306961674432,2.86699158927937,3.65344099660026,3.61906441585703,3.84231566536238,3.88086215982459,4.47835730031396,3.44602125666532,3.14250141014376,3.79158148448405,NA,NA,4.0318613149977,4.86307572700001,4.91294003937318,4.53192050280281,3.35801945517426,4.4107507902686,4.22259627447075,5.09978782193086,3.66810704575043,4.48962066573883,4.14393818499185,3.69876613478571,4.48623340687414,4.45736190620456,NA,3.32052712946176,3.87941056268135,3.69050619405812,3.63221152163207,3.0583647588254,3.69303222918812,3.64918256365733,3.605009306566,NA,4.25392404757593,4.42829437142515,4.42150477408036,3.70852292747542,3.37532807239443,5.68605296665573,4.70185098572995,2.93924015195933,NA,NA,2.84468419883827,2.88322698198421,2.84528251966514,NA,3.35604094737254,3.29757986373138,3.27281155703474,2.99566325567645,3.49210195264242,3.43603107620099,3.29548276895481,2.95718608536025,5.1633807405244,3.54555950599129,5.83628086936246,4.95510354563962,3.6840215879875,3.53041258139559,2.61804411039142,2.61736562898717,2.3503049106299,2.53907583518335,2.74222065764578,2.35886603179686,2.40220577422677,2.63135060345501,2.89428453211285,NA,2.86102740956644,2.98792402919311,2.54954013218749,NA,2.52701256216449,3.23563743420898,2.95927940644884,3.61754191493271,NA,2.91621879127232,2.98828631234046,3.62021111582175,3.49289050342317,3.63727789494682,3.38928026547236,NA,4.0855156430418,3.17896236601179,3.29063551816245,3.08798922055416,3.06141802661158,3.37047457628212,3.47639193498803,3.00407624750564,3.04070374907266,3.60023545602112,3.32694396228643,2.93934750570631,3.36743395886662,3.27309358153307,3.22791523757392,3.11231744516745,3.44726966765966,3.27729595345005,3.31966417252032,3.52727597181,3.32586393495221,3.38883783195367,2.91273498412846,3.61630682626986,NA,4.16238403589791,3.71329339510985,4.38428964965585,4.74927068057159,5.50219491664771,5.20073149896309,4.36992163776218,4.02517187879104,4.67824025501521,5.52209714675221,5.68578256596111,NA,4.48352453157821,3.61044261965651,4.46207813911673,3.00334261320931,3.02386824229634,2.86609591532393,3.22721427748902,3.07760346155688,2.59108195257667,2.70792192160621,3.09815750764358,3.21212062494254,3.44278286875395,2.80000301914383,2.96517235312177,2.95437005603607,3.92336316167937,2.26128548427139,2.34853050917052,2.70293489362045,3.01648650260271,3.71887520304884,3.52968381025373,2.19538177274612,1.76025554467086,0,2.50587483430005,2.98538990760387,2.6554910166219,2.54754158223798,1.97253964127971,2.63633990123049,2.59982582222393,2.28217543981442,2.51575316939321,3.14664993747376,2.39783870119179,2.71188922662908,3.37650698077836,3.02382676511911,3.0207720712716,3.34078320414953,3.60008952684314,3.76278620964119,3.48038914761911,3.41930805396722,NA,3.08491759057609,3.03894412855921,3.19246746314518,3.21880346660092,3.40245707126482,3.71718657023732,NA,4.14381744656178,4.38809346287071,4.21000360052929,3.92371196773129,3.8648612024505,3.76850336361562,3.54334965950582,3.32528935125576,3.53235799168355,3.77635709116775,3.73404657891299,3.83805461652389,3.71487770959498,3.65114088261465,3.14011053610337,NA,3.19627300405967,NA,3.99505138274631,3.96168553812873,3.69147273788612,3.92714274474085,4.05439023497475,4.30639135952895,3.89836387681922,3.63317038371036,3.08809191394612,2.96822190728224,3.03898331355601,2.97773255229129,3.16489778365248,3.45302767727301,3.84929956348571,3.00850928479992,3.54772766202323,3.04977848759392,3.33863631918563,3.24948103641379,3.13928168458367,3.72372325615583,3.66147745486326,3.32334974504012,2.93464404676107,2.69884934422705,NA,3.44339981686008,NA,5.65466162623617,4.56712421644754,5.55377222235242,5.93385616046071,3.17666230986496,4.66547887024274,NA,4.46300582856212,5.2982916372668,3.80399064997773,3.36276134301376,NA,NA,NA,3.73748916596898,3.71122165298533,3.11790757504161,3.04885741498977,NA,2.92436536494826,3.99233100883269,2.99235241858728,3.02586617051226,2.94745546572233,3.34822969466059,3.70582407398141,3.37903707534951,4.27479294140543,5.00759742466111,4.08914402786744,3.9582125637166,4.32191377416212,NA,3.41323250323444,4.48343123936443,3.1452991720593,NA,2.92350079575532,3.46546846370408,3.27279683772509,3.38356754570943,3.61743203658212,NA,NA,3.58199462642609,3.94383108430595,3.75652612567555,3.71645946448207,3.78657626935613,3.78792042746068,3.53243636126733,3.52776828662703,3.13005588180162,3.4939499377701,3.47978494886085,3.50308884176571,3.86275451249033,4.03997000792846,4.00835792344679,3.95157644473811,3.9047541191021,3.98282539741474,4.2898855758825,4.47192012373511,4.20815177262372,4.25966710463265,4.94908825178815,4.192986185385,4.28195955658357,4.3079389001569,4.24924277450968,4.49011610070636,4.3063269270977,4.77831165672073,4.32396765953896,4.2465679609666,5.13612841356897,4.51443127422772,3.67837635248221,3.97355489239678,4.05721298284564,NA,5.19046857940297,4.4921472389619,4.83489510760164,3.95072642976892,3.51468384118322,NA,3.93723029190877,3.47810652088653,3.48676556324324,4.23983943003705,4.4203078800761,4.03652412960564,3.05432230846247,NA,3.91078375104623,4.19067736821209,3.93723549970569,5.76520447550259,3.94568062796551,3.88853272691496,4.741807425884,3.91628222747126,5.20950464957622,4.78607292111752,3.28182505616186,4.10319360310482,3.87211706426841,3.72568094176794,3.5757194342859,3.96946754410603,4.75513069301233,4.27697161517806,4.43036788464926,4.8084790734266,4.48510490452765,4.23586094572825,3.89020534501883,2.90411027838158,3.09590568363188,3.14623375355329,3.21438894044813,3.1187978535313,3.16469415981036,3.15659033740493,3.27825852303111,NA,3.41307700958535,3.56193575103206,5.45455605796912,3.61178030310528,3.56851604317407,3.51603464609758,3.81189120755146,3.53080602174863,NA,3.72492801014048,4.07954113503293,NA,3.89885869444819,4.01084556189656,3.99176293082641,3.96535263428554,3.95392315344829,3.97549051333926,4.28730291925732,4.10462985923374,4.01060247463516,4.89358778363995,4.49587506939683,4.25575673236233,4.6206189609622,4.73631154318234,4.53280242761442,4.72633678260508,4.8269499617235,5.15897346195856,4.99306982351214,4.36930370144631,NA,3.90659138512167,4.96246937086042,4.70350120790972,5.84498363924092,6.54476700845714,4.99691078465967,5.74037446972503,5.75526541968193,NA,4.62328392581353,5.17388462953847,5.15323481640881,4.7798280498258,4.25226473956439,NA,5.70495139950002,5.3101637678422,NA,4.8801482827783,4.39396303076412,4.2783388626923,5.08991030222816,4.30657763462958,5.10627813109022,3.8600674605399,3.63659629057058,4.14208041036178,4.46338284624441,4.09627645107627,4.02343162838175,4.02046380829906,3.82734475284688,4.13208040323541,2.89411416889204,4.82216964549739,3.98363694185932,3.54744215151911,4.70116610298999,5.07046313989998,4.84915785248148,4.66738321216071,3.99996831389186,4.37188183805949,3.62005883566589,3.89832820558183,3.61069359007752,3.05292957119856,3.8229079421243,3.14659678482989,2.91759803882308,3.18796640498222,3.05250030998269,3.15175417609459,3.26441871417827,3.48947162552074,2.80538682142995,3.04162226531005,NA,3.20620242285704,3.27628592149522,3.25857811824782,3.27532980128875,3.53733637674721,3.19841172709663
NA,NA,4.22509137443716,NA,3.54420680714954,4.21896303617278,3.7033616174658,4.98963045483833,5.35874835475806,4.09428325068254,5.01592144224733,5.06890847466251,2.96565863720947,4.35821859022052,NA,4.07475176308998,5.02306087340923,4.64590354116267,4.40938410995291,4.53898742110226,3.94016750534507,4.64722944417594,5.02216415425547,4.02482391470748,4.42612424199061,4.48205217181135,NA,4.23401314791011,4.17872919928714,4.51379230929169,3.79536661063395,4.12583689527917,4.12085145413547,4.28789494770156,3.85635773963535,NA,NA,3.72597306139865,3.98580040859052,4.05075432308054,3.76275291497686,3.41667827409043,3.54883565793647,3.33596387254524,3.76710494284125,3.07057904700387,4.45153186922701,3.26838407173119,NA,3.08385910890821,4.43210178461928,3.73498066185375,3.58697028022848,5.29749100521359,6.97119896015942,7.66365630075969,4.65678096674062,5.91756903929043,4.92865997072989,4.78808661098978,5.29690162952049,5.55017996452823,4.68644058155377,3.98806006791445,4.61550288652765,3.6366961625089,4.76455742169213,3.14599597390748,3.73789960801023,2.91917301656615,2.92315507661419,3.25661409839142,2.71818887615559,2.54718292334806,2.51597521278443,2.61353964672006,2.6984687010842,2.96888278054387,2.91828832500774,2.69466464201467,NA,2.78024971167949,2.85789240779354,NA,3.14254428411697,3.48897217931283,3.30869154973503,2.93626983053358,3.4125992272787,3.08516098867252,3.62100775721299,3.34500443990856,NA,3.78406864366786,3.25742656547631,3.0311697886574,3.69816627109834,3.58566653363202,4.01105149028887,4.12710052629912,4.49597199866824,3.43091962471202,3.43133849663438,4.02137050785378,NA,NA,4.36617875184456,5.17943757267482,5.09516359275273,4.6795126784937,3.56507825731961,4.70922520493506,4.65901129639009,5.29423150163672,3.8516998169995,4.75621041787426,4.34318984068761,4.03407083308601,4.5495491435847,4.6264402390225,NA,3.61988134534572,3.83959985266157,3.90663037896278,3.78257961203326,3.10009555011741,3.49484335008062,3.66982203316957,3.68142415940619,NA,4.23674215269755,4.51147094196686,4.54461659733104,3.90960649433096,3.31664530038819,5.75045063780681,4.59873391462862,3.16911124747378,NA,NA,3.16164979501316,3.08693609582358,2.85347043487131,NA,3.18088959564322,3.07793094384839,3.14876314112085,2.7147218652864,3.65742248418297,3.15202139501701,3.35765961097812,2.954951576437,4.96494770557649,2.81592492642257,5.53755709594398,4.49133765721408,3.21485617393329,3.6155287566637,2.97309645639281,2.69155343337585,2.28842858115193,2.37888881157547,2.67989445717837,2.06411019294551,2.34985897002504,2.72031934697285,2.82665661686463,NA,2.33096823295502,2.80829974923888,2.49750155778804,NA,2.40419106108722,3.50028213663916,3.1674957329594,3.72718104360265,NA,3.2221317852149,3.20222652727996,3.60187119535431,3.77641608565809,3.55585472769652,3.43272361985897,NA,4.42679719838304,3.60478206568297,3.32352005402499,3.37857711005997,3.26868515110794,3.5121249727211,3.67584695951232,3.20300076832518,3.3589716080406,3.90591479116782,3.45581364928555,3.35285677025858,3.73063743000929,3.81372048877428,3.87549991962787,3.41954985537951,3.71625627584978,3.7719673494154,3.7818794132319,3.92138896126829,3.50925358233095,3.68034334862014,3.40236336666021,3.93078996666054,NA,4.14954986345338,3.85260960896705,4.48733028869164,4.88705063426631,5.41837988756678,5.2106892054854,4.34606643561605,4.15204471595357,4.67291340168797,5.58722400883208,5.80045401057136,NA,4.61442351732013,3.91476754617684,4.7081747367421,3.38926555542773,3.23457029777764,2.50723366305728,2.83055291337204,2.85743827894105,2.49899622631349,2.73719446861631,2.76645842262336,3.01362942743912,3.16255181106098,3.28379244932322,3.58930952686386,3.23732321297691,4.34521786609441,3.14126569776471,2.62407825016375,3.31956449883599,3.30119410840978,3.50235494127097,2.99608275780697,2.88147894426558,2.52261110383196,2.50587483430005,0,1.95617507497933,2.04131597532619,2.25548838037832,2.42035626526303,1.85056391484367,2.3536831428835,2.16558393725018,2.44909096368972,3.01099799792814,2.66145908375216,2.88889224970805,3.43029528629235,3.52416244173804,3.65622013855459,3.30074904637683,3.76528070694123,3.684036050703,3.7711054954391,3.26907106145056,NA,3.47214241945766,3.21395735102677,3.2530504300953,3.52706804179707,3.69110655485287,3.76547668370311,NA,4.29766427355221,4.67888405613907,4.47950659044064,4.46747418522066,4.57256933817932,4.17772927734636,3.73957988326186,3.73314726334209,3.7319646939246,4.13427862311325,4.07793193497788,4.52505424023856,4.02084884332206,3.9313646115638,3.68829860036192,NA,3.80108034489984,NA,4.32139618710893,4.29747229927249,4.06176366217907,4.26806662452682,4.35703740277286,4.62404889955439,4.25114499318528,3.92326133784296,3.55979687321967,3.25368206298321,3.36042254660201,3.5862926965116,3.54854310713935,3.6448428420364,3.7862824762474,3.46490468797631,3.8358753335531,3.28095684527281,3.53996851933046,3.58394267020389,3.11082387976128,3.60641435142313,3.55414857042585,3.53078904900445,3.11382632085609,3.04113024648133,NA,3.53047331035799,NA,5.65511615879519,4.45972906900568,5.58879143818028,5.69359554754238,3.23492713844547,4.50402982629723,NA,4.53448700197681,5.25680416699452,3.64808186742612,3.45610946271815,NA,NA,NA,3.5855720593694,3.7037280524176,3.30596565155334,3.14509401184602,NA,3.33971818017622,3.8318641213371,3.17282511020534,3.43334504726781,2.73845138386267,3.07150998448432,3.69032351243511,3.33671279137816,4.27495168715557,4.7058024565931,3.61237356093343,3.78936672925128,4.29278654795076,NA,3.63973312564118,4.00818926464806,3.64645660108643,NA,3.18482869801152,3.85180617704304,3.593349208711,3.74970058904122,4.03564776658623,NA,NA,3.96794757229872,4.29748607781129,4.20718589221856,4.19475408826077,4.14334609936022,4.13186728535857,4.12240905994184,3.8887118228976,3.56364404449535,3.82423464610785,3.79040140378803,3.86089868933907,4.19793435787073,4.13906774707442,4.50702046673694,4.24226354308851,4.30856928071746,4.29230701846468,4.55648940138477,4.7142254376606,4.45044881699873,4.42711174479104,4.96283393380561,4.34885413922462,4.43393161203841,4.49374160675539,4.35036485398327,4.63336357542325,4.43491819582759,4.86357799783147,4.57086169907729,4.46194612232136,5.08168667111515,4.48803054717618,3.94291657506024,4.23870813324797,4.17876719786547,NA,5.24866270444086,4.63369283461645,4.90712802885811,4.02196895744183,3.61579158279238,NA,4.01870641791538,3.77599072895078,3.647834084567,4.23697840874167,4.45007508408767,4.12085615269778,3.28169755157481,NA,3.66668006543938,4.11418204508255,3.44812007417672,5.68925343315033,4.10442917618372,3.41003730851706,4.57724882988879,3.53087111680886,5.00266065930228,4.34932040215285,3.32168550159931,3.55072118647954,3.31483831130041,3.53947988921465,3.37268129323333,3.86603529260113,4.58159397951115,3.96111932479401,4.20321951311245,4.68229193721538,4.29269151817502,4.3721667283927,3.90786727746435,2.74134013308577,3.18312168223279,3.16077242632618,3.43448344700193,3.19013827403175,3.33184387186039,3.3502437411348,3.3053000418635,NA,3.64446658718939,3.79205278103975,5.50059290179073,3.9569018907572,3.7984886651093,3.79496644580566,4.03774034190336,3.93113189370841,NA,4.05625153287794,4.45659671783195,NA,4.30454298308253,4.44130378616135,4.46229095261606,4.38396825298547,4.44018097286357,4.55416505540515,4.74363811793381,4.47702891438462,4.3259014724216,5.05071189633698,4.72751566283997,4.43614230917278,4.74122193477095,4.96317741768409,4.68802723021633,4.82592503228469,4.90224517763249,5.25729329783102,5.29551504878491,4.63362197442385,NA,4.25359036404788,5.12911727721883,4.80879587495884,5.82825787544103,6.51767160237305,4.92207981818539,5.69204589350501,5.79160992336031,NA,4.59651347081914,5.21317864403583,5.15847413723188,4.79794656960528,4.27299934844237,NA,5.7018162098824,5.23131462042189,NA,5.03220581165196,4.42435023001779,4.234730630152,5.0594645386902,4.41845179518034,5.02916566732934,3.66697029022572,3.44638310572038,3.96691195647476,4.24425881684892,3.74499977883331,3.70571546774725,3.64901855420184,3.66243586725292,4.09965600174083,2.97077863057446,4.74698084513189,4.07832926953188,3.3872049590933,4.51708159561761,4.93279032024812,4.5993945025551,4.50833026916407,3.87644892057242,4.45572229700617,3.61885894949185,3.67997261375234,3.393915045713,3.10756313946858,3.7793203885195,3.13280527373236,2.89292665042743,3.06367356500282,3.14762602641314,3.34175482614187,3.4865141095175,3.66653837855875,2.81762824382095,3.2678400412213,NA,3.43669405617649,3.59259791857658,3.62884194570956,3.57833240573806,3.66553104085189,3.25109876739325
NA,NA,4.45515053284392,NA,4.06077608500045,4.42695469375661,3.93134423269525,5.11364351355779,5.46063730148198,4.34134321568709,5.16971371187151,5.23578972272363,3.57801271310525,4.58208706394345,NA,4.38635596971543,5.18349776443531,4.84742641775374,4.65319421333656,4.66213263256653,4.14553465491113,4.87368216468878,5.24173084341541,4.16756028200673,4.618254833366,4.6424992361641,NA,4.24485469378117,4.21473742046832,4.55157243690774,3.96315383457588,4.24028573967793,4.22052270453955,4.32148895624095,3.93127187971408,NA,NA,3.7378732081372,4.0046295114123,4.08568472761646,3.70860692661797,3.44390638738204,3.37190255713416,3.44263196433396,3.32196237670202,3.02754180224364,4.18966151448669,3.16632992552429,NA,2.98388707792984,3.97987035126874,3.31494045672625,3.12850767772677,4.67131221754178,6.42580117660807,6.92497977532649,4.28629767330909,5.22877769611126,4.37446231976767,4.00728999038269,4.56681641199577,4.80507487614906,4.00207183053913,3.78413888244448,4.04008342854613,3.12935209561128,4.37084724836047,2.94261565403433,3.46776716990031,2.8021819974052,2.87227364188352,3.61149208656962,3.13217703131395,3.19304096485302,3.02577625591688,2.94099303956148,3.11624720891683,3.44088368046312,3.30779236341209,3.19456208303346,NA,3.1991699070569,3.2368942930142,NA,3.54583179331066,3.83263909476251,3.62486709133674,3.25147903097933,3.69937603241094,3.42680726260646,3.93556034396277,3.67770963817878,NA,3.94086927397175,3.64284621343354,3.31189636621094,4.30265722758128,4.15815963397542,4.3044114373034,4.35718227918095,4.63653700342111,3.77466399450996,3.70229835898019,4.25096976188103,NA,NA,4.6351152844937,5.32175292050455,5.22027072727585,4.8641270116417,3.72211427023834,4.88970541687995,4.78401169179997,5.35400625113285,4.11418183164162,4.89138704532569,4.56070976104385,4.20745792753577,4.75818454185751,4.8704354453932,NA,4.12057241934752,4.12370773043529,4.15839642048867,4.20770477891761,3.52105511261742,3.99029102906003,3.87987048210259,3.80570490763396,NA,4.16775706879766,4.52592786525979,4.62190992567507,3.89474137406418,3.15393575891006,5.14889055126041,4.17617138557669,3.25534503761073,NA,NA,3.31655969962767,3.02841527143529,3.33060356162034,NA,2.94075546653503,3.05410027308743,3.20832457278143,3.04284157922209,3.39857811821544,2.96285736098869,3.1727591296982,2.90381278432206,4.86568079463339,2.79650003093967,4.86766768606959,4.23094768265038,3.13536039061333,3.26575196477699,2.62020559655372,2.5395709328087,3.24801330975015,2.77318709618543,2.98961627230695,2.63517524668169,2.76317181793644,3.14488425680047,3.36594733705226,NA,2.79113087998645,3.13833762985133,2.88852410826345,NA,3.01026044609283,3.84462332641436,3.28334063842273,4.07172577637112,NA,3.65390389235532,3.43633520088203,3.7917692360589,4.07597547355696,4.16647898756032,3.5589795659951,NA,4.54590928930708,4.05451953335951,3.86355175409299,3.8782812202978,3.7224305240559,3.75879223030394,4.08831593334584,3.72543150638043,3.82682909884152,4.36915503445447,3.74314681764173,3.88711926489748,4.24249857197161,4.03582875253317,4.30571241734957,3.86337968207322,4.14785840808359,4.12761306539985,4.08451539355386,4.26526628836989,3.63931610913392,4.05819247076211,3.73425126790152,4.20186393522088,NA,4.32810421688729,4.18590704205739,4.64078141041949,4.93001054918768,5.26286677410702,4.92644518546691,4.30009123304006,4.12866340713295,4.26627524257922,5.11780362559768,5.59599105619956,NA,4.63856485389523,4.02300148971557,4.83575409113994,3.64241180208763,3.54138477553918,3.01138855477172,2.73757751165635,2.78651075052919,2.67745536825483,2.9677661502391,2.78299249189996,3.02980794128885,2.83421353006529,3.34978814335029,3.72251205237188,3.3328763447356,4.46716790583573,3.20847747811319,2.9112729959053,3.4467888753158,3.72571040665426,3.49803426134402,2.72907527314143,3.11917265166519,2.99786591352198,2.98538990760387,1.95617507497933,0,1.43348411255997,2.15775514261488,2.53953125150196,2.19620569099817,2.239044348961,2.43786056255138,2.60832222404496,3.27692393983606,2.91012950803326,3.20644326755877,3.61937567273619,3.92585754239432,4.01601353941011,3.42864094784821,3.88402290303978,3.82721091564961,3.92802598152441,3.49927333438946,NA,3.67183968542018,3.61921424593392,3.77085965639124,3.87244218101586,3.93774376618373,3.94180581060339,NA,4.60770193580902,4.81320615821904,4.69716228307741,4.65046610477291,4.73840328159942,4.36331884820038,4.05012810366305,4.02049862729735,4.08333453870609,4.38551726054469,4.35620589997158,4.77111788433692,4.29009175674603,4.04821528274224,3.95396901111648,NA,4.05450455393535,NA,4.43297948875726,4.38840164165455,4.10808262695906,4.34573754240951,4.68655932582857,4.67425439266886,4.33016734253088,4.14833382755214,3.80023412670311,3.60397705535586,3.51481552294132,3.84673231162605,3.74073713048553,3.89074712431534,3.92767224641412,3.79802198685198,4.04786517222077,3.42580749668641,3.92039472772763,3.94907566375371,3.1383004733914,3.52756977393846,3.2068492374867,3.51056865349717,3.15071516621131,3.31202746868335,NA,3.33979117040658,NA,5.01664147964049,4.14267326853156,4.90430954975057,5.22421305680736,3.2410708464053,4.08913770815514,NA,4.55663846893066,5.27485734281657,3.5386535216015,3.2791812299031,NA,NA,NA,3.22534133402678,3.98955369340225,3.37299604747644,3.31276506260377,NA,3.29337381023248,3.85088111133188,3.26000753090039,3.42910860601388,2.93788807914348,3.03076262928624,3.42174398980188,2.919979273303,3.74387570967868,4.62064858310924,3.47207959552703,3.77658623008177,4.20624896296266,NA,3.52655005200387,4.16604598243888,3.59706504635014,NA,3.34414760882963,3.9796048248406,3.87545744866307,3.99915508702265,4.26952326836439,NA,NA,4.22937474741929,4.41722411721141,4.4055457823554,4.37287991002731,4.30701817409707,4.36280147722668,4.27319927475907,4.16158424256332,4.07648380459879,4.11000057342187,4.05788950649454,4.14608414355258,4.37530006308559,4.43949248068836,4.80939433568086,4.40768324184118,4.48034063697039,4.45896051959053,4.60907323234729,4.80728532622653,4.50778135974745,4.44022405967776,5.03395263995296,4.43940017585362,4.51416328745002,4.60429050394144,4.40296894092987,4.65652896721472,4.5581132165798,4.91248453179085,4.63600756832346,4.56680677726109,5.16072995342124,4.65695258103016,3.72699752310353,4.12287970173401,3.80437607978206,NA,5.15197935964324,4.08329531271259,4.4334754412295,3.78656250354804,3.31933574640205,NA,3.32017931289459,3.33121524068225,3.24103567924517,3.78487774255776,3.7492879534136,3.58168310054172,3.18699603645905,NA,3.14570258066885,3.45146944330411,3.08588294457469,4.98125138911812,3.56533516558304,2.99383249926779,3.9900969595427,3.19519534888701,4.33029752926512,3.8114443065493,3.20243504026059,3.17346003462312,3.11110013753841,3.04120878948003,2.91206417253401,3.15753026525175,3.87816774551355,3.32823149259655,3.56535283359878,4.0778393614914,3.62425036506633,3.91265480638503,3.394249714494,2.71087139164621,2.97023445753943,2.81043939272965,3.26651137973696,3.3381857060884,3.18793947083561,3.40050312797289,3.50370921559602,NA,3.77670729950249,3.87144061606624,4.78857463122326,4.08398308970776,3.92779026522771,3.93159786419935,4.15110865863418,4.03124356417275,NA,4.16743337801202,4.53628041556653,NA,4.32835562663198,4.53263126750366,4.53029338370962,4.47728377208309,4.51612613311015,4.652069715938,4.81796633653936,4.55639703791212,4.39949726045695,5.12036495056759,4.82276377908277,4.50399963121079,4.81051926532387,4.99506709956145,4.72528510780416,4.86989529371311,4.94938170311083,5.2730726546237,5.28826829649957,4.68676321338952,NA,4.37779994837793,5.20581861033587,4.8823222111877,5.8484522891764,6.5762381421035,4.9936379118056,5.77311287054286,5.83417230535987,NA,4.62475164569001,5.25672443419572,5.19850336035782,4.82946911246856,4.3320628221902,NA,5.7734714000548,5.29710824160607,NA,5.0944793045042,4.48286359690708,4.26844504563933,5.11580424721363,4.47937464701389,4.92432124793292,3.60938118069641,3.35175470500339,3.87481586107097,4.05147596506997,3.63633628859233,3.45631850056267,3.35743123920246,3.24833527456557,3.61145606976801,3.36245095220014,4.70788242065236,4.11172511926404,3.52045967996592,4.19948204143533,4.75580381846457,4.1655893777661,4.08153473714645,3.56237149320385,3.89607704540664,3.28702501297149,3.14256295636306,3.06186357560544,2.80378587066319,3.42925216017089,2.87703269055096,2.80200766064132,2.92876467401313,3.13421424303482,3.44976323474503,3.4981390353537,3.72887371711047,3.21440846096634,3.42665504104152,NA,3.54474521505498,3.65544636086695,3.67410913021598,3.67597178702006,3.75873953606887,3.36936829534357
NA,NA,4.20157668426364,NA,3.78727298985257,4.20238789807518,3.71740047486718,4.88937971973915,5.28604956179168,4.21962841211874,5.03690374598213,5.098024913399,3.31990824679334,4.35983608703956,NA,4.23925353141397,5.03535519531083,4.61175266883212,4.72164876118939,4.69247091249496,4.14222366304005,4.69479824509024,5.12609472161612,4.03579823866632,4.6098207707325,4.50074055622312,NA,4.22240776116163,4.18802799522848,4.53387300588726,3.82676838882243,4.19157599199146,4.12892675301501,4.25118954649627,3.88213922515074,NA,NA,3.66618954584535,3.83569154552879,3.97524543509605,3.64468066710443,3.39051745788696,3.33470725218885,3.32802428174959,3.39650606066761,2.81149164153245,4.20468493904655,3.01362133916201,NA,2.76698715255728,3.93665554497575,3.36971943431591,3.13357349268699,4.86520013074391,6.54959425728464,7.04153918191858,4.28274991078601,5.38702691093667,4.45655978801342,4.31473562740167,4.82844731360088,4.81905539186659,3.9529244116306,3.5802770850619,4.06781342090285,3.11461299540418,4.20517433983343,2.74772473526467,3.38323430652239,2.58026221694972,2.66174456004374,3.2672898458647,2.7990637012147,3.06141228164785,2.86918419137481,2.7070964514084,2.7978416474214,3.26839230417881,2.99924632481975,2.9717729675533,NA,2.9467767440756,2.94168979104611,NA,3.28216715446587,3.54633286604567,3.42539500301031,3.09036173941386,3.38632485492614,3.15130985615366,3.619902005652,3.33672841162829,NA,3.80034633354198,3.39311462139204,3.13331370751126,4.00217134686738,3.89942540568423,4.00579574190748,3.98311621324998,4.4615562734719,3.61883020931851,3.53836655235005,4.10359981926525,NA,NA,4.43430375342602,5.10580352404627,5.146346038971,4.80762954806637,3.6302868332388,4.79790448187232,4.60483482564115,5.27121548044477,4.02627403733995,4.77511838871357,4.51527177496227,4.00566009478783,4.68530402679702,4.77790278857288,NA,4.07102659485466,4.08323315888464,4.12756481956157,4.17254902446519,3.47286121684027,4.03465687165476,3.8224218768023,3.66834758201747,NA,4.14694010771322,4.49279601237368,4.59041725909918,3.84164349027358,3.20624152672822,5.31091409869534,4.3297552311582,3.16102562395683,NA,NA,3.28501529273058,2.9699932624837,3.08227541297137,NA,2.83630710537146,3.08577925423512,3.15126978920617,2.92991056684347,3.3124679104637,2.95879040207083,3.14417839965722,2.8448397819737,4.92071488247957,2.74697436590762,5.00030937123937,4.15673992436588,2.9709160510301,3.03146921433954,2.37034821922384,2.41410971953836,3.06192423218132,2.40726123191541,2.5427165105455,2.53004982622691,2.54331297361002,2.88804949792931,3.28763735516402,NA,2.69782258764056,3.06960360065937,2.80580252587899,NA,2.89123068303115,3.6627523400902,3.09984015766921,3.94145294880387,NA,3.4649402270713,3.16968733889104,3.64734869120268,3.81284958173158,4.09512574524587,3.48530048389098,NA,4.47123432465017,3.75868830942021,3.59978410195645,3.43702909128068,3.37642955163151,3.5757471904305,3.77541606523722,3.39242298106796,3.47835811966992,4.06745993118297,3.56256838114507,3.70631243708529,3.91110484670086,3.87471004483967,4.02427452694952,3.7304381023611,4.02349204021605,4.03233035705487,3.9536701357124,4.11271592099589,3.57238998382356,4.01832311818078,3.56420220830516,4.05004944603507,NA,4.42250305903182,4.08958694867683,4.55642892511939,4.80012311638755,5.22892159654681,4.97997696136412,4.19526516830963,4.01552316613316,4.4805326461951,5.19937559158108,5.61276444778963,NA,4.67693095930677,4.03846842987588,4.79866706435392,3.60164851735984,3.36991202970587,2.96533083127358,2.88015369344467,2.85769442673095,2.69009386607766,2.8660197207616,2.86535490494105,2.80935943881486,2.80911716815114,3.08712057893441,3.63357046029054,3.22642896388799,4.28579782745988,3.06790981027983,2.73113193857077,3.17951580506268,3.39184295754108,3.28754266377286,2.7291969067841,2.82543267041159,2.7599161520097,2.6554910166219,2.04131597532619,1.43348411255997,0,1.60792050803636,2.00968531697837,2.24070121361469,2.29232528142751,2.377601930671,2.26079840524838,2.83737313417572,2.53626584264028,2.89591182011123,3.49938608876418,3.53608452786586,3.57237638892781,3.20831912987979,3.70038312080387,3.76075930717802,3.72916500350824,3.40747215998092,NA,3.28186416678594,3.34596616519361,3.59607501932034,3.52487697086709,3.73402348252713,3.87133466794802,NA,4.5997284786428,4.72385504288182,4.57543669928527,4.47883228087803,4.51308452373531,4.32875402332359,3.92697964904623,3.83865643754729,3.99492132119304,4.19461438653054,4.26423955598256,4.61850637606097,4.27201757427545,3.96183357501856,3.75590678791194,NA,3.90711301480884,NA,4.4608212610324,4.42183550974331,4.00099664159472,4.21649127451283,4.61691355209394,4.57583590824138,4.24973726540402,4.06206047095779,3.65036649098256,3.53863293462767,3.47788865642474,3.64625424326341,3.60705736481094,3.76421760736954,3.85644017370466,3.63552309395838,3.87203096506034,3.32901497196787,3.82487267533841,3.70583452054541,3.02356538416766,3.45266840758023,3.33387195030047,3.39427765314847,2.93476680710849,3.1625853260797,NA,3.36512385928757,NA,5.10599741866029,4.14955703038558,4.95230906102137,5.28596412089786,3.11326772419498,4.14817512797213,NA,4.37353945470666,5.27212951136305,3.4539961594696,3.35767992636617,NA,NA,NA,3.35956328823059,3.84391949726181,3.16554001341939,3.2403937045546,NA,3.09512949040122,3.69531610078092,3.07082723263683,3.19771270386731,2.81751652823233,3.02847093727505,3.47834882005463,3.0096215041801,3.89653209540355,4.48484437255769,3.54521769827594,3.83723589263851,4.19626759995354,NA,3.52566078175502,4.35554431667119,3.331560100148,NA,3.0321350459709,3.7978350634259,3.69605067233227,3.79360749467832,4.06287520584322,NA,NA,3.97086555426127,4.04009998313425,4.10716692159454,4.08398942846169,4.08767979680135,4.11530932674421,3.99512357995307,3.97354485116565,3.78564267446033,3.85637641546148,3.83910972746257,3.87438778995099,4.17183245161969,4.28538778608208,4.60431229275199,4.24142764455595,4.34793281448431,4.35543102663124,4.54020029315802,4.71193767470292,4.41219088409239,4.41293237327423,4.97868737179333,4.34404884993832,4.4403880789848,4.5266896462126,4.29666420198695,4.61954518108639,4.49794388904176,4.90516302607788,4.60005917447282,4.46191824430497,5.11580618288156,4.63948694818267,3.71661817752981,4.10144360457429,3.84668571038442,NA,5.08774859833549,4.19448367774065,4.50652286624413,3.73866060887627,3.21161432675884,NA,3.3752785167825,3.33587983582536,3.24203541325557,3.74740603445524,3.78340142252347,3.60112851656475,3.04153053103708,NA,3.22134779758071,3.56508045033761,3.09044597503005,5.13107127954638,3.52054101717796,2.93607272795879,3.9706770836472,3.15630775484186,4.33575906169315,3.86476612202656,3.12791013668484,3.23977520995472,3.05227197621246,2.98480224546974,2.84354329654252,3.07054544846911,4.02093372169266,3.42272255741286,3.7021848714183,4.27009334311524,3.90724404774545,3.95003566352155,3.49554485451717,2.58931954039044,2.8884587121264,2.73131660948299,3.09383573951407,3.09595708094597,3.03475544071994,3.18583817585415,3.30263844453977,NA,3.52349646114748,3.65645754391333,4.99774183651468,3.79231337090545,3.6932466807554,3.65573834528936,3.88962492984634,3.74586098024288,NA,3.93391332831738,4.29040769205373,NA,4.07714922345789,4.23083558519564,4.26644170402557,4.23964953155331,4.26354121970226,4.42308694167533,4.61686683851931,4.35194250123541,4.19393888036924,4.97797180454819,4.63109066739646,4.35491004397277,4.68463334472415,4.84646278440889,4.65166389130129,4.80668388270534,4.87723653114182,5.21139381678773,5.23024892103239,4.5649589119191,NA,4.26875850640833,5.12390388922213,4.82734443462304,5.80266534287211,6.51398178807268,4.9016135731047,5.68725261705941,5.74756177259616,NA,4.57488076598633,5.16989426589225,5.10981648299853,4.74422882950772,4.20700530522804,NA,5.66508081238751,5.18339815380139,NA,4.94625824285297,4.34583577809865,4.15690520874086,5.0333719049258,4.35282512161968,4.8669251050438,3.48261064137005,3.33410480788104,3.85802620449764,4.05973877719964,3.58045277248979,3.42878215996203,3.24744814203014,3.19992209402575,3.67033592478884,3.08071728306117,4.71249799725076,3.90474648187228,3.3046862748933,4.28186925299694,4.82956893221507,4.18130544225292,4.13610581611609,3.580348130459,3.93542086569669,3.28183420427065,3.13171399306062,2.82892072591953,2.67711269244154,3.45402022300077,2.80211213055553,2.61220237355532,2.71798807238065,2.93626339357848,3.17801894874952,3.29697143287504,3.50679847133645,2.91218791520292,3.15548623095417,NA,3.31281282273733,3.41039116699848,3.41030897580923,3.3954660389986,3.45735150515367,3.15040161866514
NA,NA,4.24622027394347,NA,3.6248056471612,4.23678473673197,3.73643734361929,4.95261118698678,5.34986102819497,4.35032618396546,5.21422854574089,5.29399157126008,3.21137879441551,4.39738749506744,NA,4.24258951769576,5.20471448209898,4.74313734606184,4.76603081902852,4.77577937220425,4.17445055825148,4.8303328996136,5.16557949786904,3.98736394338948,4.61873517509136,4.48994007579475,NA,4.15394068134162,4.12413848162559,4.4605242995031,3.83205113517757,4.19661909775469,4.06092716240887,4.19281931936102,3.81162563291259,NA,NA,3.69289674521187,3.85670411175112,4.04253002545474,3.64530895379124,3.38523519878695,3.31807250443729,3.3918397529218,3.45625469703756,2.88962043525982,4.25666533963121,2.91916789171231,NA,2.77736470844416,4.0967143129687,3.45743369986853,3.10625678256819,5.00886823433508,6.66810762093064,7.15060902061487,4.3696288616091,5.54384813320397,4.59673919802438,4.41775713549589,5.01122858167019,5.10847721993318,4.26348338482197,3.71005301772551,4.22740708103975,3.34248617059069,4.28673913103962,2.85412498693674,3.55201751965601,2.5439993010591,2.84732874169008,3.14807708197279,2.87682677050584,3.09952197798121,2.94314600080167,2.86730522644821,2.79084940932991,3.39761163590325,3.07102052938963,2.96057626238593,NA,2.93790028517249,2.96189417759576,NA,3.29361973991381,3.41629012751923,3.44010904778006,3.10904250214814,3.41473608395759,3.21963031188382,3.69082064820094,3.31881238879583,NA,3.86433829950689,3.38031256112257,3.1408921668814,3.96506049738285,3.80777098875368,4.03505688950538,3.94542422451836,4.61281778279278,3.44429631332608,3.48678560166549,4.16347721481258,NA,NA,4.35164626589006,5.16666184102614,5.23272478074599,4.91320173579989,3.67426740489535,4.81611639433768,4.62845674540157,5.37956335606953,4.04288616376216,4.71025830556095,4.51417079931917,3.95722707136667,4.63759793431945,4.77565508926109,NA,4.0279203231118,4.19063085265786,4.03432226874513,4.17164861939351,3.49222007613553,4.13809333426803,3.95135316940922,3.80463789098082,NA,4.25361652972118,4.46863726242203,4.68317981104269,3.94459768218387,3.30415916169441,5.38945129182154,4.42254857824375,3.11731787334487,NA,NA,3.20050363394667,2.86661632127068,2.57285955878718,NA,2.64884216692479,2.87366195452457,2.96871116016847,2.71889610969186,3.20240075704597,2.9666144825391,3.1034253943905,2.81798968301583,4.9314965686475,2.85103539038608,5.14009271519205,4.33850757715529,3.04240376074371,3.03325525137672,2.56164803725183,2.40683659420768,2.75201575299099,2.36039419033572,2.40900920378858,2.48198108045014,2.43412680688391,2.76265892533123,3.2434820077037,NA,2.71333608616877,2.99462338548152,2.89696505224021,NA,2.99408888493806,3.47335822191208,2.98630556095994,3.81564005454764,NA,3.39647765668549,3.18746481208913,3.67407831056737,3.69253812495759,3.95935810259385,3.50477847360874,NA,4.49983137150359,3.7653067377203,3.2363397707564,3.3642323488049,3.40038035833365,3.71243431023572,3.73578470108784,3.29797936956446,3.3297371430916,3.95303803593535,3.72084847839697,3.7088485638008,3.90200935133295,3.88721799285099,4.03715347367625,3.68147908520584,4.04318554890924,4.04231132798899,4.05762403366229,4.20092029385826,3.67368241586113,4.04188106662199,3.63521201681842,4.02496237402523,NA,4.63057127418996,4.09342812747277,4.53628028774596,4.75881603823808,5.26364816959598,4.99608881977195,4.13971710116848,3.95695885295921,4.41270657692295,5.16910385146205,5.62834850546795,NA,4.55934876487943,3.95520622566826,4.75701026152248,3.61064027150453,3.33984263770588,2.90304040280401,2.95785546328856,2.98298843852147,2.81979195592416,2.86865987320023,2.99626725111105,2.94504872711069,3.05545586774199,3.15847054136854,3.87469517072675,3.36769753515851,4.4654158402627,3.21739233370774,3.03321300273747,3.33250214383856,3.15650621164879,3.2621620112325,2.88270801999665,2.53136438313294,2.7589866110643,2.54754158223798,2.25548838037832,2.15775514261488,1.60792050803636,0,1.97090193500411,2.5780989426464,2.56200914341025,2.36167030270108,2.38652199940054,2.81740525472439,2.58348846791491,3.04391769198056,3.70566086403499,3.55751947999664,3.48024169710259,3.22490561543877,3.70663998721371,3.94379850416909,3.79796702737674,3.59128934612872,NA,3.34348303774747,3.39531210471929,3.69066800538409,3.69992338004645,3.8242834579802,3.95768186219576,NA,4.60616958380843,4.70625148464706,4.55582366867496,4.41800302427073,4.55512106392155,4.43658841408617,4.02412531721087,3.83570447210339,4.00528494452421,4.23030948619468,4.21037997421311,4.50292134844342,4.28313236738347,4.04879935904688,3.65812893268956,NA,3.84045729611961,NA,4.39345957821215,4.44498514915032,3.82363814742193,4.0562293200351,4.54132296032347,4.52453799479228,4.12244383527184,3.9792322229004,3.52311135494877,3.45971619722692,3.46633461809959,3.65442392731759,3.68918291204516,3.80473449209034,3.80417855733865,3.58443327976254,3.85044971678276,3.26199260582102,3.75341368946534,3.60714437602603,2.96955429008593,3.41262659964142,3.33871582519832,3.3191374217665,2.94728176797981,3.18644871626766,NA,3.36100860572412,NA,5.25628358627049,4.20758228772454,5.02398970612658,5.23364556728627,3.14630824345793,4.14442786243097,NA,4.39083621580597,5.33094189833195,3.57548813666396,3.45322760892846,NA,NA,NA,3.24365796121308,3.73454054868865,2.98650882492418,3.16967264647712,NA,3.0761971108221,3.70830053938705,2.9803671298632,3.11880267411698,2.73039286904223,3.11198194012355,3.37861414075582,3.02952349611053,4.04008916891248,4.60390446567834,3.71403818754967,3.7785045627592,4.04592197582941,NA,3.44018228606848,4.38589571447748,3.25907611592967,NA,2.86671156712046,3.65660078454908,3.42407667502157,3.65797657164416,3.84290492960755,NA,NA,3.91414975443959,4.0440707891023,4.0288880491238,3.95430075445214,3.94448708381765,3.89270406862314,3.81586994246938,3.7849285053715,3.5257657030547,3.54947474572745,3.63045128833117,3.60178374532455,4.03271175440621,4.22487331484031,4.44726515671007,4.16113047069299,4.2802572823919,4.30689580670652,4.45327422209948,4.60774491398578,4.35764702486415,4.36600148157097,4.94518376244418,4.20170782208776,4.40536282217859,4.48227095827998,4.23112517748388,4.50927884959308,4.40452345570211,4.80536272954996,4.50998766706105,4.31169054170426,5.11757132964638,4.48267150271706,3.56098344183399,3.88983361175295,3.74181373514162,NA,5.01705339973181,4.1448555571813,4.59794234444718,3.73958368367193,3.21371832311653,NA,3.43466573267141,3.28743583363953,3.22338933585653,3.80945934514322,3.75876131489298,3.64613330509711,3.01611154983153,NA,3.39667640406972,3.64151228167932,3.12095276718417,5.12496436340628,3.65638185858103,3.01328766413772,4.01638702989293,3.1498149254746,4.4566944926818,3.97279289585923,3.08880283871578,3.3262567567995,3.23100213071501,3.18494767095672,2.9557112932252,3.29954591244181,4.05256332146852,3.42174665213919,3.79261557930033,4.32602886885995,4.0055312827096,3.83114137815651,3.3882006213817,2.49589482549563,2.85502668820532,2.83060594130583,3.11765913852517,2.95089254233557,3.03650300314269,3.10137555160329,3.1735540187823,NA,3.44268385167679,3.58350306529129,5.06591473016926,3.68592942463485,3.59019872414488,3.58419233253247,3.87555479641727,3.6746680639946,NA,3.81441927727518,4.15130862532597,NA,3.9581515731636,4.08355654781624,4.15953690387844,4.23328741316346,4.20962416886336,4.37047486058653,4.55285062775588,4.31647433039307,4.14945408850441,4.93942569167855,4.54149777500252,4.29588133416865,4.58841139736361,4.78886028503884,4.57628028387817,4.77892861721644,4.85875074951598,5.20378580560973,5.24812525378391,4.50100902171101,NA,4.14091963150478,5.05685958838649,4.81055122068874,5.8154830475598,6.47570191997462,4.9088433409425,5.66752513652324,5.69030058410596,NA,4.54107854235485,5.14447203058479,5.13499348176306,4.78325509436312,4.1904372315181,NA,5.65486668594026,5.17068733449113,NA,4.95746251761924,4.34500888621638,4.19669901113313,5.12282240584305,4.41633986340554,4.94213899569997,3.63411502629862,3.43564798366711,3.99497094867813,4.14074674228948,3.66255185938256,3.53155204568158,3.37580865619672,3.31969751356549,3.75089267651439,2.90073025216312,4.67208701427236,3.9212895464968,3.26956457666404,4.34593690984812,4.85295642298439,4.26465966206057,4.03073790682261,3.43469965938325,3.92986076011896,3.27275693942572,3.19336512061311,2.84490879974667,2.61531748796641,3.43942391066191,2.72450639352262,2.48570330153546,2.70381542705083,2.90815763587351,3.14832881704815,3.32095750050368,3.55617629580893,2.81224191314488,3.07031145761423,NA,3.21690922680959,3.31975127488703,3.24184351929692,3.21898848835522,3.42827643702034,3.091823554498
NA,NA,3.87351937673405,NA,3.21976702002921,3.84954624765737,3.3488232245463,4.6110159017673,4.98656806006204,3.71529320978022,4.75102321188302,4.85849128185442,2.80543086143479,3.91407396823412,NA,3.67248216836949,4.70477213557118,4.10997448561568,4.09410677600497,4.24983587838525,3.67611011784566,4.20387083059004,4.77940320517438,3.46818989085349,4.10947031270518,4.05179757021678,NA,3.81176321670776,3.67712418002432,4.14206588902772,3.2474408150482,3.58771190708691,3.55438010576598,3.78458929016545,3.41568590464431,NA,NA,3.32585527394414,3.52481355080081,3.64531971906985,3.38608749323308,3.06670623101681,3.20178685891469,3.07048713965393,3.5368666630497,3.01271900611037,4.29032519325178,3.08200436873104,NA,3.04116917891468,4.45374671927099,3.58259841490428,3.33909743863613,5.27721723601333,7.04373470061013,7.52718498234948,4.79824606714647,5.93608984590775,4.95520282281892,4.94786960320463,5.63251104582979,5.60771033214471,4.72063025450711,4.1753018278585,4.62215600222099,3.80291093262241,4.75915294414164,3.03680940806001,3.89330062535007,2.85909569620582,2.72955182899909,3.06153853949831,2.22519259774173,2.321133256824,2.31221882881349,2.42375830736984,2.58183611998884,2.86936124571624,2.7388527575174,2.43054838657682,NA,2.39800387454287,2.66253313065032,NA,2.82148107901414,3.22014214550788,2.96747495307916,2.54807979549744,3.18463204565211,2.69419354682658,3.23317728469986,2.92202576350346,NA,3.39726297468917,2.91221267530689,2.62351493190067,3.55093080719491,3.42681864456043,3.56490989558685,3.42565244713023,4.21414337296747,3.19107036348104,2.93671619306924,3.56451079320773,NA,NA,3.71400164304232,4.585848896485,4.67067205612242,4.26638613017885,3.14397320753772,4.18919395831223,4.0586161340427,4.99743615462902,3.37336495376438,4.26836938832877,3.88143249763508,3.3354984000059,4.20730593092551,4.30465048229667,NA,3.13994824393372,3.63942525301532,3.56976552820284,3.50676654098588,2.8826728913668,3.59516160162024,3.41256484040135,3.35692628145576,NA,3.98320257826265,4.2123169315019,4.18280449732958,3.62684346871451,3.22410528699714,5.58558690007949,4.53274004351017,2.79441139396374,NA,NA,2.80341064100198,2.876850228223,2.88544932623883,NA,3.32568493972435,3.3528371355688,3.31103553336036,2.91816084905177,3.46650382967032,3.3631437459255,3.3314888046869,2.71478978940638,4.95307392993529,3.41415964278488,5.66198548348793,4.73369859183832,3.32888440141841,3.45040456604913,2.56964193073045,2.44684521301606,2.69463279374023,2.3310724533904,2.64637417921543,2.19858006818392,2.25707797871765,2.32748212540205,2.67368730603433,NA,2.72177574364856,2.75465824836047,2.58357836545657,NA,2.29394417589669,2.78219715946912,2.59778746868972,3.20482946048969,NA,2.70659901023903,2.81423477181598,3.05784031986645,3.07812754810421,3.20426189610402,2.96338153928253,NA,3.85001414751798,2.97112172232643,3.00460143048601,2.79208846210639,2.74659671588634,3.12935274636105,3.16380045697064,2.66512320007545,2.85660276763564,3.25795060509081,3.02954358505492,2.90796251246772,3.13233245815816,3.07606180782025,3.01520043860253,2.94382138544203,3.33719008563032,3.22453312962913,3.23176048612382,3.58860679746009,3.23931222513614,3.36129058809534,2.83300837267419,3.21956722318734,NA,3.89557781171758,3.58726988902029,4.26014276356814,4.51493232352659,5.2618195104912,5.01910934216606,4.07817662577236,3.7229735478898,4.50526600140248,5.30306744412199,5.57312303100974,NA,4.42487821114837,3.51762044935264,4.39752335937538,3.21127552770344,3.13009633877603,2.76813862434109,3.1109115825379,2.96221798376297,2.49677125994159,2.67143258327918,2.95986685190322,2.95576229043511,3.2072492577192,2.4783992777096,2.83916215646234,2.78511172896108,3.76778855341879,2.22055622978546,2.7614263069047,2.74110354349295,3.11879683094196,3.64704556877857,3.32935673435666,2.08637733039775,1.90520661354747,1.97253964127971,2.42035626526303,2.53953125150196,2.00968531697837,1.97090193500411,0,2.30480958757463,2.13801467584075,1.90155167518373,2.27467353326431,2.84493637918777,2.26560351470389,2.79199488296748,3.5002131754015,2.74772116166291,2.80615409682092,2.97119304413616,3.11893477801785,3.3361515861707,2.95873728136083,2.98574769607005,NA,2.69415846831084,2.81829963543177,2.95837615277117,2.86125487457146,3.07828699663654,3.44795542399558,NA,3.93684689242884,4.16493215803203,3.98726464271008,3.74755550173559,3.74387404967643,3.49141632588636,3.19181521352335,3.01962352473941,3.21573372370949,3.42600082852606,3.33642001636903,3.47538818884082,3.51636304970081,3.46467746451779,2.86394508271274,NA,3.09984560224069,NA,3.80421458163748,3.91275488575246,3.48522350060563,3.7078572908946,3.7965272670411,4.03549645762892,3.7202780631221,3.53894992884639,2.99274343125942,2.8995929709741,2.89764421126674,2.88374255864877,2.97349749286325,3.31733236521513,3.72717065053214,3.06610969142481,3.37169999346687,2.82210679983069,3.4049372113799,3.21289603110127,3.05059248142733,3.48852452978875,3.34707221556361,3.06779975865291,2.68461993552855,2.79289256133718,NA,3.25293432811623,NA,5.5815395873124,4.39561097598774,5.45483725748233,5.6823601600267,2.99190805601927,4.54165742740639,NA,4.12865466254269,5.04953771156331,3.58250487223854,3.29878494164864,NA,NA,NA,3.51412615437739,3.53146874575183,2.88218580629039,2.83653634376683,NA,2.65778581506269,3.68446844497915,2.64667405922739,2.84355058420654,2.60500197803134,3.0558464217598,3.40011821084377,3.17712460567887,4.14166687685758,4.52650055438784,3.6981220307066,3.63653056042912,3.90628441862025,NA,3.0814183147466,4.04097543882163,2.96961305544546,NA,2.62392525534953,3.27341954157279,3.12094481274427,3.19916010221002,3.3006273338169,NA,NA,3.28682402038214,3.47881963668713,3.32894888485115,3.33980678673242,3.38791210065235,3.61926486212642,3.30216809091998,3.2323834751984,2.93416269977938,3.13495578273843,3.11791713293968,3.17187825888029,3.6494462066426,3.77725278846127,3.78286625727603,3.75408408867146,3.7919175126772,3.85539474536973,4.09410549469619,4.24316067905125,4.00744183093105,4.00656428644975,4.64716670507444,3.9443226733538,4.0026955629488,4.18514091732374,4.00849347741326,4.3308770543737,4.12036462295969,4.61326095434045,4.13766002951515,4.0467411970934,4.88074876599081,4.26936089843818,3.39594627607773,3.71902430334071,3.78306540827263,NA,4.9210061519364,4.28116624962671,4.64330502951344,3.70027568772933,3.21109971998567,NA,3.60593011253502,3.20446403348161,3.24068400133861,4.03347756544477,4.07816901225742,3.85633052623462,2.86443636282775,NA,3.75868315719074,3.99378886887111,3.72558743228076,5.55814694348357,3.61146707189602,3.59950328361835,4.53263832750472,3.67261261169472,4.95239485972484,4.48573443939711,3.01637989226147,3.8735802960566,3.58455510918934,3.4291132435639,3.28538127550387,3.55736040375353,4.48358263489978,3.97025911566087,4.1384346846974,4.5727787449328,4.23334716708615,4.01498075299166,3.64212724447997,2.6343344229121,2.8631208796352,2.89693172563335,2.84099034207381,2.71803933624208,2.83432369397702,2.76774466126944,2.94626106257211,NA,3.03376336182335,3.20143702623816,5.23577893550842,3.13047956902213,3.16593275932967,3.0982827673926,3.38150889190351,3.08417083002723,NA,3.35272743957948,3.68670742597727,NA,3.47998904573956,3.55536009622618,3.58532644080908,3.74212978666624,3.65905773394548,3.76371484266035,4.02889093475208,3.79564006755664,3.67576351435205,4.56239773400639,4.1747203103958,3.93419203716133,4.32468015435309,4.47695596465395,4.30474847913819,4.50555766934362,4.61609704125674,4.98480451123092,4.92362008993109,4.18300836251391,NA,3.5554395524804,4.73133412949495,4.50913894087743,5.62269710302861,6.30508868896422,4.72289306834393,5.48630844383134,5.48874824412567,NA,4.31289391166316,4.92324112073802,4.8848686020247,4.56161244044368,3.97218830898083,NA,5.45797951769437,5.00714793061574,NA,4.68167333860741,4.15917183459847,4.05851927886015,4.89220916644647,4.11069860246065,4.89137974920318,3.70179513819599,3.44773333346345,4.01933752356651,4.29170599359604,3.7966001254147,3.78829713879312,3.68700121330041,3.50826415220008,3.83393733282051,2.6976975494884,4.57155550898581,3.69920149676876,3.3426696499982,4.42544311809071,4.8159855852803,4.55374403733201,4.36654519351817,3.70940928668135,4.12501336058316,3.31698023749966,3.55783686623052,3.16887883944758,2.69344249879952,3.54209585451329,2.87924491676839,2.60006955453067,2.86319092895594,2.76299828553581,2.73838118771478,2.98740805378448,3.25788874918865,2.50602852691897,2.75655648049451,NA,2.8502675945038,2.87925841986021,2.8266779540169,2.86808729122649,3.10258784711176,2.80067239893882
NA,NA,4.38123985993836,NA,3.74775113919928,4.36769134797363,3.85757225065897,5.05341560747609,5.49267900136007,4.13687041532587,5.05695000717121,5.15764777795378,3.34564206815611,4.34357605592266,NA,4.23991186248844,5.13446202819613,4.77100915194842,4.57863878982504,4.60084359254281,3.97670668832433,4.72169674757497,5.05654933337863,4.03198430951101,4.57552254549612,4.59210094860651,NA,4.30049133385928,4.25417611338913,4.55254444491409,3.81621710381483,4.1661170301024,4.1562737398771,4.29742747495471,3.9323383641234,NA,NA,3.82090292907179,4.08069119875069,4.10066363332446,3.75064484914582,3.49595332011801,3.57086617223521,3.37235242807483,3.62067382968978,3.1509391298264,4.25637717320576,3.37491998887124,NA,3.3508683408513,4.45562148487355,3.68073389416762,3.6623952989943,5.18309620450562,6.86347580875338,7.43105262225254,4.63813784449473,5.59811580774384,4.85945984935081,4.61013037201251,5.29011087370427,5.53569170494607,4.70176139636993,4.22966477159153,4.621466210291,3.66749005457709,4.74811174969946,3.2229339517589,3.85881889010504,3.26705586777761,3.11035138038309,3.62430743018456,2.93377057221363,2.61861719754353,2.70056876208488,2.9427940341204,3.14250255945591,3.25478834482232,3.15493951943574,2.94247560861074,NA,3.01487394856026,3.06235592499763,NA,3.43782685847492,3.86322193717748,3.55135789995506,3.04931097305249,3.72761203106949,3.31910678459661,3.85668069674056,3.62168832582902,NA,3.96342004964193,3.54688983158167,3.10717222618438,4.12182999178388,3.93058297620868,4.14051311978631,4.18351119090903,4.66494661528635,3.69551476475938,3.3972403669066,4.06838781174417,NA,NA,4.39127069876006,5.20452932163012,5.13013212655164,4.71219050363148,3.52976519020701,4.67202561047765,4.61391733508067,5.36891119764035,3.8600059840509,4.8224757591131,4.41288470640721,4.02578619001815,4.62579544915576,4.61960367891885,NA,3.60855763070466,3.96305272205661,4.04808728125711,3.7665762699212,3.22634702437443,3.65984586975634,3.71245037281626,3.61835491663871,NA,4.28695722251833,4.46043660910426,4.46882053366821,3.80829962036653,3.327541609636,5.51171399220955,4.41342629915261,3.18343376361346,NA,NA,3.33429403163256,3.17034011010407,3.53547014130031,NA,3.47136757066143,3.41931777200869,3.23514584003288,3.21072720539516,3.8292735469054,3.38333511502639,3.36053420770933,3.06604111350786,5.09452791469355,3.2970506889382,5.38771731814451,4.51897986108935,3.29248664687046,3.44558422207738,2.68823742736199,2.72409675010404,2.56199425884868,2.7905979760129,2.87943265744202,2.55741515691808,2.63838418823377,2.90862603390338,3.07091040779915,NA,2.89489157234695,3.15971627743876,2.59937771131259,NA,2.51556875687002,3.46721506575456,3.00601928532054,3.76742802231651,NA,3.2030639031381,3.22325105706596,3.61596709424092,3.74965829570352,3.58073031233044,3.59297005727335,NA,4.46340509757328,3.59896747136627,3.69876887934017,3.6398489770342,3.49660156004061,3.64354089292134,3.75079199057902,3.37295384915323,3.64189901646599,4.02943995017622,3.58557822562229,3.41797953960792,3.80502627295884,3.72477439247832,3.87938739860824,3.48772351751884,3.83990294384939,3.8084484954942,3.70982527347496,3.88538021497839,3.57424334408375,3.83165436911938,3.29993510227007,4.03449699467488,NA,4.22274835032447,3.86381728462078,4.50495332595477,4.84912215495496,5.47622846247466,5.15899202279906,4.41353793073208,4.18208416954527,4.37813214838595,5.45626524467088,5.7973352565311,NA,4.59392102068238,3.92261346450131,4.80566827075214,3.50010242806673,3.51457728829188,2.92445727526587,3.11856325604808,3.11574470739562,2.61812894842506,2.93173433783637,2.69420574791798,3.1753410091194,3.22632571977884,3.26766004589653,3.41592059390393,3.11274089253712,4.07103818308495,3.11971492691191,2.74275138091861,3.24024578291075,3.8507459163434,3.75410543374383,3.3007381298428,3.05144157661643,2.77747925731697,2.63633990123049,1.85056391484367,2.19620569099817,2.24070121361469,2.5780989426464,2.30480958757463,0,1.83742442916717,2.18076463513053,2.51467776241075,3.24254363180326,2.65020228924608,2.99267536457311,3.58565542833233,3.43321992854149,3.47603562323526,3.3406486934539,3.73747390543018,3.56047598969848,3.69177381817335,3.07032930245882,NA,3.34300175313048,3.25370703187203,3.31022494057488,3.50405113138002,3.61104520390557,3.7531250653705,NA,4.36064997872821,4.55655885507896,4.3262655342305,4.4188824424463,4.45393804036762,4.00648896107675,3.70825138909311,3.71707154992936,3.71258667900088,4.07375378991994,4.01456996860326,4.44746174616191,4.07030054718736,3.94932039741325,3.70272492103292,NA,3.75747665954431,NA,4.31776844014884,4.30189661331741,4.07716640159338,4.26693665642093,4.30374605105385,4.582926841438,4.26893703077314,3.95018075897626,3.62166383297742,3.37222442120081,3.44383408843928,3.52285869446313,3.45235419821914,3.63830358742422,4.02168557771307,3.55390465700079,3.89552271171078,3.31181411777738,3.57023056618221,3.85545516391647,3.4698481896356,3.86184152859034,3.53726563906258,3.57255726791161,3.26907321403352,3.07607018252151,NA,3.70603721857997,NA,5.51150926524964,4.4083477847531,5.53328407727467,5.60539480580448,3.44622211248283,4.48837674315199,NA,4.71650125769907,5.37548558737793,3.77817898067323,3.45314906990897,NA,NA,NA,3.78913361271423,3.99954946397603,3.59413977011189,3.29620322304075,NA,3.27658363596328,4.01017388368299,3.2388700250338,3.40755275398371,3.04572486045964,3.21780906293594,3.60066220317996,3.35878577858097,4.2817643156428,4.63356279274293,3.47567594741921,3.95720605656739,4.40509631098857,NA,3.49906676165623,4.15137642929237,3.65318979998266,NA,3.38977065974223,4.03251370397999,3.79819054588231,3.93455035355729,4.10025595011069,NA,NA,4.08667553312746,4.29886384880338,4.16174130539103,4.14414132640073,4.16079550974348,4.26178373970838,4.06801778915818,3.93329969638505,3.87587193259722,3.93473129000911,3.88051559035644,4.02676587565498,4.3062535590068,4.1983225632736,4.49630532802529,4.24265538576643,4.30010938269252,4.34374064758694,4.55186302584119,4.74963856659095,4.4429928796377,4.41582022613729,5.12099444303876,4.44071640354446,4.50052049533183,4.6016307082662,4.36334537954368,4.69977125523,4.52228083718221,4.93246608337591,4.59545993013529,4.51416413048055,5.19402262589306,4.62054867134513,3.94328173160827,4.26029365212054,4.11879068025686,NA,5.33480288759484,4.48444491090414,4.66574764228414,4.04929926877276,3.67111185645715,NA,3.90501180228867,3.68020263257616,3.58697102849266,4.30056234763883,4.339989222672,4.16026740470762,3.38712059077555,NA,3.81813452583157,4.07394368486509,3.80425202803496,5.57778144157775,4.00319466936091,3.69821459599509,4.60703735703186,3.85533410482853,5.0351068053315,4.52620170495252,3.43034632729001,3.7911680574025,3.7399420146813,3.69970113143417,3.58922189474055,3.93438972638006,4.54737302275973,4.01524310428057,4.23912443404867,4.64505237533694,4.22302709764041,4.22574484052515,3.82568002112161,2.9664418736838,3.26790995931781,3.02229978558551,3.47153695706526,3.45013425674104,3.3736761876112,3.47273003543339,3.56209334590109,NA,3.76542579158248,3.88015377346298,5.35745715686302,4.01284510969322,3.90076017603558,3.87600414764513,4.10816440403404,3.95910650822189,NA,4.09990747886062,4.42730444923341,NA,4.28842351546301,4.43002627965405,4.4605060052525,4.44392452277614,4.42497867146719,4.51070844298953,4.74229683346918,4.4949335237606,4.37475647871183,5.12720185016611,4.7843858245429,4.50913334299602,4.82800545085141,5.03543672078672,4.77849921110608,4.94319598780551,5.03501822412737,5.39223356486699,5.3805867168451,4.70963642721805,NA,4.24069503314715,5.20606436493483,4.94535778309156,5.98457431753545,6.64648114942987,5.11482002611313,5.85138073579419,5.95350614969936,NA,4.76491808791924,5.39468440275346,5.35311381747131,4.98914459702829,4.49846975803184,NA,5.87719669338804,5.43585460721485,NA,5.17223654831326,4.57007145602241,4.40592701215105,5.18696829193518,4.56808010773909,5.20857012014003,3.8117223688818,3.66873142278991,4.20841983759539,4.46536542410985,4.05069526083361,3.8769926300258,3.89038985608709,3.80058359275106,4.10334095573813,3.50700636952001,4.8858279913772,4.30481625849397,3.8629228015889,4.58920804487788,5.04599012344338,4.70945107588939,4.55331747430648,3.974206997852,4.36338029741228,3.63391719792808,3.66698572348546,3.56425496201726,3.13976001690379,3.81610770040005,3.25000954209274,3.1061345435431,3.35762114513945,3.34997830023743,3.577117739226,3.61002502644163,3.857159566709,3.26209439811905,3.47357668661601,NA,3.5773110213598,3.64164043568581,3.65859578174413,3.66525425197237,3.87619857001854,3.56090172516637
NA,NA,4.28577536640676,NA,3.77670331815257,4.24951960702232,3.81244551780038,4.88223009373963,5.27979741465914,3.88372002024079,4.86823154117212,5.02421304061589,3.43152595626479,4.28073628331263,NA,4.04091308589469,4.70466817236874,4.50194387925659,4.27405742513887,4.37113708745099,3.66646429724447,4.40900144825532,4.87173203945402,3.70097308919015,4.08446547513255,4.26855172767471,NA,4.0456643323219,3.89820224938764,4.30833238773111,3.40632538779386,3.70631850037545,3.76870912404637,3.99195621802379,3.63753562048524,NA,NA,3.48908070965724,3.68856453218061,3.70889634247905,3.34743044215849,3.13074028805088,3.14829120513576,2.95743778303399,3.25244370451145,3.00552368656409,4.14207314752727,3.28004611965932,NA,3.33493891535224,4.29660541126236,3.40911306377513,3.26699487521864,4.94950715645203,6.55729022812841,7.14905327162492,4.53249482052295,5.49688338561666,4.6723435045865,4.51499645345681,5.17986080947551,5.2067927340762,4.35168128337756,4.18327010313871,4.36959167935781,3.59353459300305,4.58596337190035,2.90681184649966,3.58221257875769,3.00755654084774,2.88029544314276,3.6895697908424,2.7960922968906,2.54230292378516,2.60011489016399,2.91442970831611,3.07281704442008,3.17367487759221,2.98169528634964,2.89707645676102,NA,2.92923318257691,3.17189643904977,NA,3.51074796299382,3.93670367703588,3.54050792643033,2.83600214012524,3.73023021746464,3.16295986139724,3.69990085418059,3.54493401865565,NA,3.77110050378942,3.54233411181531,2.86691363106727,4.26239265772173,4.15768551511044,4.04835279333694,4.03811726657759,4.4953710635973,3.68562972680897,3.11681474951892,3.75940390288975,NA,NA,4.03023029078824,4.79766367598303,4.70880621719886,4.34347208906361,3.15718304580496,4.19141620805082,4.08516257913152,5.11250803371961,3.53389110909485,4.37364261201418,3.9900597219739,3.54956206303849,4.22625385951431,4.25021541519983,NA,3.35903178838758,3.5797681531359,3.77276818677864,3.61911629289549,3.00853426372587,3.49964193827106,3.44070011286195,3.40397010456574,NA,3.86579822410232,4.14001759299021,4.23265423348276,3.48063259978903,3.00359716421003,5.09520371878471,4.01417825587685,3.06769218714473,NA,NA,3.01838555936622,2.85733351041124,3.39933696126637,NA,3.23022167282239,3.29743794592073,3.30778013596476,3.02747080496454,3.49456867356305,3.16308674787497,3.19681858139949,2.74939283358393,4.76689385066344,3.23904061531689,5.18188508092993,4.340605592264,3.25426383220793,3.4383912538138,2.63043034808922,2.54541233112208,2.87265218096578,2.87633055633989,2.97888539917305,2.3642596611821,2.57393815052736,2.65943570915493,2.72513397305769,NA,3.06148001364408,3.16712811703516,2.56867852852396,NA,2.41707136980136,3.18179142158824,2.84587928833595,3.58351739185615,NA,3.22737392735914,3.18704459899028,3.40920979167559,3.39544562235077,3.55272206536522,3.48533861188225,NA,4.11971864561346,3.52395863443054,3.74733966632513,3.582606016234,3.33954020677548,3.52346668815142,3.61983302209549,3.40267472366713,3.64077252997354,3.96091339816128,3.55290742119745,3.3751824883405,3.79536267566607,3.79427303121189,3.77691591584062,3.34539774016712,3.78302207099065,3.56932109787945,3.70804458813526,3.79782810000119,3.34151785794092,3.79848766228411,3.07848829097359,3.58932090184276,NA,4.16046163422669,3.78140399180686,4.2289598946546,4.51185673323925,5.27366463752416,4.94123321750864,4.3086045537879,4.06428283293782,4.12541986688709,5.13421448776369,5.63487808633455,NA,4.3023164877134,3.60623137140714,4.62483462744624,3.2235013025756,3.13628473415445,2.73367981581023,2.88380642788521,2.73240569410341,2.42034801495777,2.65142281685148,2.49498304620005,3.01105511205747,3.11708524454744,2.86671640925823,3.14829984288015,3.01349764839726,3.76504731311702,2.92057035214252,2.91985599857529,3.00761360644536,3.90385744120345,3.9561113440431,3.54597309280561,2.56151053195108,2.4789513827346,2.59982582222393,2.3536831428835,2.239044348961,2.29232528142751,2.56200914341025,2.13801467584075,1.83742442916717,0,1.87887199087208,2.50563698669548,3.36350778728711,2.57425800188264,2.91256107444452,3.49072624248638,3.21543818746455,3.34591710285006,3.35115198287738,3.58169342565275,3.39275070483766,3.24443200393103,2.78318501349919,NA,3.1001325368791,3.24258358758337,3.44267657480385,3.41675658319993,3.43056107697977,3.48005907517863,NA,4.06136587716335,4.20831370977329,3.95830186898276,3.99214292107149,4.0240318974805,3.73634984601529,3.59591360610986,3.38672014953783,3.38509263911608,3.63785975229362,3.57254193333169,4.09035368353342,3.7569082584777,3.64042308729504,3.21427967538069,NA,3.33499109344728,NA,4.01584392760947,3.95061593509261,3.62495855893065,3.92036454163997,4.12346516384927,4.36182882129274,3.89411958690145,3.51837002724152,3.2387259483758,2.99106490532528,3.06416223161493,3.29023034640838,3.14506422437673,3.46428394686834,3.66257198560645,3.1664028987078,3.53908033707439,2.93701112013359,3.37695835040828,3.5316334462252,2.95177481793124,3.36898908530196,3.09749963643364,3.1073606910358,2.823134545657,2.81853488438414,NA,3.35408758518592,NA,5.11336557324131,3.98396326222315,5.14877304337717,5.14463134957059,2.97517453112053,4.22612674691819,NA,4.36470661451902,5.01610443146821,3.37743412622064,3.13287625031543,NA,NA,NA,3.41370439020224,3.88555225018528,3.2683611890978,2.9390485476756,NA,2.64142092937189,3.52479232981975,2.74643493034637,3.06932802760856,2.82774053653152,2.62674709364324,3.11634395974999,3.09301563778341,3.81753564235454,4.47780764782958,3.41638933880207,3.87455077288957,4.10049686685076,NA,3.19741850861207,4.11716367259333,3.28525746858723,NA,3.14464111772519,3.61367647035586,3.58991246141478,3.73182130146842,3.94542279522376,NA,NA,3.77306690729166,4.09051033755645,3.88467408434786,3.86209599354519,3.96473563501405,4.19112165600737,3.8475962959628,3.6592244362,3.68668841893657,3.75793623486404,3.70245608316982,3.83923572001436,4.12601716052876,4.00896323799642,4.30376713019448,4.02565734442562,3.9367696101632,3.9397834020423,4.27714884005447,4.35620529542473,4.09596195162434,4.06028764669282,4.78269360162795,4.12874753031975,4.25855533980158,4.30174818870999,4.01272224567316,4.3717966308949,4.22570989620281,4.65948587291746,4.34000566545728,4.25407602743452,4.99451788997667,4.37158094250085,3.50121960604338,3.87359552415703,3.7188510184429,NA,5.14485060353096,4.0396004533949,4.37765013447808,3.69354661312077,3.22553113933748,NA,3.34376444844389,3.17685143494107,3.1223637548785,3.85506860580765,3.81357020035611,3.60277485026887,2.96178809337672,NA,3.51383962106615,3.66874084511129,3.67783268825254,5.12530659819643,3.46877558454237,3.56797965879771,4.22584109843498,3.57433187109941,4.72452827163337,4.25191935521158,3.10737731376748,3.78781242680208,3.70224820269731,3.48252249345544,3.28384740137371,3.53275150702007,4.10179676095174,3.69344414190204,3.8748701460726,4.22010251103417,3.83458437783303,3.71978875803126,3.32548457269181,2.88392548806878,2.91395974436416,2.82367537353217,3.16841914359742,3.32886643549627,3.1523261419453,3.30624322066135,3.5422478114172,NA,3.55320095040267,3.61633974371761,4.88896853863126,3.79397384456667,3.71472259107401,3.682058998457,3.87258398303206,3.65730490054882,NA,3.80960979848731,4.11361544715518,NA,3.96862226028016,4.12964910671956,4.13537470771647,4.15898492011741,4.05237220005975,4.23127810139542,4.39935474901685,4.13351098739787,4.03377740959364,4.82679189087131,4.48375440428539,4.2325444623684,4.57618466700409,4.73515100787299,4.55684169292994,4.75463381129379,4.86066550374733,5.15743658575757,5.07920608201295,4.46468450260627,NA,3.94976519509287,4.97189661319385,4.75442088446006,5.75361487081132,6.46329793088235,4.87266415862381,5.57675201056502,5.69050794154128,NA,4.54686007699146,5.1849052542026,5.1467252745028,4.7679381740807,4.30938353595787,NA,5.59960072327617,5.20267783473318,NA,4.92356678955916,4.33014441259051,4.173049588625,4.96568122566768,4.33799607275163,4.96423654077233,3.68169728272719,3.45224592993821,4.06769713098936,4.26586259638725,3.87102630042112,3.76105785689677,3.71319936571102,3.48842472739042,3.73871978653458,3.39304965559803,4.63700935970287,3.96842302826946,3.74975475472753,4.25352106754888,4.80710571255279,4.35107142165859,4.15873148074856,3.61864163818937,3.92026037694674,3.28878213759886,3.29618699178662,3.24059671806237,2.85052141162083,3.42071451051024,2.94014173101455,2.88386050522629,3.08650760539836,3.12600650661341,3.33465722126303,3.28412141626836,3.63490669259607,3.22976661871843,3.32777337536359,NA,3.34690814719318,3.35369374590619,3.38322881597143,3.42026301097678,3.66072407706105,3.39956715189894
NA,NA,4.1481255358954,NA,3.50242697342157,4.07246349333324,3.68548721872996,4.86653159478386,5.19937389212562,3.86882617681055,4.88979016801668,5.00773292823721,3.0735949505112,4.11766100649996,NA,3.75361907333021,4.66200837958229,4.28754927594447,4.06713331578169,4.28432188885524,3.59937256473781,4.15290175371546,4.75300344928493,3.56687947423101,4.02053317134065,4.14704118775648,NA,3.99562229602973,3.85772794779447,4.30116230039124,3.46061514163039,3.73018865022717,3.84002392805526,4.03329965093766,3.61590813523765,NA,NA,3.50515206514812,3.71574049985562,3.77843304442227,3.5591324751452,3.2144736983728,3.35295987186066,3.17215956406785,3.49663453911573,2.96994665009977,4.36926424110561,3.18456168630774,NA,3.10015809273261,4.44011811140709,3.73154237240101,3.43328193955931,5.18000640870691,6.86742765539486,7.57150862546911,4.75222509650684,5.96119801862277,5.04873081125624,4.96005942985344,5.60857188967816,5.59319040990757,4.70260737034219,4.22880853504076,4.38517276165309,3.78094713523396,4.82687539188458,3.10128186277524,3.76906572941535,2.78627595110107,2.68114540077037,3.16360221989099,2.60189701134304,2.35111003968271,2.33775021836213,2.61481087014011,2.81536267262076,2.55528835341879,2.91609670417598,2.55376949592784,NA,2.6792167854561,2.79458276042138,NA,3.16495066538625,3.549975914886,3.11828824942893,2.73440949466253,3.46876432326248,2.94959410392918,3.51862811420357,3.21069077726405,NA,3.58632577639669,3.23521282682249,2.81082674982309,3.8561996978443,3.73411707722238,3.79735708342935,3.8289082276393,4.31489777941061,3.41878006092687,3.10054730242517,3.71000040494788,NA,NA,3.96993749861451,4.84681758188344,4.68117874102771,4.30976462577483,3.21946919385579,4.2317435304457,4.22141378385763,5.15818587813551,3.63679674214239,4.4743319443616,4.07479557027279,3.67085677437,4.33586326322321,4.40586200974345,NA,3.22827652966376,3.51984224644498,3.39570016391005,3.46353062185011,2.9143208901016,3.21945923791819,3.29888267385025,3.33587874312282,NA,3.86040161789221,4.23747726370876,4.08491486388527,3.60172674126893,3.1961056833624,5.57689426436152,4.50633213294109,3.01284584784696,NA,NA,2.98269281401102,2.98578487193918,2.99167548255367,NA,3.33491187440544,3.40696538072746,3.39142762374424,2.89762166040533,3.56584229122979,3.29037428475283,3.22981278990833,2.82976362705063,4.9214679401586,3.31822628993391,5.58044415555935,4.70029801648798,3.36567584115098,3.50472942597877,2.7722201118518,2.41549861194204,2.57095542247048,2.52620344787018,2.77358052856492,2.08423069413244,2.22486587646245,2.52464825625511,2.79922843820944,NA,2.55731202809226,2.90638077503457,2.5013436541288,NA,2.08456374177356,2.99102938716654,2.59675060262364,3.10556182740912,NA,2.91124060055954,2.85952138826615,3.21074977617757,3.27184263866386,3.20085715127363,3.00643061904975,NA,3.56160952420528,3.21908112953991,3.00935426340453,3.19174888277443,3.03478558092289,3.28892335447782,3.35644895725196,2.9147433819939,3.10078587072285,3.54293038077386,3.23753231923691,3.00803609886323,3.42121806359933,3.38959083062853,3.29968876663057,2.88270146504662,3.23803580256062,3.25280625176992,3.34673944294232,3.50168336379337,3.18779624620513,3.34207356889175,2.90046170108169,3.55929877155287,NA,4.12784892862718,3.7561348056523,4.24750116570615,4.55277594930279,5.24408477484375,5.05677620018972,4.36179751456836,4.05961976490865,4.51781966171582,5.4278181945162,5.72452349708189,NA,4.32111095020294,3.63039515207464,4.46834413295818,3.10845826440919,2.9325707447838,2.52500557000917,3.06801687248621,2.86137671997696,2.14518633152041,2.27902079653098,2.61251025421889,2.99058315641382,3.17299920243805,2.80304348208653,3.00092540249533,3.01514428084596,3.93870519883021,2.6943508541768,2.82610523497344,3.05318845740913,3.37170843202393,3.81021931212623,3.49358073731289,2.43726804525395,2.20489897651765,2.28217543981442,2.16558393725018,2.43786056255138,2.377601930671,2.36167030270108,1.90155167518373,2.18076463513053,1.87887199087208,0,1.94046075086053,2.74697545073054,2.14612733504399,2.52532438007226,2.88022879773708,2.86681762310088,2.96213039075625,2.93459386938427,3.12166656939871,3.46764960692632,3.22206240472272,3.07685867673692,NA,3.04048409044518,2.85097958722555,2.97173915080906,3.10864079895745,3.30347056779496,3.35356800806371,NA,3.78189957341606,4.15822450252454,3.96523868937436,3.83970554182836,3.92092444640512,3.52243585822608,3.27791734622023,3.13264882195477,3.32196245951748,3.57213099177061,3.59610010780848,3.88191275719324,3.57712273046063,3.54343173819892,3.06569164933361,NA,3.22600460958169,NA,3.9902733679285,3.93164761857373,3.65359052602543,3.93287057595582,4.03588978819886,4.33666345219176,3.87024757496761,3.58934759655494,3.09395689778685,2.80381660821681,2.78097680631401,3.06351596458709,3.12260045730636,3.39928868330556,3.63739551793586,3.06585913888809,3.59505083693452,3.06329391972573,3.43622585881021,3.40975665448341,2.92970324725609,3.34783776578047,3.32532306642328,3.16561541862924,2.84764813944639,2.81210895065681,NA,3.36063937091775,NA,5.49637147715332,4.31815307263128,5.38076335174553,5.61860336886037,3.18150892378777,4.40785658618666,NA,4.28015630832895,5.12582216198885,3.52868582103509,3.35588081211269,NA,NA,NA,3.42732224490337,3.71022392177583,3.05710294098865,2.77059906883062,NA,2.83725664993476,3.70463488809899,2.81954262312512,3.01512079850608,2.64202985073974,3.01038805141109,3.38807955726442,3.1904463211071,4.13140332380023,4.5974799597308,3.69815637952027,3.80343302624405,4.07085604352661,NA,3.24532384728222,4.06915191124404,3.10345058717389,NA,2.98601480517755,3.61369097965961,3.40396818123885,3.49413592918849,3.68125184569134,NA,NA,3.6436831742924,3.91375711909061,3.74474010261471,3.72786649196263,3.78011332937024,3.89540085213277,3.61877482771654,3.49565106134846,3.24407916238136,3.45526242965502,3.47346097648269,3.54486378041881,3.95345197449685,3.88829652982592,4.08819523955888,3.82233371050002,3.91083255534213,3.99540715748986,4.31235437036515,4.4139817225416,4.1472769225682,4.11109698722282,4.79297603560749,4.0988958151103,4.24840420821047,4.34597719927535,4.17265279632522,4.49969047955327,4.27835442919205,4.78229626139535,4.34522757087767,4.28098477154294,5.04144652437678,4.30997249095048,3.55793688964962,3.83362722427666,3.95607227828019,NA,5.1975005980356,4.42167354552721,4.88692728075594,3.94576766478176,3.40982458769665,NA,3.74826898488788,3.42038076550683,3.42751192410783,4.04585525689508,4.21498119917874,3.85444776500705,2.99441770414098,NA,3.70471095331354,4.01788515669534,3.70610017573722,5.49365056686408,3.73796787496862,3.59967530939135,4.53550712727062,3.65836593522307,5.0333623893065,4.46603089383895,3.22146278625523,3.92417871610685,3.62571794603275,3.55150780042026,3.37668422567858,3.72938690285121,4.50206951867614,3.99695857399099,4.19306777904535,4.61704469005487,4.22978893894993,4.12250024610383,3.7289693665803,2.77798464555462,3.05478103581189,2.99663033015757,3.13483006964313,3.06437790898327,3.13463069479598,3.16903170003547,3.26129986365887,NA,3.30544540027534,3.51559930334546,5.2784670018461,3.5549942831888,3.58974941254933,3.49481622185338,3.74194244323512,3.50313395615181,NA,3.68641671048863,4.0132068912553,NA,3.88005135688254,3.98397648886609,3.99460882793234,4.07071375531124,4.0317424840096,4.09084832507121,4.30366067786623,4.07786834516352,3.9432276929044,4.733925673737,4.41134892386226,4.1608457773851,4.57182066702224,4.68306685402957,4.52092435913927,4.71200862071387,4.83245376406025,5.14224165470088,5.03632647306519,4.44104085212055,NA,3.5172254397939,4.99509590046518,4.69714892489122,5.80103372063021,6.50329879690473,4.89916323038958,5.61944564451954,5.65725480290362,NA,4.55345684827525,5.14388561034605,5.05408698687504,4.72548202900874,4.24376113610361,NA,5.56542057739737,5.15700998027929,NA,4.92749867788124,4.39957644611095,4.29044539413448,5.01074472567147,4.38748809981574,5.03051605184004,3.87621932415086,3.61674595888518,4.18271694215541,4.40082113349862,3.92637549932142,3.86787161848498,3.76708960017113,3.54917068193287,3.8364958814435,2.89831266684546,4.62947753060347,3.85143261884566,3.40579043369173,4.43867436007609,4.90797812848579,4.52733898933331,4.32816030685991,3.70965122770278,4.21736118781577,3.44002450658425,3.5110064612399,3.2918983882019,2.88803223274715,3.63328371003856,2.94486972379947,2.69334047496263,2.86110029136058,2.88807012604514,3.07941698124585,3.2339045879694,3.41673917489382,2.65948776736734,3.01534142187766,NA,3.0941982204024,3.14477117561931,3.15570969333339,3.169576628723,3.37725487283773,3.04703089625752
NA,NA,4.17733944258413,NA,3.69961929188337,4.19408902258478,3.7485236237829,4.93633565324383,5.25179004445407,4.03408076207327,5.03504557860098,5.12785465320499,3.28126306496006,4.16733022401702,NA,3.84667291835076,4.88724244130688,4.47185972293849,4.41653278495542,4.61288574187231,3.89109678862078,4.50594454517768,4.72782180456585,3.67878743761563,4.21650653210359,4.00547108311397,NA,3.96861252575108,3.9196004758295,4.30265285728922,3.55418094121393,3.82296423223656,3.84403385880108,4.03409237772066,3.65612977486883,NA,NA,3.51800252126413,3.71521561772482,3.87026146204796,3.55975406992388,3.38119437781157,3.4266281840774,3.34068062399624,3.70214535466567,3.09388499410112,4.42855692316055,3.0579636952636,NA,2.7316827191611,4.21851772732245,3.72847011164911,3.42298709133869,5.30805812094572,7.07373757669882,7.64611873890501,4.83927074413115,6.03529451211292,5.02501320477808,4.98483504258881,5.65235061220877,5.45471339747959,4.63320999763369,3.97970496610482,4.50422776666942,3.61542535733592,4.58744029997807,2.9491303371064,3.43949446468727,2.4669541839492,2.61984409096122,2.78533615651943,2.60709970175015,2.64209204760231,2.55155747947902,2.64656886888379,2.76163531851084,2.97516135260544,2.71148408994757,2.56830956635585,NA,2.72571972581585,2.7250508083332,NA,3.07510646441789,3.2859327910059,3.09955451712841,2.87401237404909,3.27050759227329,2.97914594434529,3.34207722570267,3.06934468883045,NA,3.5691808396756,3.19499955169508,3.0006298991686,3.81949178489254,3.65737352266215,3.76215792114765,3.67646997976948,4.24053374067554,3.36912910066517,3.37497812156526,3.87778812869537,NA,NA,4.12959514829122,4.9372123256094,4.92161650807455,4.63664592687105,3.51304080997148,4.45201311553337,4.22432445418009,5.23320747520479,3.84128655965491,4.56700913879562,4.25048227415398,3.76470818222727,4.46871494423634,4.47161350621464,NA,3.57749521207565,3.76952019815424,3.7464385641973,3.57135258431643,3.08020409590953,3.66967970938866,3.60577285635094,3.51387004843369,NA,4.20214328107155,4.54916498738381,4.59650269829036,3.87099128730397,3.41204316068289,5.71799091588545,4.65987466867638,3.04065013807415,NA,NA,3.10754809357608,2.90596700879255,2.86886756311706,NA,3.28722311904813,3.46238885241251,3.39638649895731,3.13776827179633,3.62964511075268,3.35988104279673,3.3935133456311,3.09196869216243,4.94947503350992,3.42413203192441,5.79660335115956,4.80204526942473,3.4574403077496,3.43085256796109,2.63889961216722,2.34747588590017,2.59613554231917,2.21618196333489,2.67125162349435,2.26937427624421,2.71253338998643,2.86634101543347,3.02954128384707,NA,2.64252351469282,2.99696246962718,2.79470683818254,NA,2.53035582382058,3.19295743029373,2.80053118415439,3.34652926552017,NA,2.97337055521599,2.93530536422549,3.41695515813016,3.33658479127304,3.48092294144751,3.08077523838837,NA,4.09128087567419,3.39801013822162,3.1558745721923,3.26154838426908,3.1293477918181,3.3860194177586,3.48386386117904,3.06448725846028,3.21531373200381,3.62202253264215,3.35124743566244,3.24185860328357,3.57465940635567,3.45890182090035,3.4893231017908,3.13418249120736,3.60829909474912,3.66357729297333,3.7201307451772,3.91749695431962,3.44502159827229,3.78627796749796,3.26581804723781,3.78386800365783,NA,4.4452772948281,4.07606106468153,4.5140129028287,4.75793584300968,5.4190268400731,5.12308823351896,4.23919306216533,3.97249929786531,4.85486445090466,5.49413568506148,5.88258953433612,NA,4.49051643623629,3.73685514077736,4.66172281294285,3.37449482103793,3.20416924331805,2.81196680421399,3.23220448114665,2.96058900033094,2.57510966894057,2.66376045918057,2.92027579692081,2.84312558664122,3.18220681054185,2.96705496468827,3.51406665340771,3.32690217033009,4.14957822193073,3.01625129944767,2.83102483665861,2.89755867968878,3.20909023494133,3.44401156363816,3.37304603289172,2.61943028905928,2.42931576359975,2.51575316939321,2.44909096368972,2.60832222404496,2.26079840524838,2.38652199940054,2.27467353326431,2.51467776241075,2.50563698669548,1.94046075086053,0,1.73777390136081,1.62288719353375,2.23969095753934,2.93867253133219,3.08805920321075,3.21619024791083,2.99172335506729,3.4322882278234,3.66271147779906,3.39661570473734,3.21374699082372,NA,3.08914138346011,2.85451220101979,2.88986554989988,3.10900818271302,3.2474830106561,3.45622631771543,NA,3.94323644960423,4.20510776818112,4.06348195292683,3.92609875394404,4.00672089278353,3.65642106880589,3.31008448484365,3.36674877130268,3.37127823282559,3.75103543094269,3.80064304287182,4.03499130763021,3.86469675030689,3.64765979589247,3.28777492371125,NA,3.41701763537968,NA,4.22343032278252,4.13149914089583,3.80232004080119,3.98623455030408,4.38350054343121,4.4979157287297,4.14346766005635,3.794488696863,3.34264409398215,3.17243595006323,3.13241349493045,3.25239333938372,3.28031132176995,3.53375790085084,3.81812059187786,3.27381817156818,3.75966448262682,3.19026029631966,3.71056907121507,3.80223325281561,3.31544393438643,3.6864551433625,3.69373596435604,3.39996709451617,2.99462473927064,3.09195295848069,NA,3.51448689999295,NA,5.46375940536434,4.09068520616443,5.44401394537275,5.61240502103748,3.08212662794618,4.50735355589733,NA,4.3831642184842,5.15929715495426,3.52861983128579,3.37368012720449,NA,NA,NA,3.51810000744081,3.49981784046504,2.77284947108204,2.97495434650507,NA,2.83078556465298,3.54734052979827,2.89157192240257,3.0445049834115,2.59146513896263,3.2184865674494,3.38677094600543,3.3277923268834,4.32483448925959,4.81924085145538,3.72091638193227,3.79998646865601,4.10343200102085,NA,3.17576900916656,4.30177077741896,2.95497348935103,NA,2.73123692991171,3.54916952636104,3.3444453414139,3.30963961548856,3.60876432894049,NA,NA,3.6382468649808,3.69592143444028,3.70361912469652,3.67759425472221,3.74271824825029,3.77368654666098,3.64825635173026,3.62956812884084,3.34900228347605,3.4843970951259,3.42866424733608,3.55492073414468,3.87181521923393,3.95536446743689,4.10342989502352,3.80598137525046,3.97313533926214,4.08754901654472,4.39263762206902,4.54477639950873,4.27700595523385,4.29333698152217,4.84038831178535,4.2491646933706,4.39074411222408,4.47670095386059,4.24978964846924,4.53878792386216,4.40262504285302,4.86553746991211,4.53953321646111,4.36484323083082,5.19656293566633,4.46198845483155,3.73870414933155,4.02239184316605,4.05800330170385,NA,5.17676312349325,4.54190934000715,4.9378871630388,4.07854192739913,3.61339073508901,NA,3.78845639653698,3.35921409817654,3.4209214365452,4.16488631839686,4.2748942404623,3.99534793401813,3.15322468502731,NA,3.85424459445292,4.14469830242033,3.67907539968833,5.67400353130157,3.88562015406495,3.54199538435224,4.53000750395015,3.67196989867992,4.92834779573406,4.49994906534256,3.31817239185379,3.93077126139514,3.57545790248376,3.39194018733061,3.39978269673344,3.60063491125815,4.53594133541911,3.92666176186931,4.22551593362248,4.64241438806786,4.27728009923217,4.23271097968445,3.80742846320919,2.6465728495986,3.02559916801178,2.89076520958103,3.11344918353322,3.10273907883976,3.1275497560256,3.18682770961003,3.30636533139578,NA,3.41288515674765,3.60178359237704,5.35372660926165,3.63333589036545,3.60107090629776,3.56038532315259,3.85420909547404,3.58570366874655,NA,3.77734194095386,4.09212246658875,NA,3.85276836313664,3.96662596151829,3.96083441534754,3.98910590561735,3.9865048937802,4.03791398628035,4.32532792607611,4.14069614890147,4.00619347135705,4.86243169945711,4.49040336964154,4.21259029281185,4.59044489460604,4.70088195033862,4.54727507541415,4.73008499435309,4.90563984966391,5.20141047359601,5.11976903614553,4.44742272029853,NA,3.94996053625844,4.99850704629094,4.75376315488791,5.82896592940112,6.51196514974982,4.91996613773663,5.60697292163099,5.43179338762114,NA,4.53515513554592,5.15380955739726,5.04415063744252,4.69815098029003,4.1927540006917,NA,5.612513523477,5.20170565215719,NA,4.91655420773744,4.42053960818996,4.34663758012159,5.11701524349624,4.44815285055289,5.10536853125149,3.7988728762479,3.71547880224868,4.31677325478694,4.45791040000392,3.96601845375594,3.85561768963409,3.68008581318333,3.49283081499701,3.88870804203165,2.845282918235,4.6210820071732,3.66271434629883,3.17985351328522,4.4953931190406,4.89825844066709,4.52059103660019,4.3724844618991,3.75424721018413,4.19714058349016,3.42427893131989,3.53200631491253,3.25191827471193,2.97651899936147,3.72510873241696,3.00748265582646,2.71495082326943,2.88106942910236,2.79703341117837,3.09605248519308,3.1947188149655,3.25493135215154,2.74379038894762,2.86068227546835,NA,2.99855222048289,3.08666858297882,3.13420326258887,3.13212351619922,3.2732780554577,3.09403321507964
NA,NA,4.55174363894951,NA,3.98574816802013,4.54736013290059,4.10887264867547,5.3094624375335,5.64852593847001,4.48958803103143,5.43059075756663,5.20298494005249,3.56520055536927,4.11340007298469,NA,4.02662090595387,5.33613686605275,5.01567805377478,4.92225045488537,5.1455221315625,4.40685842630381,4.88502294086161,5.1717853237729,4.22444171508756,4.72270533029401,4.5923558572404,NA,4.47410308072355,4.47105744291619,4.83563872473019,4.10893552793812,4.41539319046669,4.38622373699365,4.58642860209741,4.17691583511792,NA,NA,4.0948834312599,4.21215370620142,4.46232952705274,4.18829958639666,3.99538007856667,4.05648584708836,3.9481967482672,4.35716266744089,3.6735783728242,5.12827693055795,3.7302649774043,NA,3.10272980301032,4.75993967974765,4.40903394556369,4.14266848168448,5.93276377895379,7.57864476332535,7.77463023652974,5.27152655746505,6.48678746345738,5.4517155177089,5.47945596752583,6.23213447868499,6.00951304991129,5.1328825736974,4.52905467055329,5.12692535922961,4.21386182361792,4.96658166162779,3.49558740922299,4.03601760614633,2.98728707369277,3.12372103334409,2.81101784600662,3.09998167835793,3.14398696153114,3.09094306711084,3.09363803230262,3.15775591405783,3.55715436600452,3.24195393386409,2.96383168548241,NA,3.18503508206072,3.09881838304813,NA,3.30257725877643,3.49344539237482,3.39603165714489,3.41480763218745,3.55677644294189,3.46487494395448,3.7524121514492,3.38628982057757,NA,4.15708336248686,3.53853485764477,3.55544195019035,3.88025734944054,3.74928053449454,4.08899977973052,4.05626118160146,4.8167796964948,3.67727379102828,3.90426797564004,4.37933981608379,NA,NA,4.46489374797749,5.41911216289348,5.38043548547291,5.0548839554645,4.13790407787991,4.981002814928,4.73726149904456,5.66312448452585,4.40879371754898,5.07340801013829,4.79740699502934,4.3395629887533,5.02616978486199,5.0216837012888,NA,4.10146411705585,4.18341083611672,4.11643351686296,3.81927667135154,3.64667169615988,4.2425869390352,4.22225534536649,4.16157128284463,NA,4.77578262850503,5.15426958727412,5.14227143359347,4.50447480308236,4.06343555527205,6.33817229522499,5.30265941921797,3.68441146803431,NA,NA,3.60850402610118,3.55457138553618,3.1670676309996,NA,3.85747379731199,4.06257111772934,3.87465793034776,3.57475219002112,4.0027877939581,3.8834189861865,4.02810871407724,3.74669339888944,5.57665296717653,4.01959638172232,6.41078228341377,5.32109218547885,4.00264654152294,3.84317633035294,3.2253054021779,2.90490632139717,2.91529540929419,2.50553240004451,2.9218362669935,2.77633856013874,3.20925701919256,3.34045022489671,3.52082053258153,NA,2.84073276115252,3.35412844868946,3.40912543856207,NA,2.90931361813674,3.6130511361866,3.22093831993588,3.64208899230798,NA,3.37589092519408,3.28041694075826,3.747652320199,3.78032117274838,3.85592635456341,3.43644512900685,NA,4.53773485046702,3.68357847088841,3.20499403849718,3.43878480509176,3.45308161355868,3.66229129823779,3.74433449570839,3.24519233010991,3.31904120910484,3.90340327334669,3.66332391392703,3.61011346658859,3.76404742487071,3.57671868638977,3.58349883598913,3.31181677223651,3.80077014628135,4.01996345452097,4.01110943649895,4.17706948326299,3.84979533890252,3.97437724028645,3.77420917835551,4.32334187129053,NA,5.01299550958543,4.55789212110438,4.99592924110318,5.28905810964454,5.9086005416783,5.70213081960393,4.67197506609991,4.52019139501596,5.51698840652966,6.12873625628533,6.37158620270822,NA,4.98579192996687,4.3849016061725,5.20840255719349,4.00496367037578,3.59253175522587,3.40894652651112,3.92689373511895,3.7064588763156,3.32353429547583,3.42619896363162,3.57908768320366,3.55044227461303,3.87135416561528,3.69218139690643,4.19298611503959,4.02209076720443,4.83514195502173,3.56029448697573,3.34603618973039,3.33003029857254,3.43563878843287,3.70412109904131,3.86025966236542,3.24504644764377,3.00778164853754,3.14664993747376,3.01099799792814,3.27692393983606,2.83737313417572,2.81740525472439,2.84493637918777,3.24254363180326,3.36350778728711,2.74697545073054,1.73777390136081,0,1.94678724547227,2.76323869656412,3.58120971945375,3.6746169785679,3.65101701248723,3.40732818248945,3.98134556354321,4.34229438053779,4.02162613821476,3.80272796330654,NA,3.58231418355751,3.25320480541575,3.17727676618539,3.50332912635153,3.75693294023576,4.08063310176645,NA,4.22576828359365,4.59492791918702,4.48588175177547,4.37363191706264,4.47171236904601,4.24636491419067,3.57962457690875,3.82774641841787,3.84477971162731,4.23505344040402,4.30726059291981,4.50749557496372,4.27171311518813,4.10821799779113,3.75680997396613,NA,4.00718248988366,NA,4.69197687062142,4.63662161273475,4.3521425685354,4.50256551713987,4.94326372154284,4.9790082596696,4.60772755215965,4.25667951457548,3.92823895533597,3.81254906913093,3.75833223480132,3.78807920216206,3.86968170384897,4.14925576813766,4.40017381323284,3.8750280619437,4.3086137395048,3.81606461915751,4.29234485499199,4.22524617419533,3.95523898411668,4.27541621361192,4.40502455640416,4.03768950354389,3.60278254570917,3.79474835690244,NA,4.19263159208234,NA,6.14858207096336,4.82619790516621,6.06477834817189,6.12085957051418,3.68639575554153,5.20423642453041,NA,4.76066120696403,5.57888360695612,4.07810767747169,4.14332236149817,NA,NA,NA,4.2024863960677,3.61928108280689,3.14436181720317,3.53437540112349,NA,3.46457491704761,4.21017742399667,3.51558977564806,3.53057365402362,2.85158733168811,3.79193626069906,4.1339634842825,3.99914939388553,4.94934668203418,5.22775659751332,4.27696731111756,4.29515044980319,4.64029671606862,NA,3.60699849878437,4.69743498037009,3.18460707417015,NA,3.12917397327298,3.9361865223609,3.64311784990569,3.63192646595516,3.83266435497324,NA,NA,4.00858014366342,4.06078321314125,4.08949394110389,4.04308142895913,4.03469232738464,3.82162300190387,3.84351624944279,3.86579670530024,3.38949486332962,3.67631938520575,3.73074127778626,3.71654107554244,4.1962107530418,4.28417688086797,4.23723197942801,4.05949812383046,4.40843467445543,4.4921295874981,4.8520832911658,4.98932767579713,4.75995488019602,4.76727166192402,5.28078582570231,4.65424913061722,4.83599606025238,4.95587574533098,4.77135386378025,5.01577277767431,4.87438729385677,5.30736877426721,4.9125487957462,4.84903756018592,5.60013867585794,4.9359841222198,4.28828214955125,4.51945818999609,4.65640648114929,NA,5.65248718584157,5.18058683990461,5.50700636730136,4.6392235712732,4.19213013039906,NA,4.48673950207342,4.12794024770397,4.09672379671622,4.79192233315678,4.95520004140676,4.62896384309009,3.78341120280146,NA,4.41848882749751,4.76738664684731,4.26811763066557,6.26226433659272,4.47987198778039,4.16393516210506,5.14558663266335,4.24706399224355,5.18481466788312,5.09366078424823,3.91160367715456,4.33478053761131,4.08599429996518,3.93302441098337,3.87094070325718,4.09987689159877,5.22364029309209,4.59203560892255,4.85737337848903,5.31060982343908,4.97516935789049,4.90835427001749,4.5037103413693,3.14451488135924,3.61566725193857,3.53700531522817,3.66412504870585,3.45007136057436,3.72553164168387,3.73984844617295,3.64828209988514,NA,3.82726254717484,4.11325402138699,6.00424727673024,4.06671078331129,4.06614214168383,3.94796621914689,4.28041518799697,4.06482372257314,NA,4.21211373084028,4.58513229305842,NA,4.35584734680623,4.37565763036032,4.41487158009402,4.42766684453108,4.45414786849024,4.39211673777851,4.76898634606813,4.58077340605676,4.46144113738182,5.28249207264545,4.88437437160394,4.67888242778935,5.0205876505252,5.11709857398851,4.99666052037497,5.17716109150229,5.31536051445157,5.62687159299464,5.50596169362873,4.88927202371463,NA,4.46258809079378,5.4370047054318,5.22581703810858,6.24029835555802,6.91984529160545,5.3208762619128,5.99241378655005,5.95325773049717,NA,4.96048200682651,5.59496054211146,5.50127836693486,5.18377645938142,4.63068659425797,NA,6.03774146666643,5.62326593673165,NA,5.40056314199526,4.91254598033625,4.84199099069102,5.60134688559506,4.94581739753299,5.6116638328121,4.25342666633377,4.26505825981577,4.80817412736726,5.02152583776183,4.53817829743255,4.43010638049497,4.24628520923378,4.08623365912612,4.47917262413011,3.0324345090082,5.06457542602725,4.01243185457581,3.46041817284756,5.11009086098284,5.46155608728667,5.11983618668858,5.05800325731866,4.42357071559697,4.88542946131817,4.10586125864511,4.2868907330927,3.90917020462788,3.58067897841316,4.41823744177197,3.6492814518252,3.24435995141401,3.40326295338333,3.28965636648247,3.51069675666909,3.75592893413574,3.75283603074489,3.03096258525724,3.28049919727765,NA,3.4629171581368,3.59018241773961,3.58464766460824,3.52123027006187,3.63340355833345,3.53400932135708
NA,NA,4.16842366165016,NA,3.54539753465362,4.16645002668905,3.78319735730827,4.9071856781446,5.32328639519225,4.11760045583619,4.99349555505417,4.99077117898588,3.21589808042511,3.75719887436742,NA,3.60670184811921,4.93372643421419,4.53016145633753,4.40907356951106,4.57531342117206,3.85443932532325,4.36686976599626,4.84288523227385,3.84249453599564,4.39325830445367,4.16660598125356,NA,4.14685784150389,4.08545312088185,4.43573335819645,3.56237511609945,3.98151758291152,4.00680160081362,4.20061842536396,3.77993348243689,NA,NA,3.7082560103901,3.7900025495258,3.9660489963065,3.69512361883055,3.43886924518665,3.49705910905081,3.42397770468856,3.71061147652394,2.97629943155795,4.45635117547036,3.26964811361204,NA,2.84219376178587,4.2667613684043,3.70168144170823,3.48108082473149,5.39523242232108,7.10015760134532,7.47533359364288,4.71279542052477,5.95447379269645,4.99665527267091,4.89007223609519,5.63254023393188,5.59700498530669,4.8013065937307,4.10425474629976,4.57253863644746,3.73567283019554,4.45999771428114,3.04357297812641,3.67391175537843,2.72711126896996,2.55466792945256,2.67189636883178,2.51549651248658,2.50602847199302,2.59143642276166,2.66756892310621,2.77576094226391,3.01135748286828,2.768132032714,2.61255224298613,NA,2.77029941486696,2.65908067763503,NA,3.04920854745973,3.46053571663875,3.08805411843702,2.9312547806262,3.37872397871487,3.00573299736561,3.49404670059491,3.2271141238612,NA,3.78073957231526,3.29356252672571,3.04711691862871,3.70013149297052,3.64004694170916,3.87451175646496,3.86375041838122,4.5564792370211,3.47575777834537,3.37990179500978,3.93890110430499,NA,NA,4.08621696500227,4.88702565277411,4.88902259189056,4.51782253729534,3.54252875735516,4.43860238665275,4.26518344963931,5.29536116080671,3.76686807370098,4.62084245426789,4.28170522227089,3.78371341987597,4.54184462785827,4.47945143693265,NA,3.52212631169108,3.75079428833938,3.68841906689541,3.52574348585056,3.20901528988862,3.78237521862052,3.7259362434005,3.71872133786627,NA,4.30407780664452,4.55855584981911,4.56694403206659,3.88759272554596,3.50060828585203,5.81086447555451,4.76947498928272,3.33262328300208,NA,NA,3.27962414469978,3.08591155510347,3.08866679915969,NA,3.46008789613688,3.59920744780548,3.50117938080977,3.16857259726045,3.57866986840346,3.35376209718794,3.35866713028669,3.2269367534273,5.13883727063292,3.46723128990067,5.75534535824684,4.73461697802962,3.47076160074964,3.18714228274485,2.46727274922717,2.43812436575239,2.69166737031798,2.14632183368678,2.21617767511762,2.35147677833384,2.7011230031781,2.90191364910671,3.08305412660251,NA,2.6791007169889,3.01442025111101,2.79492328721886,NA,2.61682542688801,3.36420356673487,2.9716892219458,3.49831067389522,NA,3.01646849763191,3.00343189299532,3.67275633659883,3.45302042268329,3.70135251043341,3.33842871737626,NA,4.22092792233253,3.31814409843465,3.18008231242386,3.17724646582154,3.16762133303757,3.44262259191557,3.53264257562646,3.05074892250527,3.21937851020432,3.68596056612156,3.44278646257965,3.25571916758767,3.54515139715248,3.39817642394969,3.27538762782035,3.10112288384341,3.4581769241079,3.46939253945591,3.24940952392176,3.36499041699429,3.32427074150355,3.483421581708,3.10230933964278,3.80739463232989,NA,4.39025905795603,3.94941638351905,4.48667186201367,4.83252588358958,5.41086228076616,5.18792231797795,4.36318941876409,4.07437908923336,4.84719603857441,5.5712997820945,5.91980969314353,NA,4.53068578257751,3.80787517761568,4.70513100690589,3.40480514099807,3.13418033475187,2.87526466616125,3.33842551897168,3.14457744615849,2.68094193125279,2.75468725590586,3.03255067789656,2.89314935890787,3.27491289114705,3.21370144580676,3.49604115317357,3.24732136124049,4.33476184020183,2.91116020539937,2.60433018921287,2.90087083513052,3.44169176706538,3.45364765588964,3.55393969201337,2.80854283855389,2.46842088303472,2.39783870119179,2.66145908375216,2.91012950803326,2.53626584264028,2.58348846791491,2.26560351470389,2.65020228924608,2.57425800188264,2.14612733504399,1.62288719353375,1.94678724547227,0,1.75611985186768,2.79293575502617,3.12193712986666,3.04326145342951,3.12170003852501,3.46168079138287,3.83056516851074,3.5493993736916,3.52701882120854,NA,3.04914759124621,3.07009525393359,3.08209079256169,3.06895515539285,3.25898361904107,3.73038878297336,NA,4.03203416344475,4.33276989649722,4.1705066049966,3.99207122458032,3.94877005346861,3.74179533500491,3.37804601214687,3.38281980877745,3.45254223267882,3.92161607279731,3.92383449043892,4.04470969447605,3.90391287588029,3.70659038362207,3.35648323296931,NA,3.45606686954845,NA,4.13136894980125,4.09444587692661,3.88387351021478,4.08990815439475,4.31069993597987,4.44903092979633,4.04226132415757,3.67131151860451,3.36218605671969,3.23776628476853,3.26449253116706,3.26533687223516,3.35714939919745,3.66937454816985,3.95737100188154,3.23306794254136,3.85665182213905,3.40262077012395,3.82513334435123,3.77952426693031,3.37171731759424,3.76619239632375,3.85122037673291,3.48990747377825,3.06317319893955,3.13558333560003,NA,3.64328600844981,NA,5.60718498034791,4.19845749925009,5.56200431535077,5.67608921909374,3.29339816370822,4.72506497463848,NA,4.39768135240001,5.26071473615627,3.57507329780593,3.49867718051444,NA,NA,NA,3.60949385325739,3.41681035688767,2.82636076174646,3.02594871100814,NA,2.84059160520911,3.67733036857147,2.9989202429195,3.10322074263529,2.75400056494663,3.36841132209692,3.56323136233372,3.37899746266182,4.26460514448976,4.79850389645199,3.96701816266655,3.9059030655703,4.27958577053034,NA,3.38108651948881,4.3322052547859,2.96115677236192,NA,2.88972129240269,3.69459411469121,3.39772793062565,3.45285708024649,3.65918913323966,NA,NA,3.75218617994494,3.90561388210758,3.90316715021918,3.88754304763315,3.89118020392856,3.78213982656137,3.64576683891509,3.62782267277663,3.32928360863428,3.53364551771158,3.54644699882869,3.62329221151773,3.92183785722919,4.06733113619728,3.98323236260499,3.82098554745698,4.04111318541144,4.1402501582131,4.432867096712,4.55985667877015,4.30134433674235,4.32489312819026,4.88499760564708,4.21888209614312,4.3731946987671,4.49157247484959,4.32357818069147,4.61315410315439,4.45184813229092,4.87767585214544,4.47610470259835,4.40197661743396,5.15329441384348,4.50437920111744,3.80042922019524,4.06609151940272,4.14498238322651,NA,5.23820009891784,4.64832683690282,5.04060663739811,4.13695856566474,3.62978168206913,NA,3.91129699020346,3.42338804285243,3.46841456654679,4.16586012193274,4.37285933244252,4.01943987797524,3.21388889703928,NA,3.77607212464705,4.1748853885793,3.82988319796153,5.71560354240753,3.86821919286093,3.69454037712138,4.60333500533821,3.77912678034969,4.90554570516561,4.67533178117449,3.38892185288995,3.99882593757546,3.87186235064687,3.64180685073146,3.47887170890404,3.75949638573404,4.71484530157497,4.16032466676325,4.39487009072738,4.74358706276427,4.42859192385651,4.38244728915237,3.96136766439998,2.90035493180792,3.19879116838751,3.19569232225244,3.27202837657445,3.18083118048407,3.2416604559138,3.36653680788223,3.4206874532448,NA,3.54422388723157,3.75983380304274,5.43196317021333,3.73983237985124,3.72960563400479,3.6237314184138,3.88563958650626,3.74576873542221,NA,3.88507711063435,4.246440479877,NA,4.08297380943919,4.14656583067276,4.14754307496376,4.17727973260058,4.1820018745616,4.13766260228244,4.41825808727986,4.20129305578324,4.14384039411846,4.873484698696,4.54252511177116,4.3281206045628,4.66101396018627,4.77752543304523,4.58944454906403,4.78543014335738,4.89438929331181,5.1908079136364,5.09935304372401,4.52267075203519,NA,4.07245288722426,5.07413894370781,4.79092361528829,5.86402177525275,6.58724174218364,5.00034900677937,5.69882491607717,5.57106962156255,NA,4.64688610063882,5.2794121902772,5.19132262574219,4.85581749248637,4.32736264943474,NA,5.74864237990091,5.31673143452507,NA,5.0526137459847,4.51610768169163,4.41915634753956,5.14601001124747,4.48264147117694,5.13324034191265,3.67270729010788,3.7483213059444,4.21727561914955,4.41800300414782,3.9776569990117,3.8995265275052,3.77137263564387,3.64282971626213,4.01289394904262,2.99170283923658,4.70939957619628,3.73296413919244,3.17050071901718,4.51149354565058,4.9481411841587,4.53522194702721,4.47319478742602,3.8274475454666,4.34716983502049,3.59505435571862,3.7654193931787,3.5540609424317,3.17589335409637,3.9278661778361,3.20579020738936,2.95086824431404,3.09901708369276,3.05331298812929,3.22160819629793,3.38224691205908,3.5073372741778,2.86861519800527,3.08844138715228,NA,3.20396432814463,3.31499211037099,3.3846062854582,3.38513840126,3.49863235873255,3.3133073081542
NA,NA,4.47855579772066,NA,3.8767054616332,4.35329024466026,3.94841797987478,5.13814815055051,5.50545439786418,4.33524922343067,5.31493556846186,5.53483940485931,3.58206302709804,4.27126367897423,NA,3.87086522608843,5.13747666460493,4.78710416923921,4.60267127100952,4.73602250944927,4.00409827211134,4.66762307810248,5.29174803142787,4.13077953373085,4.66998306100938,4.62774530358275,NA,4.58836439832015,4.46240566382286,4.7374597150821,3.80316767424371,4.36863416752566,4.41917310494178,4.56559182505886,4.1837661482364,NA,NA,4.05857551244764,4.15812440149997,4.26491406134794,4.02048236436388,3.77637288792121,3.93780249129052,3.79319947632649,4.11773482621816,3.46173350934128,4.86684601760049,3.58705751364643,NA,3.25151194289625,4.69700275419195,4.18146943683832,3.91821725438271,5.67627131567756,7.4059265647434,8.14255316767063,5.1979720350897,6.55684460310249,5.63550050231798,5.43841893569949,6.10230586822571,6.00193055917949,5.18894475087917,4.44061065572325,5.01683239189176,4.11332828195537,4.84805009986554,3.42544928055543,4.01227052034801,3.03160647673352,2.88708771542118,3.0581004768444,2.82378891636203,2.74886480128389,2.82263427088942,2.82049274288207,2.95341912693518,3.13862299095051,2.96726258641743,2.92146944281512,NA,3.03765090130534,3.05884836675984,NA,3.33074698008737,3.77742398653555,3.29576729746494,3.20713732102932,3.61831145032513,3.20807610680653,3.65175767884387,3.44698299659157,NA,3.89115448013555,3.50469574231487,3.35650479890622,3.91960640999534,3.88977807596136,3.97593649602658,3.94377029898694,4.75683136484448,3.71878676646283,3.76321499272923,4.15704668455408,NA,NA,4.13115586842448,5.03414745778139,5.20058438255125,4.80711140764556,3.88425807896737,4.69950174144535,4.5605836699039,5.50425645946476,4.07188933178362,4.91803816208385,4.64415903908928,4.12523746617121,4.89173577395834,4.82849350804649,NA,3.90455920740383,4.13422582013073,4.01826873482889,3.90402832017407,3.54131119718992,4.06745805556166,4.05539539874009,4.00890209366348,NA,4.59745681504843,4.89983081449677,4.92748776730082,4.31608668334748,3.99844925013906,6.21359023621494,5.23109580239714,3.73083780834281,NA,NA,3.6633712072092,3.59603594632129,3.46355699438934,NA,3.83226240875553,3.84874643147252,3.62804838831729,3.35505390981948,4.15000402791454,3.6665501976802,3.57329221392831,3.60927436288885,5.36077777311457,3.78942099421553,6.07951137710465,4.96540133358603,3.89510600569365,3.54073568227255,2.77228643355913,2.74241186838337,2.7610613834242,2.4623920165011,2.45677029810676,2.4937313517656,2.8674423441286,2.9771429509373,3.21130441421992,NA,2.9097637217639,3.28985976685226,2.84470084553162,NA,2.70302788281148,3.57027172005337,3.18106979163531,3.68523432445444,NA,3.18816220703233,3.18447426487063,3.55397023533261,3.4411072642533,3.68014554832891,3.38967617767821,NA,4.38569339115212,3.48442259697353,3.41278270773324,3.3521641945359,3.30696063495546,3.54322110464835,3.73548334593712,3.36183567658263,3.45545385907804,3.829407788011,3.59513132619751,3.49243047987414,3.71784812347421,3.75936675843839,3.63306702516175,3.43042471899059,3.78215181692467,3.73326806183888,3.45964042887192,3.55207702237151,3.54204533422209,3.90327146160236,3.4061398934457,4.01712117059764,NA,4.58339108670233,4.32101548765986,4.80800324942956,5.12189596472539,5.79633430936861,5.61068998004315,4.82575823475654,4.58485576569429,5.37232154264546,6.01012960744428,6.24724947056025,NA,4.88068339097967,4.18916196549179,5.09087955987725,3.77630890004742,3.50585207954938,3.10484768120736,3.65876241082859,3.44372376639059,2.82784339435788,2.92155433296179,3.30898533420451,3.27450792563823,3.61249686894324,3.49202012123956,3.69183661052891,3.47543934127722,4.53817558344839,3.15354806355999,2.52739959928878,3.37039984095093,3.61966457766111,3.98547383924904,3.96754199584834,3.20668498754257,2.82828394859319,2.71188922662908,2.88889224970805,3.20644326755877,2.89591182011123,3.04391769198056,2.79199488296748,2.99267536457311,2.91256107444452,2.52532438007226,2.23969095753934,2.76323869656412,1.75611985186768,0,2.1601540400499,3.06054589897329,2.97606626069196,3.13911176337709,3.36171021551376,3.68705459272859,3.56383347980477,3.63853593268818,NA,3.19014329350093,3.10550707423596,3.17377476847096,3.035348568157,3.27773593514835,3.75708464048966,NA,4.09474479897024,4.19749264422969,4.0081950112341,3.9873011317472,3.89104661101274,3.86084385944471,3.52612173087678,3.49071131384928,3.55265465735621,3.99256537096224,4.08625165590386,4.33994615741575,4.12980811699671,3.92969874477886,3.63346100102726,NA,3.78861216231455,NA,4.32796183458259,4.32590863738312,4.15693423186645,4.3241744807415,4.62252064350585,4.73084138984854,4.27855176089862,3.9474158767513,3.73384191067316,3.56063779975281,3.60425876363428,3.61862918388757,3.63858809072682,4.0139589001416,4.25565303013673,3.59477859478412,4.21179109654139,3.78792430561536,4.21902486677341,4.20846565750758,3.7357333223771,4.09116200768551,4.27443212380316,3.94249095248984,3.49746378711312,3.45013892672458,NA,4.03370522990585,NA,5.94652800574887,4.50780023812674,5.92456805394142,6.15567774263278,3.81534479835986,5.0330764802786,NA,4.64960029281308,5.621477152146,3.98042627621088,3.99741442207665,NA,NA,NA,4.01752182630892,3.90298028828371,3.39529021854833,3.44838396392735,NA,3.38909947651819,4.13791005028083,3.49592005703944,3.5655330896222,3.27047462492526,3.74916355923482,3.86885702963762,3.76546458663264,4.65330574277875,5.15202606327061,4.1323095620828,4.09030266998761,4.50838225527831,NA,3.80847894454203,4.51077621627414,3.45702501521435,NA,3.3093202419947,4.02726900842156,3.77766548772676,3.79673288812886,4.0294296071593,NA,NA,3.99606080915146,4.17172737341345,4.19934791557634,4.13300266116207,4.17531865835973,4.07203529378029,3.90552526578337,3.88489221789114,3.5765176513701,3.78356874405532,3.82854462188675,3.90550989230386,4.2729917356357,4.39388130963046,4.32443987578388,4.12459070185547,4.30085405509118,4.41468908851595,4.78588472348972,4.89612952621611,4.6679570515867,4.63619502829421,5.19996647212576,4.51857198602206,4.72022919970996,4.80059804771775,4.65794487819108,4.95277928619289,4.82703266351426,5.20700808804995,4.81937325899652,4.75988902942597,5.53063438647723,4.77060286634265,4.18130053734129,4.37716788360239,4.57894324189829,NA,5.64162455664376,5.10857119029612,5.45534272979644,4.55053301586609,4.09151506778177,NA,4.41586115840894,4.05446164823348,4.02415638511627,4.5438223511131,4.80463799862434,4.47004180030548,3.65010101633371,NA,4.27730427957889,4.65090611368981,4.14848752073598,6.03811896319459,4.27348288225076,4.01911267420057,4.95422434322484,4.10109294927518,5.49797280146245,4.97321830154325,3.81624951696857,4.41580044536664,4.19963482389707,4.06347703962179,3.88690059657086,4.16871664999651,5.07435768751126,4.50902964658545,4.80177622600587,5.10456523070964,4.71604601706673,4.78188230320973,4.34207941153166,3.18072406815646,3.56856125682079,3.55820373758664,3.47926737630051,3.41791181978388,3.5500589809455,3.66099091571252,3.72469013349239,NA,3.78519796652572,4.03795397884843,5.80516986714998,3.91278961507891,3.98865650959312,3.86713240055466,4.14224337428532,4.02728264734149,NA,4.22123203951115,4.52491677936264,NA,4.37772547728695,4.40682955260473,4.41577834575752,4.49294426033578,4.5064178490254,4.41219721115778,4.68107605514031,4.4859254887925,4.4333983570319,5.21418455890172,4.8628204916999,4.63504936198386,4.96800824516259,5.10302435655646,4.96612379956249,5.12456636127538,5.21947070938653,5.50579644885656,5.31674168968389,4.88871571715345,NA,4.38165121809596,5.36848907657276,5.13609211625282,6.18585080672305,6.91462862270179,5.34072298507918,6.00642513999055,5.9973361630027,NA,5.00750188289346,5.61988329712396,5.5506671088685,5.1988204708721,4.71865783633285,NA,6.0177045054731,5.58661861391359,NA,5.44085165469938,4.91697797097207,4.79146067792882,5.51051505173622,4.88248313979231,5.57710441101109,4.04925368152611,4.19303162056413,4.61656448673543,4.86171268602048,4.46136427974772,4.35787159805233,4.14673790614979,4.08157406853205,4.47460409297281,3.40877336232663,5.05857367157167,4.2042110719456,3.67752805089075,4.88129507937154,5.31343390656272,4.89515318371979,4.87266051287891,4.24483504633823,4.80813404111901,4.05314288473487,4.12798243249663,3.90196647067252,3.61403841382374,4.25233804206122,3.52038045693458,3.24313651524572,3.3623811607013,3.36762942609203,3.45314476238222,3.72305625856899,3.86452885513035,3.09765670444467,3.49367740378885,NA,3.59182949620124,3.63641332775168,3.66767003344532,3.66317688868988,3.83339322251472,3.66332752557156
NA,NA,4.74809443686083,NA,4.3001870919115,4.59974136915476,4.28444970937108,5.42184903028127,5.72073538652552,4.65784958808645,5.60033508642344,5.76390759393331,4.07038097909663,4.57534675918075,NA,4.3508522859483,5.40192937828485,4.97764815931614,4.81030538356612,5.08148366066527,4.54722183859792,4.9129566555227,5.60962205103018,4.41464014567025,4.91516901168834,5.03939609569272,NA,4.94493746743318,4.75218146473151,5.07345420999448,4.22321397075041,4.72373816370928,4.90099324042972,4.95824215039074,4.63476372469886,NA,NA,4.4112781024978,4.61039994375873,4.7134219836392,4.52011843034834,4.3113457905097,4.49648870069034,4.37107180378207,4.62341209371288,3.98809306706604,5.32256771390838,4.1302109379485,NA,4.07777917220769,5.15941448387716,4.62819156901883,4.38644573902781,6.11219651434695,7.8245853057071,8.44745338331799,5.74485287253284,6.93480169029915,6.07265501353847,5.83420976260577,6.50603193161102,6.4479746460502,5.56511223228685,4.9173597948273,5.1417415914976,4.71166680602906,5.2078804457645,3.91549682329657,4.61463070939454,3.73288063079802,3.51152110184789,3.84118668630444,3.39900504002524,3.36176835558036,3.36469817515993,3.45860421757248,3.50656465597555,3.33371028200908,3.54156864473948,3.5438628862135,NA,3.54561069717828,3.57458060572476,NA,3.76999702154662,4.25921122529838,3.58974142917165,3.70404170008011,4.04707948891278,3.62397596848732,3.99531893650191,3.8818623664429,NA,4.02621684524588,3.87675916009617,3.81166316882292,4.31703152159255,4.26519313901152,4.24620420383035,4.33994423764065,4.69056065524147,4.09021075351923,4.22630872349535,4.46454541932153,NA,NA,4.5615108048877,5.35637968264756,5.59804949564219,5.17200708156417,4.29127900841926,5.00260404840568,4.93658767664329,5.79129065072056,4.54621963579209,5.31406737002676,5.10537323635537,4.56059137202076,5.20013890145269,5.10443704936907,NA,4.3345866889177,4.49215527211891,4.24786980656112,4.36162399788424,3.90819443131944,4.23904326131587,4.32065754785236,4.31383243631355,NA,4.93655877408167,5.30360416393174,5.2202256679461,4.7075808917848,4.39827523052068,6.45303609456436,5.54573922670969,4.2726983986088,NA,NA,4.40731398194374,4.224210459729,4.25471667239304,NA,4.4755224229873,4.40849224196476,4.19699716825129,4.08925335984238,4.73520272639509,4.16553018906863,4.2835908237102,4.11052306514468,5.68898491725978,4.45700616103857,6.51956342096414,5.57756630515264,4.55567564636462,4.10649237757992,3.48704911407847,3.57770512942501,3.58943950343685,3.2695850884857,3.13457498786789,3.11451716978441,3.505133713075,3.50031046128796,3.6861751441389,NA,3.56435727056658,3.68548848413804,3.15627428070631,NA,3.30157110932887,3.9693012739483,3.59282555473745,3.88819134728299,NA,3.58457531873451,3.63291137734889,4.13465256912859,3.86359799482095,4.06532091296225,3.67977379313831,NA,4.24906865620802,3.89511260689109,3.84070213647612,3.84129899841014,3.82725800230057,3.99026338961946,4.03765923362057,3.80362003807232,4.00872863939966,4.22161513409563,4.07401763327894,3.87665189409992,4.25908590671683,4.25017155204911,4.18611928797803,3.9450436330799,4.43857915756655,4.2714224935358,4.18003627162026,3.87758469598321,4.06310032271247,4.50921316325044,3.86212915693439,4.40099457354842,NA,4.94596410701709,4.69860801297771,5.20569653403621,5.4937581019648,6.22515320129823,5.98844702929641,5.23838551276991,5.04560615263676,5.7443053582638,6.42798494021511,6.51580650725326,NA,5.42920789066099,4.74291028489415,5.6046254404408,4.40516979632201,4.17282110392041,3.71793889652459,3.98185180479833,3.77671747525706,3.62577998599039,3.54890831371311,4.07841645406769,4.05572864111348,4.20855857942467,3.8954863773169,4.15881415174222,3.97454957051195,4.96826469729448,3.79817785815908,3.22972705176981,3.7433143849538,4.35204362085217,4.59348595870912,4.50365968137002,3.81567910379763,3.37711834264321,3.37650698077836,3.43029528629235,3.61937567273619,3.49938608876418,3.70566086403499,3.5002131754015,3.58565542833233,3.49072624248638,2.88022879773708,2.93867253133219,3.58120971945375,2.79293575502617,2.1601540400499,0,3.2751112957059,3.3852805021493,3.0980052628914,3.29836048184674,3.53531718460004,3.71613617023558,3.91255413596711,NA,3.46440479123896,3.44031742252739,3.33685656703835,3.26010897421504,3.38599481705792,3.68124356890445,NA,4.20787552472473,4.48310692878005,4.25804019183313,4.30799969823842,4.06285024602293,3.96299166390617,3.56377032369291,3.77273196759688,3.88364784647414,4.34142004713118,4.34510159194709,4.64302904890919,4.36743068060841,4.23361009005971,4.0776798147495,NA,4.22744745029029,NA,4.58777977574119,4.63561864828043,4.60067663633964,4.7263829079801,5.0658733413488,5.22435651146913,4.75090944890398,4.41928076438691,4.25489895162461,4.03584334365388,3.8167204871793,4.09963819107161,4.05398486482119,4.48364605229063,4.72475190894682,4.06451886510101,4.42483150720172,4.17184783342718,4.62739367273572,4.71011980980676,4.18129576118718,4.53058761360125,4.69245267581867,4.47566323220231,4.10441130940592,4.0819550768459,NA,4.49808827089073,NA,6.31992033459297,4.98636878533008,6.35270788336715,6.56129337174007,4.28013129946474,5.50875996031527,NA,5.03891381968461,5.99810269062598,4.53065553801011,4.36613513601663,NA,NA,NA,4.44679819438803,4.44249799267684,4.03343399140853,3.97852317607932,NA,3.94966165765524,4.68178708899222,3.9780669159491,3.64831388683738,3.83775299286856,4.21468587425648,4.30145329365433,4.03998888722456,4.7575497736471,5.4818319232505,4.46483418630023,4.27485314444707,4.86733905950365,NA,4.29736674214991,4.77339993133973,3.86562178274656,NA,3.74072486102938,4.44868707312666,4.16988667359616,4.15942821053065,4.42819388810264,NA,NA,4.26086080499815,4.49718225545438,4.5335124098874,4.46346579132612,4.51796463223616,4.41105277428269,4.24356966003847,4.31357539084677,4.14776120520554,4.17428873615371,4.18848599258812,4.35015445915109,4.58523445436136,4.80935640059853,4.86225135492715,4.49143092556997,4.73715082325138,4.80610045191975,5.16129582545285,5.32515873746748,5.08071449195568,5.04362502515053,5.58933624822554,4.9255667426191,5.12375854549634,5.12653126881806,5.02375432157366,5.30183366413752,5.22393578430283,5.57244440995395,5.34726120952283,5.21599552654836,5.9569151852099,5.23845748878513,4.69639009639079,4.86963489962414,4.96712269649884,NA,6.03008710625517,5.46611167696961,5.80161004356285,4.96892264264707,4.58186592307306,NA,4.84573922676834,4.53017213639025,4.50410851987843,5.14495759252553,5.23137808382863,5.02618469331295,4.22383726735627,NA,4.79826750695207,5.11706568826595,4.74445270062772,6.42471211829541,4.7853430004066,4.6028893099336,5.42898066203466,4.69703555704056,5.94632076469375,5.42707630776982,4.3162659290141,4.88979586132789,4.61327514138332,4.37751486150903,4.29901208613203,4.50024021633941,5.47841908999279,5.01154685310447,5.1854277522296,5.44035016018036,4.9094070955251,5.27417292701493,4.84220352840038,3.75370944166146,4.08213217596671,4.03012525312449,3.89770978173852,3.92714395712366,3.94513769338218,4.09143235737017,4.17037356014176,NA,4.20775333988233,4.3836777809607,6.03854675731665,4.31933694613029,4.35264047879507,4.26853672396054,4.54382504470516,4.42396336054041,NA,4.59849558334108,4.89638995403679,NA,4.80457645151708,4.85033970277274,4.82920405319723,4.81271522175278,4.84776052972161,4.81812678153108,5.10821311891478,4.94061628919279,4.85262985269584,5.62475030640469,5.29585544179502,5.01302342198691,5.35426869222878,5.51897194641678,5.35554960057782,5.51815480199928,5.63690127752637,5.93020136232386,5.68539035026269,5.27906428687175,NA,4.35916311977194,5.6902899480719,5.48688983319444,6.47313224044978,7.15335097719025,5.62960040705936,6.31838518699761,6.3206658939838,NA,5.37911706000182,5.9382981002765,5.82691757426331,5.51859957359261,5.10016964381874,NA,6.27478019154232,5.90916575014387,NA,5.76338813406467,5.27034027707419,5.1435186274765,5.82806416943647,5.32248872126083,5.93207489675049,4.48098146994067,4.61265154451384,5.04267216474378,5.27583428398535,4.86843061995947,4.74303315630347,4.66583797108624,4.56342722240824,4.83821268449776,4.00399128112204,5.36068304179856,4.66827450886348,4.29798317951657,5.24630034011823,5.61876113760185,5.4038510740806,5.33209153275636,4.76517411925542,5.13143128856237,4.41316366963382,4.50835863655709,4.38851406804177,4.10534997956039,4.62489185448313,4.03169368500038,3.90749495557651,3.91813227712636,3.85986860464355,3.95816968381023,4.17529255522594,4.24546985913258,3.65654223446227,3.91240988299681,NA,3.9710162948745,4.07163559757205,4.18107017469676,4.18911011366119,4.23924061809765,4.05650621890413
NA,NA,4.27595803835762,NA,3.60303607248039,4.06416496188051,3.77523305599203,4.82622197561501,5.15866726551775,4.19879752595506,5.1678249292312,5.37944144714497,3.63666178535711,4.49539111230892,NA,4.22880325975215,4.93970053523683,4.4366175611627,4.64522731026897,4.83383501694928,4.2434691630998,4.43385853453134,5.25891741555115,3.68602390870245,4.39282512248722,4.54261687085378,NA,4.38691399068215,3.9790678696049,4.5180947437323,3.62908350386663,3.89012696549874,3.96738013653157,4.15963456272514,3.97555533007562,NA,NA,3.89033584097151,3.96728543294253,4.11508404821612,4.07507936379772,3.8671392836318,4.10429042384993,4.02637857998637,4.51004624537793,4.06073130484221,5.32077412805589,4.01461129312013,NA,4.08962048181773,5.36933309860749,4.61417857820527,4.42543086430242,6.28135893391971,7.97893232767441,8.54449490702386,5.88365451133833,7.0208445139469,6.09058959533287,6.01725576945882,6.70514486721471,6.61075363486253,5.73945055638469,5.09335338990059,5.64041777081318,4.93606277332653,5.81894766302626,4.05989940065709,5.02449809311675,3.91924307156295,3.94284120152568,4.09026566687461,3.16641070090823,3.05390922775803,3.01324691371898,3.25007310123783,3.39467032111665,3.55868885673982,3.4179360433652,3.10916273529288,NA,3.08823722475414,3.38359457762665,NA,3.56233356951186,3.8426703008959,3.42559625215319,3.23021358844183,3.81142392226848,3.32195393081187,3.69303307803772,3.38220119812608,NA,3.65284164819496,3.45570393096331,3.33738208165781,3.97267795443935,3.95365660026484,3.90548164863104,3.66220664066591,4.64566017829044,3.98804560553469,3.67242344759144,4.0876144028271,NA,NA,3.85230960945893,4.98186300288801,5.19879490142656,4.83717100384505,3.82245586913255,4.47291197725913,4.53300256466298,5.43573655315548,4.0442355694465,4.65483845386175,4.44364096602523,3.83882929556262,4.57642953889361,4.59903104064588,NA,3.64664646182129,4.19558032975924,4.07852748377927,3.93428926721738,3.36423270772258,4.0155517575395,3.96197378550263,3.92297124719935,NA,4.68506455276972,5.01024942267137,4.88655850951081,4.45677508527178,4.28461861502068,6.42575172516271,5.38604111591269,3.8916362210101,NA,NA,3.77404773801095,3.89908486339262,3.84847737599758,NA,4.4221593028497,4.42939494910552,4.19532572765582,3.93778799301291,4.6253537829882,4.41451092982612,4.43428329526402,3.82502184851467,5.5068243323072,4.569694877611,6.7178834039714,5.71335118097437,4.36712959718887,4.28945483409932,3.41739411417395,3.30904887187837,3.29410966543838,3.23475215427263,3.49871820533163,2.87269990474503,3.15998364401166,2.76729820152908,3.16351765219001,NA,3.62170145164632,3.56765201075407,3.09197168510193,NA,2.66458624241991,2.96195836891667,2.93905244037661,3.27983587826928,NA,3.06273268808867,3.33528766849621,3.23146858613065,3.13024116164466,3.08968201515765,3.40281124219363,NA,4.29338012926788,3.24143316839774,3.39072629023263,3.1252391741292,3.11401078926533,3.46764645249421,3.31700322841044,3.13474740670539,3.42424187587456,3.26744686051492,3.5005303821446,3.31268425639371,3.468092355711,3.80350903565295,3.60237578660509,3.42927463940573,3.9814177591616,3.74110470226247,3.94402287196109,4.00303922222385,3.82475528457361,4.11160847730221,3.15484163399071,3.32370195217991,NA,4.68041118309798,4.23339970168461,4.87468654465746,5.05713769519152,5.94827634975981,5.7620128939305,4.85768753568067,4.59939135550314,5.5014885063464,6.23778643751563,6.36081794651383,NA,5.11395459958675,4.23253327691667,5.36244761021183,4.12437080600678,3.90480764013462,3.79025448912038,4.21765813660189,3.94089668175393,3.39792642642494,3.47799108187123,3.92665617259615,4.05364792713325,4.21395855141982,3.06287681205459,3.58698842648696,3.92131801714752,4.42577514775643,3.27769557135603,3.69905940883923,3.60408831371016,4.00997617775065,4.71610106686844,4.60384386816732,2.89773195775496,2.6743479146845,3.02382676511911,3.52416244173804,3.92585754239432,3.53608452786586,3.55751947999664,2.74772116166291,3.43321992854149,3.21543818746455,2.86681762310088,3.08805920321075,3.6746169785679,3.12193712986666,3.06054589897329,3.2751112957059,0,1.60867726789737,3.07791120513052,2.56214996592257,2.88992424514384,2.47656533344536,3.220524945662,NA,2.81493699311731,2.80537636434516,2.9779993557287,2.50062193030659,2.84395059763905,3.35123230880137,NA,3.73102250228675,4.09035937839474,3.67229447843658,3.57544705813025,3.48404486310037,3.70053259460101,3.44360349548793,3.4016183922414,3.43004042614295,3.42002063537743,3.38413523284401,3.86597180257967,3.87623487372008,3.86175315789388,3.17752015446671,NA,3.47729507710181,NA,4.27315781042345,4.47752458815488,3.9844968312206,4.14808139928025,4.51086345776277,4.73692996141671,4.3061578005464,4.0196687086666,3.6219618052873,3.49507472474729,3.3678711461256,3.2435767746315,3.25129733066426,4.03004648363444,4.49884285441105,3.62145984691513,3.74977210035469,3.66369152108892,4.06797997701411,3.99371839424933,4.04999781357762,4.37049463181899,4.50593414799116,4.07475739405481,3.62636400903816,3.68779846937355,NA,4.2957012693758,NA,6.47712275506083,5.2449280410121,6.45922308432197,6.69398458432014,4.0638532589429,5.49752980412324,NA,4.63029868963169,5.67143718121036,4.48989337429355,4.23063655959553,NA,NA,NA,4.3569026155434,4.29275616407274,3.9875050120434,3.66921572375831,NA,3.40747291360352,4.51216788037628,3.44811731919745,3.48761342590808,3.62106190348535,3.99516656015477,4.21157594189077,4.08042107734388,5.03400644775714,5.22662992393965,4.44415034791349,4.39523008390752,4.56240595035747,NA,3.71149891004731,4.73907212446239,3.50846709708577,NA,3.29429442845962,3.7154499374476,3.58827459065948,3.67855895597312,3.70041537365244,NA,NA,3.53244181946657,3.79429282918079,3.73691324658178,3.70546928758148,3.8234513479171,4.21505812391587,3.80189894548848,3.71128816244153,3.37794022136324,3.60029759331136,3.53504942716439,3.66143668816873,4.07849882821044,4.15168822105445,4.33224901298911,4.22161696996973,4.2153263728337,4.18254611732118,4.69121973698752,4.86068653185799,4.58685550711886,4.58117558899133,5.17175602733104,4.61767058025085,4.70672275314271,4.7321619113383,4.61469877903137,4.88672310314288,4.70593231681557,5.12092657021976,4.81589856871856,4.69373768620096,5.57641374854052,5.04393006039568,4.38084600432267,4.56506924315361,4.67614328325973,NA,5.71556065733001,5.2671530304553,5.65588835878402,4.74746990472931,4.37365833833758,NA,4.82866914433103,4.38248561858801,4.32027554782711,5.0451249736979,5.17058465223694,4.93143845894471,3.80441942038713,NA,4.8652064172556,5.0807833136296,4.83537751852346,6.56613433625407,4.65594375262209,4.696740358598,5.61286713334603,4.7628184352192,6.13440501826019,5.57888401604655,3.91018417358292,4.93788036824418,4.65362563971932,4.59890630355488,4.42447816792968,4.75860538076511,5.50483788639832,5.05082994430399,5.15152890530107,5.45259169841212,5.16813029175318,4.89178065927462,4.61351757627692,3.59833622158713,3.82065713647681,3.8391124284887,3.55496451317718,3.44700618849323,3.59039417040245,3.50058223748914,3.63253019198233,NA,3.65306169001652,3.82156473763864,6.02514078871234,3.39977711544548,3.61603383517223,3.64094033315224,3.95087094141588,3.36582193055234,NA,3.76962800109268,4.07486000682782,NA,3.84098052400841,3.76872911799663,3.65035509640338,4.1459330376541,3.9230329639453,4.16335660917632,4.37893697760339,4.21914013797005,4.09179873835623,5.09202435152376,4.68142851861733,4.48051466514551,4.87829848068117,4.95277100852827,4.84467022460221,5.0854969808809,5.22838922565469,5.57041078275034,5.40295421090928,4.68960185798085,NA,3.76623104389361,5.06085937374606,5.02447185437906,6.077221793455,6.7501211738306,5.19588479131277,5.90042695717295,6.0480519139446,NA,4.84825485395776,5.42712454000085,5.44817573894058,5.14746923670959,4.61471457165201,NA,5.86233100543903,5.49540448342971,NA,5.33943603790115,4.88822469186681,4.80989497311739,5.52789730754096,4.86649885603085,5.70947470693738,4.56295212014829,4.40696970401041,4.92585606353749,5.19731114586845,4.785246893402,4.81001730334964,4.7321538185924,4.51178380046755,4.74837228415187,3.48575482602025,5.11326069165726,4.34067994859358,4.15916175187336,5.24267049663134,5.52964249711133,5.43056561028185,5.25007564331086,4.62441865647338,4.96229118311719,4.24168080008479,4.516914516517,4.1521426183838,3.73411328183081,4.37504242258143,3.80765356925153,3.62459062575449,3.89395357155159,3.61437476534742,3.39563132659353,3.64682917099678,3.9008162088586,3.2845691051806,3.35569549634919,NA,3.45168225875845,3.4286368134267,3.39701186831037,3.41501964429882,3.61118962000049,3.48447324000568
NA,NA,4.32932555149322,NA,3.63215967345172,4.23112233227053,3.90981325762295,5.0162042093664,5.34568096497403,4.1798444466826,5.16062782778247,5.37150643938903,3.59305387201031,4.53033215084947,NA,4.38335996186634,5.08796750265216,4.57762556938123,4.74903227824832,4.83811894462703,4.27403576283562,4.54465288374726,5.42446043897445,3.92336303621372,4.63259403074132,4.63205350957586,NA,4.52524787880739,4.23005539183309,4.68252435507112,3.78379969156244,4.16601412295337,4.23023717964373,4.38732200589877,4.17563824807793,NA,NA,4.07346023313254,4.17707910890861,4.28454876906302,4.24136161174171,3.94932080247202,4.20667261688337,4.22311923422541,4.58905487377108,3.99615211847742,5.33386953081992,4.07371087739568,NA,4.160542579407,5.44079200914632,4.66584117523757,4.42976508914306,6.28986504464195,7.95870693400573,8.57156318926882,5.89487769198709,7.01724607673053,6.09240817535676,5.97221611132998,6.62032956457157,6.58220459129645,5.69124852103032,5.06776849580857,5.61742225702483,4.92249563903552,5.7618056057492,4.15456493526352,5.10753691385111,3.86145529459348,3.82206014709472,3.91305578981739,3.20616430000756,3.18193522250902,3.18541703485323,3.368428944304,3.38429473334698,3.63877289927707,3.49772053200645,3.19473269401232,NA,3.19032866672294,3.35115764439814,NA,3.63165842183645,3.80701281302674,3.55257887955574,3.3799494641773,3.84771792190933,3.42495704405443,3.82234360373197,3.50110661828351,NA,3.89092063238323,3.50422632876882,3.47435248903869,4.01513064349873,3.86816446056215,3.98732293067138,3.77550369940616,4.7895212445328,3.94695328499022,3.78321465496535,4.20988302316571,NA,NA,4.02815020679471,5.13560401182625,5.34222293708332,5.02738771448229,4.00160553034819,4.69429448921592,4.67505668603416,5.60573987579877,4.1440928895723,4.8957155614727,4.58927877936481,3.98576574321933,4.79974055380514,4.79226616296414,NA,3.62879267629505,4.3022496590156,4.08273510083669,4.09671960636073,3.62831602624552,4.22353359453668,4.08239925919568,4.1519993154649,NA,4.80426352621087,5.09086140125178,4.82972403727663,4.54057062501298,4.34449091680917,6.46529587144122,5.49749861721262,4.00930189824519,NA,NA,4.0288737723983,4.00164536408032,3.89606736263763,NA,4.38294563124487,4.47709649783928,4.17551992148641,3.98158258367479,4.56798686147829,4.44941306484996,4.38766002903409,3.90213843920996,5.64114408863975,4.55762209382766,6.72677669227805,5.71613881661994,4.50710718781343,4.36830184777395,3.54987780159629,3.45192564082875,3.34047642761844,3.29537572637177,3.51442094875353,2.94300517057115,3.02338633042474,2.76478454862263,3.29946212431406,NA,3.53228392489349,3.47267695165839,3.16036556999685,NA,2.86093417870983,3.25980547522497,3.0608541230977,3.20369605217536,NA,3.10223510351399,3.31603922929088,3.33145397656207,3.2503248203521,3.39853918527499,3.46953641496081,NA,4.38468978873909,3.27589084556188,3.35224787763896,3.12074998889295,3.23400983797359,3.52819525527451,3.23839959032853,3.08749111939882,3.33777674536617,3.40434590642582,3.53614325262748,3.26696818022179,3.5523047534654,3.62717398833812,3.54570521651348,3.4537874981095,3.87925975480715,3.65355995425536,3.77056380985295,3.89298421198097,3.80287113745593,4.00985689179018,3.24032833999291,3.52098905423177,NA,4.71396381242028,4.32404607204062,4.94643293372763,5.17647144286973,6.01057758711598,5.79727175190533,4.90629064829948,4.63071162372576,5.54333236554782,6.27499492148167,6.34689437379553,NA,5.1877153164311,4.29683215404116,5.41539544305409,4.20564649801796,3.95567951713085,3.84555126462124,4.34167418163596,4.13779383793967,3.43078726045733,3.4209359506716,3.9825367373102,4.10762903836813,4.42450084386836,3.26444788482726,3.58962633745112,3.84569434668983,4.5190773976817,3.25205068461108,3.61589810997749,3.68310668259336,3.77720984906949,4.73084922495565,4.62072140063571,3.03977402997178,2.93059933556587,3.0207720712716,3.65622013855459,4.01601353941011,3.57237638892781,3.48024169710259,2.80615409682092,3.47603562323526,3.34591710285006,2.96213039075625,3.21619024791083,3.65101701248723,3.04326145342951,2.97606626069196,3.3852805021493,1.60867726789737,0,2.98599980891522,2.78823887158781,3.10156720969264,2.5273418369534,3.41743821577673,NA,2.84216691192264,2.9117469076173,3.07707725917543,2.632425126077,3.05155800976964,3.64054770876969,NA,3.87605157865466,4.17783688229293,3.89736454187813,3.78799917662975,3.61257287717946,3.69343000928815,3.34728798489341,3.40727150777127,3.53483787282798,3.63712908835976,3.56146057390841,3.73645761337964,3.95014766188783,3.87228178544774,3.26015130883717,NA,3.57076880900878,NA,4.26597540963322,4.47117233917976,4.06966954205896,4.20240635554069,4.58872151617366,4.75933956694982,4.27136191992668,4.04900708606277,3.66063846174396,3.63387777406769,3.51225182982262,3.37360464331546,3.53028642624662,4.22835953836939,4.65169238612943,3.57681566135727,4.10882680672967,3.92812809640587,4.0677738998795,3.95411730305054,4.12865424885728,4.41147552739982,4.71010040592208,4.19919510090787,3.69912067138755,3.72892010533976,NA,4.40828143375897,NA,6.55842120620142,5.42614499850633,6.50868253612798,6.80933438692193,4.25437849974444,5.56567601850454,NA,4.72603839162231,5.82758046345767,4.57756342981389,4.34640279510679,NA,NA,NA,4.49473792600372,4.40926732407626,4.0179759520152,3.84830628116634,NA,3.59022072196757,4.74527786169587,3.66944520018748,3.62195481838183,3.76221916819589,4.13015758694935,4.31159515000376,4.11517902442625,5.08730669915668,5.05143787497516,4.66446812928154,4.47294184270243,4.63384866176557,NA,3.84970245857992,4.84539321656624,3.54354662802829,NA,3.31797778323261,3.87324922092442,3.63170568399455,3.73388833682454,3.73222866381215,NA,NA,3.72522855771063,3.8392305008049,3.79273615045383,3.82820029717739,3.91622004651767,4.02311126057331,3.696645782964,3.76036434154688,3.39818553667573,3.58390867111106,3.59216512927758,3.70022113748445,4.12701344121168,4.28023936786149,4.3452265925678,4.2004002585987,4.26330640912298,4.31478134927129,4.76246824356028,4.92110170666135,4.66522401573692,4.64123448720873,5.23995703219932,4.61781396732007,4.77456631763469,4.86330116398948,4.72887477304396,5.01479105452505,4.84543486926288,5.27158705118502,4.95361930893958,4.76854786626865,5.68278182120795,5.20371713439156,4.4152661996465,4.63567953575672,4.75608913708732,NA,5.78927399706829,5.34132704762385,5.69466235093116,4.80225064601598,4.45402458580771,NA,4.91515284380133,4.44216754825628,4.41373143984071,5.13220411103241,5.25286665174657,5.03423157441383,3.95056049048359,NA,4.86562659887239,5.13518956808732,4.86922771701664,6.63320988195876,4.82748394253009,4.75111415494783,5.65994968237997,4.78422695990368,6.1208912206343,5.56934718761074,3.99515034850825,4.83475743232633,4.63902581433626,4.61026640544278,4.43517974474757,4.79505684683371,5.55694335542938,5.0535627807211,5.19935025316158,5.51165701236483,5.1671113852455,4.90681934616404,4.58675181801955,3.5080054318994,3.8597936099067,3.92539509999122,3.69711545398033,3.46397889842644,3.67577298782844,3.57106652381489,3.67648683741002,NA,3.70151954077792,3.89775545599836,6.09216194337675,3.51203181328732,3.72419369089908,3.72410869446303,4.02161188892203,3.57390281667788,NA,3.91736815441068,4.22268867730961,NA,4.01137520619909,3.96877227318083,3.89638581099628,4.33179686975996,4.14342383005141,4.3250078357844,4.55455121627521,4.36849758640265,4.29945744553749,5.17693785957516,4.79080433800965,4.61606865909861,4.99138742673201,5.1146569890912,4.96841163147923,5.22414129777435,5.34066825558277,5.66994853697023,5.53068121839252,4.85409625062785,NA,3.95337323920222,5.25358132799998,5.1662376636895,6.20355918873615,6.88498704242565,5.30507881867788,6.06461885994689,6.1400270135993,NA,4.99719696003636,5.57664746683391,5.55260067181415,5.28496877915819,4.73952983079877,NA,6.008322503452,5.6224189663099,NA,5.47951957105963,4.99646310716992,4.89623417723247,5.60535782422833,4.99523101926362,5.74949796337826,4.610912723566,4.45273832137264,4.92751284655612,5.21718003891368,4.76047658542985,4.77698654214362,4.7250306364724,4.56412830519684,4.86871097191849,3.61960753207476,5.24129058354571,4.50486208811317,4.18742558623046,5.29664214034863,5.62668415021897,5.46696859047664,5.33297524364734,4.67955915023793,5.06109587243262,4.36030164521476,4.57326205748662,4.21694877767227,3.79792643052687,4.48768242619926,3.86968264781613,3.67965138119995,3.94457546151701,3.71732370835505,3.40432599486748,3.79414308372025,4.01302628457896,3.26866582718869,3.47964083172322,NA,3.5811851516608,3.578929065175,3.48201151480105,3.47818618719514,3.766222221963,3.55764725590377
NA,NA,3.94028046616667,NA,3.4077304443302,3.85815235206817,3.1323409806195,4.65571950914716,5.07738287230224,4.02502781386538,5.04638811277919,5.21017362308192,3.04661581560765,4.18008875627406,NA,3.96114378057506,4.87118393849092,4.43785055495649,4.37131703188208,4.53211145753481,3.90024164365004,4.48696643926006,5.12542643179254,3.71273084835257,4.39352900432576,4.38073698344797,NA,4.28696626594315,3.97998557979053,4.3968374172436,3.5959926175442,3.94868139370908,4.05683011696595,4.0514791589249,3.83684333715812,NA,NA,3.59402794001385,3.85295147059291,3.98370344842336,3.93242307932728,3.58042938701283,3.83098464862258,3.96614433882991,4.13344475934161,3.42839686507227,5.00622096704961,3.8553921162619,NA,4.0050516721353,5.25064095622211,4.40207660905604,4.30527775878368,5.9675573778888,7.66579325198247,8.3021266561922,5.52831197623052,6.6682207215425,5.6872639453904,5.55357307455922,6.18010149830944,6.12481077074106,5.28841435645557,4.67001907297021,5.16591935566466,4.42992160987374,5.43832992258594,3.91568406311546,4.49783087682805,3.4365313784069,3.48556772673101,3.43258261483204,2.8638835444121,3.16532629138706,2.86937637806108,2.81518597097469,2.86516618666029,3.40035890522323,3.21251556993482,2.99986837239222,NA,2.7709896205433,2.96092076384516,NA,3.09954821474214,3.27423136109545,3.01780122755685,2.90722394512554,3.11992194580956,2.8785100529,3.28114130175382,2.9118751734405,NA,3.40209598677061,2.93120115103942,2.97965779666709,3.61383617161247,3.33999376244971,3.33122814164823,3.32334996249999,3.76815560287871,3.16330475974631,3.51105324811106,3.67343844271649,NA,NA,3.79532338246041,4.74816358181499,4.75158428766064,4.448509486982,3.56309385403688,4.51839791666481,4.39646039155278,4.73026563032034,3.83984929636722,4.66174024274782,4.45181620574187,3.78677666697817,4.50776860823602,4.69892366244886,NA,3.83379229509781,3.93231924047276,3.74622712031315,3.80977889550497,3.19720507273823,3.81371987199538,3.68654537688624,3.66647655254562,NA,4.26544104120528,4.66169088921583,4.60965669210194,4.17078701489336,3.78425754574292,6.00422789414977,4.9851294057763,3.80762649985116,NA,NA,3.80957785298078,3.71326996287455,3.80631084374329,NA,4.11639690682363,4.17262721436885,4.05494504716518,3.73003544004447,4.29343079273694,4.10351727352173,4.24824330463444,3.55930762254729,5.48990395441357,4.21118304983748,6.37458771964926,5.48340318768873,4.29401215521327,4.46262353376382,3.6894790128019,3.3828818000111,3.61813605610826,3.2163226691305,3.47398746074205,3.0111951795049,2.98615887687312,2.96527715763982,3.30424612540303,NA,2.75908572363844,2.87689777020794,2.67499230351227,NA,2.74363439359124,3.24627069675582,2.68185926777251,3.37072570049021,NA,2.90134555450363,2.53643296703316,3.35047147626006,3.26780060769277,3.39232268793514,2.92001665114514,NA,4.07478555784077,3.31007806404248,3.05991722807064,2.97988599202138,2.74181270148282,2.87470105361017,2.73266920672933,2.63474487717139,2.75358979718991,3.1683363062597,2.84379695046827,2.87341488342317,3.36394788646748,3.32070607056228,3.38302659988637,2.97048925292313,3.562414587808,3.02476315360339,3.63025135046751,3.77670822822148,3.16854926323181,3.81068886685418,3.19547232052826,3.44616097801303,NA,4.28283843164429,3.80649383410934,4.32516982786356,4.54502903948533,5.46290164649432,5.27253023114363,4.34781671531367,4.14011299853594,5.13044242028055,5.78964413914477,5.53268984181428,NA,4.73576355621291,4.00983179540551,4.97365101214477,3.92487266869983,3.82073562321829,3.47701148207408,3.82140422281987,3.76890557996664,3.46183220754088,3.64291103819266,4.02067585872709,4.04864350258487,4.26787722557951,3.51623356605035,4.08561452975954,3.97751579270924,4.52477863301939,3.25879715379318,3.36608900604952,3.58022519828348,3.86890037051882,4.57531533980696,4.17412102526853,3.36379448160437,2.92001003409854,3.34078320414953,3.30074904637683,3.42864094784821,3.20831912987979,3.22490561543877,2.97119304413616,3.3406486934539,3.35115198287738,2.93459386938427,2.99172335506729,3.40732818248945,3.12170003852501,3.13911176337709,3.0980052628914,3.07791120513052,2.98599980891522,0,2.83780361398684,3.12672835486829,2.86413157015337,2.79177636762526,NA,2.5065568339667,2.01356129303918,2.36000032339318,2.66497758160948,2.68356345581709,2.85234795314296,NA,3.80221967238392,3.81458670810118,3.86336756510989,3.77943982620805,3.78175879205786,4.00362464263206,2.99934571123122,3.18645658576968,3.29722102010774,3.54200065771695,3.60630882241115,4.05854552628637,3.79914368354082,3.63547082550539,3.1603635403432,NA,3.37141496738052,NA,3.97845225483486,4.10650564781812,3.56529376055903,3.66970578043971,4.33124867211131,4.41936340225715,3.97855942497772,3.7570213550032,3.54835682796074,3.50406208769226,3.29398972872108,3.46239671120632,3.38914417143613,3.92032375020589,4.07487915194132,3.65539858728952,4.07315994213574,3.6777568635523,4.23259378000186,4.25345689523202,3.66159088472144,3.99727608579305,4.19503811361243,3.86919207469623,3.42292877142143,3.81428821807877,NA,4.00744030572287,NA,6.21803489701224,5.15659714910925,6.23199778141284,6.45995845624148,3.98936471707811,5.27765327951749,NA,4.36546929253803,5.39116506413788,4.02814720890069,3.9307400635792,NA,NA,NA,4.06989190363147,4.17844465671029,3.72866936059084,3.56451372104668,NA,3.45091749187773,4.34515614331566,3.50853406188421,3.44526576908984,3.39045408322476,3.75564837915037,3.87425472977132,3.6120153266606,4.64167618114382,4.91437841863718,4.07937535600935,3.8120687257125,4.18852313811454,NA,3.5850220161757,4.3242334672879,3.37375668405749,NA,3.04237724442299,3.48358277388367,3.37925682337923,3.3600229806817,3.46583848037623,NA,NA,3.48939558584373,3.56737751498103,3.57486090310397,3.42073564632714,3.45577584466814,3.34929767354709,3.06435700325414,3.31783988352699,3.23475421092893,3.11107220372788,3.09072873702226,3.42890425993415,3.56942075741311,4.01871414566698,4.01625724788598,3.77235605452606,3.98181710355259,4.20559340457913,4.33857905869101,4.51320401575957,4.24623809415986,4.22695807736561,4.84824587415424,4.03781907059485,4.27655859425394,4.18513660558934,4.17325304058257,4.54639789456592,4.45003240872964,4.87673385310972,4.59675861202776,4.42040651801072,5.35095852063172,4.69950334683698,3.97833155736826,4.20487876718423,4.19625828539735,NA,5.31631861604288,4.8535915625299,5.27165830866965,4.25232531036049,3.9561049359225,NA,4.44913666034348,4.02542909349676,3.95610690870271,4.78468781755253,4.82148839411196,4.63657325572027,3.5486047438493,NA,4.37359115379162,4.64944141543765,4.34413717368352,6.21056805714483,4.39173352282858,4.2029629395187,5.21422968441465,4.33008623831632,5.68248819188565,5.04839060329015,3.54108521060739,4.13746430595747,3.86236152333954,3.73242064362904,3.71856974002593,4.06353084024654,5.03615987810889,4.49562348635146,4.6321846083254,4.93141377417485,4.51361335362331,4.50177650527001,4.05252707894827,2.8738707028759,3.26182081898317,3.3123830649446,3.11847935823257,2.82661788150806,3.05906673394613,3.0407733968951,3.0399989155747,NA,3.05769477001111,3.30146241544728,5.580834945934,3.18314409094921,3.20559327166894,3.13196942200876,3.5588539873616,3.1999063596955,NA,3.45799606387122,3.84303809651616,NA,3.70525528671774,3.76045105153939,3.71641032286242,3.76745176172521,3.74843210550089,3.87407053306457,4.18074590965897,3.91679507103145,3.78271978940449,4.59966042588298,4.17014677314199,3.96488170517639,4.37679161734728,4.58856477910968,4.44697056725909,4.60715535099406,4.76644574314046,5.0830246790856,4.97103131844002,4.32006381540195,NA,3.62374789057078,4.79963863452176,4.63548112451737,5.77705548055178,6.43342087246402,4.86120045930883,5.6171219725815,5.7082949008949,NA,4.58149755942926,5.21591224457579,5.06629166576378,4.74581219899955,4.26506865885655,NA,5.65692669859739,5.22408008802979,NA,5.02026420485591,4.58524699451129,4.42526545070931,5.21157762689743,4.65229976454088,5.28832561040026,4.19989185335527,3.86935710081964,4.47558950268456,4.72883415113408,4.24486293439735,4.11624550063052,4.16376809420845,4.05963474514189,4.31515901872381,3.23504569362482,4.72708872791599,4.10514514967512,3.69223540273867,4.78977964103668,5.15208130161246,5.00277296189483,4.83044231167836,4.22372874419234,4.59664261939421,3.87237766287404,4.16378337524468,3.87436813022116,3.31324899200723,4.01140475063412,3.3339994615414,3.16958202124785,3.37377330354111,3.12977940702936,2.93313840026298,3.2655070934573,3.42396183060167,2.74082259881021,3.01133134405641,NA,3.13527357134945,3.24733868604072,3.22479328685318,3.22083115792133,3.34514532019633,3.14507586834851
NA,NA,4.37432178408148,NA,3.85460419672264,4.19786107792597,3.81243581434823,4.96709234633462,5.23817275954855,4.19578490263902,5.24566952721903,5.39082767358849,3.58478249576495,4.42942997221317,NA,4.04445167325785,5.01500230636602,4.48167164372765,4.0732567650556,4.53052429537445,4.10109698311794,4.52272557124258,5.22497360916618,3.731588568211,4.43855170896879,4.65987899980617,NA,4.66937616826401,4.35465250296124,4.59334322301284,3.76535582482122,4.26136690155861,4.40448695795087,4.45150978640387,4.27235069981826,NA,NA,4.08796330293353,4.37277698373675,4.48512496011114,4.30367245622382,4.06392490162175,4.29055345241325,4.31877577306466,4.58762200004733,4.18892714390853,5.47905114460891,4.36774204307137,NA,4.50767694359893,5.64246911148964,4.8226369925623,4.6363329885125,6.34384814259309,8.06126661582723,8.63229031066451,6.06847514009208,7.16572903242443,6.23182812291324,6.08173893441748,6.75125402984354,6.72815725828703,5.86162196785852,5.35698164327716,5.67340044783736,5.02963644872599,5.8424173419327,4.26725017713289,5.1742366605033,4.14643546087074,4.00930344361431,4.18684792865602,3.28390424304446,3.3621227919313,3.18532748597615,3.37824931601577,3.48418967657941,3.65238970309756,3.60114609429047,3.4455144368076,NA,3.19960329216905,3.58340869471463,NA,3.54419348873456,3.95470414235859,3.36704613812771,3.37981919275656,3.85527552077199,3.32279733826386,3.73322332155404,3.4432730569018,NA,3.44443664621608,3.41900645347913,3.42771186531872,4.12200619386013,3.94890872285379,3.66678312807044,3.48411211076343,4.4990602082323,3.8387551126389,3.81877570622306,3.95489567429123,NA,NA,3.76303361119842,4.86412592021762,5.05008141148635,4.69391423128961,3.9141629832896,4.54943520093452,4.56490582553717,5.39495443610678,4.1289487676114,4.83271997038165,4.65349872811329,4.07310829654325,4.78008089909876,4.87491930434301,NA,4.17945066934064,4.3989942482853,4.07949895893209,4.12809241593764,3.65808425662529,4.25709866287715,4.06574998769066,4.06891910149176,NA,4.67539177066561,5.07819838466625,4.99549421578974,4.5994779762151,4.31811725517511,6.36685849486403,5.39543068544621,4.09252140211288,NA,NA,4.23023073707007,4.1625314950678,4.23291664743118,NA,4.62358884082266,4.6717115713395,4.47437000142383,4.16435384597901,4.71801694337663,4.32080461101339,4.56180121922338,3.85998023416615,5.66370104802908,4.7680684160798,6.8571560889781,5.96062907578809,4.74881009945571,4.68328979365356,3.82475398647552,3.70399440128249,3.98612735182476,3.49697790905998,3.66404407902181,3.05204497204533,3.30148521050771,2.95815986080881,3.19633792143245,NA,3.6560419988581,3.43121757111385,3.23601760475694,NA,3.13818283396945,3.24251628227797,3.080234473966,3.34689901230547,NA,3.05248605217951,3.33603675600293,3.30329785812911,3.15267148896992,3.06655474616463,2.99670798901833,NA,4.22304385034372,3.29485436847624,3.4458548074634,3.01731632565479,3.10663731926574,3.31364685333358,3.35054135570678,3.05176640657238,3.24544270500499,3.02934434350083,3.30025718849066,3.45517934896467,3.49436132986345,3.71831404781597,3.66010787846396,3.45346517678617,3.91805626697884,3.71670402872273,3.86448588236959,3.81395246819755,3.71372944215902,4.06203038463623,3.40198347527646,2.91521590625241,NA,4.44580726401235,4.26572113737484,4.85842302884821,5.00260536861723,5.89044285044513,5.67100676225006,4.97179799553097,4.7432310967082,5.58768225731674,6.25790918725639,6.29172338557586,NA,5.11247809733558,4.30767879531192,5.30280115321905,4.36012709472176,4.23042952749957,3.92328453959873,4.09613075574748,3.71062932816389,3.73127559481387,3.7082922048749,4.24410090982528,4.35736334003496,4.4975146086454,3.37239065032907,3.91653436541405,3.97968801884924,4.5711548095883,3.55861780392662,3.87591530745279,3.77734959581987,4.48849933601736,4.90636922640847,4.7548756990234,3.46589505807848,3.21450021479049,3.60008952684314,3.76528070694123,3.88402290303978,3.70038312080387,3.70663998721371,3.11893477801785,3.73747390543018,3.58169342565275,3.12166656939871,3.4322882278234,3.98134556354321,3.46168079138287,3.36171021551376,3.29836048184674,2.56214996592257,2.78823887158781,2.83780361398684,0,2.19609016274995,2.4667737026707,3.35520712119427,NA,2.79553719701939,2.86785081343171,3.43689613541807,2.66383318951155,2.7145927872302,3.24794813304335,NA,3.45587315531527,3.92748221782313,3.71754135762333,3.44813127075712,3.52251906170202,3.42221128756924,3.43825007025651,3.18394663256931,3.28177188964978,3.54320813792856,3.54329249679945,3.7892394132597,3.64422394092294,3.63516301798796,3.39128771440317,NA,3.70406495949641,NA,3.97167963330569,4.00742580309849,4.0409463906578,4.15262335074485,4.62428982847674,4.72357398968337,4.27220527984209,4.04347496918103,3.86557790586049,3.82499889191834,3.5963918043158,3.56501018933924,3.57780408379487,4.18598391469942,4.64547186638415,4.00435010674813,4.33956228750716,4.07131301306253,4.48060194305421,4.29236362831529,4.16737932916381,4.4384496994593,4.65035226070112,4.31014562385322,3.85239542339603,4.05219696085541,NA,4.26446604167709,NA,6.47699109391762,5.26291974437866,6.56293367743836,6.80477616008914,4.26356478171355,5.65001366223913,NA,4.67093351340764,5.69230824502193,4.51973497485365,4.30040068676058,NA,NA,NA,4.51048898405366,4.48394283299392,4.21869519867706,4.01450077058413,NA,3.79847361990046,4.77802991167476,3.88302850700691,4.04728600298665,3.7977716490831,4.16614392542672,4.11468188090144,3.8347128200153,4.54549779721256,5.16675808789565,4.40773985472517,3.83415433502571,4.32453541313614,NA,3.88794862581946,4.60920482741474,3.68813294130783,NA,3.48012467641157,4.01863224515108,3.76944483579727,3.81919913697438,3.91559956476893,NA,NA,3.82268434531621,3.96265568725897,3.89259075296702,3.77039344809357,3.90762774444764,4.02732765754505,3.7091619491253,3.74856171965901,3.71433108782985,3.61154760688465,3.62573450048011,3.82119419301408,4.13711488839229,4.3711070100419,4.3624837708369,4.33831360312114,4.32121050394385,4.45597510374105,4.81702399023127,4.98036905097714,4.70764364769833,4.59199864633641,5.20607778629883,4.56354961229574,4.70066683839413,4.78632003349466,4.61786410817675,4.95010763442071,4.79953193543461,5.18465897622645,5.0479929966436,4.7936902163603,5.71533559772819,5.1358120442235,4.48421079181218,4.63628768676324,4.76053548367469,NA,5.84881626704844,5.33851703316051,5.74513620839146,4.82808406776108,4.45969537084787,NA,4.87783826753389,4.4669392792107,4.46158720078365,5.13792098592366,5.35642839842324,5.0460261700858,4.02795419429299,NA,4.86931562015949,5.10985200023502,4.91010554050456,6.53035888026674,4.69404603829586,4.77334882526729,5.7340887606233,4.92432526261709,6.25085659173379,5.61959950033378,4.09365067845574,4.97107421951178,4.68435369903111,4.58514532841102,4.46951608925953,4.76035822959009,5.5124466175397,5.10177363828891,5.17373486615939,5.33792738451743,4.60926201310715,4.95972359020608,4.53230790815699,3.66814836370347,3.87449122582494,3.88738090410971,3.46321005192943,3.51615735077223,3.58560584547786,3.5991727459002,3.72170265077756,NA,3.67527057263559,3.89003933830367,5.80018361662039,3.4474614388726,3.71532236732076,3.6653738084331,4.05623702678618,3.61258129138499,NA,3.87821888370442,4.19836587184137,NA,4.08993333505981,4.03136974148338,3.95867858875728,4.2713525868505,4.18091655395659,4.29676598555403,4.52021267773176,4.29812803244017,4.17394018990411,5.0623574899631,4.6595749778674,4.45588207292107,4.86893940644427,5.00968782808124,4.87475239492652,5.09582398496774,5.21553968120705,5.54280804400659,5.3025876330365,4.74610920975236,NA,3.8567888061696,5.15016415247059,5.04055502035226,6.12068273472456,6.79652517616089,5.25369303323022,5.99975834262973,6.12314622474774,NA,5.03899941870342,5.59754013984382,5.50673947308109,5.25043327468373,4.76655162542558,NA,5.95477542921283,5.58896255986452,NA,5.50562771464933,5.08179019793,4.91465149959375,5.58438495129824,4.99637037788651,5.75085564948726,4.51659997146456,4.42640364666355,4.87762095324556,5.20765095415874,4.86856713337145,4.82816841599351,4.79301335272028,4.63164137121857,4.84041405534443,3.7430754418424,5.11858501668566,4.53251505404833,4.37808161868754,5.16569281676301,5.43062433725258,5.48619534346765,5.35228013214066,4.73002264648221,5.03216273269529,4.31577186855678,4.66847001934139,4.36861892780382,3.9135534606283,4.43375541155214,3.92613935088225,3.81444052037168,3.96954158830396,3.73402674136168,3.51947635399776,3.84251761150179,4.08083200240164,3.49898609800142,3.61556785276587,NA,3.69440946446156,3.68406340509725,3.6228842575886,3.62340257173176,3.7743406520121,3.65190577434967
NA,NA,4.24944978344092,NA,3.74458246622454,4.15069000160498,3.66045830344025,4.80868661164609,5.11766501865022,3.95265095258529,4.85782358475949,5.0019384597182,3.56607020854465,4.30683396358642,NA,4.03806884144199,4.77443138257925,4.31396424195044,3.75956876128462,4.27547858453258,3.71835192880908,4.59244694740642,5.038150307831,3.59230631963362,4.19978301199404,4.56753369875712,NA,4.56973141753509,4.15843500103715,4.41386358733403,3.45392637365559,3.9169586462301,4.13148183552184,4.17317661806968,4.12594590840483,NA,NA,3.90074972838885,4.22755850766159,4.24481688418711,4.07917515795875,3.90503585699327,4.17237627220923,4.13155919519789,4.44942188721343,4.14916564299057,5.30732743578581,4.25883804300243,NA,4.574234935997,5.52750960598917,4.65490966482682,4.57560201311892,6.25202566188869,7.94208324182487,8.53530599384251,5.96442207312845,6.96534910269358,6.0569980165631,5.96302850420551,6.62199931264171,6.67502202739924,5.81801234440072,5.22974657701777,5.66242992215767,5.03795271650592,5.89022749254488,4.30853627296238,5.03238844507334,4.18991316579247,4.10126523969065,4.41812219485169,3.32114486955495,3.3435109334046,3.12717443724229,3.44167339450726,3.5193484110981,3.78439314201488,3.61034253593095,3.56026781836297,NA,3.24200221963908,3.62178083942221,NA,3.72261156683604,4.13156168240372,3.65444184915366,3.29124929989973,3.86329979714058,3.3777282317996,3.822298052219,3.65181341029362,NA,3.49945092877152,3.50748740655713,3.31860295004968,4.30576213176933,4.11301021678239,3.83042951385622,3.71761633782343,4.42413128501566,3.93609431086817,3.68385948481901,3.85705050573491,NA,NA,3.89443198306859,4.72574075473677,4.87985759609743,4.64052625625936,3.74167074730595,4.4662451527226,4.46133385918056,5.12608696630047,3.84616036841674,4.61357168305365,4.43397411661037,3.85839511312841,4.55703818275075,4.68722187223275,NA,4.07219282691365,4.33491852814917,4.19939664542349,4.05924749502896,3.41634505257325,4.13370415072388,3.93018304113023,3.87369751141501,NA,4.57519365978876,4.89234582867923,4.93251799808118,4.42851255395315,4.19254283956929,6.1275184141286,5.09894568594498,3.98098680242519,NA,NA,4.13191265702673,4.01083739639136,4.38671354445705,NA,4.60279967693746,4.56567577744255,4.36320044499949,4.21945768676163,4.77153104616579,4.22862929037997,4.57112658811919,3.68050402556295,5.3475495626936,4.61593230561828,6.77192473291519,5.79255117708594,4.69034585127055,4.92799996478633,4.06270073283216,3.86542934620494,4.10630528789773,3.73013726855155,4.06154165080296,3.13738942254117,3.37353314104567,2.96024207333691,3.0226647126332,NA,3.77629698832038,3.39032199816171,2.96057819040336,NA,3.12210751720893,3.22668971470328,3.13856031000118,3.6067012301515,NA,3.13730012131228,3.43149264546396,3.39142303911952,3.10090811815376,3.20021231631226,3.19505415175966,NA,4.3345135806885,3.41371970279406,3.82147232294639,3.29970941479672,3.17339497993782,3.26249432062636,3.29534293098863,3.26053263216423,3.50901348866573,3.34464167647112,3.42012160237167,3.42547354231746,3.54502615463665,3.98061546737954,3.91611230663321,3.64087556418116,4.09813426876249,3.68993822020686,3.94709444425543,3.80375151033766,3.51521844487829,4.22651752229124,3.25251474649866,3.08453272219961,NA,3.9789411369121,3.99319920437792,4.62275829101108,4.84068791184665,5.70932761999852,5.46207008150353,4.80675728040063,4.57331399488412,5.32194365408462,6.09425851230097,6.08671550589705,NA,4.93745489138528,4.05742565672174,5.30616627215724,4.28006135305321,4.26728329518437,3.85598775616897,4.02869813231038,3.65278126704247,3.71014206512717,3.77172591849164,4.12754616070484,4.34409273244043,4.51818958605931,3.26395246525467,3.80838387341622,3.77662541826229,4.09169477236578,3.55843164369782,3.84431745059859,3.59253345878714,4.73734904251668,4.97862986678899,4.76838771504779,3.56499277609871,3.32269519054509,3.76278620964119,3.684036050703,3.82721091564961,3.76075930717802,3.94379850416909,3.3361515861707,3.56047598969848,3.39275070483766,3.46764960692632,3.66271147779906,4.34229438053779,3.83056516851074,3.68705459272859,3.53531718460004,2.88992424514384,3.10156720969264,3.12672835486829,2.19609016274995,0,2.24056031616872,2.56159351598283,NA,2.67956983381398,2.93898282310717,3.5981814667912,2.85882115392703,2.62219853845278,2.7462290649843,NA,3.30655810337664,3.5911077906196,3.42843134513222,3.51400938213259,3.39252378748996,3.14603742849098,3.33575610407237,3.26786226149455,3.04968702924207,3.32174817770972,3.13526652896461,3.72381029562038,3.54602634653477,3.41295526804652,3.28906529364875,NA,3.51706448112499,NA,3.6627799640935,3.80604324837493,3.87680392322534,3.87208073353587,4.45385837271235,4.60076669179315,4.1875071982965,3.87416018167436,3.8365039971176,3.78487103368938,3.44568823879518,3.43915262582694,3.31526031579778,3.97108021175207,4.46558687148966,3.9715346465489,4.08625616885359,3.81562262053525,4.2798214419728,4.29151338341319,4.11239041317565,4.3920639019995,4.53233914836438,4.25987105800217,3.78926419960938,3.91764013772402,NA,4.23961127646417,NA,6.28492990270858,5.17356060248787,6.48644436228117,6.64695255980054,4.12450883482358,5.52403000126439,NA,4.52532234820099,5.3977147141178,4.32976087798306,4.09749173468349,NA,NA,NA,4.44861267203674,4.50508223830459,4.23380634806526,3.9565457198964,NA,3.75488680800588,4.62232481834258,3.83419217831279,4.01502686696858,3.87279370971395,4.00519852038774,3.9948135930957,3.75368565593723,4.27867872568975,5.017759684177,4.05845694904831,3.75255055873969,4.29429757155252,NA,3.74773184292714,4.43874607808998,3.94629728323623,NA,3.52233915206298,3.89198586864315,3.74032770880419,3.78743865696461,3.94852272079811,NA,NA,3.7182135379553,3.96590667190429,3.87305485615476,3.81096721649592,3.93253114238295,4.32899090545286,3.9126632481135,3.79437437936929,3.98164879118784,3.75145179910504,3.58188860636408,3.90773752143016,3.97448234935324,4.06945274622189,4.37847553759463,4.27187566541098,4.10762577699583,4.19908848141456,4.49470412234418,4.76212898399475,4.46774634854459,4.34720279417687,4.95444185796847,4.40947099301255,4.51874306145045,4.51171635828809,4.37484546882858,4.70549222966707,4.53861405898617,4.9952725272793,4.89033183141928,4.61349158387867,5.5655545958719,5.0777581543643,4.45383276278163,4.65261811515875,4.6557781725937,NA,5.77946097192446,5.23369342982254,5.54434068375512,4.75263938618502,4.50920855892701,NA,4.81109639001425,4.38213396163137,4.36310809147053,5.07640292795807,5.24456086152914,5.01379267546241,4.0145652919934,NA,4.85933930687099,5.02837562001405,4.85779073075717,6.46506183716838,4.706534455743,4.68343366639598,5.62437845757678,4.83344083225145,6.16638620008944,5.54806754258287,4.00184184064657,4.87811102606089,4.67768582635761,4.55805692440075,4.46140270058717,4.82037679012122,5.40942212422307,4.97453716214819,5.00708751240609,5.14209386872762,4.26778497817031,4.83053157890201,4.41733971092997,3.71831181261629,3.8018680402007,3.70099272621165,3.53316782499518,3.6830532689031,3.55558582716024,3.55166170341093,3.7949042072405,NA,3.71243437900235,3.77290893639183,5.6274907016701,3.5439107205851,3.60265674003844,3.65844516768408,3.9658877994911,3.59970175518671,NA,3.81468481555031,4.16138013658752,NA,4.01706377074162,4.04646791850267,3.88856356987831,4.05303094964612,3.94928298824219,4.27169225634246,4.45159084970523,4.18817063014941,4.09566475800378,5.00712805547312,4.60299004165253,4.32795457422524,4.64165813634538,4.87948167497458,4.70965699598399,4.8910894552526,5.0322755500431,5.34810041304054,5.21657644581354,4.58097049060004,NA,3.76130079409293,4.87435773818597,4.84862382137142,5.91665624053018,6.60433587922877,5.06299170449781,5.75244334192873,6.00404477649222,NA,4.92199713379191,5.51457750129561,5.38688365821534,5.09975272985135,4.70139766278399,NA,5.86500355660851,5.52606811249179,NA,5.32911210471699,4.88258748525861,4.73913278987976,5.3525059650203,4.83827952003563,5.662103097613,4.43295932361535,4.21141471730688,4.780861445452,5.03156551365941,4.72897872092687,4.61110420849186,4.68064981304826,4.60123464965102,4.78878438109741,3.95471977865222,4.9532738601089,4.56651606539379,4.42787862399192,5.01821539995716,5.28627453119496,5.33756189919343,5.25755281080791,4.65941400318811,4.87336720548695,4.24664522560998,4.62843173547729,4.44530166627857,3.90870864056143,4.27473575134194,3.8718265574466,3.90523673286271,4.03532727710394,3.72562628965776,3.5322704037547,3.66209387795021,3.95797098666017,3.72623417617189,3.63153742318955,NA,3.68833054147298,3.6914382276637,3.65347549908637,3.65879395689196,3.92559614276364,3.72491048403435
NA,NA,3.83644196321533,NA,3.63953133724606,3.85158099304562,3.38856370255304,4.55404199034959,4.81910263918498,3.58071659412635,4.66284524137733,4.82924467368794,3.41294846747039,4.16544521473859,NA,3.76481074393067,4.42722691628623,3.92508756208978,3.91895440807272,4.14450229804731,3.45479712690429,4.38102814072837,4.76356689256855,3.23024561334282,3.73171359874078,4.10850193955215,NA,4.10344376090219,3.60339970381811,4.09827150566177,3.08014206792265,3.34358323935738,3.59452064478594,3.70801871091376,3.67685430481441,NA,NA,3.50546700332782,3.83576087836246,3.88663744106758,3.76043567300563,3.50956395069351,3.81602287955168,3.98409300892077,4.29554492888173,3.96466739225951,5.22391982321044,4.15609154609831,NA,4.33043611627091,5.51280417827612,4.59688880830957,4.4023943187916,6.17056412020375,7.91171364832811,8.52316041325975,5.90451474288945,7.0139213948852,5.97251931491192,5.96163488615848,6.58513307170343,6.58788605564745,5.74420288493214,5.14687565924883,5.57560956070345,4.99788997822681,5.96004348918898,4.29814415681576,5.01458690578969,3.88629028361486,3.92698380016794,4.05555455989663,3.00532398132001,3.2176238161653,2.98333206411927,3.08486668865092,3.18148657863416,3.57585195453947,3.41704215354751,3.26818886559315,NA,2.86543934010099,3.32631138565608,NA,3.41319003114273,3.66887807532696,3.20429076032832,2.88675994266829,3.4353101441841,2.90059354262308,3.27190305617454,3.12458747371763,NA,3.06260206836967,3.03107215182399,2.94032651954917,3.93611792770853,3.76958687426883,3.37037071886843,3.16397539865142,3.92103333421847,3.57256171135536,3.3013032411871,3.41846073663375,NA,NA,3.36971712139053,4.51102741708109,4.64119277965245,4.2981420255168,3.43622661121412,4.09835203214854,4.04416142368576,4.89613446450056,3.39675645179677,4.24138248778087,4.02857021871914,3.32608464920971,4.18386222834216,4.3791785331201,NA,3.69202095808342,3.90889992829419,3.67582362250871,3.75769532842219,3.0700911257522,3.8979506165642,3.68801100957117,3.66884194234749,NA,4.33842073338343,4.69189436636801,4.73627849338347,4.23963890898063,3.99489758010837,6.11219885583611,5.07465126156603,3.80119356742199,NA,NA,3.66530349418467,3.75585807511975,4.114342615232,NA,4.47979595158806,4.55561784951698,4.46265335739848,4.13215412401741,4.63047750736645,4.41646850956425,4.60224597606217,3.55033642355684,5.30295835718131,4.66951794823194,6.74805039330127,5.75476054675802,4.55868987085348,4.84241866392439,3.84851016663455,3.53126305684947,3.9289351704111,3.58387017655723,3.96655762031232,3.03488127387632,3.28185917236149,2.9513726416755,2.99926150091074,NA,3.61616608987049,3.20731768637411,3.0444627443388,NA,2.73868870610283,2.68333359228958,2.71512961465725,2.92244965368703,NA,2.70817495846373,3.01218884856165,2.81304274026292,2.59493212357621,2.99953091359922,2.77181471415294,NA,3.65325100740266,3.05482743753304,3.47760687174731,2.87878898483828,2.64957806502071,2.85818161258367,2.76481778125902,2.88893667089077,3.16625518286229,2.95572866401672,2.90465295010357,2.93070332688822,3.19854182756053,3.44385365868282,3.37382641989034,3.22436412662344,3.72447299762845,3.32764203078372,3.62679050313448,3.66573247250229,3.11310551193966,3.93105115612578,2.9628966023304,2.42214091181622,NA,3.87569533713098,3.76976584190996,4.35413841314265,4.56564033159056,5.69556047862073,5.45957505940985,4.5866587159891,4.34320518702754,5.25806192857896,5.9700761933713,6.01017459671736,NA,4.80055866041794,3.80613458560964,5.11401660457127,4.04900557988608,4.07012977140274,3.64744972078804,4.05270198228021,3.72141643828775,3.49170524246711,3.45935182270746,4.05599645298306,4.27812300845838,4.5730209283013,2.89077802754467,3.62247316041394,3.79670604522557,3.875461698323,3.11722937695496,3.69899289690895,3.38293213718851,4.15376554859244,4.94720489444173,4.69532341145147,2.98546265768702,2.81158713907159,3.48038914761911,3.7711054954391,3.92802598152441,3.72916500350824,3.79796702737674,2.95873728136083,3.69177381817335,3.24443200393103,3.22206240472272,3.39661570473734,4.02162613821476,3.5493993736916,3.56383347980477,3.71613617023558,2.47656533344536,2.5273418369534,2.86413157015337,2.4667737026707,2.24056031616872,0,2.14909066061327,NA,2.35963760704815,2.60074798878621,2.98696122819309,2.41871781625404,2.28368485736794,2.71603993594014,NA,3.13344580492728,3.2778836479057,3.02743003917377,2.71108746180008,2.88826576141404,2.77554828060175,2.84864002928727,2.68484084787202,2.69014798419531,2.69254769118629,2.55481394298981,3.10143060781372,3.40572599125641,3.08954483126734,2.59678188364263,NA,2.91553466649734,NA,3.47202783868831,3.7644893089632,3.35927613651509,3.34145174071186,4.12959391901898,4.33608539303411,3.81924860728519,3.63980584613065,3.39647818983269,3.35839675473314,3.07268883654478,3.11907211364839,3.06899752524714,3.75251519719214,4.23890645682555,3.66593933123954,3.95750677408644,3.58063850864426,4.26078042469852,4.15541674055211,3.93781018669143,4.23212378947345,4.3768652378989,3.97147404602462,3.41584567517579,3.74624540602972,NA,3.98023443251094,NA,6.32976968694393,5.25837251114816,6.42966925231826,6.66889941017078,3.83202789956422,5.43106304406663,NA,4.23713090613576,5.27516953019944,4.24533626815806,3.97323329909542,NA,NA,NA,4.30602256558558,4.26432578855154,3.79702252111323,3.58560726949896,NA,3.43297058756437,4.48256645532846,3.47739745563032,3.84992673919085,3.7572166322074,3.88920154991236,3.77372598278691,3.84768116663086,4.75493969491546,5.01655165486288,4.08588971027523,3.91632714973515,4.10694603851346,NA,3.39933633888778,4.39057369161152,3.46969623492662,NA,3.02608511241779,3.33446144027217,3.23659551933288,3.07690560109265,3.25511724596822,NA,NA,3.0087868586952,3.08194281727872,3.01181102056006,2.99678189312044,3.2389840333343,3.75018701409656,3.24859630807145,3.23159403499194,3.31257316226681,3.26537788501062,3.01318562496821,3.40808762002558,3.59245012824353,3.6899785692843,3.89517970130092,3.80311339575987,3.57579310330841,3.7841819923005,4.12720535773415,4.33713836815071,4.0864141346078,4.08661648570115,4.67317195356722,4.11382648233535,4.19891451454089,4.30531525758572,4.09202170717745,4.37719377953627,4.23910772045171,4.65927268617319,4.45174471693032,4.21474206882265,5.33335967629868,4.87718569305262,4.08662274173315,4.27979130094999,4.3695339302099,NA,5.47947141237647,5.05515829252187,5.44690483385526,4.53229003710782,4.30081269465573,NA,4.69847364128679,4.16445750589967,4.10898868835726,4.97779763114934,5.07129961680768,4.84969617973011,3.63376420913731,NA,4.78256912732992,4.96783955581216,4.74775428968098,6.43981808218389,4.61685497191148,4.59681833871087,5.5674897105462,4.67181057540758,6.07655810630423,5.41003055340901,3.67437309150388,4.7783734021782,4.48824922136623,4.3219615304291,4.29344685978518,4.6773227843253,5.33376919704856,4.83812061300907,4.84066922514797,5.07213558275525,4.65463132125879,4.50998040351179,4.14759139008359,3.43629436562359,3.4514111804862,3.52689313433719,3.22396742890386,3.26452082548297,3.27799910663847,3.07960622082263,3.41841849809577,NA,3.19057654412648,3.21042340173797,5.62450877048521,2.91431432792409,3.05701303540425,3.09108481084541,3.37954531571142,2.86197952424712,NA,3.25840080835307,3.60188846005373,NA,3.31769378958223,3.3482483821982,3.11204856540976,3.42809672849752,3.25080374242988,3.72969479217493,3.89252312770346,3.67936695485755,3.59475106012677,4.62891697193973,4.13920489838494,3.91734363887858,4.35483752068283,4.53141670706586,4.38768277656883,4.6345052938977,4.78615029733675,5.09131402764462,4.92011964883537,4.19339149649463,NA,3.17266539379473,4.57203789709082,4.6606507208226,5.70109365662969,6.35826793458088,4.77868737069021,5.47891617670201,5.69832098554784,NA,4.52270544551385,5.15183184577282,5.02568004458354,4.80684843010267,4.32159910436314,NA,5.59946111791082,5.20801212387623,NA,5.02215126646222,4.59443262078192,4.51617748291072,5.17967524680827,4.64591473547546,5.46502988508197,4.45533936580646,4.06824022615468,4.69552482198837,4.97497377321959,4.59011486348823,4.57556265825801,4.58767909414539,4.44470759650921,4.62697884617001,3.63832435473433,4.74999376936261,4.25072034546275,4.07297147207694,4.96174290167645,5.23564297421087,5.24633274694144,5.07847323671801,4.43189043110041,4.67021962294005,3.96632944506891,4.46520081339621,4.17424662105934,3.58838392120826,4.07678772445594,3.58744934181156,3.5564703431625,3.74813035665564,3.35708705049717,2.91325097312578,3.12018320656358,3.3515414547452,3.17180414242798,2.99381931009202,NA,3.03094395204628,3.04524065878316,3.01708787318481,3.07992056495552,3.44666196850514,3.1938741664694
NA,NA,3.69360106900278,NA,3.41213772661936,3.68888548123287,2.94328780772524,4.31021932051154,4.70749007715337,3.45717773120595,4.50184493506106,4.70336981020274,3.10281431711502,4.00681876723979,NA,3.62458728790467,4.25712681653343,4.02220682367727,3.86057642787961,4.15663372844972,3.30308156814801,4.39249711490487,4.55673045681133,3.05126230277516,3.53607059753713,3.80166197372979,NA,3.77541458170417,3.37004095545983,3.9203732475349,2.91700099506953,3.08591317154863,3.24762921164392,3.35714946554823,3.27988033446733,NA,NA,3.06829802671387,3.55632589516295,3.61229270846029,3.42431412955489,3.15668584826265,3.44131304590102,3.54297012384678,3.98946317006407,3.70470675950697,5.00500927611211,3.89324918846865,NA,4.14171846984853,5.37652925104346,4.44109239322455,4.34287951043119,6.07120546399443,7.70850929061344,8.3724661803136,5.54219773121655,6.68430942575171,5.6405324517522,5.67942333435304,6.30307343959091,6.33656135950771,5.52737269609303,4.90807093948799,5.40314506173064,4.70452224483487,5.82885017723641,4.08449214146616,4.60707641062597,3.69974783056094,3.84381129375047,3.98157129931094,2.7422330415408,2.97996406957627,2.58254067980043,2.81450113439834,2.93521812108318,3.35230247051358,3.03974815496377,2.91143480878854,NA,2.5776492352592,3.08948045666897,NA,3.16485168608913,3.40457006162641,3.13129223561883,2.48862369633063,3.09198528126633,2.67708713947935,3.12752425534993,2.9810380429619,NA,3.09719660026526,2.80649885968648,2.5212937668051,3.84922190584301,3.61402976586817,3.3264478485998,3.18866467979078,3.6227567086964,3.22117014399736,3.01742393266746,3.0610989061097,NA,NA,3.36024188277733,4.17388238066962,4.11769936532935,3.78754453695796,2.97845195210368,3.69922414991517,3.59678947391779,4.39706430692906,2.93630857500389,3.87815769162807,3.68779287640012,2.96633885523618,3.73030383490231,3.99958367568775,NA,3.36223432561275,3.42751313521535,3.48279085269909,3.30684834478868,2.54061351363045,3.44408738373539,3.27568430078087,3.21666031670895,NA,4.05850552629886,4.32633853132527,4.49240393949144,3.92355700487274,3.53575140171397,5.7822264623293,4.54361259927073,3.42378675524956,NA,NA,3.18798368056471,3.34854279211091,3.82340798398889,NA,4.16331834093738,4.22958952328923,4.07324681899017,3.80126727626132,4.37468912797578,4.17876165171122,4.47429729670242,3.29537782148357,5.07608110587789,4.27107049707675,6.49638727169519,5.40720270730666,4.17701676447438,4.69518093572409,3.73307947104266,3.25110691868905,3.49536867702953,3.35794789928494,3.82598608851501,2.83529393032917,3.16597889627662,2.84027311464264,2.83810872999943,NA,3.29729167034946,2.95146630491224,2.72937176523277,NA,2.45871527770981,2.5527781148611,2.52697455479021,3.13556245480012,NA,2.78649150953525,2.85995463161832,3.00332656806561,2.78708210440524,3.0602570947886,2.85068167933939,NA,3.56904978351247,2.96563444364348,3.38697594066151,3.03025386387633,2.63620445041925,2.74774573087482,2.79217659547791,2.80905939157438,3.01667734200026,3.19059809518965,2.72782050139298,2.68208342858846,3.20764358359123,3.26335383940333,3.40222813010913,2.94130871732378,3.61728001731626,3.14860279076117,3.67569107913158,3.77548389151839,2.86159828265169,3.80268258094978,2.74943515098665,2.79886770151371,NA,3.67198557439067,3.333947851622,3.81642287716186,4.08345906205986,5.38590358437506,5.14927098119593,4.15886324482297,3.90274212087707,4.77959956239307,5.58483734788875,5.54651048956258,NA,4.30691683693045,3.35813667207248,4.71963443555178,3.63226163912604,3.7069407387339,3.32512351411304,3.71511877139866,3.52901041944359,3.30155942548842,3.480250421411,3.67948356606006,4.02350238136364,4.30200954660501,3.04938589520381,3.84217138200016,3.92258364951635,3.54102858062614,3.14672731625573,3.51494764316357,3.10388955647394,4.25871267546851,4.72112402745037,4.44195882607942,3.00627757690859,2.70970713110771,3.41930805396722,3.26907106145056,3.49927333438946,3.40747215998092,3.59128934612872,2.98574769607005,3.07032930245882,2.78318501349919,3.07685867673692,3.21374699082372,3.80272796330654,3.52701882120854,3.63853593268818,3.91255413596711,3.220524945662,3.41743821577673,2.79177636762526,3.35520712119427,2.56159351598283,2.14909066061327,0,NA,2.07373857873275,2.43655345309772,2.77893483426923,2.64609445218275,2.41398735368049,2.33089236735413,NA,3.49897936123729,3.35490595757014,3.129254929645,3.09543289984646,3.34631885156354,3.15152147158619,3.08747265731644,2.73247868375774,2.59499681854026,2.63537221053516,2.44271302966609,3.45722688191784,3.25588619937374,2.99839677056217,2.4712065457461,NA,2.58982077276169,NA,3.51158028853787,3.55302979852678,3.01021423634539,2.9896427164315,3.75582959806821,4.00876816633409,3.62783047788697,3.31018437398042,3.18599089308466,3.1014400837848,2.72649650176953,2.87843635434494,2.5310880308603,3.16660111130426,3.62726508129361,3.43141329928564,3.58047884701663,2.99983427531664,3.73103056045971,4.09901349549669,3.58021198166148,3.93809159425362,3.92882282999408,3.63056031465879,3.11291948963774,3.46115255936672,NA,3.72590179688275,NA,6.08111700326323,4.91483762324247,6.35821947246402,6.41277530460328,3.51153686060099,5.13905456030805,NA,3.95279811811001,4.66692721537398,3.77803584721998,3.68248051770262,NA,NA,NA,4.11534318567273,3.9653438102685,3.53499023213609,3.31076855758207,NA,3.22122619403999,4.06572121584651,3.21826119332376,3.70724162283087,3.30407943653971,3.32175426926909,3.61964755211954,3.71636890162741,4.72959924287484,4.89370428488299,3.30842273018832,3.76570076632735,4.0118918804817,NA,3.0675576365186,4.02903118870441,3.40442865421349,NA,2.81020397302995,3.063044609446,2.83423576248805,2.82473134396735,3.08903826265093,NA,NA,2.92426529569032,3.11853784552463,2.93529925385292,2.94419976546258,2.98849229164104,3.58516624536101,3.08494174164798,3.00631162063445,3.33654891296285,3.07821270980375,2.77677152354223,3.3314264199168,3.23484807425236,3.25826386225943,3.77041443298763,3.59543188406439,3.36714017232709,3.54083722928619,3.68362549155737,3.93601048603902,3.61699008352517,3.59107516119334,4.19322104049461,3.63783594725292,3.69914766890718,3.75038049901237,3.45047071336025,3.80286777502136,3.72234877979522,4.25368002522826,4.11056925799457,3.76580035914167,4.95140059351632,4.40358632741297,3.74547596413259,3.9197247316164,3.9222987721852,NA,5.01828598187672,4.64794122828597,4.92869427728404,4.1021823869335,3.99107899095114,NA,4.3896382717158,3.86053596575228,3.76356336621465,4.78773405080252,4.77046278922516,4.62336169838261,3.32643302930442,NA,4.51371095724318,4.68126990154328,4.45144054279265,6.25792480874194,4.31373250351619,4.26574242370886,5.31593600487907,4.38287333614992,5.8217997463851,5.11223502939173,3.19957405882775,4.31893763407879,4.05777221653923,3.91846184970924,3.91241151891385,4.31568279792859,4.99473331866406,4.41679537709244,4.48567686356228,4.74310436444993,4.33894556125608,4.15936518214567,3.82999749582171,3.02087621355491,3.02579956929459,2.90480362680391,2.93671973973156,2.96523991094988,2.82393886358871,2.64926347803466,3.01456240209273,NA,2.83802037374802,2.69894821419312,5.39480324171755,2.85494229427433,2.6645717169481,2.75455347723448,3.13737652076657,2.6866383846436,NA,2.90227481719947,3.32002828538434,NA,3.07548410044054,3.27736494091598,3.07148399028102,3.06012495115107,2.93767088933431,3.45938655155144,3.61307709010837,3.30081229394251,3.19876117903293,4.22401941402407,3.71410149987849,3.37321301963448,3.79445555193323,4.07833540830231,3.91195807135753,4.10383110889048,4.27737869597987,4.62342777059239,4.49135370747935,3.64584804634479,NA,3.02569896803714,4.07502514908548,4.22149157835559,5.28582641169464,5.9342228829201,4.33036937763176,5.03008882679923,5.29759405730037,NA,4.0631534725758,4.77127652963404,4.67134313984149,4.40801170340521,3.9058282030647,NA,5.28354518811265,4.84969511650908,NA,4.57357428242825,4.17765415933603,4.03493356868208,4.77413475465701,4.17183231944272,5.0792154144592,3.88055653455454,3.54014235202833,4.28045157751679,4.60890790375479,4.22332107541973,4.19048955506784,4.27176937797852,4.1119762842619,4.25125663268714,3.32464213771204,4.33067330221512,3.93398515278761,3.8259606995841,4.61846988712345,4.9119653870476,4.9537036129485,4.79604965937842,4.15180575224566,4.43780353451746,3.71363416507005,4.26619901290237,3.90719813015055,3.23933568749669,3.78800955956231,3.25576319808767,3.22163642667618,3.47764403894636,3.02961937064648,2.79039831510139,2.72464679456531,3.02771797388503,3.00937214803021,2.6832731857564,NA,2.69752614061319,2.77430467128748,2.72413419750197,2.83227837554747,3.21290765990617,2.90785578242348
NA,NA,NA,NA,NA,NA,NA,NA,NA,NA,NA,NA,NA,NA,NA,NA,NA,NA,NA,NA,NA,NA,NA,NA,NA,NA,NA,NA,NA,NA,NA,NA,NA,NA,NA,NA,NA,NA,NA,NA,NA,NA,NA,NA,NA,NA,NA,NA,NA,NA,NA,NA,NA,NA,NA,NA,NA,NA,NA,NA,NA,NA,NA,NA,NA,NA,NA,NA,NA,NA,NA,NA,NA,NA,NA,NA,NA,NA,NA,NA,NA,NA,NA,NA,NA,NA,NA,NA,NA,NA,NA,NA,NA,NA,NA,NA,NA,NA,NA,NA,NA,NA,NA,NA,NA,NA,NA,NA,NA,NA,NA,NA,NA,NA,NA,NA,NA,NA,NA,NA,NA,NA,NA,NA,NA,NA,NA,NA,NA,NA,NA,NA,NA,NA,NA,NA,NA,NA,NA,NA,NA,NA,NA,NA,NA,NA,NA,NA,NA,NA,NA,NA,NA,NA,NA,NA,NA,NA,NA,NA,NA,NA,NA,NA,NA,NA,NA,NA,NA,NA,NA,NA,NA,NA,NA,NA,NA,NA,NA,NA,NA,NA,NA,NA,NA,NA,NA,NA,NA,NA,NA,NA,NA,NA,NA,NA,NA,NA,NA,NA,NA,NA,NA,NA,NA,NA,NA,NA,NA,NA,NA,NA,NA,NA,NA,NA,NA,NA,NA,NA,NA,NA,NA,NA,NA,NA,NA,NA,NA,NA,NA,NA,NA,NA,NA,NA,NA,NA,NA,NA,NA,NA,NA,NA,NA,NA,NA,NA,NA,NA,NA,NA,NA,NA,NA,NA,NA,NA,NA,NA,NA,NA,NA,NA,NA,NA,NA,0,NA,NA,NA,NA,NA,NA,NA,NA,NA,NA,NA,NA,NA,NA,NA,NA,NA,NA,NA,NA,NA,NA,NA,NA,NA,NA,NA,NA,NA,NA,NA,NA,NA,NA,NA,NA,NA,NA,NA,NA,NA,NA,NA,NA,NA,NA,NA,NA,NA,NA,NA,NA,NA,NA,NA,NA,NA,NA,NA,NA,NA,NA,NA,NA,NA,NA,NA,NA,NA,NA,NA,NA,NA,NA,NA,NA,NA,NA,NA,NA,NA,NA,NA,NA,NA,NA,NA,NA,NA,NA,NA,NA,NA,NA,NA,NA,NA,NA,NA,NA,NA,NA,NA,NA,NA,NA,NA,NA,NA,NA,NA,NA,NA,NA,NA,NA,NA,NA,NA,NA,NA,NA,NA,NA,NA,NA,NA,NA,NA,NA,NA,NA,NA,NA,NA,NA,NA,NA,NA,NA,NA,NA,NA,NA,NA,NA,NA,NA,NA,NA,NA,NA,NA,NA,NA,NA,NA,NA,NA,NA,NA,NA,NA,NA,NA,NA,NA,NA,NA,NA,NA,NA,NA,NA,NA,NA,NA,NA,NA,NA,NA,NA,NA,NA,NA,NA,NA,NA,NA,NA,NA,NA,NA,NA,NA,NA,NA,NA,NA,NA,NA,NA,NA,NA,NA,NA,NA,NA,NA,NA,NA,NA,NA,NA,NA,NA,NA,NA,NA,NA,NA,NA,NA,NA,NA,NA,NA,NA,NA,NA,NA,NA,NA,NA,NA,NA,NA,NA,NA,NA,NA,NA,NA,NA,NA,NA,NA,NA,NA,NA,NA,NA,NA,NA,NA,NA,NA,NA,NA,NA,NA,NA,NA,NA,NA,NA,NA,NA,NA,NA,NA,NA,NA,NA,NA,NA,NA,NA,NA
NA,NA,3.23764314124629,NA,2.85238211399978,3.06118078163144,2.51225559561914,3.90946163481461,4.4148189944179,3.37816807546766,4.40361794175571,4.59709666345867,2.55893029503694,3.38894878059662,NA,3.22878755260617,4.18942954464027,3.68779463419746,3.74757035677828,3.9813090110129,3.30154578927243,3.868681185649,4.51481748450601,2.82390712397293,3.68589571865706,3.74124294990231,NA,3.64129829179572,3.23218027480651,3.7135149778648,2.64791554064177,3.0248364922725,3.04049382228719,3.1214720768828,3.09780638697265,NA,NA,2.90591924687055,3.26888408341529,3.4218386639129,3.22965653567384,2.97392154721385,3.23710851192878,3.46559800361045,3.8444695706879,3.40318535031545,4.8673059676128,3.83474465961665,NA,4.01278133006904,5.31718916111719,4.26427676811344,4.15713753829989,6.15711863811581,7.78552874537336,8.23311902431982,5.49712627363095,6.67953227236801,5.63233018780782,5.50758655375981,6.22036451439419,6.22739506059061,5.37077881999975,4.76090992882381,5.17501554528647,4.47800993310491,5.29900426327145,3.69819414234072,4.5589559075635,3.4379063351353,3.47225984163733,3.45806233996394,2.22436806180393,2.69272816925439,2.29670181456113,2.44405316671881,2.44444260027162,2.89801019395262,2.5312435155527,2.4729833760775,NA,2.12352030945741,2.50381866186056,NA,2.5322262139049,2.92803796650185,2.49554685165909,2.19069541625427,2.61396186516546,2.1464330203085,2.57295791398892,2.37323489796585,NA,2.72653623769521,2.19604308119376,2.24344846967569,3.01769738996864,2.97277660856536,2.81355358392746,2.6133920663202,3.53284328332986,2.68747024848588,2.69234611447623,2.7841951537274,NA,NA,2.83915090292991,3.77696030152614,4.02558226890717,3.68309203963179,2.88022713351611,3.45455612836576,3.26573114281692,4.41740235208166,2.87546451277714,3.65686386279756,3.65180980103501,2.67903605826367,3.78778081996466,3.91270546720234,NA,3.23886162203355,3.515195436941,3.39961732414302,3.46381524128702,2.56499896347574,3.63549368637862,3.43364073018743,3.36204675548644,NA,4.10180970948909,4.28017256744292,4.5988742060716,3.91546945767012,3.53482282366469,5.7781003354771,4.65943954858886,3.28294533176218,NA,NA,3.15329666224191,3.25339578912205,3.60313462553829,NA,4.10198777889831,4.10886604587577,3.9111896698877,3.54826384950689,4.1224199115163,4.08043281487514,4.20740469781552,3.21075793169055,5.22883086155405,4.3072946191931,6.42568923466584,5.37102224225951,4.17353931601502,4.32435676018729,3.33020698653171,3.27670656239964,3.57738615522054,3.1692414162329,3.30967794549643,2.91367415712143,2.95564808063934,2.80522750769951,3.10985627851347,NA,3.20112283725173,2.83299165920202,2.44577413382799,NA,2.35273778775706,2.63944434634828,2.36307064798178,2.98848534091584,NA,2.37915120556626,2.4988964265088,2.93514744374914,2.74426150251979,3.13429036980979,2.81883288940067,NA,3.41615988042996,2.65953354979796,3.11946749955412,2.59050535224234,2.25494395098139,2.47489121820825,2.46006932513743,2.36743932767727,2.57793587993906,2.80805393064016,2.35353892168725,2.26905553663819,2.69580542499167,2.79549027833449,2.77329305842449,2.72524382973984,3.24281085223661,2.81636895644343,3.15737026670307,3.08728401541984,2.5434404736077,3.38573018396821,2.40348448425036,2.67587619226634,NA,3.61518777155503,2.93622178898706,3.56508475567005,3.78315302020117,5.24074367755272,5.07899796115569,4.0790901516834,3.76499704414757,4.89878280727164,5.45815838332112,5.4711880353227,NA,4.42321324171374,3.36541510830924,4.83871226127048,3.62261518226437,3.62959921200627,3.42680214696214,3.62982133517352,3.54445923518016,3.38299707849663,3.54636753964709,3.94065534300527,3.83791352364859,4.18328232492607,3.10287167053097,3.63582753773944,3.65030803790752,3.91035027728015,2.64538155410969,3.03067669731524,2.94048517283637,3.98122386906454,4.54695084529095,4.23255461086328,2.95986010062784,2.64187373098367,3.08491759057609,3.47214241945766,3.67183968542018,3.28186416678594,3.34348303774747,2.69415846831084,3.34300175313048,3.1001325368791,3.04048409044518,3.08914138346011,3.58231418355751,3.04914759124621,3.19014329350093,3.46440479123896,2.81493699311731,2.84216691192264,2.5065568339667,2.79553719701939,2.67956983381398,2.35963760704815,2.07373857873275,NA,0,1.8693090976802,2.47659649651762,1.63011895199241,1.76805003209356,2.20769475100174,NA,3.33578171253481,3.56379674073594,3.35027764868409,2.96617656154247,2.88963477194988,3.09888747507198,3.03661914384297,2.47928882478949,2.51932473420701,2.71596061891911,2.47757534953299,2.97665406901544,3.08074342879201,2.89562735296938,2.2455043017663,NA,2.33375046612734,NA,3.34654877075436,3.56554595338458,2.80594729703231,2.85175212156955,3.50896877210976,3.69659546034938,3.25388288912808,3.08073891825412,2.87006422431604,2.98235895788136,2.70761492309058,2.6453347245416,2.56964135940527,3.37084862625928,3.80872116964011,3.2864363920706,3.49902970045097,3.15488456805096,3.8779417293359,3.86646539585023,3.55506513924595,3.90147275765903,3.98570407826884,3.48527235693463,2.8595134068797,3.49200324987246,NA,3.72304803463199,NA,6.12339060191937,4.9126658404267,6.2471969118557,6.42065635893925,3.51611470015291,5.24709142032534,NA,3.75863106829418,4.75677666520791,3.57721574612087,3.52712834434088,NA,NA,NA,4.01538297566718,3.70559609377605,3.40797353164387,3.3247789029415,NA,2.86486852666039,4.02951449540609,3.12952824775552,3.33472216359185,3.28496453933397,3.559810151302,3.65422951660976,3.46676495670865,4.4739275937034,4.60936953887139,3.57541038571753,3.43859180220383,3.62822317475519,NA,3.01644990847329,4.02809910876464,2.90890754423844,NA,2.43666223949718,2.78097872417653,2.54721350154635,2.47424262332634,2.64850595227469,NA,NA,2.38959965244345,2.68176488496594,2.5394411048035,2.47734953913864,2.56047807452266,3.02153830565772,2.40165221575504,2.46255357138341,2.78993596613782,2.52256964237293,2.33443631511341,2.58058798712067,2.71295334114244,3.17802041890007,3.30810740836337,3.24933990548755,2.99940606003618,3.14459665554357,3.42701177905996,3.58016730224173,3.31657546556338,3.35362695553389,4.08220940863224,3.29228775890901,3.4377148813585,3.42435462531969,3.17100784154029,3.57828199653705,3.53247873492035,3.96441809332437,3.77903666069513,3.56153127172944,4.78493700063752,4.29631823191263,3.58731721829139,3.72465265197814,3.74582995650983,NA,4.84412856379203,4.50589286781986,4.9244527708123,3.90777590471577,3.69578967159822,NA,4.20258169263361,3.58672487100225,3.51956345451443,4.56578060545367,4.63617497961652,4.45764162036147,3.0894028901124,NA,4.33268552943728,4.5006192547732,4.26868751058354,6.13278587127445,4.01064973151366,4.09450685428755,5.23734323805964,4.25631000715769,5.76253183430805,4.97043767410491,2.98121644506534,4.11023903799491,3.8357003652798,3.78807180246032,3.67274927405767,4.04191025715841,4.88842059244996,4.34446600270892,4.34911910369167,4.62724300443019,4.28526412167579,3.9618515076713,3.61017334924373,2.62386723137897,2.61183784746262,2.81645889118853,2.39628616903498,2.34021674974542,2.27915742289716,2.17637331040829,2.32596856218208,NA,2.214146797901,2.20656100754802,5.27549080892559,2.24529546665615,2.16021311566295,2.17328903864617,2.63922281045414,2.25057248094055,NA,2.40663766532481,2.79071610626846,NA,2.74841185864939,2.82706895849837,2.74156269242872,2.81895511203043,2.60863616724886,3.01729797671882,3.21566524239162,2.896654932179,2.84676299209,3.96982466053909,3.32678095003342,3.0754162352717,3.47471254455565,3.69086780862579,3.62133805396972,3.85951986921512,3.95926273224586,4.3401404073309,4.15854157110185,3.28247731174157,NA,2.54680566487777,3.82206940269456,3.9756692363549,5.11577860367424,5.80250454400471,4.16248324408453,4.91378015171945,5.05668039670199,NA,3.91245701012677,4.59092045769411,4.55740864425649,4.26481542387994,3.72176908111227,NA,5.08749770974931,4.69975800169999,NA,4.37414215466268,4.01509296784458,3.86395447247103,4.68091516002752,4.00040662116312,4.89989960127784,3.61145738716265,3.35508883734105,3.97737282770436,4.35570005045499,4.02175199119787,4.02026861655995,4.03317455913732,3.8908844050442,4.07693272647935,2.98204949391611,4.21217332775964,3.59403131575217,3.5335267719208,4.49810981905894,4.77763837995539,4.84533880033759,4.70118637368031,4.02575921343864,4.32845279192187,3.54124370043232,4.06858298861148,3.62909151980712,2.93061065678613,3.58467007909225,3.01174931778252,2.84121044008998,3.1887348645216,2.67748250447196,2.39078372567603,2.47847119259098,2.84139987533995,2.48761978692353,2.20861452039229,NA,2.26235654283583,2.30287072551985,2.27434154751522,2.30423649207489,2.82297764778942,2.58820117558274
NA,NA,3.73188287235989,NA,3.12303647923647,3.61168470388005,2.69968616664562,4.52784513047601,4.95790845783178,3.72282684475304,4.95822277965544,5.02724950796769,2.58346910932733,3.93356542278255,NA,3.54430765734676,4.69836976011845,4.23243390290283,4.13748671627593,4.30795606571817,3.57829770874786,4.22233775494418,4.81640560750776,3.21623738224217,4.08049433277383,4.08735506185417,NA,3.98556610638302,3.63508654782705,4.18353069385324,3.24929267077963,3.4485619070597,3.46916329551103,3.67421515983058,3.50534441567106,NA,NA,3.36927511515883,3.68482833579836,3.77465921754634,3.71046679250414,3.34480928483496,3.72637861371747,3.83877449183202,4.26582433026879,3.63909141158916,5.11743421922425,3.90539801155357,NA,3.99993431323633,5.4552960695906,4.60118934175734,4.46037871697098,6.19491368247957,7.93799986739069,8.57656880422578,5.8028053485156,7.01382842825929,5.9565619942835,5.87149339879041,6.54526988860176,6.48187288351038,5.61389700527517,4.93923390929393,5.42105783324599,4.6379049720652,5.5861089725942,3.93446778492215,4.63867806208554,3.42019387178103,3.52521487998113,3.27371593056694,2.59245343069733,2.86176864150362,2.51531085944276,2.58673733369397,2.68293424065089,3.11839535463855,2.81210350847305,2.61469140781934,NA,2.42207493122084,2.65643726251206,NA,2.82040836156032,3.01598813765661,2.65683362343616,2.59949046850035,2.78866692303718,2.49627140188576,2.75435416377587,2.47571499128212,NA,3.06075804702339,2.45065805179805,2.69442973824295,2.99946455227568,2.89462567571452,2.98451628689478,2.85436247041945,3.78640527783648,2.85622189922525,3.19826616070995,3.2758433894021,NA,NA,3.20530165208318,4.52345838780084,4.60811648631773,4.2328648702573,3.36251618286868,4.07012419988068,3.85653820220245,4.59918781336018,3.55743849402351,4.41497924898598,4.13526163397137,3.42042771455594,4.3595114766184,4.50176813273264,NA,3.5748705335716,3.77079431132349,3.48691237693015,3.4239858025162,2.84220339160427,3.77481510687255,3.70507526002047,3.70094828116074,NA,4.38452301487842,4.7195703110731,4.7109336265612,4.25849437405029,3.86352521117721,6.21660473733966,5.15532650608731,3.48523854174976,NA,NA,3.41468355304647,3.60481487324798,3.56091120105397,NA,4.23367848268296,4.24029861204417,4.05499690149769,3.70140882177126,4.34040846691484,4.23075114059372,4.36110654179601,3.48843096521808,5.5600771134168,4.40176805103549,6.69122960846429,5.69363448033579,4.39667198861683,4.45039555000361,3.51722743641296,3.29742302355527,3.18984878863521,2.99382092516765,3.33525017392332,2.74635534653218,2.81957435809876,2.83967632909406,3.03657365672829,NA,2.76398020918282,2.75918230286838,2.40217372239593,NA,2.2317609780183,2.77084828447756,2.42291092974659,2.98417718264402,NA,2.31058295162492,2.19097228927274,2.96450649182498,2.94677329471509,2.96234779357604,2.56292900502972,NA,3.52232110807404,2.7521606993794,2.58758648448132,2.56979290044211,2.14484487619161,2.37915847622388,2.32892766733523,2.15057898633622,2.30275502354955,2.70293494411316,2.16237916125299,2.10160147877414,2.51655045438873,2.71619923465814,2.67837675558691,2.40181721157352,3.06828502572211,2.70523413046898,3.23852104956725,3.33670608912207,2.8637740277044,3.28544709399845,2.71525348821262,3.07792468289074,NA,4.00993878949331,3.56502733628221,4.11708782671127,4.40906336492182,5.65625224870532,5.50327858963542,4.47682050893971,4.26445126073616,5.35383513005205,5.97649526062593,5.75467999615292,NA,4.53296081212358,3.73073789775505,4.87733129409905,3.73914463580602,3.66189424037274,3.3319301666293,3.91249066242496,3.72592862257196,3.37822837447828,3.54547723821172,3.95931056081103,4.08191080315959,4.37246528627539,3.33691515273683,3.74221967043262,3.89545561244077,4.18980932928655,2.98304906292819,3.1570053399073,3.44756627308572,3.72583066914031,4.67002878080467,4.39450950380433,3.09960910019534,2.45071509558456,3.03894412855921,3.21395735102677,3.61921424593392,3.34596616519361,3.39531210471929,2.81829963543177,3.25370703187203,3.24258358758337,2.85097958722555,2.85451220101979,3.25320480541575,3.07009525393359,3.10550707423596,3.44031742252739,2.80537636434516,2.9117469076173,2.01356129303918,2.86785081343171,2.93898282310717,2.60074798878621,2.43655345309772,NA,1.8693090976802,0,1.75835569427073,1.77790552328848,2.02012738526687,2.39728370596338,NA,3.1395122680257,3.39858949631731,3.41477358161288,3.27566070710671,3.36031089261953,3.29457545773416,2.61120457914909,2.66087769857792,2.65349870728839,2.94112940380574,2.9303276593808,3.34216545183519,3.29043494220221,3.20660935137894,2.524069436127,NA,2.9271928391885,NA,3.78801840150421,3.83276386748263,3.25881580805685,3.44135170882906,4.11715534233023,4.32572134343886,3.72102015363091,3.48981541952939,3.26447102015798,3.22610992014955,3.11040890523353,2.98823719267184,3.07730160310683,3.66866166995897,4.0632734960129,3.5050251982844,3.88362712501394,3.46528564862297,4.03038736726975,4.03269152956395,3.72188767717291,4.15438758277193,4.26711674020028,3.84727126215567,3.28378360512548,3.61797384602852,NA,4.10441469021874,NA,6.43344800352575,5.25583623379388,6.49706424546012,6.70887870799583,3.84831897671934,5.42579010148014,NA,4.31014365848975,5.31829852847778,4.0234763473695,3.95256656020796,NA,NA,NA,4.26320635689261,3.97514107600612,3.66961966355293,3.55597077182553,NA,3.34195619867083,4.36116899441033,3.4334094419328,3.66886820914775,3.26787504881004,3.74969111757828,4.00158510144857,3.78967998650615,4.87870416556408,5.01967720460325,4.11562830254391,3.68626373176937,3.95307283852916,NA,3.20372509785448,4.15173566135092,3.12510087656873,NA,2.60685132604392,2.96802383821023,2.88109078520737,2.80903578196966,2.8874527803999,NA,NA,2.84751638608181,3.0216307966039,2.81567529458105,2.67072427335025,2.83176445886197,2.99364459101156,2.71417430473706,2.69425438054287,2.39597885753646,2.55224217241955,2.5505988620389,2.71751250709525,3.18566044399797,3.5516438179312,3.47937500617284,3.47978294233565,3.50300693235369,3.75047909029627,4.08847042714456,4.21769983542175,4.00679970067593,4.05193200320522,4.66179751477408,3.913124786178,4.11107387262592,3.95676239013158,4.02806301046174,4.37361764549947,4.23475760877725,4.66646415755289,4.28723495602358,4.25193530805777,5.22451096227493,4.58411353371958,4.02915211653951,4.21308621957889,4.29329896361791,NA,5.34744332053887,5.05339396396977,5.42608811624306,4.35504208767696,4.07764985107818,NA,4.64790408452244,4.10045622960282,4.04128407689449,4.96101323293958,5.08125687750648,4.83122430436927,3.52659207012799,NA,4.67059005302034,4.94344309360422,4.57785131502308,6.48700821369151,4.5670570424178,4.45427087557218,5.59799297165224,4.53693369092756,6.05259330308749,5.26840860587016,3.55535019039754,4.48932188275117,4.04763468068148,4.1288894638568,4.0748205454113,4.52719266496102,5.32806300561555,4.73305106485849,4.79944369876744,5.18030454213299,4.73418697678709,4.52919543936201,4.10493318496537,2.8639773222801,3.19916508343616,3.31465443456319,3.04916269804527,2.6433418734858,2.97625313234426,2.70841300764231,2.69565468197891,NA,2.62479547288076,2.87788268827876,5.75693238324589,2.78010080484885,2.86912375866864,2.73238639849054,3.26907579617105,2.68396786465381,NA,2.93677626904532,3.29082201600566,NA,3.10765548816577,3.09518469623703,3.17548542154567,3.34382066592882,3.17823380255466,3.42263090154254,3.77354818264165,3.47943224160808,3.38485625709791,4.43165935712221,3.87450115460814,3.68063840074372,4.14969890577732,4.32085067217452,4.21624364003127,4.41289713695738,4.52882556335053,4.89029719794709,4.74573907374922,3.96714097442671,NA,2.99847456823526,4.58098556654997,4.52961629984874,5.69137626835513,6.37143791825216,4.74933772681689,5.50824327414501,5.64689505838054,NA,4.46339537547246,5.06438441226536,5.04298756169852,4.75360663130121,4.18571398243894,NA,5.57642970676942,5.15637410808367,NA,4.97471015490783,4.5778765262946,4.45590476064636,5.22058480144451,4.58899756743381,5.35725867624071,4.20437045791937,3.95201844078134,4.54314393839223,4.87350976220961,4.43055599744397,4.45525961808463,4.42143206984543,4.26096981237059,4.49169066568592,2.91734702253415,4.67854891883487,4.10195601574949,3.73576990381317,4.98215635662088,5.27606954969426,5.23205739318132,5.0829118858386,4.39774508781526,4.79478250426391,3.94897417652466,4.34586451284658,3.89357302968967,3.32785693815105,4.0219661214709,3.40829105574858,3.17305062768853,3.40861474098817,3.02801628846398,2.68957555748672,3.0069354415552,3.1017324377331,2.33290955686621,2.68361394806209,NA,2.79117202252408,2.79975986714312,2.71750901442265,2.68545153238488,3.1636315446087,2.86768630285131
NA,NA,3.80116464151844,NA,3.32095375871521,3.76848647820454,3.05596872819144,4.68815106523429,5.02048671401071,3.96467170803185,5.10710003307938,5.25542395325145,2.93092559043096,4.22435729243355,NA,3.66652168219148,4.91918596390638,4.47758922353437,4.44354271018668,4.65774924842935,3.93934132721962,4.34791189524556,5.03047868592149,3.63080658628705,4.22950256762398,4.23951260888492,NA,4.08492459946974,3.80882770385,4.43247398729048,3.56515928556479,3.67162449342542,3.70703891209706,3.93768606724983,3.68022911639907,NA,NA,3.63375072306898,3.92216398578301,4.07206971740248,3.98644650742613,3.6756542088229,4.0186199836396,3.95107129244296,4.52571408929027,3.83458790363094,5.22564539033184,4.11660446277704,NA,4.046062668971,5.5050973026284,4.77988500729325,4.57931050174105,6.37283822590149,8.10017468720099,8.67958292263373,5.91074925638276,7.10396372360484,5.9938615363338,5.98955505312756,6.67984676520172,6.57725350959052,5.77983761416828,5.06282263695261,5.55712334849463,4.71326299942786,5.68221627466041,3.90790298436487,4.60298968151237,3.40979199091432,3.56689361054509,3.18902640408751,2.79413895330768,2.81062941253983,2.65211695791919,2.68624204096431,2.77321237493366,3.09010002752162,2.88157273295081,2.54607728066903,NA,2.51305352325445,2.59864522593309,NA,2.70172305858681,2.82232066096786,2.48215076670999,2.72122646820726,2.7810809666968,2.61203229862853,2.7538700652418,2.49938414980847,NA,3.22910560420721,2.45719899881616,2.88895071136553,2.88292640013779,2.74315330974201,3.14984402491616,3.10365985530619,3.71590055472417,2.88945563437534,3.44573221549876,3.52401099524684,NA,NA,3.57319586561129,4.79683698976312,4.86655646561528,4.38920807448337,3.56583930330105,4.25073310473122,4.05002998955362,5.04659452548538,3.69639644131314,4.59645255927187,4.26491054220209,3.68285755194492,4.46025767536507,4.60739043297778,NA,3.46838493164298,3.73939204824741,3.62098734129967,3.38876252172798,2.8962543271746,3.7233805157239,3.83000759174797,3.8185775652224,NA,4.63778366714992,4.94374233194778,4.95693452355878,4.49187627852282,4.06216031471734,6.40444222473293,5.2845818255464,3.73386847210762,NA,NA,3.54350532936084,3.80818114425983,3.70666869327353,NA,4.48880842789409,4.45379599820163,4.31175277404436,3.9309814973531,4.62164973119692,4.5733280068516,4.60054112135043,3.87737401293797,5.74978279436075,4.59229771175087,6.8697114672439,5.8554706635069,4.45955228408115,4.530147229779,3.70091057751578,3.39251376656344,3.03652439317871,3.15647113447573,3.61639493743501,2.91350050589474,3.25642768785514,3.20526694190616,3.33498770999584,NA,2.94076486333077,3.0080280712334,2.92541549787282,NA,2.31489618645428,2.90069160227209,2.76706676128092,3.1414704386901,NA,2.6669566159831,2.79764575647137,3.04055198321514,3.3795488145011,3.04323447857391,2.90454516475491,NA,3.98092795485877,2.98711986237048,2.71762314130175,2.71342778388342,2.57362794258262,2.95658464835424,2.78157921087204,2.43024409776635,2.59264991205994,2.94747722358528,2.5796478646593,2.42207034617517,3.11970385002039,2.83910967079525,2.99303272529293,2.64353151583576,3.41614678792349,3.33944717111937,3.61692921251714,3.89480295593859,3.40065679735446,3.51984836775122,3.11426881675943,3.52794102832675,NA,4.35889539202365,3.96318926783127,4.55013329125525,4.89096450647116,5.87812729015884,5.6431231383408,4.48677204439407,4.27980629398427,5.49177840104362,6.11513238262268,6.07413893712525,NA,4.85043663080998,4.00041561891683,5.11928653404012,3.94817735949899,3.87603412285928,3.52914060278434,4.10981894583162,4.02151612100803,3.52833743576929,3.77606784906775,4.02815139356065,4.203474363986,4.49049595553203,3.55217100115104,3.95262774359876,4.14943964833107,4.56652462407855,3.13913130326224,3.41971407935938,3.63846420705389,3.68725996011424,4.77783259818942,4.48466993480443,3.26200613735812,2.60010597220582,3.19246746314518,3.2530504300953,3.77085965639124,3.59607501932034,3.69066800538409,2.95837615277117,3.31022494057488,3.44267657480385,2.97173915080906,2.88986554989988,3.17727676618539,3.08209079256169,3.17377476847096,3.33685656703835,2.9779993557287,3.07707725917543,2.36000032339318,3.43689613541807,3.5981814667912,2.98696122819309,2.77893483426923,NA,2.47659649651762,1.75835569427073,0,2.17078664982892,2.5709234921373,3.08587476258197,NA,3.58189931576971,4.08570233848283,3.9394539585742,3.79129584699927,3.86249921049648,3.70622082664347,2.5838172087779,3.0813064585097,3.02079642835769,3.36867442930111,3.24338262499752,3.69171937478911,3.5094155137123,3.58601804990077,2.79159912406285,NA,3.23920940521028,NA,4.0947812874677,4.1468479854703,3.6509822939039,3.79994454521153,4.26554725833782,4.57035330112648,4.02677848930822,3.86381270789422,3.53473462334523,3.39472677465734,3.28989537525552,3.22228498033851,3.27662659553189,3.86684792881129,4.23808472756561,3.61663153938342,4.02388154848314,3.54117492712417,4.11444187195997,4.28781873500863,4.07031747404732,4.41482562718823,4.44226802180956,4.02794362280469,3.54347573169096,3.84031575289172,NA,4.22536897248738,NA,6.63793529798972,5.36705667465293,6.62431347760183,6.88457896895142,4.05697323352862,5.63287618007397,NA,4.48166160196949,5.43366434700841,4.32037550749211,4.16395152063299,NA,NA,NA,4.47302871751615,3.87329931953792,3.63248542552085,3.52283786792249,NA,3.51100717529648,4.49832796923701,3.55072389042342,3.5543837175402,3.39156424563943,3.9795252249854,4.20746038141728,4.03125833229819,5.12871096910696,5.22301006245214,4.19638094068295,3.9059038681347,4.25720997322043,NA,3.46287285505613,4.1792813781149,3.29338956828745,NA,2.8136281613794,3.39872003183298,3.02068912116659,2.86381337797792,2.92116681871684,NA,NA,3.08819589349136,3.18727781429101,3.08943742350214,2.95191173256258,3.01471839251857,3.03496129192371,2.88288858253461,2.96882301187953,2.39227084623624,2.721508432989,2.70379528250223,2.93621085202246,3.38476996372285,3.76305103604414,3.76753013649526,3.6248094332294,3.85162050869625,4.05578653185109,4.35272569649453,4.51286470236973,4.2924122487155,4.34394933295231,4.90334004636648,4.14496282485817,4.3466835846726,4.41131310462083,4.37102887434431,4.60101536289527,4.49054252820947,4.89954178854839,4.53839253933203,4.46879775244536,5.43128960652807,4.76084022058291,4.15318640266865,4.2923116402318,4.41791465063921,NA,5.34984100446515,5.20402979755423,5.54187429185551,4.49674256979611,4.24129615277258,NA,4.85064294730268,4.26871098783711,4.20577567325499,5.22491126583417,5.20088468119637,5.02689459569353,3.73816276994865,NA,4.86856544419748,5.12742035098536,4.71919438622653,6.70117374117265,4.78219635354207,4.59451706637298,5.73150082897668,4.72267077135444,6.17449758291778,5.44851362225967,3.721622735289,4.62618584574538,4.19874506512745,4.11550702675427,4.16197613516435,4.56105411683127,5.51733956644481,4.94360787841897,4.99724101788881,5.39442036288632,5.09749361223768,4.91557051316214,4.50108569338084,3.04888732407292,3.47603207263209,3.5793654160521,3.28779218287793,2.73025949145249,3.20248812719568,2.93954090953944,2.83938570172009,NA,2.92119337285408,3.20418223367776,5.99265753112938,3.03240568945462,3.09559063805753,2.9650142974148,3.49371609793672,2.96931547444429,NA,3.25743024086522,3.6641695538127,NA,3.43518906664094,3.41176140122406,3.49437877387896,3.58183075160017,3.51986732640508,3.68997916110634,4.05067591148229,3.83102772802086,3.71346839000352,4.71683637875065,4.22031558699969,3.98883496572125,4.4345774426498,4.62411741647547,4.45069827431463,4.64069580499957,4.76072988603375,5.10058592389898,4.97148374094725,4.25876058771195,NA,3.31983486047842,4.82033603837996,4.72718914284626,5.85047452919868,6.52217379569163,4.8553671087402,5.62327289503376,5.70427342838993,NA,4.50496277151499,5.13023341042058,5.05184338015256,4.80935632502157,4.19599046105539,NA,5.6694351874785,5.23997123330071,NA,5.12127450820142,4.72904152790913,4.60985997972408,5.36150251716114,4.76971510037491,5.53817051373317,4.38247347319856,4.09965995615843,4.70480577418779,5.06325731626713,4.57111640577847,4.53879752960613,4.53450175611425,4.33440618794427,4.55734398718473,2.90088704864819,4.81157235450789,4.18674307439734,3.81806197899833,5.21316997656005,5.44666060314617,5.46462855314516,5.32729231688022,4.64970946040062,4.97648935842936,4.17230009305197,4.594488541209,4.17249536707562,3.55635440629427,4.36672126613106,3.69884392297512,3.37418426961188,3.66372303085624,3.24332820837537,2.8561843630373,3.29425640637122,3.39142162949499,2.45460123043493,2.85182730047286,NA,2.98309327013615,3.09707646122058,3.10425606894456,3.09710865840409,3.3758673140308,3.06168962392875
NA,NA,3.49015666603604,NA,2.91272627798748,3.30052428424561,2.78183616539853,4.22706926497872,4.66876561490878,3.71352250557566,4.75849606244473,4.95780749777218,2.80739713352968,3.56496922045763,NA,3.35160696122098,4.65403978106741,4.04153621695022,4.11341760608241,4.45620666263729,3.81530060687657,4.08358413172327,4.97232736157862,3.34758630837845,4.15441665757879,4.26765480759815,NA,4.18598980436532,3.74238487223954,4.27426364883786,3.20625996428,3.51205517224611,3.61576540612969,3.74343084182043,3.70015115379323,NA,NA,3.5293738170766,3.83824160229696,3.97758445295754,3.88188065027554,3.64839402398861,3.94122424330296,3.93605330974263,4.45999348755345,3.91637466903183,5.19069866497094,4.17657059175427,NA,4.19560653740301,5.51676324801704,4.65615775268232,4.53218746578412,6.44275770565198,8.13218896511341,8.56048767540407,5.94220690063077,7.0531717887501,6.03315242189514,5.91612280388968,6.67734636390803,6.61032376570219,5.78102314150515,5.1651199120612,5.61923925715775,4.8452840981951,5.59437705433206,3.94483553466189,4.91611827569614,3.69537821600589,3.67774734639034,3.4927255425813,2.58564399882566,2.83170470762036,2.58298212589697,2.75995758684725,2.86990631956644,3.12418143070678,2.87746778953852,2.7128731507813,NA,2.41892981883315,2.717593599982,NA,2.63604327803747,3.09844514946554,2.4664568682253,2.61768665415928,2.86751401475242,2.4183618685254,2.6175448553247,2.47018283557651,NA,2.88932775166701,2.37541328474044,2.72132216510945,2.98210625436138,2.99384838475095,2.82725866691863,2.70921771234786,3.78513165616947,2.94278827405093,3.23202699375153,3.12877996761326,NA,NA,2.81842595556186,4.05870592972449,4.39388801931633,4.02564113241024,3.39970134723499,3.86306263150115,3.79318229382345,4.90068061567561,3.52642685721694,4.36258760517031,4.22925618544879,3.37573395115339,4.34616703948477,4.45235498953452,NA,3.60190328594391,3.90071785002688,3.67742341916813,3.55396451523745,2.97308076392372,3.9337294616054,3.81454040325953,3.74980726646598,NA,4.62068812755251,4.87926886665172,4.99024048969586,4.39985901794655,4.09637830685632,6.28333785931115,5.21960475124581,3.76641190782588,NA,NA,3.60419795931162,3.75198288853416,3.89807462821993,NA,4.57589251369193,4.52123566868378,4.34834638800546,3.93748583266075,4.53537550021706,4.42177008978669,4.55290831908503,3.73337535283953,5.68092673560008,4.7395196776159,6.84883495520488,5.86685936939695,4.60051992987153,4.53640871009458,3.50690409849584,3.48716596506409,3.59101775059075,3.1206067722595,3.38883451240586,3.002099247118,3.28734316873319,2.9852240951081,3.17243837365534,NA,3.29805334973923,3.12153000367852,2.8397486280897,NA,2.33637496136371,2.6991810482627,2.56912468313688,2.73759776919095,NA,2.29103144216763,2.65005541103764,2.9405362074866,2.94329215073381,2.94381054979189,2.72968687483195,NA,3.6331697184833,2.39325446664114,3.00236800317205,2.39144251172286,2.24539365077224,2.64637602265769,2.50406168139202,2.34085001526861,2.57025527791374,2.60296784412631,2.40665332279474,2.41263414282708,2.58755749780339,2.83044898033469,2.73445137584457,2.79940592340817,3.33765883533113,3.16795775153522,3.25065238300004,3.2166162358504,3.17588439842424,3.61172817238534,2.77045652366952,3.1102565526166,NA,4.13999831806135,3.63302412611904,4.33127729099597,4.52184571099106,5.76684267392024,5.57739621143666,4.56989231389433,4.3222763028381,5.415126590423,6.0793817758171,6.07534035596057,NA,4.85022025695965,3.85700957559473,5.1598845900881,4.03938495813884,4.00984117884392,3.75036129398745,4.10800676640549,3.91466461832892,3.61151931446889,3.81528921832319,4.22060090402198,4.25309142941093,4.45404950671367,3.26205830887519,3.7451214143797,4.03643209633424,4.3034504574408,2.99553595301639,3.30129805214005,3.3981405184602,4.08909649110294,4.78986517699416,4.56377409032103,3.1639339677404,2.5734866700109,3.21880346660092,3.52706804179707,3.87244218101586,3.52487697086709,3.69992338004645,2.86125487457146,3.50405113138002,3.41675658319993,3.10864079895745,3.10900818271302,3.50332912635153,3.06895515539285,3.035348568157,3.26010897421504,2.50062193030659,2.632425126077,2.66497758160948,2.66383318951155,2.85882115392703,2.41871781625404,2.64609445218275,NA,1.63011895199241,1.77790552328848,2.17078664982892,0,1.42832039846337,2.3491030249193,NA,3.14301780889224,3.68554047079233,3.44825731354349,3.16816663106818,2.91781279237709,3.08559672446339,2.89571403150193,2.4635456379713,2.47229256459891,2.69845535978155,2.66229018557002,3.14479456422972,3.2400164353029,3.27557316366957,2.63817373811039,NA,2.97493279511612,NA,3.87462849914603,3.97433884905483,3.51035592939521,3.60067453602153,4.03307743048559,4.35300035865906,3.86700245940945,3.6065952601869,3.42053902002721,3.42022712600628,3.23765401762124,3.00004394010263,3.03543427710192,3.79794120460872,4.37693379683145,3.69151454646747,3.87476628623727,3.6234717412773,4.24108003029072,4.18115638423373,4.1200652760157,4.44200477525522,4.5171438098124,4.02973125421718,3.46281541936737,3.83008381392986,NA,4.17965706913619,NA,6.57544806068694,5.2942884030473,6.60485265657043,6.86651074136883,4.02520598947915,5.68926339940519,NA,4.29397557664904,5.32087199023059,4.23757209172344,4.03484442548387,NA,NA,NA,4.48444228340703,4.04183926168312,3.87606238234667,3.71910283347885,NA,3.39165856811126,4.52988242020979,3.5433065030085,3.65676271666012,3.50273773247077,3.93743885365528,4.07514255375696,3.89944427981152,4.89969893837848,5.05973779227804,4.08503068670145,3.86490423016983,4.17889837363493,NA,3.46115106333763,4.39163811417585,3.17803601750635,NA,2.74508617376499,3.20753714848137,2.98606958760694,2.73561869692144,2.83705280026949,NA,NA,2.60238608765525,2.95679576770217,2.67216386105124,2.71678842879017,2.82949158849713,3.30161838726807,2.71248481892662,2.7648584186207,2.61989079074583,2.62168816414549,2.5172330495665,2.76652189274751,3.11760558456039,3.49734018892581,3.52763884847285,3.65147242771095,3.53931285794469,3.75042137091741,4.08353974618491,4.25100086099529,4.03165679396124,4.06098601168154,4.60947492422055,3.88878568627111,4.04122663563695,4.16783050026109,4.00564140056706,4.38874135328738,4.26576667091031,4.71943329019833,4.43459594619366,4.26558590029209,5.39781437916301,4.88701983419011,4.24089229137008,4.37630110469552,4.42213372865533,NA,5.43275939145008,5.12097896307825,5.52605652657143,4.51444221450702,4.24698646196864,NA,4.84255532406945,4.25172638885733,4.22140981724762,5.20604505765822,5.2452849085669,5.0342423701043,3.74067123128837,NA,4.86201688623086,5.07663509560027,4.78694297431556,6.64726243686717,4.63211768873486,4.64905078232281,5.73733158543603,4.79755035806416,6.19942572784153,5.49566560411411,3.66316662717546,4.69162002827109,4.32273774878334,4.30609096175562,4.21779365522346,4.63502838329396,5.45038830893143,4.93428167030345,4.92741625902158,5.23958756384766,4.85599185902744,4.65169790142489,4.2921804213216,3.18456477000437,3.33314098694287,3.47935275039071,2.98385358060841,2.82462304830793,2.97268664740605,2.7738027655052,2.86972236928889,NA,2.7008349761351,2.86815762866723,5.76147185179056,2.62235799157949,2.77795937531874,2.72991447281617,3.24140402222075,2.66867722440857,NA,2.89982207348312,3.31169915618733,NA,3.0864011286385,3.06502904597167,3.09043852372452,3.36815628452153,3.14502450890452,3.4240023051791,3.74936066443774,3.4300729838251,3.40949647372837,4.52022060664117,3.91115862067897,3.70739024984815,4.13830602839657,4.27345568192385,4.25195498390715,4.46939190800299,4.6276954541346,4.9938154721404,4.6842017747128,4.00342120794028,NA,2.87416899172902,4.44557877955934,4.51367146097194,5.71155173560787,6.39253345280997,4.77875350789582,5.5286989014281,5.68718473633243,NA,4.5285365480049,5.1365570586581,5.08147879042214,4.81874920201271,4.30158110387541,NA,5.63371734225686,5.26812183259025,NA,5.02731598724912,4.69577290898585,4.56023560209894,5.25057531338378,4.63774094471216,5.49128348916453,4.17226698034882,4.08832745322303,4.56601765875581,4.93603946664522,4.61247203587368,4.56806743356081,4.56950039096829,4.41604770072126,4.61709556516783,3.23263766375918,4.786736968244,4.16908562654881,3.96583843965462,5.08627490950818,5.31194291688985,5.44550994132268,5.26608383931552,4.61726683133721,4.8452574717838,4.10718047417003,4.5704233041894,4.13921392863044,3.48271485899568,4.15255553064465,3.57603413526448,3.35230920284051,3.66411269625445,3.18568378948856,2.70766526055031,3.04499451818748,3.30679764471639,2.75682286166674,2.75873628471963,NA,2.84894625214259,2.78547703687272,2.73732206295681,2.73280853484269,3.18429073122726,2.95094536259617
NA,NA,3.50289476467024,NA,3.05364363036688,3.43118655736231,2.77522013497289,4.14930182687455,4.61320756653586,3.76898728362174,4.68196472245755,4.90079665663624,2.96475812300714,3.50179839752763,NA,3.31144774288577,4.54487078285785,3.99843284618963,3.90225878428372,4.23234957314422,3.48681105586931,4.17767462072178,4.69895831028192,3.05934152935014,3.93555978319119,4.1043042574549,NA,4.12898647346234,3.68870274830413,4.13383130221588,3.05180888812589,3.36288668732074,3.51678376487005,3.63435413358458,3.64816543896158,NA,NA,3.45283027604668,3.79536099578608,3.90851444862505,3.83391907607659,3.56629896819962,3.84895184540768,3.99954266871406,4.35996960344319,3.93837615522428,5.09953025100552,4.19720491841853,NA,4.31975730514417,5.58153236669895,4.6419793704447,4.59912248732187,6.41646362486568,8.15557222540807,8.59699459154509,5.98961767080642,7.0442767665643,6.01895957009552,5.94267193344816,6.70539462620918,6.69529172036874,5.89229400662895,5.26389674251157,5.65924523584902,4.99982901546562,5.78156511991368,4.13516628576185,4.95974559693121,3.81757946808606,3.88058877532754,3.74544418261449,2.73461975479694,3.1008791300566,2.75963906234669,2.92761554105024,3.05388860375587,3.4514187365738,3.11668218142064,3.01180401501336,NA,2.57115607229453,2.99244045410099,NA,2.93735104340829,3.32526208039311,2.69116190932538,2.64536693465593,3.06356632664275,2.55040444055074,2.87524295131212,2.7419709442073,NA,2.69697007913023,2.58444027249994,2.72169470866389,3.40963946942911,3.31682901972316,2.82743343146538,2.64581982444967,3.61583989100517,2.99416600834111,3.19313628966073,3.03683392687636,NA,NA,2.68242308088265,4.00156054524473,4.22381524268481,3.83000745518163,3.30211180418551,3.64572496135867,3.47229800047312,4.59088044406192,3.25396199738976,4.13134479264613,4.02173667682923,3.17252843332487,4.15029276748873,4.34485841316515,NA,3.75356835426157,3.93936591636076,3.65736103892705,3.62920856365728,2.96971839932579,3.99633878581235,3.81964273185878,3.74572108567356,NA,4.53330137182477,4.75668476589415,4.95034777670657,4.30872638120465,3.97517683129176,6.15896459518192,5.0550981638574,3.74050841366723,NA,NA,3.55055217608697,3.7342856876021,4.06512987739246,NA,4.62661686931248,4.58610045703305,4.48983591246266,4.13525088445171,4.67854639241871,4.52678128527317,4.71193266470097,3.7382684762919,5.54138884224745,4.8452664889483,6.87528868681871,5.91382633433468,4.64946127237449,4.68795768849632,3.6517887820932,3.50364283771488,3.78866153564932,3.32661747419517,3.62230281662061,3.07483833522823,3.44234451496695,3.09037740001877,3.01867973538012,NA,3.46458416844975,3.08117625231533,2.80982043973318,NA,2.64574018441651,2.63511262729837,2.45930998743933,2.83540153657219,NA,2.30244512688054,2.62963127632966,3.00935991419087,2.70355504277886,2.87129324420256,2.61882232006641,NA,3.42834659865851,2.64478557246982,3.19505554100315,2.54867090588904,2.27324472239808,2.57878119452788,2.54444293020463,2.55408253111552,2.75669206055568,2.52068255106749,2.45812337505111,2.50164085871539,2.69115522651122,2.95745080089239,2.87870816115602,2.85896609654666,3.47988656959814,3.1307015135557,3.3216157877134,3.23986695848566,2.9490989657055,3.6883658434451,2.59259613885998,2.75544545672476,NA,3.88875111636122,3.39190069716913,4.05583415782634,4.2262977956333,5.59678609869577,5.42115750929241,4.46146017577517,4.22799321882373,5.29497818043412,5.97471714205384,5.92234104797524,NA,4.66833668141463,3.67083098973244,5.06430798307552,3.97821134283051,4.04848692373934,3.6942095561918,4.04440547616,3.85811990245853,3.74164759575698,3.87449372103654,4.22991634936539,4.3505121082009,4.60563562723282,3.26147984656792,3.89624452964965,4.08434156021135,4.20296786141934,3.15105378764506,3.44503273949192,3.44632305669805,4.38728048590054,4.86571599289564,4.68009765590187,3.25933318697012,2.72925247663649,3.40245707126482,3.69110655485287,3.93774376618373,3.73402348252713,3.8242834579802,3.07828699663654,3.61104520390557,3.43056107697977,3.30347056779496,3.2474830106561,3.75693294023576,3.25898361904107,3.27773593514835,3.38599481705792,2.84395059763905,3.05155800976964,2.68356345581709,2.7145927872302,2.62219853845278,2.28368485736794,2.41398735368049,NA,1.76805003209356,2.02012738526687,2.5709234921373,1.42832039846337,0,1.85076533931509,NA,3.04751025087868,3.20384803481152,2.98902773337638,2.74848123135325,2.52253212220379,2.74066759892564,2.8932116399254,2.17416428700889,2.11811680412787,2.4711583781293,2.50346161246097,3.18385169646221,3.12932926955985,3.09738189616404,2.58499780052142,NA,2.81283149797541,NA,3.61103690557087,3.75819167400221,3.28484506300458,3.37399917569549,4.02955687048015,4.24914442198201,3.80585517627737,3.52553478391463,3.4220831891626,3.4411256938149,3.16465927021457,3.11193716042019,2.99335631694491,3.72217982693213,4.24339973540405,3.73224824581747,3.93300111995413,3.61458051585189,4.37741972124547,4.35928758661378,4.13706099330443,4.44088457631603,4.49594442612967,4.04796395664785,3.5337980532894,3.92934310241851,NA,4.15206111840939,NA,6.4707730089202,5.24092475308599,6.63808179868248,6.84553307993332,3.98078630743281,5.65471261491283,NA,4.27912410637878,5.20871378087552,4.07664248705064,3.87861639163723,NA,NA,NA,4.43147383740718,4.08781056710036,3.86963441002938,3.67469046878685,NA,3.45182819621783,4.50860267879913,3.53457024454619,3.83224555341427,3.62114801701352,3.9287012374507,3.86037863126078,3.84859662600352,4.87163841019757,5.10605232629401,4.04441524706896,3.69825609467633,4.02319295949309,NA,3.40467390906923,4.27496189936328,3.28794043724832,NA,2.81186121434367,3.04237081167214,2.92574867472942,2.76503795622368,2.85905136326176,NA,NA,2.62277097502812,3.01327775586385,2.75434394079436,2.5885541437191,2.7305082852012,3.27428157142404,2.64174455576864,2.65605025050642,2.90520274291108,2.62969046435121,2.44982541126106,2.94459659882928,3.05880244843982,3.47748993701287,3.46285909860302,3.51135689420406,3.33168371062339,3.61788610092978,3.78170361621183,3.96707955777862,3.7639707024149,3.84664889803314,4.44951177484724,3.70898527504192,3.87476581917399,3.96788857293402,3.76226716560052,4.17612204983015,4.06407069396579,4.5004407849615,4.29461870943646,4.04046701183906,5.29572879679867,4.760872201301,4.17049215308358,4.23399830376292,4.32702246857394,NA,5.36534687764865,5.06293225113763,5.44823427663974,4.49617820958672,4.28967220238423,NA,4.79467945851533,4.19564140066987,4.15010422009548,5.19382177216608,5.21991579259646,5.02477559236861,3.72050959751502,NA,4.87991673592604,5.05079510320324,4.81522101113247,6.60383497182103,4.64794919753447,4.65108369634585,5.74199361453206,4.78386530040779,6.23536203120609,5.49879107524221,3.58016833929563,4.74513100070587,4.41266344878185,4.35952018043534,4.25286170765107,4.70025645871247,5.40011795897067,4.90376316088041,4.86477004698633,5.12400293983707,4.68586233395848,4.50302588798776,4.12716226186464,3.24668741563515,3.27293905300601,3.41828613688658,3.037229760278,2.97419586415246,2.96154775679765,2.77054506839004,3.02909598987528,NA,2.74128196991906,2.74292948493355,5.63809859927902,2.53513322487819,2.66630414391802,2.67954726398777,3.21305728850681,2.59177296669334,NA,2.87781944084257,3.21694895708339,NA,3.02460915746407,3.09020747120997,2.95177778434581,3.24126668613254,2.97383998111251,3.20815168217894,3.56927996800659,3.27449929742533,3.20734377556691,4.36022281021476,3.71400272091715,3.49696906867376,3.98024873914338,4.12894850238605,4.08621117853111,4.28510370623162,4.45674848964896,4.84396613228654,4.49951450387989,3.7990837271522,NA,2.78555724786129,4.23436071879424,4.33675671986969,5.57060755868905,6.24074120687881,4.69109348846403,5.44228954919279,5.58597477310429,NA,4.49567395021731,5.10493504794748,5.06834503311223,4.78389997103323,4.28470152027208,NA,5.58376521891334,5.22202525714781,NA,4.95663866810392,4.62801141310591,4.49507117715467,5.15997419800128,4.5589502897558,5.43188709731088,4.21288981411461,4.04508041175331,4.59168458395298,4.93073315880908,4.63396947276898,4.58184466029693,4.61962700488709,4.48386830652295,4.604282796802,3.47297742940209,4.66815372193963,4.18658587915414,4.04890994678372,4.9529038515139,5.14305801212456,5.35815499911277,5.18401784005116,4.5211825702722,4.79297137205337,4.04452195531375,4.59464897536981,4.21823450433558,3.53486230330787,4.07924838451097,3.5634988114535,3.42651349938229,3.73412972900441,3.2366740235274,2.76964743642461,2.99075846012917,3.30376647481166,3.03777755385683,2.87761764930062,NA,2.87059864109203,2.80651114200688,2.74320298317621,2.79287139305131,3.24357023551268,3.03034581157473
NA,NA,3.67724965511249,NA,3.2157550582827,3.60928017895282,2.99622520412464,4.25136439808727,4.72877870056348,3.77319989542949,4.6708067496565,4.85564914864064,3.06350275666777,3.71824055678724,NA,3.59913556520634,4.48971135816417,4.0977151858358,3.85115124578745,4.23299581683642,3.48602831716124,4.42642090257855,4.87037997392405,3.25448671215917,4.00368322920083,4.21038967901501,NA,4.27066299686892,3.82628216633858,4.22335585385276,3.1387743608641,3.41915313060792,3.62489734331162,3.68496727969397,3.72026999216925,NA,NA,3.4452348879554,3.85539674086791,3.92118351416318,3.84792795418614,3.57369319884029,3.83611604865512,4.04960353821257,4.31340286401526,3.9957621799174,5.34095611113549,4.25458125957872,NA,4.50568463758745,5.73301430013459,4.81844363098576,4.73397627301171,6.47871999887377,8.17618738274079,8.71809142148422,6.03687132389675,7.15279244057041,6.15188700163876,6.07502442182829,6.80109754616418,6.71197359087515,5.88369124044404,5.20881394971277,5.64383060243216,5.08293974578986,6.03384080785858,4.34942245847995,4.96136329919264,3.88806506568257,4.13216409683628,3.96190794326739,3.00345576843092,3.32225382836668,2.91539119438919,3.01609614165046,3.20676579930843,3.53607968769822,3.29721885215432,3.25307853764827,NA,2.83598318848218,3.20818944270279,NA,3.25075068681053,3.47929655628689,3.09638233197548,2.81810022181178,3.13359683405006,2.77484879398871,3.08501819716624,2.998729472828,NA,3.00334300848784,2.90172265685973,2.9185132137121,3.87841479779251,3.66822354852494,3.16525964251687,3.07518943737641,3.55818757680974,3.1155689894222,3.37452552348964,3.12913320044158,NA,NA,3.20045602476743,4.0636161134218,4.05445773027344,3.85578776228462,3.38991686990638,3.77048878909726,3.6885074380064,4.66844213426316,3.37561641352717,4.15328631635007,4.05956587579537,3.27102812658744,4.23501458591823,4.54193342948152,NA,3.94712434176644,4.00270711242505,3.79528728104439,3.81121887198378,3.08814150564891,3.91598489531955,3.78573150517984,3.79008160673856,NA,4.43544546552589,4.74007054037583,4.91209864274515,4.37179991439428,4.0511867081373,6.20158457434982,5.06543578891089,3.92112063589192,NA,NA,3.54673325345084,3.77342322930192,4.13205057688416,NA,4.71166699451068,4.76975145823227,4.58060675869578,4.23967939784205,4.78023012454206,4.64835855964033,4.83781898476355,3.77338483122335,5.54037340441333,4.87880693998355,6.94910286641851,6.0218808771797,4.79642657716103,5.12792634133048,4.10418437806163,3.70821658377102,3.9544098700699,3.68932390289657,4.09681800281692,3.27291460803268,3.6044421767983,3.21463036882624,3.1600018958167,NA,3.55584659026285,3.1845181242072,2.99764620603408,NA,2.75987254884493,2.99098486843954,2.66950775659091,3.09106022459913,NA,2.74335161000896,3.04897792627291,3.33220793174986,3.0583469801239,3.35898203954242,2.68950902194839,NA,3.4613711064274,3.07390162885938,3.45158559466825,3.07591371542515,2.47769809493374,2.49183130680691,2.74541985406404,2.7997317425577,2.91345916608731,3.1118572821235,2.61281923238563,2.78311511789164,2.91280274624369,3.21585723991143,3.13235696573123,2.91283096775001,3.47307903656191,3.31499168769364,3.6108048093425,3.58909161967088,2.66038603429615,3.928253030529,2.87013830448147,3.0223149546713,NA,3.74302306185869,3.45270988207252,3.97373326745417,4.02996694391296,5.45645438793821,5.33153666792463,4.49086161898554,4.25711588819801,5.31992922029183,5.93107662125675,5.93871655783979,NA,4.48691772127829,3.55993125748505,5.05747285660863,3.99205393581214,4.1362647756683,3.78930164422423,4.15300237176175,3.98764143237199,3.8311651838648,3.97926864316268,4.37250504172165,4.53385290595862,4.81828953442757,3.62918871370994,4.31318373548793,4.30192675821041,4.37429955371282,3.44040956952183,3.68223298356162,3.75453828629435,4.5939062784992,5.14564069851318,4.90469638367453,3.47664011601243,3.01385377710465,3.71718657023732,3.76547668370311,3.94180581060339,3.87133466794802,3.95768186219576,3.44795542399558,3.7531250653705,3.48005907517863,3.35356800806371,3.45622631771543,4.08063310176645,3.73038878297336,3.75708464048966,3.68124356890445,3.35123230880137,3.64054770876969,2.85234795314296,3.24794813304335,2.7462290649843,2.71603993594014,2.33089236735413,NA,2.20769475100174,2.39728370596338,3.08587476258197,2.3491030249193,1.85076533931509,0,NA,3.10079688299352,3.1967569120063,2.79673177573814,2.92896392404823,2.82197533682123,3.02625284983895,3.17439086443675,2.60475841615939,2.50815418061473,2.77093578137101,2.64926892803493,3.5138128062192,3.13881816289689,3.09277798166478,2.76530215568946,NA,2.87136974543732,NA,3.64279853256742,3.892164479262,3.25997131908357,3.22651962318271,4.10854493283169,4.2215580743242,3.86427939480704,3.55784354552216,3.52359830324869,3.52888441824209,3.16372204406229,3.37928097926745,3.11454672286984,3.78856406778656,4.19186269476179,3.88576473822972,3.87883432918884,3.70673088478421,4.4286273173762,4.47247160128585,4.03093892492249,4.37617046413416,4.47429628745254,4.13264214023004,3.56379350113356,4.06606034343106,NA,4.20944458017914,NA,6.55041191575487,5.40432403802026,6.72519192821765,6.89832405995184,4.09783257601523,5.71805562699538,NA,4.26977180579859,5.09508352957613,4.06136651735124,3.9495874127191,NA,NA,NA,4.4300815654777,4.32897235692946,3.99869810146585,3.78901701638434,NA,3.6812787202208,4.56996878807398,3.74597796838608,3.95636505510981,3.75593017119114,3.94687637301476,3.95339075468564,3.86839218652222,4.86709844647268,5.20568770951392,4.02852467109201,3.8012213861383,4.05019529936456,NA,3.44008833419951,4.39841668174105,3.55546564563767,NA,2.86995396274997,3.23006881971181,2.83492298915292,2.81215473312721,2.92029679871306,NA,NA,2.74196794263448,3.12259738644491,2.80245081883608,2.74925351714012,2.91040150392223,3.55535291452928,2.95098046765914,2.95442409027834,3.34531479666063,2.88161488583723,2.66786648740342,3.22677833569085,3.1370502619162,3.32376723514081,3.50745791799873,3.57000633919819,3.27624480782035,3.63475489274244,3.75242647681911,3.98060931295321,3.73378927626452,3.76936537539002,4.42751411663729,3.73027458263721,3.86313290219017,3.98689531147367,3.70983035597426,4.14024875387724,4.04123796828066,4.5917673178837,4.31471750652188,4.06840606213005,5.33334882788127,4.71481107370223,4.17648350739542,4.29338893394506,4.37273458667135,NA,5.43273299338538,5.06719049080145,5.49938371111689,4.51350916711995,4.35785693944991,NA,4.80212321820582,4.27573008732995,4.21914182422196,5.19414125063088,5.25517393451414,5.07526709660914,3.80425114061326,NA,4.93278620619845,5.0639474798488,4.86675632810634,6.66202636047071,4.73856695797435,4.67451950185103,5.77606539480179,4.82764475821446,6.31492718744346,5.52721381639152,3.63772908784746,4.77025761625039,4.35163527813022,4.25079454562707,4.23258901290673,4.72402465923143,5.41643310443845,4.9228499071355,4.87910150573237,5.06845270212617,4.56628583535912,4.46616687738769,4.07160979543588,3.28977193157198,3.28135343211042,3.39130389789221,3.12627046626158,3.14217075616504,3.04392611720598,2.88902512319442,3.18797094134731,NA,2.85257830326034,2.85607992964212,5.63599132658688,2.96097300362643,2.89261622689313,2.9508870741078,3.39502571978531,2.83170057136096,NA,2.94735748598537,3.30837094508899,NA,3.17286061734089,3.38486910913014,3.22649588857108,3.10060170417059,2.90106469309544,3.19826133852484,3.55806835360048,3.2173464273445,3.21247290718459,4.31738932450998,3.75952054035502,3.48603263939031,3.9751940773278,4.14082116436542,4.05783857538582,4.24202688252964,4.46800315553914,4.78640955464151,4.60861516072652,3.8477785924254,NA,2.86937287962714,4.29796767726471,4.33853962859593,5.56069934187541,6.26029643676968,4.71215481498752,5.42125890197337,5.6062690043858,NA,4.51967480422058,5.14455606224329,5.05341677752941,4.72125023542175,4.30017741828799,NA,5.54533651456457,5.22343532368507,NA,4.90374846692949,4.58941834903601,4.46985197865049,5.13204073646669,4.57858401334484,5.41526584168534,4.4629327438198,4.03684858893723,4.66606305908103,4.94054114623873,4.63639268381864,4.55492192821473,4.59649231684799,4.45083695581474,4.56681742727548,3.59918655665091,4.61827741706348,4.25257916242594,4.09077558199144,4.86867665113459,5.11996641083863,5.25641255358241,5.12188365087412,4.48515511159495,4.79752304476238,4.0576580764272,4.63661346929859,4.23912819933606,3.60709366128734,3.97254210914911,3.5320810903509,3.51481709282934,3.74307960253317,3.23116870141609,2.91283799227781,2.91845343182728,3.08801237354692,3.18038650978957,2.88513871897441,NA,2.88649824837766,2.89391326840241,2.85699604985046,2.9261216548813,3.41724711782175,3.16330980515069
NA,NA,NA,NA,NA,NA,NA,NA,NA,NA,NA,NA,NA,NA,NA,NA,NA,NA,NA,NA,NA,NA,NA,NA,NA,NA,NA,NA,NA,NA,NA,NA,NA,NA,NA,NA,NA,NA,NA,NA,NA,NA,NA,NA,NA,NA,NA,NA,NA,NA,NA,NA,NA,NA,NA,NA,NA,NA,NA,NA,NA,NA,NA,NA,NA,NA,NA,NA,NA,NA,NA,NA,NA,NA,NA,NA,NA,NA,NA,NA,NA,NA,NA,NA,NA,NA,NA,NA,NA,NA,NA,NA,NA,NA,NA,NA,NA,NA,NA,NA,NA,NA,NA,NA,NA,NA,NA,NA,NA,NA,NA,NA,NA,NA,NA,NA,NA,NA,NA,NA,NA,NA,NA,NA,NA,NA,NA,NA,NA,NA,NA,NA,NA,NA,NA,NA,NA,NA,NA,NA,NA,NA,NA,NA,NA,NA,NA,NA,NA,NA,NA,NA,NA,NA,NA,NA,NA,NA,NA,NA,NA,NA,NA,NA,NA,NA,NA,NA,NA,NA,NA,NA,NA,NA,NA,NA,NA,NA,NA,NA,NA,NA,NA,NA,NA,NA,NA,NA,NA,NA,NA,NA,NA,NA,NA,NA,NA,NA,NA,NA,NA,NA,NA,NA,NA,NA,NA,NA,NA,NA,NA,NA,NA,NA,NA,NA,NA,NA,NA,NA,NA,NA,NA,NA,NA,NA,NA,NA,NA,NA,NA,NA,NA,NA,NA,NA,NA,NA,NA,NA,NA,NA,NA,NA,NA,NA,NA,NA,NA,NA,NA,NA,NA,NA,NA,NA,NA,NA,NA,NA,NA,NA,NA,NA,NA,NA,NA,NA,NA,NA,NA,NA,NA,NA,0,NA,NA,NA,NA,NA,NA,NA,NA,NA,NA,NA,NA,NA,NA,NA,NA,NA,NA,NA,NA,NA,NA,NA,NA,NA,NA,NA,NA,NA,NA,NA,NA,NA,NA,NA,NA,NA,NA,NA,NA,NA,NA,NA,NA,NA,NA,NA,NA,NA,NA,NA,NA,NA,NA,NA,NA,NA,NA,NA,NA,NA,NA,NA,NA,NA,NA,NA,NA,NA,NA,NA,NA,NA,NA,NA,NA,NA,NA,NA,NA,NA,NA,NA,NA,NA,NA,NA,NA,NA,NA,NA,NA,NA,NA,NA,NA,NA,NA,NA,NA,NA,NA,NA,NA,NA,NA,NA,NA,NA,NA,NA,NA,NA,NA,NA,NA,NA,NA,NA,NA,NA,NA,NA,NA,NA,NA,NA,NA,NA,NA,NA,NA,NA,NA,NA,NA,NA,NA,NA,NA,NA,NA,NA,NA,NA,NA,NA,NA,NA,NA,NA,NA,NA,NA,NA,NA,NA,NA,NA,NA,NA,NA,NA,NA,NA,NA,NA,NA,NA,NA,NA,NA,NA,NA,NA,NA,NA,NA,NA,NA,NA,NA,NA,NA,NA,NA,NA,NA,NA,NA,NA,NA,NA,NA,NA,NA,NA,NA,NA,NA,NA,NA,NA,NA,NA,NA,NA,NA,NA,NA,NA,NA,NA,NA,NA,NA,NA,NA,NA,NA,NA,NA,NA,NA,NA,NA,NA,NA,NA,NA,NA,NA,NA,NA,NA,NA,NA,NA,NA,NA,NA,NA,NA,NA,NA,NA,NA,NA,NA,NA,NA,NA,NA,NA,NA,NA,NA,NA,NA,NA,NA,NA,NA,NA,NA,NA,NA,NA,NA,NA,NA,NA
NA,NA,4.64413035294644,NA,4.09013842980599,4.61748209415472,4.17702128895197,5.39183902936149,5.67826734455371,4.27948467535462,5.5427986617262,5.56660336115502,3.84553728329601,4.49981441506639,NA,3.86281767680984,5.33002639040505,4.69169276443402,4.31548910199294,4.85295827922756,4.17457806851852,4.84885704188456,5.55457109217027,3.96484634049115,4.53699976058358,4.93370895363764,NA,4.84520901059215,4.53440601802611,5.00717577452658,3.95810235698912,4.32983612039788,4.44048370390303,4.68031328419353,4.47261594302779,NA,NA,4.27503534519046,4.52987564857458,4.55550974247103,4.56546932968651,4.21128286128301,4.58164381037823,4.70180457219342,5.04079183886114,4.53642572438174,6.05076090768843,4.71477614309871,NA,4.90206597620559,6.20171831471927,5.3248018472471,5.21032667852681,6.89169556104808,8.53015753751084,9.22084799124853,6.83882297820026,7.87789222459672,6.91480430348257,6.79922669289201,7.52960114567756,7.46797549690151,6.68919989865398,6.07332630578854,6.40519493493029,5.90375664338282,6.71082792338043,4.99541028123864,5.61870738836483,4.32455061779142,4.43065761383096,4.08281724875594,3.76384541159259,3.68764451133847,3.59873905233094,3.85245742881706,3.91804763534259,4.04701190962206,3.97933633567437,3.81638977078139,NA,3.61288973525444,3.99456123778999,NA,4.02731674962846,4.28946958329116,3.77160486513215,3.66387597132649,4.10138250052354,3.65430564963924,4.01635779263526,3.77472588869539,NA,3.8699389325231,3.70420611765757,3.707844365161,4.15941941294038,4.12926230294389,4.03828153483082,4.03623787661839,4.77264101234492,4.01360606805854,3.94556541522498,4.03149242581396,NA,NA,3.61974068536896,5.14284528268636,5.04738494431119,4.62299604628996,4.13416491794148,4.35176166000007,4.36330385661891,5.63143520455932,4.17936809782753,4.86771261731596,4.71665947583136,4.06154494770922,4.9629722139284,5.0683458088077,NA,4.17807668458852,4.41579268591731,4.0289760452809,3.95578617063535,3.83616980335356,4.44414974295018,4.31820043211289,4.44280982185766,NA,5.09882918606356,5.43810724836326,5.23016051627954,5.03739360077014,4.84624477395717,6.91722332321136,5.94741184358733,4.45222407267447,NA,NA,4.22943724576908,4.40068963608938,4.60284473922105,NA,5.27785767495637,5.42078717285958,5.30088392838529,4.82920557820215,5.30435512928867,5.10145751357501,5.33168070232771,4.36353065708762,6.06033364573523,5.58084730245471,7.6099467563016,6.68815812628236,5.50794649563492,5.60707651187614,4.66904386608585,4.27012037521903,4.2805892812395,4.03011197371564,4.52116267243794,3.57653905904775,4.01438476320096,3.74394663585967,3.6313573941904,NA,3.82610280689,3.75417064642469,3.64934912793645,NA,3.065457740722,3.38738233410572,3.24653694568527,3.19746380208826,NA,3.12702167232552,3.30201181801038,3.48713262413033,3.34709574296021,3.42926351854458,3.03298176123513,NA,3.9508064594375,3.29064971748741,3.73801066381283,3.61131315941616,3.18157549343005,3.19644858367232,3.23088785128921,3.21500789553453,3.55095863234841,3.6487691314443,3.31393601105679,3.17409948349826,3.21507518151233,3.57579551166607,3.18720318245102,2.88152717308909,3.38804768920962,3.31261097503217,3.663679850443,3.69676608598807,3.26344031578674,4.01738729690441,3.3619844161073,3.39507509663078,NA,4.41012773710637,4.28641030542679,4.79501151821609,4.98063637321158,6.42239777612581,6.2475636191496,5.44005407238002,5.19967326037665,6.11120100891895,6.83698720036088,6.84256545294323,NA,4.95763802821423,4.33733152940203,5.09197145610129,4.33747277553619,4.26157157411959,4.10575867284745,4.78411545227532,4.29169593238133,4.20945149084201,4.25463804990684,4.78994493864013,5.22010922279417,5.4772196761748,4.03040586261191,4.36985111457321,4.51383944590552,4.67250104019924,3.82619251524336,4.27388502544045,4.14626947545672,4.77845595388544,5.75819707522695,5.66501859898576,3.84079864166701,3.53701590892277,4.14381744656178,4.29766427355221,4.60770193580902,4.5997284786428,4.60616958380843,3.93684689242884,4.36064997872821,4.06136587716335,3.78189957341606,3.94323644960423,4.22576828359365,4.03203416344475,4.09474479897024,4.20787552472473,3.73102250228675,3.87605157865466,3.80221967238392,3.45587315531527,3.30655810337664,3.13344580492728,3.49897936123729,NA,3.33578171253481,3.1395122680257,3.58189931576971,3.14301780889224,3.04751025087868,3.10079688299352,NA,0,2.50546482865105,2.72952200490118,2.81977000595511,2.82114084833011,3.00618018180645,2.89310573627636,2.99544982311496,3.05159708124413,3.23538578878927,3.10729659762758,3.45495499958017,3.15586583652804,3.4017373270268,3.07381618921313,NA,3.43177006524397,NA,4.02246216989914,3.86526112925704,3.98894181988521,4.11157480647877,4.80124349622522,5.08808465727024,4.48758795969216,4.15792123593689,4.08783816442138,4.02188584707327,3.79680149482132,3.85085224834858,3.81565703512242,4.37012322824923,4.92025803646779,4.14635640782016,4.49451331980593,4.17792028655475,4.68929637472715,4.68877843307858,4.57685862680882,4.96059988693054,5.03819992841811,4.47082676270512,4.13653705507063,4.31899688369708,NA,4.76449856363527,NA,7.01648104964923,5.94565444770619,7.09707374627547,7.47582407445339,4.60870682608184,6.19919751245934,NA,5.03980147917996,6.04456142823123,4.88743203686991,4.68058679014866,NA,NA,NA,5.01624500904686,4.66360287738407,4.38041085882672,4.18519868937113,NA,4.23301494687688,5.14125893520474,4.3037359099887,4.52832735003641,4.27125702118362,4.65904240236037,4.78258725499251,4.58106433767497,5.2499848690838,5.90604034833962,4.91226671493745,4.48079305194424,4.53818581324272,NA,3.78345470165309,4.97462087097285,3.93817538891285,NA,3.47624403732254,3.50126750676533,3.41678136088633,3.18700864377784,3.18369371591374,NA,NA,3.06509858290624,3.57513505023549,3.26775084228247,3.24473853867385,3.55652871254341,3.82326678235149,3.25810293259158,3.30056993462354,3.39479074485331,3.74132023832595,3.63065103530173,3.71890598288637,4.23121310513153,4.14128423692863,3.0959546157577,3.74715171921024,3.80508410451378,4.16185370727703,4.69264254716612,4.75601624203014,4.6253989915351,4.74008595903916,5.49086964425364,4.81425107351996,4.96145274722209,4.85491910641757,4.79260746329056,5.17289784980552,5.01176959334195,5.45969526616652,4.83424333602181,5.05536106367092,6.09915839631434,5.36393772187207,4.87963489237475,4.98428021228505,5.22953272070719,NA,6.30286489513919,5.82322529298172,6.24887248402336,5.27897673874052,4.99112727993282,NA,5.50659022474081,4.96080605906758,4.90236762573996,5.80309900993169,5.99258694320218,5.63619632920764,4.45611324194029,NA,5.61549123009474,5.84419149275107,5.60023374646566,7.27323620623898,5.47295097608744,5.48003984081852,6.41522847895912,5.50203070648011,6.91755901830632,6.32107657981157,4.62643041573827,5.74985235031288,5.32018499009219,5.05906649233095,5.07678862292629,5.47191377215484,6.08883727962853,5.63954567418871,5.65820750494174,5.831734842333,5.03488790247265,5.27176907026426,4.84762092119031,4.18381992548765,4.13801132134079,4.24642549651809,3.95697419829384,3.95683430230969,4.11175766146715,3.90309324674848,4.09625431683187,NA,3.67707585610104,3.89128325588227,6.29188222035687,3.78635407213796,3.99246064772238,3.84550223608024,4.23217304728033,3.71552747087902,NA,3.87772857328717,4.16195538116361,NA,4.01225580594885,3.93345755152577,3.83950471317274,4.07121040480586,3.78026826768209,3.7465141109458,4.32549226627417,4.16399825951401,4.17230299778954,5.25556168410029,4.67384114356591,4.59371318019318,5.0937939641299,5.15112791344552,5.13301960741099,5.29979175248028,5.51128017857375,5.7728634008361,5.60906639658675,4.91052859812727,NA,3.74426733471646,5.42170311519889,5.36733258460587,6.49992045649158,7.20426868378786,5.67102273131007,6.3296976530828,6.51012707677477,NA,5.42181388317501,5.98795236770238,5.91741137609751,5.65469271328975,5.17927495816336,NA,6.38387096656825,6.04967345806895,NA,5.84696080007737,5.48216727117662,5.42133119220267,6.05473776556332,5.48664736559667,6.37243698444236,5.37395964948692,5.04643301502436,5.64494009726397,5.92700544748315,5.55646694540227,5.53748379078858,5.51664999882692,5.29509021262459,5.37855731656782,4.05082115449074,5.41437206353889,4.78873214351731,4.33470397347023,5.68993387118269,5.98043025840735,5.99444384793959,5.85105581171801,5.20079556885296,5.51801315111736,4.69084808428198,5.29748351982659,4.99417629172535,4.39600809573337,4.81353877588162,4.31274486608692,4.22436435502249,4.30634295843228,3.90145113079184,3.79946510791342,3.831282902067,3.70827989299324,3.63844193953011,3.51931113322096,NA,3.46392819651593,3.36008692619896,3.25575787067924,3.34839265420963,4.1138466637213,3.93883091425031
NA,NA,4.86924539256606,NA,4.56057801715663,4.74476936380418,4.1212116678615,5.24767808086187,5.58645735278263,4.31553586447126,5.53908430679988,5.68012521765378,4.25717633271359,4.71615936015281,NA,3.95135914954268,5.30277754197586,4.85304503501866,4.38378535992461,4.66759018359144,3.91910248129659,5.09183748003772,5.60496714199756,4.06521852546428,4.71256209010099,4.99542142317102,NA,5.0208502658249,4.70867859240951,5.07951760302291,3.88826291629461,4.47651234262083,4.60469661056246,4.75938005848163,4.59799408799592,NA,NA,4.4079745927147,4.58970815651208,4.52484643126003,4.46091976772679,4.17473089668869,4.58985491145728,4.78357442270962,4.98532778753624,4.7002478510046,6.07501283616377,4.69193930317013,NA,4.94912996584015,6.25064089094582,5.42484797894732,5.3426299544435,6.86252335865098,8.50808103279757,9.25401342232495,6.79428104366183,7.90549123029259,6.97124826739882,6.86089674184471,7.57830330341132,7.50664226801724,6.72518703126187,6.12513249377366,6.51078612893685,6.03624787438732,6.84329275656013,5.15881167934421,5.61440537164666,4.45192293495524,4.57178430914152,4.52176268758927,3.93301328950595,3.96250594605892,3.83416559112403,4.04950592261569,4.17422356272746,4.38426472462398,4.20513164079529,4.18098079755806,NA,3.91512071377694,4.34703777675497,NA,4.4148749384792,4.644562327713,4.1093300368769,3.86741593921037,4.28910748028278,3.79620869214228,4.14794541819897,4.06396963004252,NA,3.98458393617823,4.12602076133044,3.91105480475075,5.01901507568867,4.86803511794676,4.20724542070612,4.06512218852411,4.84199891675937,4.32430288553926,4.14368391016663,4.14548314613561,NA,NA,3.90351770714374,4.90213934053295,5.02496503286264,4.7383603395299,4.2209800521002,4.45438427918876,4.36084290215589,5.41150416868202,4.11500251563569,4.94954090141186,4.73699875167604,4.08312190388292,4.94057093145515,5.06210909080559,NA,4.4402363721587,4.46938858037543,4.2476533555336,4.16445529667683,4.07388310095287,4.69615741185544,4.42415442573109,4.49960461399828,NA,5.03788726216146,5.30652247510316,5.2627440107306,5.0304654253216,4.83363421864326,6.89891104386321,6.0034045511065,4.60610561536817,NA,NA,4.40991513429762,4.57335238747968,4.84948833586568,NA,5.33350052988576,5.51510158448049,5.3437365804034,4.9445881185539,5.34292408495733,5.16651711560397,5.3604889948148,4.50293943729265,6.09199432798278,5.66746313335171,7.57333293883208,6.60654970237923,5.55230246986677,5.6346255829568,4.81252435941486,4.35937996084781,4.55449183754987,4.26777918626292,4.73272079034678,3.90156311769879,4.25315486413837,3.93681531419201,3.82533430398944,NA,4.18505667501462,4.05562773149095,3.74080308800299,NA,3.61209177903877,3.698509403893,3.50926521460453,3.74942563969522,NA,3.62055418730009,3.44366135173417,3.70927894974763,3.21661636193365,3.62777815540851,3.38478375277391,NA,4.13573643013302,3.62468923872371,4.13028581337748,3.95008172783272,3.54264662836205,3.57509297197981,3.65983254499333,3.78032319501895,3.9258713106283,3.90276081502267,3.7514212333093,3.5915713132345,3.71412359967201,3.97270583828018,3.69033053939694,3.36617557403802,3.92767822088833,3.40620927532613,3.87659100685038,4.04269365808825,3.40809644580464,4.47002080102841,3.43920518838325,3.37583617619414,NA,4.60792411528206,4.55910095728038,4.74984256235113,4.87815898386603,6.34289039886397,6.25834372076263,5.53972474112106,5.31895012830568,6.10237604750643,6.76270399232239,6.43030038615567,NA,4.89329215610455,4.42472570001542,5.00280619289342,4.44004981359187,4.38449176977904,4.18681714925473,4.87793592085242,4.48374538727264,4.22681847322862,4.25775740005171,4.77670901727035,5.18400218104906,5.59035987754086,4.17100345066592,4.5418966778997,4.60713712908265,4.55723883396784,4.09536277341333,4.38789150941547,4.23131677030362,5.18226606887802,5.85116055784156,5.84299314950438,4.11898044820143,3.80202510779314,4.38809346287071,4.67888405613907,4.81320615821904,4.72385504288182,4.70625148464706,4.16493215803203,4.55655885507896,4.20831370977329,4.15822450252454,4.20510776818112,4.59492791918702,4.33276989649722,4.19749264422969,4.48310692878005,4.09035937839474,4.17783688229293,3.81458670810118,3.92748221782313,3.5911077906196,3.2778836479057,3.35490595757014,NA,3.56379674073594,3.39858949631731,4.08570233848283,3.68554047079233,3.20384803481152,3.1967569120063,NA,2.50546482865105,0,1.49327593495533,2.23311827842742,2.4508048913733,3.02186790760707,3.28812969457981,3.00327454044286,3.08296157963317,3.2746287576976,3.38489224729439,3.92402396801087,3.71937510935266,3.60862653358543,3.23345590108788,NA,3.63875300689073,NA,4.13770850598559,4.09668902657466,4.01709833897812,4.0292257843366,4.90472172969513,4.89572903763291,4.47244129407326,4.09570863608285,4.27265565352712,4.23253030352347,3.92321983575777,4.05869373298735,3.87967616514373,4.37875773247341,4.89631921641279,4.20303799128108,4.74793917926333,4.34934725707151,4.85922521938442,4.97589907412989,4.64819284444299,4.92407403718426,5.15149248758855,4.59397948923537,4.28656026654439,4.36139510866406,NA,4.80914945961987,NA,6.93225042602997,5.86773608809411,7.11274030025196,7.50668230072526,4.7550357807612,6.20885418644302,NA,4.89639716437716,5.91097134451353,4.89740272406544,4.86152521753665,NA,NA,NA,5.18021840492663,5.08468789711017,4.61488940224398,4.37870305443072,NA,4.38887693664242,5.22243394559835,4.53786850742122,4.80420422415712,4.53491303438707,4.82422097745136,4.79332637138036,4.92086641567601,5.68686045126482,6.0252480076053,4.84491710393078,4.65249418351604,4.74257652758922,NA,4.01777986111036,4.93579617753038,4.23710693117497,NA,3.85779291015067,3.65163570811536,3.72914348741989,3.62897395636069,3.68382459264716,NA,NA,3.49825330462348,3.91211485170593,3.59652241360075,3.49689944664012,3.85316823824218,4.32577055398889,3.68295736717502,3.73784012847996,4.06980520775302,3.98909828966864,3.90883809728493,4.1141171665936,4.44303549945988,4.46155914195966,3.85469863797989,3.8371486978195,3.79344604980542,4.32431028213789,4.68221868918223,4.81287437959348,4.66904707809916,4.60517683699421,5.48926159844591,4.71630913782827,4.95940502647843,4.81567991601615,4.72342160897165,5.10004079292166,5.10529689151986,5.450971553463,5.06656571849111,5.07775170685147,6.14679727831895,5.34651953898891,4.90007694936707,4.87606144783788,5.26105544711435,NA,6.37915571664156,5.86649485370823,6.24948000128949,5.35969687838924,5.13208100094005,NA,5.49346687287986,4.98948434110868,4.94907808342082,5.80532959787842,5.9418706628583,5.67305637515067,4.6284167753828,NA,5.74112813543822,5.9205799107346,5.65823539372608,7.04632098023539,5.44526014059266,5.53203616618635,6.38924465216025,5.60129744662517,6.96187999808757,6.34120811629233,4.72655503623576,5.90481087301018,5.58016480025891,5.23119266952076,5.22183106432925,5.51437440484862,6.08263284115996,5.63632558104127,5.75152065908187,5.76809693689571,5.15441689109586,5.34851433835196,4.96159194013847,4.45047429647408,4.36328883517335,4.32383782844419,3.99266292672152,4.26799598621642,4.19446034770454,4.09283767285993,4.45515731286099,NA,3.87055336006472,3.99185387784086,6.29404888418128,3.89628001498081,4.08764297093379,4.00047788877158,4.22110805521,3.86468685468973,NA,4.03742052858869,4.25631094455743,NA,4.06489596572943,4.1094067549734,3.87876221252173,4.12688148908901,3.84886995282259,3.74709338616957,4.29482383658974,4.13973663135896,4.16531443059953,5.16235620313786,4.67669588252564,4.56256907994922,4.98751093557356,5.08410676536069,5.11974050708949,5.29067496014941,5.45079391335348,5.61736055730205,5.18789556732577,4.95679120785908,NA,3.99074187351537,5.391868133075,5.30738808218572,6.32787236061639,7.12526321743388,5.66085550064552,6.21667299786231,6.30181508193198,NA,5.42598638282537,6.05481091073003,5.9470945657664,5.72316901254355,5.29658687726776,NA,6.39131650520583,5.99141695126754,NA,5.84670411266884,5.50725035821931,5.46616829498538,6.07756700913198,5.51067303264182,6.37627034796265,5.37126199351558,5.11730529406409,5.64781985551883,5.90836132648096,5.56120037285454,5.56486232415624,5.38156227140306,5.29517600982483,5.35274068899494,4.42877346599439,5.33425783909276,4.8822001025358,4.76317855332606,5.79194928498818,6.07627383867181,5.9666005072096,5.90894263559667,5.29372832071241,5.60315048921323,4.78306770092798,5.27674622334347,5.08847127018085,4.56817797043359,4.87174750982393,4.33815943233829,4.31082751796651,4.24912841548787,3.97112955877994,3.91039125127389,3.92140792052446,3.87620358658825,4.06034169300874,3.915113190481,NA,3.72897922061602,3.52230376216564,3.49754490730058,3.68184146747894,4.29741431836666,4.20609663615892
NA,NA,4.53345864263078,NA,4.21264245679296,4.3549439276548,3.97561281133635,4.85780207679968,5.1948347309599,4.05161622132688,5.27731219325837,5.44174051840598,3.98154544907078,4.43351103898517,NA,3.78814131653943,4.91422560902105,4.52818898341408,4.27285615892734,4.5721606244615,3.77490962221483,4.74837712717511,5.34802115654507,3.73014402295273,4.43427827995113,4.73873039899104,NA,4.77686708807744,4.42017840177619,4.80255994951735,3.56444820203332,4.19767317076772,4.34224450786578,4.48109072241478,4.33856359363501,NA,NA,4.1134815572415,4.36117158034338,4.28902500135603,4.2203227279365,3.91927880627775,4.35914643486317,4.60077078837579,4.78799667640231,4.49472417937536,5.89338713216088,4.57549641166512,NA,4.81848851698415,6.06302815445284,5.31800024769532,5.19513971757865,6.74450435810843,8.40295260891303,9.12132715389981,6.61427495542872,7.76498441393588,6.78288971307693,6.6927253478123,7.40757204738293,7.30890351084633,6.47864838475993,5.87172188026574,6.32782271471412,5.82547772412183,6.6647983876363,4.94664816036672,5.37635255811235,4.27374564548422,4.4183096289345,4.40301973474939,3.66455159312524,3.74207555900715,3.55765612448408,3.77043122815053,3.92120659893009,4.10865638299126,3.91297984072211,3.91196417231716,NA,3.63933967694706,4.10389978101485,NA,4.18963718529274,4.41812552945252,3.84017097486437,3.56341818256086,4.0839376786084,3.46288951521634,3.82619375771681,3.78660990399445,NA,3.69131385088502,3.83713786948783,3.63164572236897,4.79512207203698,4.60362427657583,3.81555391299314,3.63282650527325,4.45259085116875,4.00622013767898,3.92967818818132,3.7899456045324,NA,NA,3.50208819317543,4.45091561931587,4.67521923037452,4.4501403640899,3.92033597104965,4.20205658231554,4.14796117116262,5.35106514212657,3.85834350564483,4.6194624421611,4.39865514409774,3.82843943626178,4.60522496828561,4.76133176135233,NA,4.22886509566637,4.2243383636495,4.08823513765214,3.932513204295,3.82904909435929,4.44885443598625,4.19343081757597,4.24249295234257,NA,4.81908100136712,5.06811142082411,5.08295013693937,4.81241324989533,4.63902208528549,6.68948731290793,5.76275869554372,4.40674792350099,NA,NA,4.19163490171281,4.43712355976119,4.7127568903793,NA,5.17495227264631,5.36840435989853,5.15620588926061,4.78082345833192,5.14936908754816,5.064241465412,5.24379832396794,4.32188722484509,5.88804008070799,5.44568105676788,7.43801636265393,6.44110428934822,5.3257329157501,5.48642679714082,4.5744027399021,4.15836569527812,4.34380979315075,4.17891518518639,4.48723127829854,3.66938312464451,4.09814758094019,3.54509755228365,3.48779218809939,NA,4.05529011209361,3.8501306653749,3.72161907094136,NA,3.28785986894286,3.31172290920426,3.31754181376618,3.41725961472176,NA,3.32161822333645,3.48253284879676,3.3514347831901,2.78894088396046,3.30188540688091,3.14954744803936,NA,3.74115382828729,3.25751603681723,3.93367808597829,3.57105579257257,3.22165854835055,3.28628050084217,3.6337222946768,3.57128802678239,3.62842686134567,3.49961540834872,3.44718199362757,3.51141903900207,3.50464744668453,3.74460303313318,3.58302221183539,3.25142241705336,3.72935734970616,3.60212307703387,3.73774720018468,3.9279901348165,3.15099517269275,4.25187195475428,3.12230810785525,3.01923089828268,NA,4.53384475537402,4.3581791432202,4.50675061449847,4.65031940978532,6.15870083041086,6.08871708628396,5.35622969686213,5.11998472861164,5.94482470467141,6.55767514956493,6.46062312407297,NA,4.80907295371112,4.20450159622727,5.12791354424173,4.25486662651461,4.2764279198285,4.01126076164899,4.73340380154479,4.4626386404695,4.09838878107023,4.1759868702487,4.59657307844873,5.07286121766289,5.43932075313465,3.95351087518589,4.48647056674754,4.58735356839758,4.39130975274402,3.87954059909867,4.20652298302296,4.12168596458942,5.02453442712545,5.66902721779453,5.73351272210608,3.93140711562083,3.49466800164587,4.21000360052929,4.47950659044064,4.69716228307741,4.57543669928527,4.55582366867496,3.98726464271008,4.3262655342305,3.95830186898276,3.96523868937436,4.06348195292683,4.48588175177547,4.1705066049966,4.0081950112341,4.25804019183313,3.67229447843658,3.89736454187813,3.86336756510989,3.71754135762333,3.42843134513222,3.02743003917377,3.129254929645,NA,3.35027764868409,3.41477358161288,3.9394539585742,3.44825731354349,2.98902773337638,2.79673177573814,NA,2.72952200490118,1.49327593495533,0,1.73687906030481,2.21279832454752,2.94594060963182,3.31677398325399,2.71307333250537,2.77068393401067,2.79939043830406,2.94447043661925,3.84636679447558,3.64743851264568,3.44435032313486,3.01875174461924,NA,3.40330347906499,NA,4.08092402966291,3.99888320233498,3.78949428640894,3.75601421641947,4.7014595843794,4.72095675139984,4.28688050981012,3.83494878042326,4.06377752557499,3.99875008117374,3.65282838111567,3.8088498625725,3.54317080099976,4.14345593156755,4.59174874761619,4.02352872570639,4.38510019441991,4.15962682718661,4.64055516525644,4.78829503752371,4.45564753752265,4.75893878859678,4.95362854203397,4.44495776114001,4.0742033906919,4.2073029480917,NA,4.61520864533615,NA,6.75040518663795,5.66619270359185,6.97625910915566,7.31727495575442,4.51389598091287,6.00646886818918,NA,4.53910715776202,5.59332743763252,4.64030649014671,4.67812712151591,NA,NA,NA,5.05135715508891,4.83541066884328,4.39870683605392,4.19207533966187,NA,4.16312474831815,4.99801874651114,4.2886637100427,4.50018556328459,4.2593831268443,4.46380624957386,4.56258599312295,4.72371617847468,5.57919342692451,5.81828975952122,4.50362371514664,4.52045485080406,4.63595238363579,NA,3.76768944112915,4.68573287722277,4.09052756719742,NA,3.54776086739657,3.7171105189118,3.48118609786834,3.42584071989191,3.40704953120048,NA,NA,3.20258410342027,3.5444324558648,3.30503744461091,3.21127779214203,3.5351964460975,4.16856677713741,3.5096644356196,3.44202057039628,3.83622331132592,3.64776494726538,3.52106179058412,3.86503571409996,4.18512857466787,4.16681026120781,3.79729242105472,3.6083152869834,3.48273429111554,4.03431544884601,4.3851441763769,4.51146145138346,4.39703128215382,4.32198788645688,5.1386714458917,4.40363274680935,4.69303067846663,4.73160842787671,4.42572906084848,4.84939648138727,4.84015522322401,5.18281452701202,4.86188797199732,4.85840838458894,5.89142914657696,5.08341423986474,4.68331050417591,4.63730638101844,5.03329236403124,NA,6.1540314860539,5.66230916807664,6.06420035783955,5.14729590899759,4.94990470136944,NA,5.30479464344601,4.82250512451185,4.76969357628711,5.60337997828989,5.74242162448468,5.4892476489561,4.3853997103697,NA,5.53529972110467,5.71428603768553,5.49440222703685,6.85945547836181,5.21418744983291,5.34545587816918,6.22456839611966,5.38258617223979,6.77586886062447,6.11639809560047,4.46932810043637,5.69704456666365,5.35027834705774,5.01959120636354,4.97557301642079,5.29784167031184,5.89801838873874,5.43958405246489,5.51557290185784,5.57024479769799,5.07745208269909,5.17935524866157,4.82410481891455,4.28934272217677,4.18448980331374,4.11427046155807,3.76971398731848,4.01318607988958,3.93861321913947,3.82527038970236,4.23401047033915,NA,3.63265421314662,3.71208431755885,6.11637488662534,3.54915986074845,3.74581842862206,3.69375326042052,3.97026005099241,3.53080048032666,NA,3.7455360287656,4.00328553366407,NA,3.79006414659833,3.81988496205441,3.54850838524368,3.79434672963983,3.54196662042792,3.59276498625398,4.02448444995947,3.79513616740491,3.79888638097349,4.87076295034128,4.39322281645054,4.24777424939113,4.63674859202328,4.78842716655491,4.81777129023746,4.98995418584036,5.16899305081203,5.3353209181976,4.83976111621635,4.65060151709744,NA,3.67602185874689,5.03570505289761,5.01600528156266,6.03093300639028,6.84893542900494,5.36216085708752,5.92505766847016,6.05963757796429,NA,5.12123793036008,5.73722284530724,5.65810645360225,5.43509797314015,5.00169273335566,NA,6.04847395564262,5.67329306304607,NA,5.59462933753054,5.2495523066355,5.18304055865047,5.79794600280917,5.25777979850877,6.12980675911196,5.1314615786111,4.85703604030402,5.40831917763675,5.68883258207233,5.32179866551081,5.34631431917394,5.14277599086125,5.02128643495458,5.07568103683396,4.20678029268666,5.03110494423802,4.63402907056654,4.59314694765713,5.60686161744843,5.91434465566987,5.76641437389068,5.71578840166742,5.09611417692948,5.37684355476408,4.58533480895684,5.09543451239636,4.84425973537025,4.31826120920271,4.64290281587197,4.09672588109272,4.05613076206496,3.994420647724,3.68784780851588,3.57068479870204,3.58652361545264,3.62877143982365,3.79051765842399,3.67316252008598,NA,3.47296461577073,3.23451349770708,3.2294354371179,3.43925856661957,3.9569388999682,3.89496511918757
NA,NA,4.33912399728212,NA,4.08237025352478,4.18581486198742,3.73918864341586,4.77054210871037,5.1177856067279,4.02698499116937,5.22772681000676,5.35420461082804,3.83794082233824,4.25082902110881,NA,3.71432702611035,4.77600101425047,4.33556830892062,4.26780985693942,4.56500343302205,3.79749881079469,4.66905079998368,5.22813958945404,3.44281247885789,4.1417019739353,4.52298003052677,NA,4.48799504920488,4.04813116572846,4.55899764247733,3.33352034201141,3.7935521964666,3.92375654234183,4.10163569810883,4.03007616081853,NA,NA,3.75970449212282,4.06097839045757,4.06961654256351,4.00850103561028,3.71473750165152,4.04329461170509,4.36866268533547,4.64569039341928,4.39934455246559,5.77336620444092,4.38099601137473,NA,4.63844990981717,6.00763861105561,5.11973947316676,4.94286308480533,6.71634428423226,8.37715001149346,9.03755826230161,6.49383687171218,7.64935346045194,6.62249721768805,6.57354899414327,7.26431955813498,7.23125725557971,6.43960243000202,5.84148493765228,6.15690500044621,5.70078977876581,6.52970385113604,4.83817890902612,5.44132163469766,4.20793702909991,4.32926547149741,4.26861283548073,3.392414151879,3.70065818441127,3.41129173995721,3.59271018985581,3.68634383475931,3.92833131435599,3.72065804811448,3.70847642825176,NA,3.34533308019019,3.86102399469707,NA,3.87452070176753,4.13679391589332,3.54232976487228,3.25493359571017,3.86172357868111,3.24849848866606,3.6277489739376,3.5295739605822,NA,3.43024332220095,3.49955544635739,3.30393940391615,4.45669554875843,4.36993991893894,3.61365802165104,3.29234470664192,4.24355447997783,3.79754500494704,3.57265957930844,3.53580846756546,NA,NA,3.1839427895103,4.37473228775503,4.46317094714802,4.1399857293126,3.59570997167839,3.88953111174674,3.77278832946225,5.10193285977685,3.58612118454782,4.26365716546256,4.11272325474617,3.34340209375149,4.26703185505045,4.46879037747918,NA,3.76905448316591,4.05249935147787,3.70467953078711,3.83976244986676,3.47459027759558,4.2046449853447,3.9609097278883,3.99960280334529,NA,4.6566720656672,4.84439184288412,4.90995053213758,4.59380800993023,4.43889970346449,6.57555242874933,5.61051461943102,4.16978058675354,NA,NA,3.88721148941355,4.12215347764803,4.42715623313251,NA,4.98698735666238,5.1510041173516,4.95252967493192,4.56491469481213,4.92312004300239,4.93016710662752,5.08864348079607,4.09744821585314,5.76240852833299,5.3476870220847,7.31374763415682,6.3179160195958,5.16239878741536,5.31155103463852,4.32299054506827,4.03478299020661,4.26850046745271,4.02654157598578,4.34657346081663,3.5958908492499,4.02521875455891,3.60176100187197,3.55696403440195,NA,4.07984624700459,3.7517377448933,3.66954022384922,NA,3.23148955801267,3.06468001170697,3.10342952902455,3.19976904538721,NA,3.14350121358394,3.30217297660492,3.31780176461404,2.62185169838697,3.24010096383323,3.0230126212111,NA,3.45050347038953,3.15998556954397,3.7698062396866,3.32513311111789,3.02186133538969,3.13730756351965,3.43558313543543,3.42821294311464,3.51930831868541,3.34718741676015,3.31709582138391,3.35915812531319,3.33566561002482,3.55141784961508,3.31079534938635,3.18857259124312,3.50572388480021,3.3851057855897,3.63663128368284,3.73771393836843,2.90780712521735,4.11411724836037,2.9399504293178,2.58101192155182,NA,4.35190913382922,4.04782159618063,4.3388700489575,4.45029192245561,5.98562438582842,5.92325099170498,5.11896668324964,4.84658820108856,5.81332642316908,6.40383659957249,6.37442824609781,NA,4.84113744513712,3.71639524448827,5.17357831721942,3.97489880945231,4.02016870366122,4.01027463561919,4.6148505632513,4.29099571882599,4.07895482127027,4.04553174412949,4.54012453056665,4.83520790368721,5.19101788964184,3.6176382723399,4.34970058986384,4.44978607822526,4.23063492576838,3.60042937102959,4.07591297236976,3.77703653961185,4.70580404667114,5.47290897896858,5.44830964210508,3.52300114658457,3.23979711681796,3.92371196773129,4.46747418522066,4.65046610477291,4.47883228087803,4.41800302427073,3.74755550173559,4.4188824424463,3.99214292107149,3.83970554182836,3.92609875394404,4.37363191706264,3.99207122458032,3.9873011317472,4.30799969823842,3.57544705813025,3.78799917662975,3.77943982620805,3.44813127075712,3.51400938213259,2.71108746180008,3.09543289984646,NA,2.96617656154247,3.27566070710671,3.79129584699927,3.16816663106818,2.74848123135325,2.92896392404823,NA,2.81977000595511,2.23311827842742,1.73687906030481,0,1.73582322226298,2.6068851990867,3.26221320850297,2.35742680380079,2.59648202379964,2.48697628500779,2.57717764755959,3.34237357644573,3.46381086139359,3.19764182829602,2.6738590131704,NA,2.97541084079632,NA,3.9775295041156,3.5742931319377,3.47499357148994,3.50034000233976,4.44558112692819,4.51224488141672,4.06668911941896,3.73164801218215,3.6864555675884,3.68763684818828,3.38474203940147,3.3162820448374,3.15983618537054,3.93013919646628,4.4618039172904,3.88954690335433,4.31858821837549,3.93803076761539,4.51982405726051,4.59616149317341,4.12320916687626,4.61654950299103,4.70122983307454,4.19456742557792,3.77487972239882,4.08474512188595,NA,4.39053236037509,NA,6.54669511833708,5.60357015381697,6.87814166848231,7.22764314286433,4.25070145974852,5.83859249974865,NA,4.55176664235817,5.493900821391,4.46187527566882,4.41690992708273,NA,NA,NA,4.80256180012938,4.59166658293766,4.16975489210453,3.98998261350954,NA,3.92111650698375,4.84624059218436,4.05817913905349,4.46320339042348,4.18248179343935,4.4145667254882,4.39866316777403,4.51847841560193,5.38155257787973,5.80703056431327,4.47551224164028,4.46698625591771,4.48152464132092,NA,3.62986154019479,4.82882526725282,3.68786878011379,NA,3.26431842394635,3.17784653142765,3.15813272638411,2.91449572207831,2.92071914718976,NA,NA,2.8024495473374,3.11002083924137,2.79108817475543,2.71219490718092,3.09931429808246,3.9474213595442,3.10541186058106,3.03998151294528,3.50554273416019,3.30288565798309,3.17387535246727,3.44906798336978,3.78164466656179,3.93245478526077,3.48079548372406,3.53156926999224,3.18885780059757,3.73207101328767,3.99674244443986,4.13433387254246,4.03669165632799,4.04647169444702,4.84271118335785,4.19090813580436,4.37661276440094,4.31471624860774,4.14152569199574,4.58863525749309,4.47576824301439,4.92515379432602,4.42691757796297,4.50758253661409,5.71031318167921,4.98830989638751,4.45347631899353,4.4602018528889,4.78982664830889,NA,5.88978494223092,5.47958981638712,5.89510867760963,4.98015604381919,4.76192162050871,NA,5.15272245469702,4.60207791639678,4.54525976391084,5.47813001334322,5.60913642922841,5.30302865820663,4.09531592958616,NA,5.36603673989922,5.55123262155354,5.32814897650484,6.8988756724096,5.04421941924145,5.1806087696186,6.10410301849029,5.20919577552968,6.65109378289569,5.99585628578417,4.16845785163492,5.50631213025167,5.13345148567735,4.85699620993671,4.82514631624425,5.14548534403556,5.7713803293329,5.30557837386528,5.35734272754027,5.50892848684866,5.01468955791985,4.85390693274352,4.55462138451506,4.01625723359433,3.84159193561164,3.86395923380822,3.50461400431349,3.71696474422232,3.62332424187958,3.42917354132746,3.88769535234389,NA,3.27939284952332,3.29793114560475,6.03518271826429,3.09512228161153,3.33216795286311,3.31743034613091,3.64977492739873,3.05371065803042,NA,3.28530779380499,3.54143702416367,NA,3.33556468504546,3.3743962768674,3.03323243234962,3.36885271791565,2.99202423642877,3.19797310473632,3.57266117457809,3.36896308487616,3.38270230377097,4.61800474910221,4.07366218836414,3.94290776741464,4.43143029921674,4.50838344918862,4.53660883860537,4.74956419768988,4.95635247372838,5.18062272094415,4.79395441144412,4.31536428719878,NA,3.18810863747699,4.73104666161609,4.77505582888872,5.89553746571912,6.6551250636267,5.19600353333262,5.8278265955808,6.00255235370583,NA,4.89401734401421,5.50514976784982,5.45493240512153,5.20854335072571,4.71690200099526,NA,5.89712314967823,5.53188650760676,NA,5.33964048281417,5.00789717218938,4.92862026883481,5.59293184299667,4.99897566460832,5.93605931164093,4.89046513556408,4.65080165122099,5.20644231553424,5.52436202725201,5.19967969801657,5.22583308596764,5.12279480922966,4.94922751692369,5.01027585162577,4.03996880812918,4.99847914627932,4.5049114314702,4.39093773632413,5.43886580995351,5.75522874197581,5.68023806108668,5.52774624697299,4.88153746608464,5.1997157580476,4.42171822063322,5.02841184981165,4.64072980861036,4.06042903266024,4.46429271317075,3.92698365782701,3.84004861573683,3.93483238674817,3.49558208668941,3.28072659589553,3.2947113720601,3.33459573222446,3.56751116019401,3.28774174925709,NA,3.09610532082528,2.84666029961907,2.74976807407592,2.96798071248571,3.63262105277366,3.54074230487952
NA,NA,4.40558547081444,NA,4.0623487424502,4.21335962012312,3.84788583178063,4.73079910221172,5.15098112922252,4.06035557256274,5.1774343333483,5.30204310552883,3.8609484585557,4.09561122928797,NA,3.75641167399678,4.82457476055812,4.21123756334142,4.23585365569587,4.49321529319679,3.79257004721822,4.47068451646863,5.231102116975,3.51615970591859,4.30615629212804,4.62625667817096,NA,4.72661016841932,4.28432605337081,4.67625450622666,3.42408636364697,4.01269359863629,4.22149045877964,4.38084776258003,4.29826874185825,NA,NA,4.01226077674759,4.2528017066463,4.24383026698666,4.23270764667539,3.93519902740033,4.2729449788782,4.55190601381152,4.75642427668129,4.4265399772624,5.81765415079005,4.5496329919445,NA,4.74355905691989,6.01046336892994,5.10778775006451,4.95391262682852,6.78695866359416,8.48166019264903,9.03318797351221,6.62503316947756,7.72738322337451,6.77248816402667,6.65816080143633,7.37832342101478,7.30676425655065,6.546442275317,5.94468189977923,6.21464549771092,5.77942326365347,6.45763426746698,4.83045707320347,5.53787490003702,4.40586313508795,4.28606600085847,4.35352262480899,3.43084163691725,3.69554577001601,3.48060512253702,3.74068923873743,3.85086653160668,3.99558119349931,3.80138500817399,3.82353826407605,NA,3.47090418386158,3.96818335425475,NA,3.99359362259796,4.37854691390169,3.71472518247127,3.38997658621172,4.1442544870864,3.40983753721192,3.86830418806358,3.7674507689157,NA,3.50434108063759,3.64706077400025,3.40399665646912,4.53222321700097,4.45952759490028,3.70696104042627,3.48500526191078,4.30346447580503,3.91974677425294,3.6807940315604,3.48300128519519,NA,NA,3.07781630102406,4.18632532520439,4.30134933763062,3.9490871655949,3.64815690288204,3.60435727851304,3.63140439079734,5.11137899298578,3.55599984415777,4.29977795538436,4.20266358993064,3.36497309399253,4.43717714489978,4.58857755251334,NA,4.05152762014163,4.27853087879135,4.02361058987448,4.04835399122163,3.70667457106608,4.32567431342744,4.01713909523719,4.07432225705196,NA,4.74707141297553,5.00732349128356,4.97720114757768,4.61982117431937,4.54527516066086,6.69813676407798,5.77296495746721,4.37305361170681,NA,NA,4.13867929494899,4.35046993902079,4.69289619296338,NA,5.17608658123127,5.26101244835482,5.0245143488144,4.72732643265662,5.07782885334746,4.9820420214299,5.07446542242163,4.20559745411745,5.94006873312491,5.51853411163381,7.32781612492057,6.36023447677802,5.27633117636357,5.39817772956427,4.36667781731348,4.16930105021788,4.47620502623281,4.11889729650855,4.3549344056217,3.68757754822032,4.00003704883118,3.65778266780308,3.5980164410528,NA,4.22347792031708,3.83335632850377,3.59298979992303,NA,3.28442755964685,3.21035262555501,3.17502484357984,3.25579998212794,NA,3.11910740033093,3.32188596787519,3.48674473243936,2.82618105527642,3.41202467755412,3.106442662056,NA,3.63455019879726,3.01688986756081,3.98331065137733,3.39050608904209,3.0831355179108,3.23452441033726,3.43910714575546,3.41505457403278,3.66019342725861,3.4728278102027,3.31564001036408,3.3613671988844,3.34085697905027,3.57464565106894,3.26112988394358,3.28363836216055,3.72425219622943,3.43261209658184,3.56611202011561,3.58196467718673,2.97559066194165,4.1441171232175,2.9295933794943,2.95123059409398,NA,4.29496842128504,4.11498701257536,4.49279264096374,4.51396118169063,6.13728383621134,6.0804135463891,5.32756366460926,5.05064333937385,5.96708420928391,6.5845872516598,6.59712661562825,NA,5.1687848363535,4.24479548503659,5.41500162648185,4.36076273890716,4.37337193939401,4.23825645276599,4.70682997210501,4.37869893095464,4.14693635659429,4.16393829954396,4.64518819570533,4.83265793740134,5.15240154718871,3.70671593263229,4.16063760286012,4.28357830518373,4.31961913538502,3.54576652166538,4.00941460269499,3.72830177170241,4.76317440830718,5.55287572451454,5.54917477874642,3.62940317964702,3.3043820641978,3.8648612024505,4.57256933817932,4.73840328159942,4.51308452373531,4.55512106392155,3.74387404967643,4.45393804036762,4.0240318974805,3.92092444640512,4.00672089278353,4.47171236904601,3.94877005346861,3.89104661101274,4.06285024602293,3.48404486310037,3.61257287717946,3.78175879205786,3.52251906170202,3.39252378748996,2.88826576141404,3.34631885156354,NA,2.88963477194988,3.36031089261953,3.86249921049648,2.91781279237709,2.52253212220379,2.82197533682123,NA,2.82114084833011,2.4508048913733,2.21279832454752,1.73582322226298,0,2.14092043282581,2.99108458891509,2.12848571251077,2.40120969968428,2.35763080694415,2.47014595949731,3.12637764610436,3.1318698109558,3.06603629450697,2.7117119414162,NA,3.03071440653549,NA,3.75099644718969,3.79938894501797,3.62685275489877,3.68419015928937,4.4694433147769,4.55807159560574,4.04773199762655,3.81939771847901,3.74453820538296,3.81300338004048,3.51725533881389,3.59546171082654,3.46957762948709,4.16701078378497,4.70102580545777,3.93367314942482,4.3335201860789,4.09522452149306,4.69694923167297,4.71655892400597,4.45888648090819,4.81034243125642,4.90402121020361,4.29916045572961,3.95146082290903,4.18523959005424,NA,4.54576786723908,NA,6.7924854159133,5.6469251669653,6.95232406866759,7.30803517720072,4.40220392779772,6.09718688340757,NA,4.63239947746838,5.62227933323049,4.62185789354312,4.52112522971344,NA,NA,NA,4.96251022665998,4.70138614474907,4.34960477696796,4.07955563726258,NA,3.93963696399336,4.92080074577416,4.12245951492182,4.35130857431993,4.27888811041615,4.56944636794863,4.5543464060408,4.55307835409023,5.26297348420953,5.69064122027145,4.66602065613029,4.44686537933492,4.63489955633188,NA,3.83509346856334,4.86590133293605,3.77755297566396,NA,3.4925273503721,3.5045433731612,3.34717311111805,3.11776354510976,3.10830974083204,NA,NA,2.84153848188724,3.32240782713387,2.85099576263832,2.86414335124902,3.20314196096924,3.8772395468369,2.88735698511428,2.9835086988065,3.5905948579374,3.39006920592543,3.26414174336389,3.54876936589827,3.86498241683097,4.02179985954512,3.49388647271548,3.60933042754069,3.2744922126015,3.73892005559483,4.05113788430712,4.15438565526428,4.09278027235981,4.15428496221372,4.93150686382787,4.27668369680649,4.42984654003859,4.54143128940014,4.24142961696187,4.76678460010029,4.62529540845365,5.08722507482429,4.61670126172905,4.63784640919836,5.80690612630132,5.16269765701969,4.58579317409032,4.58114981659845,4.9644843495611,NA,6.07648443274867,5.57954768124404,6.02951077510479,5.13253025644614,4.84352263191447,NA,5.28823873838199,4.71664476668558,4.68417900789162,5.60244928743121,5.8052209664267,5.42014572864219,4.24992181386669,NA,5.48159882206518,5.67224263000529,5.49938438946872,7.03054972399207,5.10054124854981,5.35599497622729,6.23167740436774,5.42271468921916,6.7796340959081,6.23299967541214,4.33042265210578,5.67866203807197,5.35020530284341,5.011044290614,4.97688637463588,5.27297656930353,5.90959545925852,5.49665970686031,5.50314070542183,5.61942951341315,5.01094482115904,4.87627583162082,4.58418827664989,4.16484307818346,3.9775658370672,4.08169492293085,3.68924964004711,3.91519879346621,3.73573336662538,3.60413804654622,4.05997845342254,NA,3.3471278815383,3.33833143876113,6.07439904716952,3.2150861271413,3.40694947692091,3.36204296100047,3.60106722538335,3.22957193019846,NA,3.43646333226134,3.66146986426975,NA,3.55626120334376,3.5848369029019,3.29676597573546,3.53091395605551,3.15776048201065,3.14633947361576,3.59682207838596,3.42977163490503,3.49441849398372,4.71551784745055,4.15448671589402,4.00924317913022,4.49712849594751,4.51811768622474,4.64963712411853,4.8609083480461,5.07291368855205,5.33739574803858,4.8256849041862,4.36456864799341,NA,3.29406146111991,4.82073048581177,4.88414912299634,6.06467300667368,6.82893923418233,5.3940763735841,6.04724444317638,6.20388097908616,NA,5.12881624618007,5.63971713353262,5.64392320698881,5.35053309721538,4.9002028199959,NA,5.95843500971683,5.66459234117159,NA,5.4487395087836,5.06712604730368,5.06509581339513,5.71157661930018,5.03234086766265,6.03561268087632,5.00681343021318,4.82283886183953,5.29359605623847,5.6268916789184,5.41115395521475,5.41083697990332,5.37046527962807,5.15712137109938,5.17895631963417,4.20963460764022,5.22430594605833,4.60089536459256,4.57326823604716,5.53626611267182,5.86934870200049,5.80987202518321,5.63096634519153,5.00162933136524,5.2967678161692,4.5609520484271,5.16246678471306,4.85916675470497,4.22709207591913,4.59325070310363,4.08907141998794,4.07101148257495,4.17107175112967,3.74400778010892,3.47616349537571,3.47282526583132,3.52856894611208,3.72961729962921,3.47239537587561,NA,3.30867955323405,3.08039856765108,2.99936379703529,3.14164471306076,3.73456377911498,3.71825403761382
NA,NA,4.46412594702598,NA,4.09209096902492,4.3777284334877,3.8932730920216,4.94183005157866,5.28459366948138,3.89181509769643,5.02686319018978,5.14782594398399,3.76749482249435,4.2331597908383,NA,3.8022998708581,4.77477302506775,4.26672110446358,3.88919345690143,4.02677018967614,3.36155754728462,4.4842346551223,4.78504647206786,3.33159017813119,4.0269493353569,4.30158106410177,NA,4.51364355554823,4.18399236249946,4.47992943973025,3.42768436214249,3.85897751920353,4.06517965062369,4.30863159076685,4.14916694492862,NA,NA,3.95500814489808,4.2760815019084,4.2066754694579,4.11747875905779,3.89099926017429,4.18437717963436,4.37888351107955,4.67747138430465,4.54197772905613,5.68803357516133,4.53256087222818,NA,4.66610361837601,5.8857414436432,5.04442451991222,4.81384422920802,6.48879879422025,8.33529975932775,8.96622088036145,6.45623993191282,7.55506816520287,6.54667406781499,6.56514396305406,7.21545756164809,7.24146282625504,6.41829965293589,5.79366628307568,6.03170361298327,5.59061647148258,6.35319457141281,4.72739405366172,5.34464678137198,4.3311339124789,4.14679561540447,4.30936787993666,3.38442542115801,3.44800719645321,3.21092450183606,3.58911883674615,3.76707032949769,3.80936165727733,3.71968287044608,3.59616339170248,NA,3.35144219048457,3.82844910964188,NA,3.91606070740943,4.29359254397494,3.71939652034008,3.26676527357956,4.13535977385305,3.45642799067229,3.93088386184102,3.79890582747632,NA,3.49360811721986,3.60923588072449,3.31859269416376,4.49073798288748,4.34690148513907,3.90903153084199,3.69783517948441,4.40745505676929,3.92883009280187,3.59919143948655,3.54631955619456,NA,NA,3.35655148320946,4.531049785392,4.48538971053723,4.13471351327678,3.56018459425683,3.7053935394732,3.66861513253127,5.09026280587948,3.41478268421569,4.34542713684238,3.93553582496806,3.36343300305359,4.30743663956346,4.42795488411228,NA,3.86548757832715,4.08870595899577,3.93491866308,3.91222269398685,3.50379105427318,4.09620555601407,3.82776049740494,3.90476907293492,NA,4.60564277749409,4.84615294409105,4.72449570544259,4.38804916511456,4.25288777829748,6.56968474232278,5.54181745595894,4.0551638699253,NA,NA,3.880592297896,4.1149447954274,4.3874203512891,NA,4.86924693460644,4.92246344440268,4.67480648297316,4.49771846769953,4.88970738960646,4.6182270449429,4.88997963483548,3.88966288524973,5.65135044554005,5.18158855984526,7.19567465609774,6.18492964310202,5.00700614250005,5.2998873991919,4.28792093241434,3.98912780104533,4.14715513274585,3.95657415292636,4.34675141200604,3.27909339162937,3.63889430720494,3.48722802307166,3.27639608022263,NA,4.17719698779368,3.67522634228206,3.48106077520339,NA,3.14680248995255,3.05587961282875,3.08048230576361,3.08995597503327,NA,2.93023148312898,3.36398058929837,3.45487566246223,2.94949980276245,3.36122889128103,2.91626228682449,NA,3.55817716909324,3.06137402639994,3.78162718619195,3.42909366612406,3.198514743462,3.25811052607681,3.40973726376113,3.3712475121125,3.66984907470831,3.61794724975552,3.35121551247092,3.30343274456834,3.44186943910461,3.32804013465496,3.18421540472323,3.2303589001157,3.65423566137492,3.43492817720221,3.53309989825552,3.51209423880515,3.07737953734219,3.8813191146175,2.90419361790845,2.94744680262259,NA,3.83863364512963,4.0897792233531,4.52691504924241,4.74567306924332,6.08327064101272,5.92670558560917,5.1731491046313,4.89633475447473,5.73617226236345,6.46524017350593,6.53393253546572,NA,5.0624308908046,4.08476319256072,5.39720853204563,4.32467345352533,4.27215672740531,3.96896375167543,4.48768358235734,4.01972167011931,3.79604524890378,3.74647480647506,4.17814976293579,4.44806537351475,4.84487075509017,3.34240140128473,3.5474718763197,3.75352224718973,3.96263429007896,3.45672713917547,3.9125450305701,3.39505145060075,4.56033002079859,5.25543842621769,5.2678610068578,3.43959300912616,3.16642155585563,3.76850336361562,4.17772927734636,4.36331884820038,4.32875402332359,4.43658841408617,3.49141632588636,4.00648896107675,3.73634984601529,3.52243585822608,3.65642106880589,4.24636491419067,3.74179533500491,3.86084385944471,3.96299166390617,3.70053259460101,3.69343000928815,4.00362464263206,3.42221128756924,3.14603742849098,2.77554828060175,3.15152147158619,NA,3.09888747507198,3.29457545773416,3.70622082664347,3.08559672446339,2.74066759892564,3.02625284983895,NA,3.00618018180645,3.02186790760707,2.94594060963182,2.6068851990867,2.14092043282581,0,2.39594651678298,1.92148070059,1.99765672546577,2.44657913759773,2.3308109050303,2.78048149766605,2.84203341668961,2.66945758033195,2.63064695579725,NA,3.09414939204151,NA,3.31373633466889,3.44966959490594,3.74909728704017,3.81521592210072,4.34998614524524,4.5185392034592,3.99367039926529,3.79907273967668,3.56334259618124,3.51394254087137,3.25318562804793,3.190387550006,3.22399725898415,3.78746118286428,4.49576422258343,3.82929435578292,4.34349187501458,3.82740495906543,4.36225200247355,4.51389040193194,4.32531268332515,4.701421927552,4.70156536109133,4.29296729161508,3.80571073522176,3.92123168973025,NA,4.34528548115484,NA,6.51905063285626,5.30416416791218,6.83845975257241,7.00945308049755,4.04749216973642,5.73935914919625,NA,4.6510461667161,5.44199068259083,4.45075834990189,4.26620570714579,NA,NA,NA,4.714448465274,4.4112522385735,4.05527361878917,3.84615762632509,NA,3.78360261536388,4.64506281142082,3.83960701887474,4.28126837358474,3.93679250388222,4.29137842701407,4.27860226572116,4.29851068661586,4.96713320746333,5.48146945995592,4.40050699360686,4.05132705381837,4.41896064319043,NA,3.47684035994189,4.38621238239196,3.69578993294239,NA,3.44975219148471,3.51321790903046,3.43307217206239,3.25893873493869,3.39378006518682,NA,NA,3.24190240717285,3.5843656008374,3.07220466129288,3.07755182003807,3.31015764807329,4.04690095075525,3.32943972272469,3.12665182741462,3.60815979162448,3.41176943100477,3.3186557250847,3.55912589483419,3.86637794172911,3.82138777951453,3.68114847917713,3.75519992260056,3.31690209980995,3.66246680247806,4.02709476701943,4.20732625666277,4.07463143789062,4.13238426463494,4.79656243785502,4.28745705591143,4.32704700367658,4.56347753573009,4.32438044323091,4.75034935964162,4.50787799419672,5.04487386340296,4.60643365045366,4.52334963057354,5.62983574316829,5.0759767536779,4.44741253975763,4.45317985381045,4.89055367715758,NA,5.90495137320909,5.52230678102148,5.84401434872834,5.07850689130342,4.77678119996774,NA,5.13257975031723,4.55863344983986,4.57042317703403,5.38346751776672,5.65332266193241,5.2554956595636,4.09612155830041,NA,5.30089512421369,5.53505855230372,5.31069735017252,6.90616239925837,4.97350933039848,5.18766575295827,6.09180348348302,5.19582778910736,6.56504278662367,6.03239852014925,4.18284579644809,5.48168403361609,5.15265002999493,4.97953009888936,4.8885553658279,5.17216661613092,5.79524731140061,5.37036942796608,5.40531935852732,5.57825930378935,4.75229219358418,4.80100725994289,4.48731957749043,3.9994727545898,3.91889927252224,3.86023701455979,3.70621004574399,3.90118775846124,3.70475184719932,3.56336500998444,3.96714480720434,NA,3.52239611876048,3.46459946108472,6.03530741445884,3.42835242390585,3.48139762695054,3.46209837838297,3.62209268190745,3.37314456553113,NA,3.5271536657933,3.77709602129269,NA,3.66398207579433,3.69860728751507,3.53320217273978,3.61316864338418,3.32222018260263,3.39298698312915,3.70746850860436,3.54099862457526,3.58668720554511,4.76710378503242,4.27723283629102,4.05512788173217,4.5468973265906,4.58229457008398,4.59581510782687,4.84393205585098,5.0317487317779,5.33674392735917,4.89154347191613,4.3401943898504,NA,3.30923024377158,4.81866172727428,4.88480848297589,6.05340423011614,6.77431089581934,5.31249870218572,5.98461098754695,6.01828791911589,NA,4.98837975510201,5.46613885575676,5.49689808984881,5.21814986091563,4.72638309940631,NA,5.84529799312293,5.52565501463816,NA,5.37394053767047,4.91312371771394,4.95091255046187,5.58926784949601,4.90571100124605,5.86577189281585,4.77622549828753,4.67708948076359,5.14457401421287,5.48917708343522,5.22893972950375,5.2521487365245,5.23825400002814,5.00766499624201,5.05820915129011,3.93009448503148,5.1548332454665,4.53418943144248,4.46118166059555,5.37245884414695,5.64392026882368,5.66477652820017,5.50785289108255,4.82196415874458,5.2167165206116,4.40623437317297,4.94903511192205,4.62125839415766,4.06422198367355,4.46449260922777,4.03133430329711,3.99139018754635,4.11922972530064,3.71770590551285,3.57827644842113,3.53678352864027,3.60740634822352,3.62768921843608,3.45895650848314,NA,3.30854490088153,3.18608169011121,3.08341636870549,3.15825915294319,3.66758746020776,3.54629809146688
NA,NA,4.38769525422021,NA,3.89755093807114,4.36607814539865,3.74748273441719,5.08947413510415,5.40575772906981,3.94645779409181,5.06346316378627,5.170865199508,3.44251178548006,4.32534703080476,NA,3.77089440465099,4.94972017017095,4.39386973848245,4.11404622472944,4.21436679888951,3.56081112061586,4.40854554234806,5.07323586345314,3.79043588480952,4.33545164226304,4.41839966110956,NA,4.48379317081632,4.26913043765399,4.66308036595484,3.63624795817653,4.11423984469488,4.24528721506521,4.4634985410651,4.12598553016166,NA,NA,3.96189447564556,4.16683766945929,4.17850650081977,4.21779024276783,3.8208888162912,4.22845615452533,4.2998533209181,4.65060405053122,4.07428642242359,5.60919340803354,4.34517907548615,NA,4.43420091359526,5.77607038095165,4.95536242242455,4.77955109393942,6.48766697639009,8.26743704061053,8.9432986645325,6.32612540790456,7.47747033227933,6.47608089053301,6.42931719334496,7.08014559476727,7.05198434633346,6.23066910080276,5.57168083122271,6.02842350419077,5.34174053571413,6.24026692649153,4.56037303268474,5.03267789821118,3.9201553806042,3.75285578959552,3.73140694159312,3.20577957251588,3.16382857913832,3.09351129600824,3.29562244655689,3.40264364267234,3.72450737422459,3.58555470842803,3.29537343138707,NA,3.18286754777834,3.43408086014312,NA,3.62954889661921,3.85553765697435,3.54285721698582,3.23354675083939,3.76546741891929,3.32897893623593,3.78000017674295,3.53309353645957,NA,3.6946550049495,3.40902073404723,3.3066686300071,4.06071779118641,3.87121789742556,3.89530866469247,3.84576483960366,4.26595167064249,3.6759837751841,3.6978514623542,3.78478626127848,NA,NA,3.84122264989214,4.87293271927084,4.78904520190023,4.41762258146238,3.70567701688672,4.24517947470371,4.15976678265509,5.19654986251325,3.68507153985339,4.7020833983553,4.30214937495324,3.7331526788627,4.5727706717415,4.73755274685689,NA,3.7195530235062,3.87639794440986,3.8483669320478,3.695639012127,3.51694921455651,3.96612112777639,3.77342887546486,3.8909192735981,NA,4.56518816965499,4.94327765617651,4.68170186871603,4.44756153176543,4.22216365378176,6.60997320953004,5.60976684077719,4.10250048987356,NA,NA,3.88092005568567,4.09272539762993,4.15688170525055,NA,4.72805552287316,4.92524585330595,4.7489969577736,4.40481352605401,4.80245264659781,4.63231898662598,4.88275844916013,3.97922021789374,5.75636286431914,4.94431701000786,7.15400638564104,6.14907265209264,4.86951970628619,5.12975718446853,4.2248934039281,3.73039670368222,3.72815540153044,3.56882316990629,4.00995614443248,3.03372418519408,3.33921566094959,3.31041812032952,3.15615075686536,NA,3.42778610955479,3.10970018519779,3.13939354650197,NA,2.67220963126165,3.10981452892419,2.88384938565448,3.05395240827585,NA,2.73148423950819,2.88804666120853,3.25368353469465,3.15702044585469,3.29195611966492,2.83740835126139,NA,3.87190983956192,3.02019581092932,3.21919705438944,3.28712045434044,2.97195215118344,3.06543708977428,3.04291394704883,2.84916971302107,3.21490644127565,3.53239329669888,3.01352301175804,2.88194106258394,3.32969355397668,3.03116551955013,2.90585124839494,2.62133396057622,3.25255774647067,3.11376449539034,3.2514484237288,3.54046730521796,3.02694820499237,3.371162200558,3.02668362804075,3.30593092977046,NA,3.9425353290655,4.15413009447228,4.64909163367686,5.01937438704731,6.12268855460822,5.92057917876176,5.04456383966955,4.80658898724124,5.79768216539712,6.50972084625414,6.47727415179212,NA,5.22504726266737,4.28751687265441,5.34290623313157,4.18375198750404,3.98521207157199,3.79152952392209,4.3373645510792,4.01644771268614,3.54629278533289,3.73020474428099,4.14480509490797,4.50357213211322,4.88889480517586,3.59850792630237,3.75422476034554,3.85151078654326,4.35416642433045,3.2381501390938,3.72554548116527,3.51370507727409,3.99398128460279,5.10063293800561,5.05911364378269,3.39279371840557,3.03074216531873,3.54334965950582,3.73957988326186,4.05012810366305,3.92697964904623,4.02412531721087,3.19181521352335,3.70825138909311,3.59591360610986,3.27791734622023,3.31008448484365,3.57962457690875,3.37804601214687,3.52612173087678,3.56377032369291,3.44360349548793,3.34728798489341,2.99934571123122,3.43825007025651,3.33575610407237,2.84864002928727,3.08747265731644,NA,3.03661914384297,2.61120457914909,2.5838172087779,2.89571403150193,2.8932116399254,3.17439086443675,NA,2.89310573627636,3.28812969457981,3.31677398325399,3.26221320850297,2.99108458891509,2.39594651678298,0,2.49509852900011,2.38328674429829,2.93213348204877,2.9004676431686,2.98170748798087,2.92183241236133,3.02093449876305,2.66732220996784,NA,3.23351876262042,NA,3.44231588299508,3.68650594171315,3.78592291700448,3.88323407740535,4.4181940707062,4.58718239256897,4.0139285805648,3.84725808288142,3.62121747537338,3.55175747335877,3.37290370461692,3.37952953381899,3.47374734552198,4.02692939199336,4.40493818559269,3.6577752930316,4.21216202174428,3.7512148391576,4.22539894297255,4.34660355557596,4.18194659587076,4.57349823064923,4.63114239757305,4.11135079232372,3.78615721121949,3.90048137991071,NA,4.3239375047481,NA,6.65142362366113,5.45837773361208,6.74330682737436,7.09042999799094,4.16634444659546,5.78289211308169,NA,4.64689913804983,5.57573792787249,4.43572349258548,4.25458605752859,NA,NA,NA,4.5853600347611,4.33393753061708,3.76985804456663,3.60594214703042,NA,3.74493979773185,4.57815007456665,3.71618400898416,3.64734160108302,3.59711757881289,4.03785550936515,4.42377401690306,4.05520820163161,4.89526842749525,5.19551176604184,4.52112729279326,3.87535020396084,4.30225436942187,NA,3.5301892352594,4.11382914522395,3.44983155615315,NA,3.17107655120242,3.63435759459491,3.32556749299441,3.22462449942068,3.27612511277041,NA,NA,3.32673467787314,3.4896696602909,3.15958994863988,3.18587166589204,3.29041653894466,3.5201017485219,3.15337008990781,3.13670772761885,3.02799067018423,3.19298313457631,3.18669151952053,3.39108008406768,3.76791528880999,3.83481972230953,3.58601726657272,3.38768429599745,3.66526746648273,4.02318476379093,4.33977972725503,4.52655687813212,4.34439272981294,4.43988418822711,5.00233689866738,4.3518590090568,4.47117766649716,4.63307366656593,4.56006065181492,4.88457936010772,4.69733803404774,5.20842268779075,4.67781080793566,4.74105594751546,5.67120189060493,5.02873909452761,4.45336477446412,4.5738594721304,4.86683254071912,NA,5.87857842663262,5.50482630337039,5.86035641518378,4.8808871194091,4.55301262794434,NA,5.04492697993449,4.4873246449514,4.46168623998958,5.38741612162975,5.58011626693581,5.21515335071725,4.0205878466566,NA,5.12288971167003,5.44614914205019,5.16286867324037,6.93388334907146,5.01150422742361,5.00971651458779,5.97245799343724,5.06817545304942,6.39691200051319,5.91996922508792,4.14735958274944,5.15990844081721,4.8681564644489,4.45020995027364,4.5190359507309,4.78146161058352,5.76842511567217,5.28228253175946,5.30699616910182,5.56513769255127,4.94743619876557,5.0994226164339,4.6799342293877,3.70743189514933,3.93882416231242,3.93523738687896,3.6712459719389,3.52561142318124,3.67126749285729,3.48753162875212,3.65812739102778,NA,3.32223598941014,3.5102687784146,6.0990262383532,3.47044038326928,3.5444415896273,3.36914968557191,3.58893802058462,3.40190897157887,NA,3.64167637596387,3.97342431736611,NA,3.79983826090502,3.78645427755433,3.78943191575398,3.68454828695835,3.62228526917849,3.64973882444299,4.1027554179666,3.93536286472774,3.88431976455287,4.85730517658716,4.42613165850518,4.23396772338232,4.66754721689919,4.77746955110153,4.73132194457937,4.94304220127986,5.07750004425106,5.33258217942749,5.11406622858238,4.51495729488981,NA,3.71023220471212,5.10890264881684,4.98931592589243,6.12349600269532,6.85642072658895,5.26344117635487,6.02033782761007,6.07975293752697,NA,5.00466118361557,5.53362991713899,5.4523174461751,5.19973167414663,4.66503726546808,NA,5.91533650721725,5.55983910444295,NA,5.35584640863624,4.92712641877116,4.92332338572904,5.64560602822051,5.00039833898873,5.81727238196889,4.82153309349515,4.55758691478815,5.11404326534598,5.43554806231065,5.00986775998452,4.99855053549724,5.04769595867553,4.80868895194938,4.88734496080511,3.43223420429265,5.09518047311097,4.38975361626408,4.05310952487406,5.37591481522301,5.70880046049919,5.61017110148956,5.52857830047201,4.83983386853807,5.20075315874009,4.29292174411986,4.83940370234522,4.57280195176368,3.92881707182555,4.50559457455623,3.92347874384113,3.83709238850525,3.82640565715242,3.5212798755416,3.39688849539541,3.53156343899534,3.39585614488443,3.03205226622439,3.24027432763879,NA,3.21716718251534,3.24277812194718,3.25594566280294,3.32583858228161,3.63147709416648,3.42005056303698
NA,NA,3.81762143474005,NA,3.3361562766242,3.54434093466014,3.06579527792353,4.22396513665566,4.65348203881109,3.51205401546214,4.71021954932001,4.88132294199768,3.05303805375221,3.66340451825307,NA,3.19981043019932,4.36433983150058,3.84015020066707,3.85715674004763,4.08910635669198,3.27299147751545,4.04702493134671,4.62480371238896,2.99928449614041,3.67706087054391,3.99527376618106,NA,4.0443533585584,3.66081606766859,4.1232994496481,2.94440968632069,3.3636451017048,3.56072825976206,3.75732423504476,3.61792066128617,NA,NA,3.38873629427834,3.72581006603211,3.74692752000511,3.67601171851788,3.35026095573451,3.67008190891523,3.94009936335407,4.29118418256573,3.98270707005207,5.37323356692542,4.2534602286747,NA,4.40996218812449,5.71050732738768,4.81733354212272,4.65751304992798,6.49917672369846,8.23383459014926,8.78416666736987,6.16574352007033,7.3045416778949,6.2355325119536,6.19724630297638,6.84457173818425,6.88288399084549,6.04540913898951,5.45729271869201,5.72933441439134,5.23536921980954,6.02243040313833,4.36801197118655,5.04566524714785,3.82634045846472,3.76427228373287,3.74416789390517,2.76786200626715,2.94666245069558,2.62108811386888,2.95938432431877,3.08482449255405,3.25110082445433,3.13141914056461,2.98542770132759,NA,2.65495631725489,3.16495838538818,NA,3.21315660304386,3.57188729209056,2.95299499906612,2.62953100961867,3.3597692123433,2.69088188587685,3.20142787022088,2.99370634260647,NA,2.96221559266456,2.82286654143698,2.66652839698132,3.7712377206003,3.62008413424243,3.03968120816125,2.95328361470699,3.74545754978041,3.10455951524943,3.05166489468726,2.8812449451292,NA,NA,2.62107304389829,3.91944761519508,3.97358516074271,3.62235402893247,3.06257169498243,3.40096250707485,3.29091700791474,4.58349691478683,3.07228586609717,3.90218002982154,3.62500141082676,2.97642984621157,3.85872937706981,4.08481455255724,NA,3.52637245029053,3.70595179515643,3.47728588244865,3.51611517415303,2.92375907016302,3.674468395057,3.46930415740869,3.4824020890399,NA,4.27964590001163,4.51781199264775,4.51036056699073,4.09909651199677,3.82528288810131,6.21271413211706,5.18215382134985,3.63547066883011,NA,NA,3.37665919869562,3.6906520644656,3.82860920158908,NA,4.41693299385837,4.62745807215429,4.5055532553597,4.03612059057261,4.44339179773649,4.42397175042227,4.67194157000975,3.55479938884452,5.52439600414224,4.78874351809193,7.03603978209835,6.03531406394266,4.77315548440562,5.0021304109954,3.99336175931019,3.64531203781848,3.72656363889884,3.48531222087989,3.7808966682725,2.87379347413174,3.25570936866165,2.94712318219095,2.90959032592755,NA,3.54058022668606,3.12115279929132,3.05959983579998,NA,2.64140454141224,2.64982032403234,2.55831647791299,2.66372395522198,NA,2.45717875013122,2.65470498857533,2.80247417565516,2.56856156657021,2.98271200411288,2.5693260653615,NA,3.02152876913954,2.52850093461365,3.12037531456997,2.58122414175117,2.36614983103969,2.65181503759392,2.73652877462887,2.65288736750944,2.84099192918435,2.89441017660554,2.68907630367248,2.6468858032532,2.976841683652,2.84323088709833,2.73185489695847,2.6795234437773,3.17548414994361,2.96861310003897,3.14078515371454,3.13035827333393,2.56351843136643,3.47095976395405,2.44751968872935,2.64858711627809,NA,3.90197727186486,3.51116722080073,3.92597423218777,4.13526250782379,5.66977528731041,5.55896029480141,4.56683183326972,4.39575848428541,5.48295164612625,6.10273806053379,6.07050329128085,NA,4.8537875205143,3.83291250169002,5.15182012623066,3.95747410873032,3.92219249128771,3.6346235687714,4.15931544197268,3.88557427458072,3.55815993313044,3.52833663676148,3.93700089409332,4.2138647341795,4.63887955458305,3.19040188930607,3.66403660186941,3.87151741389175,3.91833705463582,2.95052470542742,3.5627442989524,3.30427832638419,4.08926317280854,5.01124786398377,4.9630716630706,2.98177294679955,2.6895726367273,3.32528935125576,3.73314726334209,4.02049862729735,3.83865643754729,3.83570447210339,3.01962352473941,3.71707154992936,3.38672014953783,3.13264882195477,3.36674877130268,3.82774641841787,3.38281980877745,3.49071131384928,3.77273196759688,3.4016183922414,3.40727150777127,3.18645658576968,3.18394663256931,3.26786226149455,2.68484084787202,2.73247868375774,NA,2.47928882478949,2.66087769857792,3.0813064585097,2.4635456379713,2.17416428700889,2.60475841615939,NA,2.99544982311496,3.00327454044286,2.71307333250537,2.35742680380079,2.12848571251077,1.92148070059,2.49509852900011,0,1.43066562513239,1.8171307174908,2.02934421464007,2.77863453632737,2.8311812608624,2.5894269505586,2.11669304810254,NA,2.64762431974177,NA,3.51911065781088,3.45373710957625,3.13667908954677,3.27314095189515,3.94058799164936,4.02184024636111,3.65019142727226,3.41884143690799,3.17938818478832,3.18323631037309,2.88183771993101,3.00241509476159,2.93649997980549,3.52443773554565,4.03318009308115,3.4145964502389,3.98861311112434,3.44567865687274,3.97112788371604,4.1449381285863,3.80561788530291,4.17621730112497,4.31974620693861,3.83954190660335,3.29916640420462,3.69603503190842,NA,3.96114295470972,NA,6.44033119223317,5.1563159680107,6.63927058321722,6.89141233726368,3.82934616309777,5.62188417087137,NA,4.22884554595398,5.16328343068212,4.10960951914254,3.99863962173823,NA,NA,NA,4.41333260761456,4.07649872355751,3.66313400746383,3.49409003820672,NA,3.3606017586327,4.32166185354853,3.45841262759212,3.88723372520693,3.45518604534361,3.81550994554509,3.91725651210688,4.02392339856137,4.90816043377264,5.09972653519807,3.9454080840174,3.8363591726685,4.03576580985731,NA,3.13104199102534,4.09847236120155,3.16910575858084,NA,2.77070802052152,2.8011629999038,2.85439168474245,2.67654763716868,2.86633764508909,NA,NA,2.6106722222939,3.02421745179811,2.5184579875474,2.43725585786895,2.67916081649689,3.22643524826806,2.52238374638479,2.40530254060853,2.73968192123098,2.62278358447245,2.53069223209083,2.83851164631724,3.27752564786517,3.45005807486484,3.10588289657463,3.24753621375243,2.81191369215109,3.28564781560471,3.58780948818503,3.62201784631781,3.57353281571235,3.69375740622623,4.38988573118012,3.64639828207588,3.86954215063238,4.10373772407569,3.79387339359875,4.27074342947259,4.15900183442188,4.60391288499622,4.21573075762656,4.14285519587704,5.29205623381003,4.70799232935169,4.08375574222108,4.05846262519048,4.37040600846667,NA,5.40865687961602,5.12272295923298,5.44857072874915,4.47966995860319,4.2063837017614,NA,4.71310519528303,4.13020175229122,4.09310239632855,5.08266469896081,5.26635447753063,4.89555174053311,3.54972065088072,NA,4.85634455614442,5.14873056141161,4.90770798089109,6.63216950387749,4.57442733280719,4.7403413810078,5.7927373378775,4.76851132342928,6.21965382663632,5.57411897696688,3.62223444122451,4.957614355478,4.50422241384897,4.44011691873925,4.30543209802998,4.60401500418685,5.40388011113504,4.90795687751482,4.91774915597417,5.17539777952343,4.6426821609609,4.46372995445251,4.09209450995254,3.3761781373314,3.3513780273085,3.38892112598978,3.0274739470903,3.03323381365787,3.02424216951703,2.817821135557,3.22517676512354,NA,2.69051934661988,2.71024502087013,5.70305846226627,2.62235675455832,2.7343574338375,2.63060462650107,3.01827839911461,2.56733292737711,NA,2.7748429953697,3.14425466917253,NA,2.94681314551947,3.0186066190307,2.92025748651332,3.03596284092452,2.7659544204745,2.88495158711391,3.19724015772528,2.93180685360982,2.89514770465103,4.1245450972299,3.5219722840751,3.39678606569446,3.91782623961215,3.99944765101651,4.08320022727169,4.34145340038553,4.4834670937089,4.80416991172749,4.33655672932123,3.79401180227911,NA,2.69037182290231,4.28744942111675,4.35908153975971,5.57803709999368,6.32082645784556,4.79776444053969,5.5227316463673,5.6152010520666,NA,4.50881723565553,4.99850146398986,5.00130235182351,4.72657920259465,4.20392309224955,NA,5.37559843918595,5.01713227649057,NA,4.83121625051397,4.52774408851432,4.43697345743524,5.15134641305512,4.48803255922549,5.38406270097197,4.37081630370312,4.1335629884441,4.67078054389016,5.02794915026971,4.72348082883164,4.73119150292721,4.72875391884028,4.4984413929847,4.53098252787548,3.15628262211344,4.68508792770362,4.00848346703892,3.92216953907042,5.03534110966275,5.3433539213276,5.32965352963788,5.18402702568303,4.48218829438253,4.84679110606616,3.96917877051302,4.61043443718994,4.19557065016304,3.48360670622911,4.06120125531563,3.47797026594895,3.28543313811451,3.50537782981845,3.03806573102058,2.76898870296579,2.87079964623186,3.04581117397771,2.81716664347517,2.81675791989684,NA,2.66487661386657,2.48815660031163,2.44621735647749,2.48429325941392,2.92927419242465,2.83223966170188
NA,NA,3.87482923303889,NA,3.44228738794802,3.66146825461207,3.1103660712339,4.25969113409434,4.62324504898957,3.55033269068014,4.61401031000216,4.79439326277453,3.12021160213385,3.73511139279804,NA,3.29086321110447,4.31223536678341,3.90271903064354,3.71127985815469,3.98197062646198,3.1562971333524,4.05454178768668,4.49090062466012,3.04451824988714,3.66116691335438,3.95060450076505,NA,4.07153808181954,3.651357195568,4.01873114324838,2.88311285917568,3.29433332869561,3.50648124196012,3.72191880866994,3.64772798646824,NA,NA,3.39135651615623,3.69002700629644,3.70622033168797,3.69204370104748,3.44877047786679,3.74372066731818,3.96151933892868,4.37446171323465,4.16557316751586,5.40855504176722,4.38303327779754,NA,4.50698510051117,5.76337735749304,4.88790855780799,4.77415632031638,6.52747539498623,8.28208949323926,8.80484869501916,6.22150102162868,7.34185374993139,6.29271550846875,6.2684777080277,6.95773202541529,6.98074813442073,6.15089780603783,5.56644453514675,5.91966619338424,5.2793614999668,6.14534402962279,4.40035512096943,4.9889050375911,3.92003715061437,3.88159623438247,3.8053630941723,2.90261486696335,2.95567560384131,2.67697483737089,3.03942625725905,3.21649326876305,3.50128708235722,3.18768243164521,2.97941705911073,NA,2.68427207426835,3.21489091260305,NA,3.26962965536086,3.55945538236221,3.0629887864418,2.63556696534238,3.3860233047701,2.80866261229871,3.21917608809329,3.0303810271902,NA,2.9998190880796,2.91586151285135,2.73058951606778,3.81621814649109,3.68334933227315,3.29639563192839,3.06990762504358,3.92300456299284,3.22760439801182,3.07626241923848,3.04531119952836,NA,NA,2.84075649245606,3.98641820579359,3.95766256283875,3.61662773739378,3.06397140290907,3.34001752120439,3.23871741975686,4.50784369830728,3.07618275118913,3.86611387267239,3.57671322766737,3.02324021182652,3.84475545501532,4.14321146762782,NA,3.45819634445445,3.56001473180771,3.51404332189977,3.35337348204921,2.90361421298038,3.67660681501384,3.45682942131505,3.43412765208335,NA,4.2910516928731,4.53444166886825,4.58526587961666,4.10766975153424,3.81655703082679,6.24075095812832,5.18504184734805,3.73276161544634,NA,NA,3.37217959257272,3.71284195116245,3.92854796426419,NA,4.52827100081155,4.63406693485481,4.55604437915986,4.12065893181323,4.49869796085962,4.41224169405601,4.76262923611322,3.67725511924241,5.50273478941406,4.83963983506098,7.0775544271678,6.08119100578239,4.83801272815883,5.14589244213777,4.11173529369642,3.76101592491381,3.68867092384815,3.56228196576334,3.96146933922724,2.86564713099721,3.39635479881908,3.00813907813973,2.77723717466557,NA,3.64609400484817,3.18378738462091,3.10712506739822,NA,2.6415920638688,2.62668645098764,2.58149299507109,2.84557510966064,NA,2.48016231306321,2.83700719336704,2.88216685899854,2.6229263347741,2.84623374020481,2.61352148642173,NA,3.38108361943687,2.66587505769289,3.21078387354752,2.71018766889606,2.49493904372488,2.80034572625242,2.9463566768346,2.77271032873519,2.86889637758461,2.92818146072936,2.8546746575664,2.83053978410921,3.12693305917504,3.01105803717321,2.89830930652569,2.81514937047453,3.35548381361038,3.0941825233634,3.34112747745843,3.33783089592135,2.7960052452701,3.50155511274139,2.57123319551068,2.70084395345724,NA,3.85813683902448,3.66123475470015,4.07340869050471,4.30726152506658,5.68759667293942,5.56859291392709,4.76212527734499,4.52910428780116,5.53353584786889,6.18150790638227,6.18828036653073,NA,4.94651957425558,3.87188477465638,5.25470637272757,4.01961734287879,4.02578657562128,3.69995281564228,4.22483089754219,3.84331630876824,3.5911649179437,3.71038434335751,3.9122785138879,4.22705789049608,4.68359904709559,3.18998537594113,3.66803761012616,3.9553208876471,3.93097121380455,3.09133522896732,3.67197647671313,3.42882555744386,4.29300597830548,5.06771944241629,5.03510718127633,3.23723717999313,2.81254168611017,3.53235799168355,3.7319646939246,4.08333453870609,3.99492132119304,4.00528494452421,3.21573372370949,3.71258667900088,3.38509263911608,3.32196245951748,3.37127823282559,3.84477971162731,3.45254223267882,3.55265465735621,3.88364784647414,3.43004042614295,3.53483787282798,3.29722102010774,3.28177188964978,3.04968702924207,2.69014798419531,2.59499681854026,NA,2.51932473420701,2.65349870728839,3.02079642835769,2.47229256459891,2.11811680412787,2.50815418061473,NA,3.05159708124413,3.08296157963317,2.77068393401067,2.59648202379964,2.40120969968428,1.99765672546577,2.38328674429829,1.43066562513239,0,1.69171202648373,1.80776714314223,2.69384352588884,2.62282311830283,2.46381405550257,2.10319149063896,NA,2.69891861799887,NA,3.44122117512556,3.42063152129305,3.2421709726781,3.3515698639173,3.98974986305485,4.06797954619398,3.64396965543496,3.37692395657664,3.27237145439952,3.24734132009112,3.00060497189944,2.96788587198024,2.84849924308567,3.49255729613901,4.02078148662767,3.46301933081402,4.03522260762228,3.48681962311269,3.98713038616294,4.19761477840208,3.93546694313159,4.29697955863616,4.38117836746391,3.95616331504414,3.44566140830837,3.78464992280292,NA,4.03707638971113,NA,6.39584800560015,5.13358364744248,6.68693966955619,6.8623212047515,3.83603960565092,5.63607460187348,NA,4.21313998580931,4.933404426784,4.0571005166544,3.9372146092976,NA,NA,NA,4.45027394708133,4.12168304909939,3.67960315339927,3.4888596706917,NA,3.40340606384524,4.33284769988261,3.42958842318352,3.92934364064495,3.43065453487519,3.78873662558093,3.84333810714186,3.96362399499614,4.81938020433819,5.18898259882144,3.85892193461321,3.70137718787155,3.98384998887195,NA,3.04635487911388,4.09315345704897,3.24911506487244,NA,2.88234749281574,2.85628579471516,2.85486745582876,2.69370828772002,2.94104330215849,NA,NA,2.77336738091205,3.12798644894577,2.68313061710524,2.60415543155139,2.726759846539,3.44374189042886,2.90982244718986,2.52893782389,2.83479013482213,2.64030913697699,2.442821759401,2.97714766660358,3.23316523722561,3.32448958724436,3.39331598478679,3.17960709895999,2.82347074298954,3.3291750557052,3.58506541061579,3.675165963149,3.58993968078165,3.6768803070812,4.35411934912235,3.70967913649193,3.86838398925699,4.0830822585096,3.85015108545155,4.28322555228922,4.14035331150184,4.6414835755315,4.27660361296472,4.19757629223622,5.31659552148786,4.74130936170256,4.16744465385804,4.16370922992651,4.47156168697098,NA,5.53337430290984,5.1626588998559,5.50643220892745,4.56166338724605,4.28687635606277,NA,4.77572791802787,4.15115230774148,4.15486669785659,5.16108091729137,5.34665405874705,4.97060929801489,3.68118566331775,NA,4.95694879648357,5.21331717762394,4.9970629637718,6.67157333738554,4.65632215157487,4.83439407936253,5.85743052377716,4.89062474216904,6.3022868145894,5.71193826414683,3.6993942757857,5.02684182333603,4.6569906560286,4.51121666096858,4.38449691123059,4.72655307919214,5.48920491066512,5.04329837877006,4.98675123351592,5.1913750744532,4.63725517584846,4.63639283201006,4.27026835234459,3.47150826118152,3.46846979435638,3.46452129582651,3.11108502549774,3.10581742928467,3.07486482957672,2.88264207455996,3.26684189261094,NA,2.80179544864448,2.83499442005763,5.71512991431375,2.73934728799549,2.84331141265791,2.83053130387873,3.16662837488309,2.71062525338686,NA,2.86125055410139,3.19385506877242,NA,3.03841736868048,3.0673738942937,2.9573102444452,3.07635114674721,2.81967916675722,2.97589698080713,3.1828252485599,2.94177440668642,2.95459802516878,4.15239926229661,3.62507299109926,3.46443212464862,3.90334966934327,3.98386008277814,4.05867827420338,4.33983161453952,4.47752762973521,4.76574974131967,4.27393432837103,3.79663350858749,NA,2.81791741241935,4.27751592725623,4.35371997058299,5.51208097337176,6.29621663719132,4.80716632014834,5.49455538812907,5.63260868733598,NA,4.56653338838402,5.07493891926786,5.0988813183137,4.81234875198552,4.32351564443859,NA,5.41806956995733,5.11079936149129,NA,4.86663120380095,4.56864123850232,4.50657275071528,5.20552280990203,4.53898102760898,5.44070391705314,4.44175706659093,4.19778697681698,4.7294026528126,5.05424193999915,4.80724146535358,4.81426813041027,4.80579321453551,4.58219929988901,4.57623974888605,3.2042174218086,4.6644026843112,4.06471921561766,4.06053429216068,5.03801934343405,5.32620094264943,5.34563267965177,5.24221199416548,4.55530947372089,4.86509361104869,4.03672434619099,4.718551579738,4.36218697130205,3.59376433720255,4.06356656756054,3.55731634937146,3.4115766912757,3.6228453011411,3.12154131083637,2.83427612932536,2.95757336033243,3.24149176610979,3.02093895852127,2.9581305348209,NA,2.84154124236247,2.69569601388368,2.66916204975465,2.67625625876,3.10050731309746,2.99063102608225
NA,NA,3.6755074708866,NA,3.44764860754587,3.39167153685154,3.03075968828167,3.90726299770065,4.27845003746129,3.35707204516629,4.44078723631166,4.61410059336964,3.24324098083688,3.7923479039363,NA,3.43539168690164,4.00543142069634,3.50536340753434,3.80011581516625,4.12670323140689,3.3114824864243,3.89344779664835,4.49444751537552,2.91962541799809,3.54367819308879,3.98470974592108,NA,4.10791349861902,3.59584012808356,4.04910400861495,2.75254232043823,3.21825067705825,3.52262353737361,3.64781504732958,3.6470752228238,NA,NA,3.37599526795912,3.71249257982878,3.72104071039658,3.72314061921164,3.47740237858583,3.8128030271878,4.10557718542631,4.42291260177045,4.2510734316232,5.53264960348428,4.48357376777612,NA,4.65311499791722,5.85412540971966,5.0191825847532,4.90170034007236,6.64739274673147,8.32080755368966,8.86421213401919,6.30637400494657,7.40733443200148,6.33538902296561,6.37345933518659,7.01677720889945,7.02069852617975,6.19194039315042,5.62128946795808,6.00844105848605,5.45545535211673,6.36663216598374,4.63329683801928,5.27767051907145,4.1603947885244,4.24339285959991,4.24433846311842,3.10785717255305,3.38172386151376,2.97709574694651,3.3112929136108,3.40626948020599,3.68409454986541,3.42887946239011,3.27823505931271,NA,2.89262491991987,3.49297543995593,NA,3.5758850405649,3.8209450708214,3.3332050715384,2.73946500800174,3.50401946196515,2.8504540676741,3.30684349088676,3.13869383339882,NA,2.94582549721452,3.03229206929098,2.79053383518944,3.96828085633104,3.87579949656616,3.21422313331328,2.93474503376483,3.55483386598354,3.43031924471058,3.23259055344957,2.76658204225252,NA,NA,2.47182418366416,3.45405486102745,3.53019761569373,3.35589255709085,3.01486238779596,3.13206385656443,3.22053283973176,4.29027307123315,3.09152944085937,3.63116169206423,3.54050058100607,2.94378544349939,3.70156986779367,4.14753466240632,NA,3.65912315336669,3.69183041978899,3.65122871416752,3.73959521077532,3.0895982843961,3.81384543733323,3.46711198537527,3.49035547356869,NA,4.26940976206269,4.53389148138617,4.65754832881931,4.22704371755232,4.03447150056069,6.21987950933193,5.18174559820515,3.87575662307075,NA,NA,3.73465042603411,3.92807662363059,4.24270899826795,NA,4.68412904828771,4.86971637876701,4.78228417008615,4.31769568064704,4.66749985208759,4.68869731501991,4.94524511334553,3.76513872498388,5.47145430323556,5.06903469255568,7.18571008221007,6.17474044751628,4.92565573273964,5.22564021100201,4.2424469851832,3.94414672023099,4.13312409361548,3.91910658656827,4.2237662036996,3.34833865638287,3.6231046558832,3.21000167327084,3.17466959111303,NA,3.8295079454736,3.35984552385954,3.37390523828877,NA,2.85617868679171,2.59587844716009,2.63683229113332,2.85592159344267,NA,2.72471675526043,2.92831898410637,3.02999938956333,2.5074521305198,2.97039640533234,2.77908163645038,NA,3.18768986510628,2.50761892887511,3.3708791834013,2.85202469470793,2.48231372857106,2.76854803259899,2.89598698597273,2.86792232971887,3.05176298444915,2.92738938311157,2.88287686329315,2.86379962759563,3.0912174206466,3.30856934034632,3.17550097587764,3.03923422333424,3.51537845049959,3.22969221729053,3.58588653383995,3.52878076289774,2.85818211459686,3.82018613679478,2.60678005063335,2.69750309418128,NA,4.04829968023737,3.63447612425242,3.98604348436345,4.1586136729568,5.63669126687365,5.59618135291218,4.77637999840276,4.52773427775726,5.54734169684626,6.18038567254735,6.20100733547004,NA,4.98219167719952,3.95576664444586,5.32853467163339,4.16180811620818,4.20271867268319,3.92507562901563,4.44902359273909,4.11913796753293,3.86813156569926,3.95264962737196,4.2516965472286,4.60854570661639,4.95172713450371,3.2665840057595,4.08306502764731,4.31561106991191,4.00052648710726,3.42602294641357,4.02017814362881,3.67941577293916,4.48278317417998,5.31302567516381,5.20063994016497,3.28141686659117,3.03657032308588,3.77635709116775,4.13427862311325,4.38551726054469,4.19461438653054,4.23030948619468,3.42600082852606,4.07375378991994,3.63785975229362,3.57213099177061,3.75103543094269,4.23505344040402,3.92161607279731,3.99256537096224,4.34142004713118,3.42002063537743,3.63712908835976,3.54200065771695,3.54320813792856,3.32174817770972,2.69254769118629,2.63537221053516,NA,2.71596061891911,2.94112940380574,3.36867442930111,2.69845535978155,2.4711583781293,2.77093578137101,NA,3.23538578878927,3.2746287576976,2.79939043830406,2.48697628500779,2.35763080694415,2.44657913759773,2.93213348204877,1.8171307174908,1.69171202648373,0,1.48033866797044,2.84228411823489,2.91548333013446,2.67705446988685,2.10371810984375,NA,2.61797265413532,NA,3.67551006240844,3.72405064139071,3.25704235648655,3.28509538920237,4.0184017165987,4.0597385245728,3.72260584806032,3.45279149689546,3.31786262250139,3.38416717468153,3.03534633647796,3.18577913479194,2.92841270766673,3.62121321853425,4.09889758192952,3.62700293875773,3.94493824937067,3.64542979974565,4.23014493440117,4.38372925281315,4.02385713805739,4.30173395851837,4.50378020068306,4.0479697450705,3.47557402390702,3.91015550999241,NA,4.07793376182205,NA,6.45484690689462,5.30213269465492,6.70283304323989,6.9291458432249,3.90158254811182,5.67892179885276,NA,3.96412630521432,4.86163588447461,4.13775400251658,4.10203471677165,NA,NA,NA,4.55622718311218,4.24694660354658,3.98321725253247,3.73313804605039,NA,3.54204263636618,4.52872293694411,3.62576271634309,4.12895346242504,3.70732492297736,3.84092288302702,4.05904489345582,4.14380470903727,4.99535207481031,5.3709990655264,4.02845237788432,4.02966839668083,4.20485251183737,NA,3.23041433146943,4.31584316301524,3.42007200754579,NA,2.99284558628659,3.0191820895954,3.03124187608106,2.82171774762018,2.9210546329758,NA,NA,2.54841783609868,2.92808198745754,2.45368341496195,2.48698720389623,2.5641163221211,3.71099028569067,2.91848097555479,2.43576566909563,3.00176821859775,2.64569483840238,2.42822636863612,2.86443108879757,3.1543659660302,3.30543838962367,3.56940789263512,3.284264713646,2.81902620372797,3.31455856170664,3.49303465883395,3.59188827626911,3.50786067803137,3.60255239752343,4.11967022882187,3.71169635062972,3.83595046341863,4.11548332111978,3.79166045722053,4.25125813169657,4.07260629751106,4.61366213113034,4.38768361788622,4.22575468717128,5.33868785472656,4.80074115962929,4.19211980644097,4.16723298605217,4.45730626397668,NA,5.50258175568142,5.17340936832926,5.54547333025661,4.58748514727426,4.3490867865787,NA,4.83567902498792,4.33669205467902,4.25797216864476,5.23502932419596,5.37516085739209,5.0557918930127,3.76498105661355,NA,5.07011199263667,5.25879463771127,5.08004892101579,6.70791507018645,4.71892852782851,4.89513274797273,5.9300557351891,4.94669372080794,6.37778800244696,5.7565610138503,3.70863907050957,5.12389280639274,4.72008543133761,4.56071088661443,4.46764438097877,4.82293303107589,5.50588900436835,5.05500886227037,4.9844655192709,5.23050600868606,4.84628273065578,4.6463113413367,4.37127615513225,3.67696837096598,3.55539759354844,3.58500584642074,3.23284743933009,3.25206067099029,3.22980689304003,2.94078290610908,3.42225261720238,NA,2.81654117275582,2.71031811289138,5.74692370795681,2.52463776085799,2.65092327583442,2.71034608277344,3.0182502528975,2.44062620990351,NA,2.72419466993986,3.07918309202453,NA,2.80565655382221,2.82136335557652,2.62576227874302,2.73556026075225,2.48513810464235,2.87545292183021,3.015150589807,2.71085290061027,2.70834246014116,4.03508215347354,3.49780845189673,3.22926043226938,3.62515004424742,3.79001985242582,3.94482939795688,4.19607763854842,4.37502887082875,4.65765617387975,4.15192716538853,3.65590176249018,NA,2.67423120851336,3.95927063497372,4.20860734041324,5.38179804271843,6.17339549140075,4.71815240559422,5.37768078183935,5.65724879604958,NA,4.44153290842045,4.89191124296395,4.93670945738014,4.6665199527523,4.18210233038104,NA,5.1338352733729,4.86530684266071,NA,4.73797976012272,4.49816744556936,4.4295021416718,5.13982835797895,4.498920391161,5.4685287170692,4.60606229237853,4.19629805433425,4.83350990781459,5.15248371852842,4.82931055189626,4.85246734104655,4.84054637670339,4.54795465656378,4.52063898231976,3.48601594764785,4.56981729293217,4.0692502928791,4.16424188023917,5.09950210944247,5.41394491283143,5.37812483281703,5.26179844841909,4.62680791918975,4.84947586395859,4.03865095407832,4.79326019156965,4.36049850017845,3.64149475043011,4.06968776818292,3.59440260291865,3.50139232014942,3.69569241108229,3.14737316251792,2.73230691487477,2.74781406016079,3.06800957915082,3.06992298696002,2.85457330598243,NA,2.73630820841797,2.53672817940551,2.51916040926637,2.55507127445468,2.91089656156279,2.88001964351901
NA,NA,3.69875963358876,NA,3.41845329262157,3.52396514682363,3.05016551421993,4.10586319282757,4.44962298366893,3.47907157601492,4.49442376282936,4.69646916607451,3.32805593875322,3.92408996706949,NA,3.52049258203544,4.11003284593811,3.632881991092,3.71233474990769,4.18052184916503,3.37054433144213,4.14788352907189,4.70321660841913,2.88427021563228,3.47222070435369,3.93094304222239,NA,3.99448114686304,3.38828977341899,3.9393632088605,2.75591096117936,2.97593912601854,3.20321277112882,3.4304211876217,3.52207432500944,NA,NA,3.18614698424189,3.6423980288371,3.7033900189671,3.67343254861041,3.45350490685512,3.72330711144541,3.98551307669647,4.39885416531498,4.29817758897358,5.55070752612532,4.47459202895417,NA,4.70365342782731,5.90985604308937,4.93010780180017,4.78785157346545,6.65560585860474,8.30794638752303,8.83247744622966,6.25355964241377,7.35028390907917,6.27500813861944,6.30867367930586,6.96867515249304,6.96964631745595,6.13391877841755,5.55383140587392,5.9259200115511,5.39846471132146,6.27384222514972,4.55362873357628,5.25194222394995,4.14357632625157,4.30096489916904,4.25465474033946,3.05551104096049,3.29271171687898,2.94923790072545,3.31612900063827,3.40745203812289,3.6161794238362,3.3626965488984,3.18841063098918,NA,2.84355910114815,3.48873390888964,NA,3.48191523133931,3.750188124805,3.3308113660999,2.71115247583378,3.45322180534599,2.87387148048515,3.27792056609696,3.16123435092249,NA,3.00373984773081,2.91150131882125,2.76438078917371,3.9381800618011,3.77215797144465,3.26236433152033,3.00604736300265,3.72359011006575,3.31252963238421,3.1210664750451,2.78280782306773,NA,NA,2.70641169201468,3.70545327524185,3.64678850333162,3.42470439015576,3.07165146709163,3.09592671630515,3.09525530598886,4.38481901129192,2.82131709550078,3.43734647763121,3.2999823131254,2.67286584342314,3.62034833411397,3.96274161485323,NA,3.43554403740511,3.6607991825627,3.509544384072,3.43669293838765,2.80009194505977,3.71339423268919,3.48262923175705,3.52701752567867,NA,4.39166742607206,4.62108106670479,4.85363512775887,4.32159202236126,4.08490040698102,6.1604912809852,5.02962605203312,3.76932542982522,NA,NA,3.44363074013264,3.74824318000144,4.11190719660482,NA,4.72205789394102,4.83382143646105,4.61267470750583,4.28132167882047,4.74776117184145,4.70827497982473,4.94360469957989,3.66412873356943,5.46682604546194,5.01760853057291,7.14178204161213,6.07694379158424,4.8283895561972,5.20916499606359,4.21951140658171,3.88831067247366,3.99804880878231,3.89490075659021,4.34671525336655,3.26429810934522,3.64086402360854,3.1005166512134,3.0332638741549,NA,3.97150775993249,3.33707256376722,3.38920503160473,NA,2.76159940687745,2.24343998303539,2.60636827174799,2.75436632670036,NA,2.63714394064162,3.19357490265276,3.08935944813807,2.57078015770591,2.917643103293,2.80727905882911,NA,3.23459655446135,2.56765476525707,3.51560163767051,2.95233923967449,2.65007350746326,2.81071431227102,2.93082200572787,2.84718354277801,3.11780343430819,3.01019718655717,2.93127659791895,2.86814075184924,3.18003239183761,3.24125305219185,3.17947788183622,3.03533686059835,3.62944862070507,3.17685560822818,3.74305745765131,3.64131929528881,2.95390024738007,3.80536062362032,2.69154656473966,2.44460443008671,NA,3.80623813161958,3.51597844631879,3.98120220742598,4.11387630208307,5.6538652459744,5.49618172409103,4.5885950651343,4.29552063629791,5.31899686070046,6.02701761912402,6.06920928089009,NA,4.74858591751525,3.61704450564366,5.24686884185214,4.0881611110668,4.19860462340389,3.86679358404689,4.28704497819718,4.05151856435999,3.78525330915888,3.92814957809402,4.26381207789311,4.532175624404,4.90607768206239,3.11595675888941,3.90832742719103,4.18243831219841,3.90577145657466,3.26496780733439,3.99714472303252,3.38510874518975,4.49841171132879,5.35985040101531,5.14264990900036,3.13281591573146,2.97335763539901,3.73404657891299,4.07793193497788,4.35620589997158,4.26423955598256,4.21037997421311,3.33642001636903,4.01456996860326,3.57254193333169,3.59610010780848,3.80064304287182,4.30726059291981,3.92383449043892,4.08625165590386,4.34510159194709,3.38413523284401,3.56146057390841,3.60630882241115,3.54329249679945,3.13526652896461,2.55481394298981,2.44271302966609,NA,2.47757534953299,2.9303276593808,3.24338262499752,2.66229018557002,2.50346161246097,2.64926892803493,NA,3.10729659762758,3.38489224729439,2.94447043661925,2.57717764755959,2.47014595949731,2.3308109050303,2.9004676431686,2.02934421464007,1.80776714314223,1.48033866797044,0,2.25615983099258,2.53999728507373,2.54977526041762,1.90091268546925,NA,2.35062781309031,NA,3.27499960150179,3.51617657847444,3.03100968788176,3.0187883870261,3.71811111465353,3.91586399710583,3.54855272392879,3.32487100156685,3.09498758839741,3.21468267828345,2.85172480881569,2.84566248341181,2.70690241676046,3.5453080605643,4.0781664350458,3.54891503013075,3.76343938445152,3.33465940973062,4.07844859365272,4.30573313991366,4.11528279870783,4.35766539968712,4.42014858412115,3.93685722592061,3.40708473336319,3.91897198333124,NA,4.02833652504505,NA,6.5608317522377,5.3986497408904,6.76381887548038,6.9585870260721,3.8417432430687,5.74017779636147,NA,3.99311055743928,4.75498795429484,4.22529430697354,4.08429856637264,NA,NA,NA,4.55493753685341,4.16009429515116,3.75521208665103,3.58955229335671,NA,3.43458175776647,4.43665516813245,3.50743000247505,3.97608778820057,3.71129130994339,3.86795539715798,3.97309646367478,4.07545436901307,4.93092364326587,5.2847007656865,3.87058363009536,3.98193106851811,4.13324816751712,NA,3.06795821853802,4.29682212031257,3.41101311536359,NA,2.81172777024134,2.74711261384595,2.65396843306414,2.49921836047494,2.56736166403348,NA,NA,2.33778536743541,2.68815521441911,2.19870755095762,2.35038573826538,2.34432944663703,3.57492757567296,2.82680921268597,2.3878003699297,3.04934873484772,2.648036313326,2.29705472164068,2.80456781483029,3.01775010120191,3.05086593761209,3.38469419915194,3.3389251008554,2.78579940276261,3.06487027019575,3.34217678145421,3.51040596932972,3.38158876655701,3.51173130099457,4.16981839058293,3.66820772710087,3.74147414174628,3.94066353978945,3.63845049804763,4.00445025509435,3.82831891956695,4.42695445367167,4.15689091122936,3.92247557571595,5.28506065745599,4.73924417907017,4.05470827803589,4.06762051354715,4.297902168086,NA,5.32834879653599,4.99619773269565,5.40159878756184,4.5082161745844,4.33615948991441,NA,4.81586544168003,4.27557948282018,4.24376386751655,5.23185771162832,5.27772373526022,5.06984526598834,3.68506317736526,NA,5.09644014499823,5.2288405600172,5.09134670828087,6.77167306223471,4.70801453902691,4.88946501116748,5.90825034376493,4.93804763849328,6.36146564915595,5.72050933959545,3.58888694872787,5.04275681825814,4.68183396782109,4.52807640055795,4.44782460132005,4.77551638862557,5.43837355518762,5.00023549778368,4.94763711007269,5.14436244615756,4.70243622300264,4.39479954134615,4.14810394353287,3.57349850611603,3.40359674924545,3.50107800278163,3.12235943088432,3.16670139748194,3.05198903720207,2.73599632305964,3.2383771006072,NA,2.80955523556543,2.56708035904702,5.65970122728076,2.47895131905291,2.50250697651561,2.55726861106163,2.90420432507388,2.28748006621301,NA,2.5016067822729,2.85068348399887,NA,2.60839277458226,2.69630642868363,2.41069782676934,2.61818313123098,2.21395303795208,2.81393725404879,2.91384214777314,2.63910613455386,2.7145207669616,4.06274588521269,3.45424377642502,3.20851813080362,3.62354723823035,3.74222063072132,3.83673328868936,4.13644112340069,4.30973948511645,4.65811443609763,4.27111395047106,3.4880536202628,NA,2.36719821737805,3.87838988557277,4.20967123866698,5.37110735994146,6.09675085558943,4.63253721981868,5.28635536051287,5.573854555629,NA,4.29375974004433,4.84918417191888,4.8770245441823,4.61319289473056,4.09078427196917,NA,5.24050700191325,4.95798857701393,NA,4.64324331813773,4.35772501024683,4.3202820396946,5.03958889396591,4.351103823834,5.43873814357039,4.51193220136999,4.10014350481938,4.78621372583529,5.14753488107485,4.8417686526907,4.83054115104437,4.87869035043013,4.57543501477267,4.61241147185039,3.56703309087188,4.5770722014349,4.09751271939962,4.17083181033895,5.01596493190669,5.26645564757216,5.40857870641694,5.21819332217619,4.5316633889332,4.78708981706592,4.04656032028713,4.82670678163351,4.31883656907039,3.60043099403441,4.02422382015082,3.60660833694666,3.562941336862,3.85641698452307,3.2096898649225,2.76366173938256,2.72046281625259,3.10530200799457,3.15826858128263,2.72374479065391,NA,2.66148370833596,2.52237640935998,2.45073536766921,2.48135940234148,3.07690146057739,2.96133231945811
NA,NA,4.42131993375466,NA,3.8911920341414,4.33311816969551,3.81360764985249,4.93260311252821,5.24214428266664,3.84071715324067,5.00422580157012,5.23929481334406,3.580039765956,4.36650230547201,NA,3.83570867700777,4.84241949684805,4.04370062392584,3.3794974644561,4.19894225264442,3.71214734569327,4.34140518496732,5.11358398097292,3.49785017541302,4.06355343180794,4.3601007889498,NA,4.34890432551376,3.97935818285509,4.39859264227223,3.33528533299175,3.61000630416096,3.70385489282408,3.98802714377164,3.93298193562301,NA,NA,3.72816371930355,4.03669229794723,4.08243524901231,4.06941868578931,3.7913956906587,4.09567831481933,4.24337477261337,4.75682684245024,4.52525089976871,5.75962631127716,4.74158442018212,NA,4.94994047054021,6.15056758984204,5.10519841441597,4.98173127163574,6.85516703687359,8.50380776551073,9.0423095151265,6.51829197834121,7.52840888743796,6.57750458179715,6.5953493485783,7.25037614458253,7.2854998929945,6.46413890332068,5.90406324872285,6.25871924103115,5.64929872686101,6.44143214908674,4.91561204634557,5.63561860308732,4.45782798796682,4.37110799312223,4.27383965786704,3.2411049854441,3.54004534414457,3.3313726083795,3.66034245576631,3.76351692916614,3.84705729920689,3.72837626832914,3.41673260353893,NA,3.25328009616789,3.81172596360278,NA,3.74460166700761,4.08946929724536,3.73972907706324,3.19465952023081,3.9731070044133,3.35992360615514,3.84551721426013,3.65241931728372,NA,3.65706706613655,3.44763635220609,3.22454929483418,4.22649689227627,4.10093127431429,3.95290612882785,3.74692951515414,4.66774420562777,3.82747782147933,3.36507967796359,3.58462260970591,NA,NA,3.53820683080472,4.46338444776592,4.20564393299174,3.98799119417125,3.53737465090293,3.72538905270363,3.542396269948,5.03932940744259,3.28749404310603,4.11966476617111,3.71631463646922,3.10370158489397,4.23953543574787,4.30178411249497,NA,3.38951217145511,4.06833914273329,3.87264802346276,3.86930499323306,3.41644238591071,4.2718858768006,3.89280598434973,4.02328762168749,NA,4.71252232793854,4.92053806501206,5.00522908514822,4.585141780275,4.46808212422224,6.58539739474142,5.58334206762042,3.98809628455627,NA,NA,3.81681290980904,4.02721174730314,4.3855211344316,NA,5.02467952839492,5.13618339656635,4.92528316174655,4.53286099024807,5.02472092220118,4.91518529991073,5.01868583495036,3.95839148076944,5.84826684853717,5.40306431281824,7.3927645989476,6.38549218312944,5.1756458895198,5.47984820514101,4.57561702997749,4.33479153854946,4.53262372160819,4.09721486533294,4.61926604975135,3.76480181047447,3.83971269719933,3.67720249839834,3.56730170626858,NA,4.24441342498643,3.69908638106329,3.75006975152968,NA,3.40862898023631,3.20699043722184,3.27961785098844,3.45108821747643,NA,2.9098863471824,3.52036837235298,3.7071241470157,3.24909077088229,3.46686719765267,3.39854640250034,NA,3.9329564363805,3.39283617043746,3.95132607985271,3.62318031762975,3.35191265200282,3.44319759482122,3.4041178770034,3.17073783078967,3.61566877950993,3.60536697285836,3.40924409392555,3.07128858263459,3.43136437770224,3.25416347012859,3.05911459322551,3.15950849722697,3.29335346489357,2.99108169337412,3.28592239987704,3.59647088938715,3.27470066387922,3.48311086996691,2.91287156317208,2.8839370587121,NA,3.78410196115589,3.8019233345205,4.49132154794712,4.71683277453486,6.07101620442251,5.89651306394528,5.02497691797278,4.4451195465412,5.65728318652583,6.38000132258232,6.40685420372535,NA,5.30740441526437,4.10382425614399,5.15938792463804,4.13392529458008,4.31149975649946,4.10141746936154,4.47945129964115,4.20153919909142,3.92098749803774,4.02457329839402,4.66369186029964,4.87878158378351,5.2501180290359,3.63526486784234,3.67680053433594,4.06029360575456,4.28840922085046,3.26040521743037,4.12619161880289,3.4615838584157,4.63414973269663,5.57861775171141,5.36142028007509,3.6105456794211,3.53597947913252,3.83805461652389,4.52505424023856,4.77111788433692,4.61850637606097,4.50292134844342,3.47538818884082,4.44746174616191,4.09035368353342,3.88191275719324,4.03499130763021,4.50749557496372,4.04470969447605,4.33994615741575,4.64302904890919,3.86597180257967,3.73645761337964,4.05854552628637,3.7892394132597,3.72381029562038,3.10143060781372,3.45722688191784,NA,2.97665406901544,3.34216545183519,3.69171937478911,3.14479456422972,3.18385169646221,3.5138128062192,NA,3.45495499958017,3.92402396801087,3.84636679447558,3.34237357644573,3.12637764610436,2.78048149766605,2.98170748798087,2.77863453632737,2.69384352588884,2.84228411823489,2.25615983099258,0,2.61479953807413,2.74764727088161,2.20615081155689,NA,2.63799578492767,NA,3.51541063049998,3.70567967474177,3.44887069554962,3.64383277248201,3.39250214984696,4.24223599573499,3.78852694898798,3.68731715780172,3.16836949119263,3.38507248793758,3.3122799369254,3.15395015800288,3.29378748426624,3.82843634253013,4.50381783318343,3.72298320688306,4.06945868956028,3.70887200193099,4.45797298329588,4.50127576694575,4.4641232730381,4.71725525044947,4.71180940789732,4.12950829480687,3.73535345525697,3.92640520016047,NA,4.35439154343193,NA,6.86071169837737,5.75905063084647,7.03209178870838,7.22358842045136,4.22347178073935,6.05573022624728,NA,4.63631080350892,5.2938940099524,4.55509680438475,4.17184372776877,NA,NA,NA,4.8007467113573,4.44157040759216,3.95330448252026,3.97240428916583,NA,3.73075383984604,4.80434854328473,3.87607359685167,4.27166188140087,4.18917194497856,4.36525466528434,4.44260255782318,4.37336547736586,5.11311827300676,5.52184561126543,4.69125638123588,4.07560921983613,4.37939894105038,NA,3.46087485175707,4.54209185442859,3.65943274563794,NA,3.29871375903315,3.29598970122897,3.25109678031245,3.08200118936579,3.2400140091558,NA,NA,3.0752780317412,3.51878474060025,3.0564278393965,3.04721206230326,3.22102200780395,3.83958717909536,3.27399426799689,3.00496205739243,3.4117144531272,3.33838328117883,3.15700247706942,3.29431825112464,3.63506493598075,3.77886100884788,3.41755225798257,3.64482493844348,3.32305086542008,3.58026219934341,3.99497772079993,4.13374971928452,3.98170940283523,4.1015834112346,4.87581726571233,4.2596684180164,4.32200295690169,4.45266708182567,4.26261051965962,4.625449186522,4.40212771263474,4.90325289871817,4.44821904996236,4.37187984720588,5.69218805189845,5.07949989571235,4.36944863149743,4.40055324392057,4.75855754958339,NA,5.81314619876611,5.36837012017471,5.83349247954014,4.94771493200562,4.69186933098714,NA,5.1599522188581,4.50428599097941,4.58744020014954,5.54754408636089,5.641322844802,5.37781365912634,4.04772104715422,NA,5.39925345598803,5.57473965522024,5.40955896134501,7.06401723476731,5.01260547927935,5.28189940600596,6.19773569129055,5.32913091759118,6.68929854367662,6.13313890176748,4.08393027450074,5.40150251255902,5.15732079520373,4.91290592349792,4.83080899650231,5.14374450477383,5.84656516046011,5.45671107381362,5.46069108646891,5.62078974446478,5.02867200690215,4.87409372336448,4.55567498493886,3.96043644519583,3.85516568988017,3.99995229932399,3.65078643126357,3.62404827444277,3.58580296752511,3.34454195596036,3.65682115437914,NA,3.38355867620186,3.30438573551439,6.08275924143137,3.27125896547748,3.31997241981758,3.23978410079838,3.54284216870057,3.12738874280101,NA,3.18258370387882,3.53356897380402,NA,3.37915036149504,3.40174802118256,3.28583165596339,3.48457480380613,3.13987714835519,3.33173691716272,3.63532954496095,3.47710816482158,3.50076777710817,4.6932899356053,4.16071443624626,3.98466001838151,4.45302684567843,4.50181298219752,4.4817259549258,4.79128139922155,4.92989303386663,5.29489336575881,4.94394152183745,4.16651990539486,NA,3.14015133591179,4.75702821267961,4.8044679026856,5.98364054514673,6.70694040575601,5.1814284136336,5.87287526282715,6.02481587022628,NA,4.82818216536918,5.36515882658784,5.38867790850919,5.11027987582712,4.57200223435332,NA,5.77446426347686,5.50743147195044,NA,5.16551748484727,4.85056358007317,4.84852718614673,5.49770084482127,4.75718637895969,5.89906930782421,4.8629959158824,4.59159295912688,5.16989647251672,5.52641210556645,5.2089073997565,5.24625150203306,5.28625704823682,4.97601478643865,5.0566655383749,3.84771958117493,5.12311436694122,4.40222548257265,4.42329488444754,5.40757861690033,5.6275910510339,5.78089729989123,5.60853113335394,4.90539170040811,5.25584811201483,4.45007846438869,5.14129806687384,4.70780523022624,4.02465728083196,4.53408831797095,4.08507114249269,3.99768586394226,4.20654651714918,3.69132374676898,3.525517947648,3.51041797974991,3.71561185019944,3.54833459045205,3.33099996496255,NA,3.23756394179478,3.15222104990926,3.03405548132686,3.06404834775194,3.6920151695248,3.55465334403064
NA,NA,4.32229590999246,NA,3.73043092679359,4.32940946609645,3.85491757593084,4.78345286598845,5.11998074226706,3.64617812548239,4.60863761843548,4.77715312203795,3.20950761756371,3.87908260368626,NA,3.61394299058354,4.54274779989364,4.18484448500266,3.56948163476963,3.92772607080108,3.37530381402987,4.20451360664491,4.95738328124775,3.39751431964159,3.979843527865,4.14129915416581,NA,4.16910327857518,3.88783043168407,4.1786994442588,3.16229746164509,3.51501415415445,3.62393729135394,3.80580421470067,3.63057699669035,NA,NA,3.4776541475081,3.89340966992969,3.89285487370604,3.89336057309809,3.49912975450408,3.75909469126231,3.95017808812203,4.26029936617816,4.09542703491103,5.56536210142334,4.40093928915889,NA,4.68907387768089,5.89704883439177,4.79389667054147,4.72839684981642,6.54540482583114,8.26154278785011,8.85189958695621,6.24260765829394,7.36065008537446,6.33905121934556,6.36031120291469,7.03666167601918,7.00975195338923,6.18115802187235,5.59020436168963,6.03922073354299,5.4924661831698,6.42404482041881,4.71854579420657,5.33351477920656,4.21956607808351,4.24693462584521,4.16486991514022,3.32260239894557,3.4809557846589,3.25604587227238,3.62526525665045,3.75632098716784,3.92870282034049,3.84942188451514,3.44970399305556,NA,3.28705337561877,3.74709884687544,NA,3.8004649844299,4.05698134010367,3.80711035157156,3.05023497968887,3.97874856471032,3.42004656130373,3.97469746227351,3.75255012914661,NA,3.74976563860198,3.55293802997738,3.04325146067761,4.31577574019863,4.13351582103306,4.09620698845026,4.08712928537725,4.60601800430519,3.89792791087084,3.19913563123836,3.50120142123788,NA,NA,3.72786763105607,4.50602663708191,3.95659294657323,3.39281084915719,3.14792310624184,3.2867856450119,3.29447029060664,4.70894139580423,3.03409256419924,3.86593903534523,3.56966988735215,2.99530122174689,3.95003465669712,4.17394937127488,NA,3.4186590750977,3.64645513195914,3.59302629604249,3.73047343568435,3.29326657292272,3.75392306925099,3.47815640273657,3.70923849183101,NA,4.22822772492686,4.48037608618785,4.61220512487037,4.1722498708556,3.98023616605317,6.24758059446035,5.11450075312913,3.81792071399435,NA,NA,3.5373558612704,3.70622059028021,4.16019135466526,NA,4.7921439951914,4.91743269624339,4.79796235848954,4.36339622109946,4.8445759332735,4.64730921701167,4.91411741109812,3.83218439548831,5.63099410309927,5.06937887507194,7.13785373904594,6.14805100708925,4.94592991892951,5.37118036113326,4.45919454667135,4.0464697078102,4.18558119426228,3.99903482427288,4.46641785603051,3.51012675734326,3.78059272070416,3.65055474295898,3.5210738743739,NA,3.96437596154072,3.59755508279221,3.511212726737,NA,3.12193758317506,3.46061747851296,3.21737726028378,3.53720259385348,NA,3.09968009903173,3.47287842338483,3.74353307937194,3.62241538021177,3.72111384040721,3.28802007278645,NA,4.08563306448331,3.24939266993615,3.82978931186972,3.55964394725298,3.30725141220386,3.44251201575624,3.51916366800641,3.2031586814667,3.48168134853816,3.72930102969094,3.36515254314499,3.15012795400753,3.6503594067989,3.40983343170267,3.3142071915424,2.97628290315608,3.44402302608218,2.89390208223571,3.45309013722945,3.50170050931189,2.91993285208389,3.30177101533527,2.85758447633739,3.06926236665737,NA,3.50430949048832,3.38798653345624,3.95139494021714,4.13539576143473,5.54998974894147,5.40246366531708,4.66551076232036,4.36322262380562,5.30711778650539,6.01116009745485,6.07273944893776,NA,4.69792169169033,3.70496483283182,4.82932289719254,3.88979147152033,3.98353370937112,3.82170534385011,4.2146646047522,3.95288195933488,3.83771574387596,3.98299444709412,4.30316347030337,4.65790678830826,4.9497367203806,3.5069319828401,3.82246094280361,4.03301327536929,4.27663598363921,3.27713769310209,3.84648684518347,3.43478817550018,4.51247530812823,5.38958723923526,5.21087444247681,3.50946323496749,3.38351045768627,3.71487770959498,4.02084884332206,4.29009175674603,4.27201757427545,4.28313236738347,3.51636304970081,4.07030054718736,3.7569082584777,3.57712273046063,3.86469675030689,4.27171311518813,3.90391287588029,4.12980811699671,4.36743068060841,3.87623487372008,3.95014766188783,3.79914368354082,3.64422394092294,3.54602634653477,3.40572599125641,3.25588619937374,NA,3.08074342879201,3.29043494220221,3.5094155137123,3.2400164353029,3.12932926955985,3.13881816289689,NA,3.15586583652804,3.71937510935266,3.64743851264568,3.46381086139359,3.1318698109558,2.84203341668961,2.92183241236133,2.8311812608624,2.62282311830283,2.91548333013446,2.53999728507373,2.61479953807413,0,1.75367073816528,1.99684697113865,NA,2.50029564005162,NA,3.00576835969214,3.04696624252667,3.03367752946474,3.27536381129503,3.49579914863258,3.72130669165123,3.26424920737764,3.18514679614468,3.03078112501439,3.1274425886701,2.82173562296091,3.14972532652063,3.02246157918791,3.53792639108126,3.94137101554661,3.30197222310398,3.7154840051078,3.40861458894954,4.13322686464571,4.17317586554826,4.06136558825955,4.30009105328065,4.25192209012226,3.67373257690125,3.47750068521787,3.72909584523379,NA,4.01017382380819,NA,6.58093597388219,5.50434117729613,6.78971892111548,7.04819537069748,4.00330775757809,5.77555170834525,NA,4.29092662928284,4.69971991746415,4.10960897930951,3.8473453916648,NA,NA,NA,4.39677893508302,4.24738219036687,3.71956390677523,3.32161460799949,NA,3.49967042935328,4.45465777062953,3.60428456123231,3.92574890734857,3.84210137302695,3.98941525740305,4.26682785887782,3.87997771018702,4.63521931362314,5.23851049604664,4.28577353866345,3.55040687129743,3.94315957914903,NA,3.14108081028243,3.98071943215578,3.53686203743177,NA,3.19484591178287,3.2282413987807,2.97663506438472,3.09982350382761,3.36719264899809,NA,NA,3.14918271509363,3.79669573137726,3.29819622160929,3.32818919777303,3.30095672079191,3.67917060835348,3.12627954063508,2.7988956943786,3.45513406027158,3.39921030455695,3.26006820391922,3.54829082198059,3.51878653477494,3.4637167959627,3.45235741019573,3.10216697745482,2.83206739300647,3.15691165743871,3.4021945600388,3.66771682728766,3.42815577221162,3.58028006812635,4.45525882844478,3.78344858078827,3.68633668610935,3.92904312874098,3.68426239014469,4.06452924118175,3.89488218307324,4.5418999219143,3.79423929426552,3.87993039275062,4.89657552286226,4.48039057306088,4.01601874446017,4.06128538027833,4.39955931106445,NA,5.4273565091677,5.03387996045909,5.37424505074224,4.46504276756607,4.32652098237741,NA,4.89039512009853,4.29416241708868,4.24463580657832,5.23436401832008,5.35631591939108,5.03643909019661,3.66268964424965,NA,5.0364898473904,5.21085505292281,5.15122222356913,6.78447108469318,4.67204057051942,4.98215656348004,5.93075033607191,5.0134627364175,6.41237413028508,5.82296602066383,3.63394108773976,5.08970367385399,4.77705935786114,4.50723250033972,4.35300401532683,4.7884335827161,5.46571675539092,5.10697280377705,5.1021392624793,5.06815037872719,4.27492138504897,4.53625743973582,4.21366632514462,3.66835377172802,3.57405212953437,3.67469691611558,3.48719929860555,3.5256031031077,3.32311306599357,3.29234355924327,3.59789774276216,NA,3.16622235930297,3.10022767296467,5.54678742892368,3.30585668745111,3.30790323631567,3.25246396845258,3.47298170962163,3.19551860135639,NA,3.11349096105205,3.50242536762093,NA,3.42937922310234,3.67382840597904,3.50890910444515,3.28132464910296,3.13010919779633,2.77742870535765,2.94761217848078,2.8960708072297,3.21382512568286,4.31338552436829,3.81874608410349,3.62296051753014,4.06749708531743,4.06713483524683,3.94022095129654,4.24261543753458,4.42636306229697,4.71932254658514,4.59094951847219,3.76706387668086,NA,3.21204908412204,4.33595267437252,4.19887346906003,5.38750429601138,6.21410575140582,4.74376991438336,5.50381836716675,5.65256399084679,NA,4.53681797970211,5.12094336366995,5.08701753790316,4.74349108855997,4.25920148337959,NA,5.47391409890152,5.22841157241899,NA,4.79393247576321,4.4348593200649,4.40444551429682,5.07014002867093,4.08363589116457,5.40620751890181,4.53759712777023,4.21834822514525,4.70743448556077,5.07687699264066,4.84774869584402,4.85942581831946,4.93616203125708,4.70704262866003,4.76031735587384,3.58273661086137,4.69603066639809,4.15669957491902,4.0464642729453,4.92140424833326,5.10756698925338,5.42815727375562,5.2790808226879,4.56948435036924,4.91556771981904,4.03914804848258,4.78307774964053,4.46895070697004,3.74465990944083,4.05506351099331,3.65283193542186,3.72590455694499,3.8137523534975,3.41878439453451,3.39723907102145,3.24243425055256,3.46584274784823,3.29728886802104,3.17946235421039,NA,3.11834213454511,3.12926009198123,3.08507053553515,3.19092271423672,3.60892481367077,3.39022024733352
NA,NA,3.96750356730988,NA,3.55294547575119,3.91015529863774,3.5065021719234,4.41185583120875,4.75161577720242,3.22257745199972,4.18177565416573,4.32249433205171,2.99992385617737,3.60151891820846,NA,3.30528197527559,3.8994996997773,3.64835131777954,3.23362863093535,3.27699592347862,2.677079061116,3.73927431058702,4.34113596673759,2.83076948831352,3.31334729989752,3.53464252404998,NA,3.63486547751292,3.31958779181306,3.4662582463478,2.56622785554849,2.95361625145425,3.12506190711088,3.12905092195674,3.06590227610891,NA,NA,2.79173474435906,3.2920104349095,3.30400202755729,3.20591916523077,2.82477867963278,3.09117096504588,3.67113200699704,3.74512054180294,3.69747917085464,5.25099684012974,4.05918280233294,NA,4.34352301637307,5.56751318457892,4.44704507156055,4.37651955812035,6.11376855131068,7.88639353762046,8.56857360914679,5.82388762310876,7.03058433442777,5.93892627729509,6.00699857699386,6.63108249131727,6.65296160198324,5.79866135617892,5.18152787482016,5.65103834115572,5.1617037500961,6.16452559367601,4.54034819296622,5.05340528141742,3.88188565340057,3.96825408158006,3.9441631606571,3.01782376859344,3.38993259893206,3.01957755697615,3.25740821840495,3.33316860332223,3.72367053439173,3.48981593976978,3.21206715908818,NA,2.93499570883582,3.40844181764997,NA,3.59778258034205,3.75378336536774,3.51271497742144,2.58184129968051,3.5771537509458,3.02202882664311,3.6170230407911,3.39586895351631,NA,3.36522312029036,3.25614231946416,2.55809465278762,4.06327349867576,3.95283795920837,3.74327682141935,3.7343858920987,4.15066407805875,3.6349222670378,2.75421651830443,3.05375711463256,NA,NA,3.49839534282888,4.0869090317871,3.61636981921374,3.24775475720903,2.55214244192988,3.22140200909729,3.14721270685304,4.21511270255854,2.70547526176311,3.38704633496802,3.19436473028433,2.59689998695566,3.35893955728051,3.71929419594279,NA,3.33785487430324,3.263098541474,3.30921939038749,3.72161600729985,2.96015114767899,3.38816315459359,2.8934333190219,3.11936184304741,NA,3.41661959165565,3.65093394945079,3.95499299262454,3.48245092749712,3.3717997549238,5.72437504606125,4.66582003212824,3.44956931041139,NA,NA,3.30175687139347,3.31489065061911,3.87195127531318,NA,4.2549600916182,4.51898162659763,4.36926244963006,4.05516242502164,4.32436784632068,4.16205172520129,4.60424306381905,3.23608627540112,5.10984478652152,4.69520693651439,6.79991197214154,5.78046362170687,4.6484419118456,5.13640595200893,4.19191327308052,3.83610445409218,4.21643865462109,3.83605018076407,4.12931847644562,3.36153113789927,3.47639991872555,3.56114036707032,3.47493136880757,NA,3.79213263069701,3.33549002711183,3.3422295166411,NA,3.17789109740483,3.46325507531475,3.03649960144215,3.51839480553681,NA,2.97357982960975,3.14068798440654,3.56106712638558,3.28147308361725,3.80760115369338,3.07349023736034,NA,3.77477531526504,3.26140921997268,3.63354520427963,3.27268524334544,2.92174733999641,3.12598809190925,3.22346927608798,3.11607570575537,3.29188841970549,3.71174437137258,3.17422735358429,3.08366025391772,3.59826768559051,3.42282898387965,3.37305203594124,3.04924195579397,3.43585018521074,2.73505884594009,3.29371727286248,3.25152415923343,2.5330159707891,3.25043843126217,2.66636662832099,2.67612295146692,NA,3.07217821743053,2.95590416049997,3.26676563680149,3.51290755416389,4.86304108069888,4.77249831807898,4.09290032858995,3.84180296965775,4.90204231407101,5.41816738494601,5.52549195791087,NA,4.31229534847278,3.3071465698272,4.59033598530297,3.68093909084068,3.75190539210381,3.58067248050691,3.89312799045682,3.59483119314734,3.65287922087912,3.66491425997382,3.99218406007545,4.23823823292147,4.60967313587305,3.20656302451597,3.68741856927931,3.63945475338476,3.7145759739442,3.03677730061642,3.43082666536381,3.0149402161783,4.16688098152349,5.04419302124759,4.87085964393635,3.28215480430236,3.31962847256934,3.65114088261465,3.9313646115638,4.04821528274224,3.96183357501856,4.04879935904688,3.46467746451779,3.94932039741325,3.64042308729504,3.54343173819892,3.64765979589247,4.10821799779113,3.70659038362207,3.92969874477886,4.23361009005971,3.86175315789388,3.87228178544774,3.63547082550539,3.63516301798796,3.41295526804652,3.08954483126734,2.99839677056217,NA,2.89562735296938,3.20660935137894,3.58601804990077,3.27557316366957,3.09738189616404,3.09277798166478,NA,3.4017373270268,3.60862653358543,3.44435032313486,3.19764182829602,3.06603629450697,2.66945758033195,3.02093449876305,2.5894269505586,2.46381405550257,2.67705446988685,2.54977526041762,2.74764727088161,1.75367073816528,0,1.74098007406646,NA,2.04240913926613,NA,2.66390199074537,2.60581904382606,2.39190100819944,2.48647343348938,3.19261456888407,3.1999100536939,2.7335407805219,2.69796369953831,2.51431361073752,2.67219111015158,2.34553982160666,2.78466148723776,2.53194575535353,2.9415105735763,3.30696046181984,2.89189189372625,3.4755553132218,3.09946205343261,3.81897113216968,3.95236827067325,3.45989929863657,3.67143827958473,3.83805384771314,3.29757644353494,2.90165414398872,3.39005209854734,NA,3.48466174367533,NA,6.06932862968019,5.04132811658375,6.45744828462805,6.65210157765395,3.4660061728502,5.31605256016487,NA,3.68632958664204,4.29637499559433,3.55884324528814,3.39843575569381,NA,NA,NA,3.88840581670313,3.83601807395777,3.36525549926193,3.10694908438602,NA,3.09008606079408,4.03617968015158,3.27252707814744,3.78022723066426,3.59076729992051,3.67214452280598,3.87961081166194,3.47547755792963,4.28764762594662,4.88314483589335,3.83559590194232,3.26987327319226,3.41093144978403,NA,2.67909105023623,3.61677503462245,3.19511830142191,NA,2.86576404724611,2.84991924107932,2.82040812791578,2.86675752514617,3.21348823239964,NA,NA,2.94990747746954,3.45395999087367,3.15272122838306,3.15787584503544,3.15509932487263,3.55870026372089,3.10791382585379,2.63304224498725,3.34511417204339,3.207167968612,3.03878360338557,3.31600007375191,3.21591267892868,3.18059981018343,3.42914751600654,2.62100981276737,2.20618678728091,2.61983505706064,2.84127125797125,3.06271792919467,2.79434215786536,2.89814217774054,3.8639961736463,3.24520659358342,3.21739594546211,3.41474628531501,3.05690444131151,3.50388843334033,3.36260115175334,3.87293889694345,3.36363959604933,3.33970453965476,4.39028830456026,3.97485175281951,3.41238880367264,3.47584399570881,3.81092080634533,NA,4.85669001051614,4.54041682903273,4.87935456610922,3.93506788835179,3.85699171455725,NA,4.38572136280845,3.77755554976451,3.65373868944909,4.68894649410912,4.84173595898491,4.50268363294213,3.0278911853378,NA,4.54593461585964,4.7361192782157,4.66333282993148,6.33319150054326,4.12037764326476,4.47135109702017,5.50294300213359,4.49178445046537,6.00052030303537,5.38010467628086,3.04150730234735,4.64279161704739,4.30164059597616,4.06560436349021,3.91756254186657,4.37557057908952,5.0156773303613,4.62100460480339,4.59166109701963,4.53920803938402,3.81078729005954,4.09808499013234,3.72300890796565,3.25904890077174,3.11040439120118,3.07055573899983,2.98382042713475,3.08209246634926,2.81537906844519,2.85512172973942,3.18336107842787,NA,2.7610909129795,2.66488613838681,5.09404258587371,2.95376820810484,2.83660557670629,2.83334610957706,2.9074968169956,2.7869356237655,NA,2.726193550574,3.18644944662344,NA,3.04852820241779,3.36724336072173,3.16353057587068,2.7188430881414,2.71954923975704,2.6341068129817,2.56138768669449,2.36281193942282,2.55611151116762,3.68775582468257,3.23285276415854,3.05887785193729,3.42048251282087,3.49979737064866,3.30383665404215,3.62177324959271,3.81573902672943,4.06747717772825,3.96675361085834,3.18500520353603,NA,2.99292433648928,3.73216663631359,3.62962242642704,4.84841040179198,5.69980431901562,4.18829565576179,4.8577266142609,5.05670853842275,NA,3.91387186520923,4.51991480657411,4.44891774993643,4.08629834518281,3.63133999069374,NA,4.83855839236395,4.57924792663904,NA,4.20114157642162,3.73400608243073,3.74513792456672,4.49737099373779,3.6049910363203,4.75730028890938,3.93373914410972,3.59743297030105,4.14781994145269,4.49297394777014,4.28104764792859,4.3121061633657,4.39054313992825,4.17202513837627,4.18421148285063,3.22595094102977,3.95984403237021,3.5225371459326,3.49063776757169,4.37921592790053,4.60035387160723,4.89031050558705,4.73498331392457,3.98272785395761,4.38853868402075,3.40758898434358,4.24340365284703,3.93710052747331,3.20254424589516,3.46149543884253,3.07011387632317,3.17241803299329,3.23757622867169,2.92393037440769,2.94422626680513,2.60771283040321,2.93401432653843,2.95635752140984,2.7693618398719,NA,2.61556033446078,2.67027308685601,2.74213791813994,2.86073012743926,3.13994275195942,2.9342652701493
NA,NA,3.58910108641274,NA,3.13509764951644,3.49950164715888,3.0324473216287,4.07256606197574,4.40818991073856,3.11445113277794,4.29728517678132,4.49794884286871,2.69528484739115,3.56683819443114,NA,2.97252271022457,3.82288018039524,3.45973342473382,3.236250058447,3.43876487875578,2.70657319809497,3.57971833980484,4.22848663120368,2.4734945531454,3.10255956107145,3.31065688040122,NA,3.25296690582015,2.85497429698712,3.37012501512917,2.26950019233701,2.53837573005768,2.60834037066562,2.7994421227179,2.66630091433987,NA,NA,2.56287704717544,2.94049085815133,3.01554714602034,2.95082378132231,2.58983222658246,2.96841787530009,3.34709127175492,3.75560785018918,3.50173196616627,5.05642762248069,3.86195515869131,NA,4.08356294945129,5.45112765981166,4.36726678282196,4.20017740997712,6.17089368160415,7.90237113466915,8.50787667910457,5.75158835586698,6.99434495499125,5.87421401166903,5.92911294243239,6.58624344219624,6.57510608064014,5.69751204493917,5.04137410017119,5.50717705436167,4.95462602850335,5.91115942048931,4.13302984171607,4.8049755951213,3.49744911157412,3.67804244948004,3.59057051469694,2.5370752430335,2.81750973428282,2.46169210857319,2.75497272499016,2.86173165362511,3.20289116632214,2.96354982651746,2.601551642008,NA,2.34351887420283,2.87950703024022,NA,3.04394894580948,3.18157579358669,2.89809943068717,2.14385754364092,3.01057525799878,2.41067303767859,2.91192971196864,2.64614290824489,NA,2.89356595852061,2.63758486545498,2.16961993996611,3.54151703947373,3.42409140711159,3.11905932311048,3.00743856083967,3.78208686831059,3.13009370155618,2.45545753314577,2.70099381179277,NA,NA,2.84419893595341,3.78339633341775,3.61245732654413,3.23960346572646,2.43055327870682,2.90152321138562,2.86661114564396,4.22818507917798,2.49768814471101,3.23225032279115,2.99212484009648,2.18980868615462,3.19644803193579,3.50589797332666,NA,2.72992100146899,2.98288727478259,3.00479430041108,3.22422566919724,2.44791060600711,3.23576334056476,2.89902975442245,3.00760917653209,NA,3.60336671072527,3.80672022790844,4.04560000519965,3.59592082582526,3.40800558682118,5.81268373353096,4.74102794553109,3.20660751575945,NA,NA,2.82287739589189,3.05769911725638,3.39004751161889,NA,4.06974289958883,4.28859978838128,4.14569513192799,3.65338384055896,4.0819381551637,4.11980814219638,4.39646207412992,3.11265075259954,5.07559701904586,4.48411109059692,6.72389740181378,5.65488712044236,4.35331357575156,4.76992299676087,3.80776507677363,3.40217537273739,3.5746351982735,3.3709209733391,3.79213959267674,2.87854233664731,3.02352883896304,2.98098718813709,3.00144374766357,NA,3.41877776880832,2.95904734138792,2.98127242811825,NA,2.49867766751022,2.65527793399725,2.54129711215537,3.04051061180261,NA,2.48043846107514,2.63167112636498,2.84430277961587,2.6279133746416,3.09632494874031,2.72341905580124,NA,3.22568233224192,2.67197335320029,3.06089756068931,2.62165315148605,2.33861400821478,2.71747563136579,2.8327631353711,2.49334165075122,2.70753082278615,2.9619667600325,2.64695648638958,2.45308686990237,3.06278345893827,2.87597747876742,2.76721348306238,2.48670554021665,3.06476870337719,2.41607456188214,3.06037159203038,3.13811192075777,2.39111214018266,3.01589703100147,2.2594122712582,2.21794997517866,NA,3.40440675221311,3.02249483526473,3.36547954297182,3.56603693256044,5.04860755361695,4.93091485737257,3.99002522806444,3.71128697892977,4.89100474984739,5.46565567579112,5.45233629291857,NA,4.26427883365214,3.09962057993451,4.62873968619476,3.40293408259449,3.48401070408847,3.27823341508462,3.80511366049711,3.52281645963657,3.27749968028338,3.33219478473819,3.75985998852493,4.01348726818682,4.42194274690786,2.79213110349961,3.31824528767605,3.58914195370029,3.52832686322278,2.56982877205557,3.36794230881363,2.82029900436245,3.79628031110729,4.82662486283162,4.69515084651415,2.66302575983505,2.62558522716041,3.14011053610337,3.68829860036192,3.95396901111648,3.75590678791194,3.65812893268956,2.86394508271274,3.70272492103292,3.21427967538069,3.06569164933361,3.28777492371125,3.75680997396613,3.35648323296931,3.63346100102726,4.0776798147495,3.17752015446671,3.26015130883717,3.1603635403432,3.39128771440317,3.28906529364875,2.59678188364263,2.4712065457461,NA,2.2455043017663,2.524069436127,2.79159912406285,2.63817373811039,2.58499780052142,2.76530215568946,NA,3.07381618921313,3.23345590108788,3.01875174461924,2.6738590131704,2.7117119414162,2.63064695579725,2.66732220996784,2.11669304810254,2.10319149063896,2.10371810984375,1.90091268546925,2.20615081155689,1.99684697113865,1.74098007406646,0,NA,1.51427845224113,NA,2.6973289424237,2.69698966555844,2.18349015392823,2.42366662993942,3.14827204873592,3.26051400355305,2.71275444909614,2.59831535312266,2.12363396008177,2.32125831450393,1.99789255875481,2.16307858370613,2.10622909758658,2.81620335796697,3.25589779700348,2.69149042569346,3.29565501884883,2.78616913244761,3.47561984460632,3.5989814084284,3.27177683626756,3.5726691753853,3.78500469901425,3.1364196643478,2.64718079149358,3.19118942027711,NA,3.39027036119698,NA,6.12043585476113,4.99099691176595,6.3543575352162,6.54705151465611,3.27822289017774,5.20324516180868,NA,3.51497105796098,4.4348071837371,3.5924011058559,3.42598788252249,NA,NA,NA,3.83990676541014,3.62501118791259,3.06973701207827,2.88134776177796,NA,2.71598549919246,3.83124145908794,2.88126156037578,3.33188599740215,3.19623433138483,3.43297858498999,3.65373617662603,3.53440431220523,4.49256967329976,4.79250097380701,3.77887343110776,3.38967158316737,3.34509918244473,NA,2.43064127646765,3.64258208088427,2.78390727495964,NA,2.38520048892743,2.31114222271243,2.35921003875621,2.31502966642911,2.59153332961261,NA,NA,2.32306435806624,2.8606979185639,2.44275228799353,2.31792831898437,2.46372676088645,3.03411945353128,2.48129245603341,2.08593126665153,2.4843426653823,2.52997708991364,2.38162164358937,2.63586933237347,2.86779259248439,3.01895111997635,2.97913691607222,2.58545036816097,2.27601786904007,2.62353431738076,2.9745798005887,3.15748106927703,2.92005190857263,3.01080410242315,3.8961818830437,3.23025772366705,3.32805952429962,3.42614470353436,3.13940867944181,3.52035536734813,3.4015961115787,3.88166020830767,3.37649801980079,3.37834018793764,4.57889075883523,3.90541304586729,3.22925067588669,3.24594375592183,3.70165208911927,NA,4.7564906750462,4.52673047184973,4.96940557036518,3.90387605891575,3.66719385962862,NA,4.25338659702662,3.61449360277691,3.53304994384277,4.61312451367627,4.66224636945142,4.41767515379421,2.88695081078767,NA,4.49662513643634,4.69037555112683,4.53752439143873,6.2382871039152,4.06669111024318,4.37064655424277,5.41600417677877,4.36660525388718,5.91494120401472,5.23621554996851,2.9054150100913,4.50913502814683,4.14252422925532,3.96187054455219,3.81871236316608,4.1744491665224,4.96440926808129,4.52109712751645,4.54871276009406,4.65911293676113,4.18702477952424,3.98562126286159,3.63995392675043,2.94569128875296,2.88312807030012,3.00218523083367,2.65243705103043,2.54160100606731,2.57137462993911,2.35817535781077,2.70376517536848,NA,2.20266850809019,2.2070940344912,5.25919574428683,2.31299322972359,2.32929609945002,2.22722943636271,2.51360123798293,2.01460458208776,NA,2.05727846816109,2.4659523859063,NA,2.25723155075899,2.4153222696688,2.31012956116018,2.40329398799194,2.11103114732664,2.27603896393953,2.4365876116083,2.24462798884958,2.25157341774789,3.53645949257107,2.95934104386539,2.82554714143629,3.3265320048736,3.36183177691014,3.39266761472587,3.74299460426636,3.87892320797165,4.13897739965405,3.87430287905098,3.14416437453143,NA,2.24105410786632,3.7745669297851,3.78414206227985,4.8761667986824,5.65802128664243,4.07900254664396,4.78709557936609,4.92832733479204,NA,3.72911366633416,4.32204716801458,4.33080762998008,4.04006539385908,3.46354213916151,NA,4.73835737037562,4.3876860181086,NA,4.13604663329265,3.76076344227882,3.74776380998709,4.5234098291859,3.77719626468923,4.81604879920279,3.96662409056164,3.5355235278652,4.16894842314021,4.52626064469382,4.14100755363704,4.21136267492673,4.21034970126142,3.94729911365539,3.98239447121577,2.69145870245974,3.96541070447633,3.35464313740482,3.38434692691373,4.48163409856275,4.73140664895165,4.86326347703564,4.67762513377971,3.93262709344306,4.33212564896982,3.3821653706957,4.18112564278094,3.73674953598053,2.96187313268618,3.48580783217351,2.93160445809135,2.82450896909315,2.99931929735315,2.53227311011871,2.39834289121146,2.32610998979377,2.63564405658197,2.41424625095261,2.28986115885538,NA,2.15100386305549,2.09362115580639,2.08882290699468,2.21190273160813,2.67459417297535,2.52957982121903
NA,NA,NA,NA,NA,NA,NA,NA,NA,NA,NA,NA,NA,NA,NA,NA,NA,NA,NA,NA,NA,NA,NA,NA,NA,NA,NA,NA,NA,NA,NA,NA,NA,NA,NA,NA,NA,NA,NA,NA,NA,NA,NA,NA,NA,NA,NA,NA,NA,NA,NA,NA,NA,NA,NA,NA,NA,NA,NA,NA,NA,NA,NA,NA,NA,NA,NA,NA,NA,NA,NA,NA,NA,NA,NA,NA,NA,NA,NA,NA,NA,NA,NA,NA,NA,NA,NA,NA,NA,NA,NA,NA,NA,NA,NA,NA,NA,NA,NA,NA,NA,NA,NA,NA,NA,NA,NA,NA,NA,NA,NA,NA,NA,NA,NA,NA,NA,NA,NA,NA,NA,NA,NA,NA,NA,NA,NA,NA,NA,NA,NA,NA,NA,NA,NA,NA,NA,NA,NA,NA,NA,NA,NA,NA,NA,NA,NA,NA,NA,NA,NA,NA,NA,NA,NA,NA,NA,NA,NA,NA,NA,NA,NA,NA,NA,NA,NA,NA,NA,NA,NA,NA,NA,NA,NA,NA,NA,NA,NA,NA,NA,NA,NA,NA,NA,NA,NA,NA,NA,NA,NA,NA,NA,NA,NA,NA,NA,NA,NA,NA,NA,NA,NA,NA,NA,NA,NA,NA,NA,NA,NA,NA,NA,NA,NA,NA,NA,NA,NA,NA,NA,NA,NA,NA,NA,NA,NA,NA,NA,NA,NA,NA,NA,NA,NA,NA,NA,NA,NA,NA,NA,NA,NA,NA,NA,NA,NA,NA,NA,NA,NA,NA,NA,NA,NA,NA,NA,NA,NA,NA,NA,NA,NA,NA,NA,NA,NA,NA,NA,NA,NA,NA,NA,NA,NA,NA,NA,NA,NA,NA,NA,NA,NA,NA,NA,NA,NA,NA,NA,NA,0,NA,NA,NA,NA,NA,NA,NA,NA,NA,NA,NA,NA,NA,NA,NA,NA,NA,NA,NA,NA,NA,NA,NA,NA,NA,NA,NA,NA,NA,NA,NA,NA,NA,NA,NA,NA,NA,NA,NA,NA,NA,NA,NA,NA,NA,NA,NA,NA,NA,NA,NA,NA,NA,NA,NA,NA,NA,NA,NA,NA,NA,NA,NA,NA,NA,NA,NA,NA,NA,NA,NA,NA,NA,NA,NA,NA,NA,NA,NA,NA,NA,NA,NA,NA,NA,NA,NA,NA,NA,NA,NA,NA,NA,NA,NA,NA,NA,NA,NA,NA,NA,NA,NA,NA,NA,NA,NA,NA,NA,NA,NA,NA,NA,NA,NA,NA,NA,NA,NA,NA,NA,NA,NA,NA,NA,NA,NA,NA,NA,NA,NA,NA,NA,NA,NA,NA,NA,NA,NA,NA,NA,NA,NA,NA,NA,NA,NA,NA,NA,NA,NA,NA,NA,NA,NA,NA,NA,NA,NA,NA,NA,NA,NA,NA,NA,NA,NA,NA,NA,NA,NA,NA,NA,NA,NA,NA,NA,NA,NA,NA,NA,NA,NA,NA,NA,NA,NA,NA,NA,NA,NA,NA,NA,NA,NA,NA,NA,NA,NA,NA,NA,NA,NA,NA,NA,NA,NA,NA,NA,NA,NA,NA,NA,NA,NA,NA,NA,NA,NA,NA,NA,NA,NA,NA,NA,NA,NA,NA,NA,NA,NA,NA,NA,NA,NA,NA,NA,NA,NA,NA,NA,NA,NA,NA,NA,NA,NA,NA,NA,NA,NA,NA,NA,NA,NA,NA
NA,NA,3.51918590333373,NA,3.04003651367837,3.5598640214574,3.10138504179218,4.11095039876205,4.48967782993526,3.18259553798394,4.10334666632377,4.36386554951131,2.77771570689571,3.43022152964389,NA,3.11711717783613,3.71091106538309,3.28087025763896,3.11474940783875,3.42049923864321,2.65752244798687,3.45983314751395,4.01162909530706,2.31875049423957,2.87932867545391,3.07219055922789,NA,3.1485151713089,2.81538978491784,3.24257043454754,2.30033084105454,2.43280182478463,2.62083566146518,2.64988041868432,2.61411879539496,NA,NA,2.36508955644485,2.88675258643337,2.96516565026153,2.92409330126191,2.56751707838282,2.82445083170428,3.31369247847596,3.59049063067307,3.44011339599469,4.91339468211915,3.89937456848761,NA,4.17583259694025,5.45667794760254,4.15634567229005,4.14405756008202,6.08746384443299,7.80133863336232,8.4065970332481,5.63460684417896,6.84436595668409,5.74475214155938,5.79281953282123,6.46504816192994,6.50993551995443,5.69932798549417,4.99978450595907,5.47848886727219,4.96056638271504,5.95916967152783,4.27978931743719,4.93912421113608,3.70486302982215,3.82658058857054,3.77613396422779,2.48503008530467,2.93422357320997,2.54273990947517,2.81559531320618,2.92496603384501,3.21137917639074,3.01400666495726,2.66293206099158,NA,2.40164616003338,2.91397536795138,NA,3.16233491738444,3.28311537071014,3.15000407404779,2.1399654904889,3.16249044311471,2.57227021907252,3.18510908514786,2.93599171664723,NA,3.04447716229319,2.75971823396949,2.1047585387441,3.65292740521292,3.57903426326214,3.38226873472178,3.31726639835652,3.70155020208564,3.16633343391334,2.26260851082562,2.61886157278989,NA,NA,3.09804849745242,3.59412566027104,3.3985211792022,3.15585111777829,2.25300631194948,2.89059523068589,2.87373725607878,3.85998273635028,2.19326751375111,2.8510440301181,2.86415680701756,1.9113461707709,2.9016032085622,3.13676671256221,NA,2.65237333300411,3.08739277387011,3.13920766118812,3.4661307537369,2.41186604493839,3.14644750492986,2.77681727794874,3.00439632974086,NA,3.48741186342992,3.62954368264872,3.95623827413516,3.38167307276125,3.31778230884563,5.61971773521308,4.44993907653785,3.08899683606517,NA,NA,2.84662728047776,2.99804616905899,3.62530497832972,NA,4.12795861484376,4.27361554830662,4.13729277663474,3.73371197548347,4.15852771283008,4.17353933630078,4.29864813384025,2.92545836966465,4.73864359063828,4.56095780635758,6.61294150166516,5.56919619961872,4.35541524987225,4.81507864872322,3.82902217471356,3.48239805115054,3.83007326704849,3.56314671223104,3.89213659407533,3.20028853594268,3.1958902093956,3.17813366440934,3.21845216696884,NA,3.4981040542969,3.03993284702769,2.92506377850901,NA,2.79103825205218,2.98382901920756,2.75364499538719,3.36797491631248,NA,2.67204049245469,2.87664026151339,3.36412313972534,3.01332336936458,3.40981826731972,3.05321425981824,NA,3.41269921808019,2.87048324785143,3.37159031431994,2.99156041100461,2.55716553358592,2.81827488733221,2.96389791525813,2.67184646575396,2.96902634744262,3.22273476327417,2.79330062491871,2.40376494669089,3.11531306183325,3.1861112391064,3.00464931158671,2.747571583341,3.12240416458205,2.08077824801976,3.00770766519869,3.12494783561462,2.3976064625399,3.0801027962932,2.34247958847586,2.45636273750107,NA,3.08428565073563,2.57675091142365,3.1997290824724,3.41340006706519,4.88152812431485,4.72378606293059,3.78160188299953,3.26116065068045,4.50513761218722,5.21927206891748,5.27194470611836,NA,4.0196928119735,2.74304373913466,4.28373211200246,3.12280333915977,3.44857027300597,3.33305188837621,3.71601118751138,3.53618611070058,3.31554108115106,3.40647022632175,3.8597398474504,4.04004035825158,4.46121990201402,3.0594993286063,3.42993655993145,3.49173275850286,3.50105499193612,2.56687652954226,3.22952458236186,2.74573309582754,4.06579618430796,4.86944127306425,4.64728537310272,2.83570973114946,2.88580156796376,3.19627300405967,3.80108034489984,4.05450455393535,3.90711301480884,3.84045729611961,3.09984560224069,3.75747665954431,3.33499109344728,3.22600460958169,3.41701763537968,4.00718248988366,3.45606686954845,3.78861216231455,4.22744745029029,3.47729507710181,3.57076880900878,3.37141496738052,3.70406495949641,3.51706448112499,2.91553466649734,2.58982077276169,NA,2.33375046612734,2.9271928391885,3.23920940521028,2.97493279511612,2.81283149797541,2.87136974543732,NA,3.43177006524397,3.63875300689073,3.40330347906499,2.97541084079632,3.03071440653549,3.09414939204151,3.23351876262042,2.64762431974177,2.69891861799887,2.61797265413532,2.35062781309031,2.63799578492767,2.50029564005162,2.04240913926613,1.51427845224113,NA,0,NA,2.29516886972178,2.62333387721251,1.96171855561425,1.89714591412715,2.44366579902108,2.8750103055133,2.49876812172262,2.42512780013193,1.79561514706974,2.05812852911922,1.8828005185237,2.2664552923631,1.90057924456981,2.58452325917634,3.13510929050629,2.67510660833665,2.94863211452363,2.67290199451177,3.58535716732093,3.64977521320562,3.2336177437924,3.53184609528266,3.67633552996943,3.01567176712271,2.51434632823408,3.04481841496035,NA,3.26437687589059,NA,6.01319984182102,4.94573039215839,6.3051432696632,6.49368795831654,3.24406031989362,5.1953403457928,NA,3.32360060049441,4.17282880924706,3.42991417592089,3.18106842230623,NA,NA,NA,3.77840499996756,3.6386999738481,3.16080607581205,3.04941910756281,NA,2.72715971543248,3.83778217217988,2.89484266632635,3.35789073936761,3.44002313037404,3.48722906010751,3.58787295159211,3.40695925006009,4.36813332082363,4.83244163897054,3.69961198375555,3.49215239243445,3.52488386760406,NA,2.68283790873771,3.8396267589682,2.89334538924594,NA,2.52341079782989,2.4656275087495,2.25139308980825,2.38780976025272,2.69975970025437,NA,NA,2.49148705970389,3.03839239135348,2.76379537183886,2.78100651640736,2.75489205601678,3.17503283463206,2.74260413017059,2.38666435217403,3.00080866703559,2.80619400634391,2.59817895832261,2.91062146018675,2.79655942501835,2.88795486020593,3.15899179204082,2.71965691706525,2.2911031628372,2.36414714928482,2.59686130468986,2.74365722091004,2.44516883783977,2.57083343981407,3.43560772448075,2.833250031047,2.83342031535515,2.87438575461307,2.58219566995317,2.96742280161218,2.7978972008743,3.31215868451587,2.88550788956887,2.79464717201833,4.25938148092208,3.6566538290711,3.00027888978519,3.08400065651766,3.34546134404791,NA,4.46278824357863,4.14840249150517,4.63793843496715,3.66017229548937,3.58518309193843,NA,4.14625509491126,3.36368385475937,3.29831802824893,4.46110530619039,4.54845009413948,4.28200893904335,2.6873613338879,NA,4.36216681220765,4.47034781533111,4.3927610085534,6.21077617115044,3.86855141131472,4.17868243568723,5.27439961396256,4.22947783475731,5.84239804495581,5.15712934960533,2.70306283423437,4.34747141040773,4.01282159230116,3.82487996344514,3.75722681137727,4.20387894402107,4.88490885960422,4.40981671623488,4.30008001904757,4.43656254689595,4.15087429475554,3.72782680103677,3.40312129309478,2.90564057095739,2.74937655043987,2.89209903159076,2.84197282858703,2.75367570955914,2.50154466136094,2.43098335917765,2.76310446874888,NA,2.33128325125406,2.14527843052399,5.05505718126675,2.47256538851822,2.28249812735491,2.37581739187781,2.53276494417454,2.2720599873155,NA,2.30312980641309,2.78222549308172,NA,2.61437411520658,2.96900394421318,2.71439252705539,2.37077094982799,2.26706270066119,2.59118368885765,2.63032232016315,2.3427069958814,2.18864976785599,3.16366066682621,2.62714800255065,2.38237737391772,2.80190836092676,2.91004630312061,2.82147011311838,3.17786557714558,3.40635393484495,3.7269286869155,3.63083505623892,2.5411638489297,NA,2.52468722699682,3.14097251191522,3.25219416130491,4.60361629180438,5.31603971469999,3.72420343236725,4.38847265904481,4.66093029175628,NA,3.40963767357349,4.05384621836728,4.05009891450163,3.74421784624291,3.23463663259807,NA,4.56720190697657,4.22170780957572,NA,3.72209554088537,3.33966682817001,3.35152428729808,4.11692147130475,3.31660662349701,4.57669038341479,3.73614683955276,3.23415351069341,3.92204837101387,4.28839935057993,3.99976792343242,4.07274453356072,4.20461797040935,3.9823015326031,4.00292986615719,3.07702541134032,3.75558475303764,3.32411525114218,3.39351262142102,4.19678750236911,4.42599499466068,4.72375664871693,4.42002170483885,3.67802516845677,4.07785969814708,3.24912131001438,4.18243648556683,3.75718558275586,2.92291151040375,3.29168376929704,2.85204691294111,2.89201155789192,3.16232836921916,2.7000825463781,2.66387117780946,2.16979611532573,2.59964255801693,2.73013193651219,2.30357941162827,NA,2.21310027347993,2.31865205977309,2.38814028513785,2.53785751369175,2.85577542115531,2.63203981440845
NA,NA,NA,NA,NA,NA,NA,NA,NA,NA,NA,NA,NA,NA,NA,NA,NA,NA,NA,NA,NA,NA,NA,NA,NA,NA,NA,NA,NA,NA,NA,NA,NA,NA,NA,NA,NA,NA,NA,NA,NA,NA,NA,NA,NA,NA,NA,NA,NA,NA,NA,NA,NA,NA,NA,NA,NA,NA,NA,NA,NA,NA,NA,NA,NA,NA,NA,NA,NA,NA,NA,NA,NA,NA,NA,NA,NA,NA,NA,NA,NA,NA,NA,NA,NA,NA,NA,NA,NA,NA,NA,NA,NA,NA,NA,NA,NA,NA,NA,NA,NA,NA,NA,NA,NA,NA,NA,NA,NA,NA,NA,NA,NA,NA,NA,NA,NA,NA,NA,NA,NA,NA,NA,NA,NA,NA,NA,NA,NA,NA,NA,NA,NA,NA,NA,NA,NA,NA,NA,NA,NA,NA,NA,NA,NA,NA,NA,NA,NA,NA,NA,NA,NA,NA,NA,NA,NA,NA,NA,NA,NA,NA,NA,NA,NA,NA,NA,NA,NA,NA,NA,NA,NA,NA,NA,NA,NA,NA,NA,NA,NA,NA,NA,NA,NA,NA,NA,NA,NA,NA,NA,NA,NA,NA,NA,NA,NA,NA,NA,NA,NA,NA,NA,NA,NA,NA,NA,NA,NA,NA,NA,NA,NA,NA,NA,NA,NA,NA,NA,NA,NA,NA,NA,NA,NA,NA,NA,NA,NA,NA,NA,NA,NA,NA,NA,NA,NA,NA,NA,NA,NA,NA,NA,NA,NA,NA,NA,NA,NA,NA,NA,NA,NA,NA,NA,NA,NA,NA,NA,NA,NA,NA,NA,NA,NA,NA,NA,NA,NA,NA,NA,NA,NA,NA,NA,NA,NA,NA,NA,NA,NA,NA,NA,NA,NA,NA,NA,NA,NA,NA,NA,NA,0,NA,NA,NA,NA,NA,NA,NA,NA,NA,NA,NA,NA,NA,NA,NA,NA,NA,NA,NA,NA,NA,NA,NA,NA,NA,NA,NA,NA,NA,NA,NA,NA,NA,NA,NA,NA,NA,NA,NA,NA,NA,NA,NA,NA,NA,NA,NA,NA,NA,NA,NA,NA,NA,NA,NA,NA,NA,NA,NA,NA,NA,NA,NA,NA,NA,NA,NA,NA,NA,NA,NA,NA,NA,NA,NA,NA,NA,NA,NA,NA,NA,NA,NA,NA,NA,NA,NA,NA,NA,NA,NA,NA,NA,NA,NA,NA,NA,NA,NA,NA,NA,NA,NA,NA,NA,NA,NA,NA,NA,NA,NA,NA,NA,NA,NA,NA,NA,NA,NA,NA,NA,NA,NA,NA,NA,NA,NA,NA,NA,NA,NA,NA,NA,NA,NA,NA,NA,NA,NA,NA,NA,NA,NA,NA,NA,NA,NA,NA,NA,NA,NA,NA,NA,NA,NA,NA,NA,NA,NA,NA,NA,NA,NA,NA,NA,NA,NA,NA,NA,NA,NA,NA,NA,NA,NA,NA,NA,NA,NA,NA,NA,NA,NA,NA,NA,NA,NA,NA,NA,NA,NA,NA,NA,NA,NA,NA,NA,NA,NA,NA,NA,NA,NA,NA,NA,NA,NA,NA,NA,NA,NA,NA,NA,NA,NA,NA,NA,NA,NA,NA,NA,NA,NA,NA,NA,NA,NA,NA,NA,NA,NA,NA,NA,NA,NA,NA,NA,NA,NA,NA,NA,NA,NA,NA,NA,NA,NA,NA,NA,NA,NA,NA,NA,NA
NA,NA,4.27545822276614,NA,3.94548377442727,4.37128794133017,3.9302865805997,4.82832873402839,5.11070151357398,3.89916881521319,4.66654793042607,4.87955825219153,3.5261560065542,4.07281189001735,NA,3.80183628942046,4.36325896199487,4.10361431441049,3.48810464230077,2.96042747285416,2.68704848183436,4.01359553432966,4.62944131822849,3.28536179750705,3.67924754883947,3.8465811856586,NA,3.93112410683434,3.65405870606722,3.79193710756777,3.10499275326366,3.53097047648547,3.67974684833707,3.66551186964232,3.5382818159212,NA,NA,3.28047111540217,3.57740754996187,3.58006963277442,3.55870146501993,3.29696625310899,3.54567425348742,3.93080510719327,4.04565797413009,3.95617400950804,5.34760130014845,4.37295197643417,NA,4.74583788459468,5.83896750134481,4.55811813679461,4.48534886626371,6.09648521332727,7.90619751883664,8.58000508281597,5.92913242459667,7.23377626890659,6.14836109422236,6.19780694669323,6.8250273819445,6.92126672205297,6.14758192108542,5.50311955193631,5.9675525629773,5.47956445114188,6.41953489945095,4.89686016531386,5.45285051710965,4.43416878828227,4.35626633290544,4.49646849962559,3.42333806123829,3.6906380165795,3.42577849255821,3.67239097536972,3.7261860939518,4.09500895442621,3.97564812271897,3.68459281029102,NA,3.42033218368351,3.83853089013509,NA,4.04974200652379,4.24322797000889,4.06131025801748,3.11982939447352,4.0790066495034,3.5892028630356,4.20451162037023,3.96573440265446,NA,3.87241204832335,3.7711113171224,3.02026806830356,4.53245067398151,4.39953294848801,4.13113628185529,4.23086814628885,4.53113649876177,3.91167298993214,3.14626901236021,3.46910296319144,NA,NA,4.03128530142687,4.47296328747172,4.19076916567538,3.80485116277618,3.04191994608706,3.68729637144291,3.69572313744183,4.50159333546451,2.75054337141044,3.62641808547092,3.60297988111341,2.91122592661359,3.64813195336997,3.75358731456756,NA,3.52429219122511,3.72331944648188,3.78352937062959,4.11148010729369,3.20872646516092,3.68669754893411,3.32778437618527,3.65381089490943,NA,3.78581039976949,4.08089553095429,4.22195375534442,3.67525576229972,3.74758680264121,5.9426994241489,4.78896576763498,3.83605306022512,NA,NA,3.74183131108907,3.85629628622646,4.44621430409671,NA,4.70683161536379,4.78254651956366,4.53753682631358,4.34439835450423,4.73450151785657,4.45614325277779,4.72405813766907,3.58873039835969,5.22850006956263,5.01278009839575,6.84926356307127,5.85618389383481,4.81323255650258,5.35428222373509,4.50957525002444,4.13262818425814,4.55605075018456,4.3238198813211,4.48477859877458,3.84865770760096,3.73170484687659,3.97726156163324,3.9108713103866,NA,4.17013307732618,3.6622397573248,3.56360095275598,NA,3.67954084217374,3.93550495600229,3.67702210588102,4.2457804071425,NA,3.61162648114893,3.75369766343056,4.16853047028169,3.90071334658768,4.3229964067941,3.74436462789144,NA,4.48488224528983,3.81264683538034,4.23847493783174,3.95151051091803,3.54689490899609,3.75596552068878,3.86141988115453,3.623067197034,3.89927346801458,4.13497827624925,3.72435641326937,3.51444420678623,4.12798419036005,4.02797393133172,3.94567112520812,3.66948315797146,4.06823236994149,3.0091831009683,3.6615172868137,3.7679516394672,3.24091814727656,3.79530588590449,3.38718990978616,3.32909433842348,NA,3.09732692445166,3.27119180702567,3.76676350219819,4.06547544859764,5.26307059504546,5.10293526774973,4.38932830850861,4.11175276543085,4.91945064058808,5.63674282239185,5.72796743780991,NA,4.43758002165462,3.46854806637173,4.79210707346099,3.84209290329764,4.02267237784903,3.95845597125004,4.04846191297702,3.91905881879658,3.87858400994162,3.92958382924713,4.30403315280073,4.48862191036498,4.80219081011334,3.6608038601547,3.64976918067974,3.43137066035303,4.16411272746666,3.34785449442604,3.79702699451674,3.36265432446305,4.65775540665585,5.22690342029947,5.08519295450431,3.65061193251444,3.74277031417356,3.99505138274631,4.32139618710893,4.43297948875726,4.4608212610324,4.39345957821215,3.80421458163748,4.31776844014884,4.01584392760947,3.9902733679285,4.22343032278252,4.69197687062142,4.13136894980125,4.32796183458259,4.58777977574119,4.27315781042345,4.26597540963322,3.97845225483486,3.97167963330569,3.6627799640935,3.47202783868831,3.51158028853787,NA,3.34654877075436,3.78801840150421,4.0947812874677,3.87462849914603,3.61103690557087,3.64279853256742,NA,4.02246216989914,4.13770850598559,4.08092402966291,3.9775295041156,3.75099644718969,3.31373633466889,3.44231588299508,3.51911065781088,3.44122117512556,3.67551006240844,3.27499960150179,3.51541063049998,3.00576835969214,2.66390199074537,2.6973289424237,NA,2.29516886972178,NA,0,2.32082036404563,2.47826160540321,2.5319625285683,3.17048844080002,3.20379479443719,2.68430112046735,2.67180758453197,2.75629787163673,2.97871867273089,2.68009986167601,3.05599738246704,2.85807029283801,3.49071082994507,3.76116284359575,3.35736014271328,3.64729054726414,3.31726284213047,4.07595676954921,4.12956784282298,3.77722715234865,4.0068441715137,4.11720920426236,3.53872455921618,3.3100805754401,3.61267013369437,NA,3.69158618513729,NA,6.33452017672799,5.31764641426018,6.60653693110304,6.79539220046218,3.75517227033723,5.54505629841993,NA,3.92136053976448,4.78919919359646,3.95954951939867,3.73711451120395,NA,NA,NA,4.1314610456236,4.23781465644975,3.8483151796503,3.61025162972287,NA,3.44658871663798,4.42896389046031,3.57244709807978,3.86670156306192,4.01058511555819,4.10293700045793,4.15273611240547,3.69570805084253,4.35996684951336,5.18782848676475,4.25013301664825,3.55679038068341,3.98400021071683,NA,3.44537037072547,4.00977801732574,3.67029454527654,NA,3.50977211281597,3.69184757964119,3.31878365776091,3.52213834405125,3.79212643528902,NA,NA,3.6474895181839,4.09811176068365,3.90425564656185,3.88908720292482,3.82356900590605,4.02417916638535,3.74131164113362,3.34018131964385,4.02166366054599,3.69850351851226,3.59632952334127,3.92930054523352,3.65553531039872,3.86923480810008,4.17249907517452,3.47249318312336,3.25272099010598,3.31514172446941,3.33930259331927,3.40953005283752,3.11207017766738,3.27114647171349,4.06131418668774,3.30274914048676,3.39748087222806,3.40008095446014,3.24193441740405,3.54843457503015,3.36996573055315,3.82409383293268,3.42580791382069,3.35091802750497,4.59381840435641,4.0899808728812,3.42938471952386,3.55024419205004,3.92363134353027,NA,5.05375361733732,4.6260281883181,5.06639864914562,4.19743030431008,4.04284790614078,NA,4.60760406308689,3.97578468476051,3.83291770044705,4.77613569361189,4.99579346912092,4.65185222589882,3.32711306487701,NA,4.77627792823391,4.84900701287818,4.84863438688912,6.446569014523,4.25144622606861,4.66793214105835,5.66339445090639,4.75188960110846,6.20088022294906,5.65840503133012,3.38743732074771,4.88662282669731,4.63911681028585,4.36158447578121,4.32339293423809,4.66644002552683,5.31009542216565,4.9283060917814,4.82088816318347,4.75473940924311,4.25089509880948,4.27360774271971,3.91742485815341,3.68716433440161,3.56812580110444,3.68022294938329,3.58966710301115,3.68379244098909,3.36701315299066,3.43227481773035,3.70697683805652,NA,3.27210192909608,3.05743381283214,5.28601126714568,3.41147999343404,3.21047281234895,3.17776893531162,3.00724140212246,3.4008408760615,NA,3.33954365288375,3.68233781935024,NA,3.63694980488493,3.98886153829324,3.78082668377326,3.4851917555274,3.49424162063555,3.49106011458023,3.57052204569233,3.37736556564454,3.23552702534167,3.67094336940035,3.36703680947831,3.12402853082168,3.42106466253593,3.466579123543,3.44033291673597,3.73790306733059,3.72474936713396,4.05918726617063,4.05859134499969,3.20729698562644,NA,3.51226881922544,3.89333237787423,3.81412236903307,5.07703573514886,5.83786659693606,4.33239735821879,5.0200802948728,5.26469851357396,NA,4.08799016790513,4.66578329815974,4.6490594716744,4.35493177651106,3.88275498948002,NA,5.19520153714275,4.84419224464972,NA,4.45085493386034,3.87944261933417,3.86678615480302,4.72861320062601,3.91959914438125,5.00121756932891,4.118703362142,3.73991836888575,4.30788582633004,4.64743531648296,4.48589650763853,4.55943122916647,4.71281752216402,4.5421925345714,4.53637774228603,3.845786850652,4.33090818038377,3.90792892789424,4.00730046877946,4.55080523632994,4.78651208206183,5.14783159816898,4.81359985014176,4.08072786899732,4.55276041696951,3.76013586049408,4.59125910811488,4.39246440870849,3.6691558750648,3.82587451812326,3.51186461151196,3.67677709396624,3.79016230749481,3.55172679952553,3.59185787173298,3.20895962309766,3.53502461048541,3.61335542891349,3.36414411115585,NA,3.2700507056966,3.39686128809724,3.54444158093639,3.65698381767021,3.72998583187444,3.5507018217472
NA,NA,4.58389631826767,NA,4.24632721345201,4.60968642802874,4.18483843604209,5.11867496545963,5.41183066584816,4.03704657463536,5.0231930407907,5.15921722417699,3.69473890972232,4.24355637595274,NA,3.79511592195988,4.66704733816893,4.41179979420339,3.68325196201468,3.80955701785838,3.27841927071465,4.24335480707974,4.80237055396024,3.49100458928349,3.8704797401258,4.0517339175065,NA,3.98503929471882,3.77302371159048,3.9884095524411,3.31017495670701,3.67440898289824,3.74690030832425,3.81943832930005,3.59136658496058,NA,NA,3.40777197952357,3.67553518754916,3.6343564830871,3.58109691074052,3.27887911560215,3.51469293692596,3.90283356599829,4.15638752411661,4.03560113660873,5.49127721579967,4.2386755999372,NA,4.66793551135721,5.83829450458028,4.68452630056421,4.53607153883067,6.06755581509412,7.78485365920315,8.68431637320743,5.95297979611861,7.29559197078922,6.28167265910257,6.2794597842994,6.91615243912994,7.02095493778736,6.22407780799132,5.64302367935375,6.10104448403325,5.56542747219159,6.44879700551139,4.90415176177825,5.48331653119935,4.45955157360631,4.32696513513843,4.47239256599764,3.54469170020511,3.86097860289108,3.60083816801895,3.8707043358109,3.89108531349213,4.18351395252832,4.00460266571273,3.82361695779876,NA,3.58714259445865,3.99715928281974,NA,4.23078550838774,4.46303255808792,4.18821470163325,3.26176358097875,4.30550784362227,3.70677633706448,4.33156919855387,4.08606342549542,NA,4.09067346645802,3.98823125928672,3.15263098885805,4.74081598490526,4.64625599291638,4.38686253536264,4.39815337002097,4.84796770527241,4.12605819600664,3.24386619411086,3.70537247196284,NA,NA,4.17851044333247,4.85321578957402,4.52380860341003,4.11570486590966,3.14768928483201,3.91466756213731,3.82343345218602,4.93743654308035,3.21032910852459,4.00515880442168,3.80011187216005,3.25023576653226,3.85830415827132,3.84816024458223,NA,3.279720435717,3.54552603513891,3.62078248819457,3.89431971648426,3.27030467918718,3.78841170573047,3.33386390643053,3.65555161906536,NA,3.90503961376426,4.08837999594593,4.04613413770552,3.65784019365009,3.81040300344383,6.13764329504724,4.96206748847323,3.9292760397688,NA,NA,3.86680447478653,3.88391625486738,4.4547899784232,NA,4.67453546554419,4.76396434620055,4.54304496868679,4.28013948934977,4.68827838293573,4.2745576046349,4.73397455735027,3.63503978755248,5.27045656742527,4.95139263347816,6.87337021294179,5.88659939484919,4.90247928283307,5.33756467743703,4.51715226431687,4.16170998683106,4.58866497426607,4.28158300464214,4.49749908868128,3.82419439846366,3.9566893631378,4.15730040541897,4.03075255981581,NA,4.2103455968801,3.83334299047082,3.80012404648581,NA,3.75269477869998,4.08334659780838,3.83358624549284,4.31035236545743,NA,3.67524430655047,3.71253652729888,4.25514226164155,3.92917126942221,4.37911484549054,3.7802278814746,NA,4.51297923270481,3.85608801513299,4.2827215894642,4.02258281081594,3.7128171586781,3.91005487086732,4.0417045243562,3.83934347845546,3.99137745237669,4.32186058743959,3.86754676135942,3.73558416622309,4.23819968715272,4.12361816885584,4.02225807707484,3.61857552049477,3.88844145802469,3.17482448299435,3.69636275936691,3.80497978245192,3.27543722906933,3.79380194343133,3.36163470254659,3.38909142952469,NA,3.75582802256118,3.61556559609486,3.92474265586031,4.25402002280964,5.44019610201101,5.33202577399893,4.67063601544731,4.37428798397641,5.03009131444715,5.84625399619719,5.97417193740293,NA,4.3807002141578,3.00354127872545,4.64705360138055,3.48794706890316,3.6702005437666,3.90162942409024,4.13755135269428,3.81413100180049,3.96682338605925,3.94834233956974,4.19026641584503,4.42218020187898,4.74153106584678,3.54861309687758,3.7048742754871,3.62945576102056,3.79450540572468,3.40271507897739,3.779228722349,3.21826126823667,4.54286252550075,5.19504813036713,5.10257449426875,3.60053926602348,3.6411805319937,3.96168553812873,4.29747229927249,4.38840164165455,4.42183550974331,4.44498514915032,3.91275488575246,4.30189661331741,3.95061593509261,3.93164761857373,4.13149914089583,4.63662161273475,4.09444587692661,4.32590863738312,4.63561864828043,4.47752458815488,4.47117233917976,4.10650564781812,4.00742580309849,3.80604324837493,3.7644893089632,3.55302979852678,NA,3.56554595338458,3.83276386748263,4.1468479854703,3.97433884905483,3.75819167400221,3.892164479262,NA,3.86526112925704,4.09668902657466,3.99888320233498,3.5742931319377,3.79938894501797,3.44966959490594,3.68650594171315,3.45373710957625,3.42063152129305,3.72405064139071,3.51617657847444,3.70567967474177,3.04696624252667,2.60581904382606,2.69698966555844,NA,2.62333387721251,NA,2.32082036404563,0,2.44108408689628,2.92358730322738,3.56581548575352,3.60070265363094,2.90511955725593,2.78419121760855,2.80662329810837,2.9356300250327,2.82353356472702,2.65582505630643,2.64293096345555,3.32690495223583,3.63446913888735,3.2046973203578,3.80652267140171,3.32446541203695,3.96514298497426,4.09755167021412,3.53274361653672,4.05026341164701,4.0372290506108,3.50507388198288,3.36550037582443,3.49595824268114,NA,3.74457810013255,NA,5.97156919279131,5.20626011536442,6.59790326000174,6.73461040308064,3.6954649603832,5.24378856970256,NA,4.26809549108886,5.05508330803585,3.95180834512986,3.68554034001654,NA,NA,NA,4.15465908727128,4.31821410000731,3.81320959170516,3.56000443062023,NA,3.39285037274606,4.36819742123134,3.68003664215325,4.05086933801252,3.97373055801166,4.10117772639169,4.18406120398759,3.87143738916678,4.46358100999642,5.35536296663405,4.26874984523249,3.67641453377426,4.01518604693695,NA,3.39874895793794,4.12889974638366,3.7515776886294,NA,3.71315160262054,3.76277234064246,3.65767320683834,3.70362384722517,4.04365364473595,NA,NA,3.83269115591076,4.33627004693997,4.08236570654387,3.99682720976081,4.05632665756819,4.13545438148953,3.86174268216697,3.46991892969479,4.06096544578608,3.92505113169904,3.86913145404569,4.05982341658172,3.99483721146914,4.29872134343108,4.24638404939724,3.53796930457552,3.33346106491187,3.51329852195467,3.71986300728677,3.65040036799894,3.39566251434588,3.44177490689986,4.39889681962315,3.63655463659979,3.77439703404915,3.63723259834727,3.61305896178948,3.94891801881301,3.68392528408931,4.17478551743142,3.49430323681698,3.7175425696068,4.79755805190748,4.11628904964354,3.45502016567551,3.54576298339555,4.16908817260273,NA,5.27700543036378,4.84924013912317,5.20348312664457,4.3688267219618,4.14687008970222,NA,4.69863265090359,4.03485246676786,3.91469883262552,4.82458699460727,5.10930139834907,4.66790611337171,3.35237036872434,NA,4.83209673165484,5.00821773583387,4.90829118864809,6.4487479195427,4.24855279281018,4.77785930559234,5.67106373902744,4.78972263082648,6.25340382056927,5.74384200664417,3.58787349011201,5.02500142530175,4.78492729032768,4.55770447152252,4.47309288488692,4.72980846903838,5.38829192212821,5.00937054188653,5.06597872591527,5.0012886228736,4.24046151298054,4.47970684081773,4.06741813449319,3.80356528329697,3.7242156392886,3.65931230227572,3.63848630913902,3.80814080762277,3.52648084092502,3.61745728536734,3.9143743774407,NA,3.43843342895656,3.31985725657284,5.50809607937341,3.64605392540899,3.52324517742076,3.46705832682346,3.50013643488533,3.6162516884834,NA,3.49643069989948,3.82290578431913,NA,3.77154723337392,4.08403034404173,3.93493324339874,3.86490941524724,3.74527431361408,3.64911918442518,3.83010556641542,3.6521368695374,3.54545477175328,4.15948982045931,3.76397454079717,3.56944140813953,3.95989414073412,4.02222524860532,3.97483402300696,4.20083601506147,4.2305679902409,4.49162220173488,4.39856788302428,3.75741102056842,NA,3.74936753289201,4.42859195802506,4.22357039575146,5.38251477087104,6.18340417013979,4.68299599646469,5.36537913775134,5.48916154098076,NA,4.42457170848532,5.0436866979057,5.04929802743422,4.74289034806451,4.21576025179109,NA,5.51569210151166,5.13046184729475,NA,4.81053916816843,4.27136012627392,4.17961687780831,4.99707030167181,4.30353003960672,5.16341705277432,4.06541749988122,3.98087090689863,4.43676868046122,4.81374713819932,4.5832869347656,4.70737348161335,4.77597282112415,4.6324454939889,4.68741210463421,3.88454478809928,4.6221996342757,4.06904357139858,4.08629265803037,4.74285938951657,5.03681594683315,5.27255350939966,5.00466521973006,4.27350372111621,4.80500445855119,3.92074365433659,4.56009017140468,4.3810096151967,3.74181142416074,3.99819256367517,3.62127091773632,3.7044603222649,3.7325548126187,3.60421185473776,3.67259020544753,3.45488733376345,3.70726227808399,3.66424659032331,3.57194230897062,NA,3.47341365926693,3.49325668010039,3.60605193671455,3.71285063805939,3.8805476112157,3.73356289638657
NA,NA,3.8440279213128,NA,3.5827467543218,3.88948638720014,3.42599596775563,4.40076059437904,4.83382193807122,3.75411060105415,4.52823307858546,4.73358180646364,3.15648808339659,3.92395165641619,NA,3.56285726353049,3.99270301595308,3.83032475272713,3.70664920444248,3.61200826870582,2.94778106946062,3.91097404813328,4.31752212292651,2.61373821505195,3.16079200858928,3.30463918920889,NA,3.11023682097392,2.78880427538407,3.15072695672764,2.55233204829832,2.64911310752067,2.62519516998469,2.49014461168648,2.54489113205401,NA,NA,2.40480217258365,2.97254365201068,3.07272742223024,2.8398573582437,2.48021861250855,2.57968483709432,3.45265082821439,3.49436680085272,3.43553866195357,5.04502770898093,3.95482113680248,NA,4.25706592909012,5.54939229642504,4.27546805039355,4.17946945005522,5.93807958084257,7.6776609521349,8.36964896550685,5.51656369656511,6.88932917177648,5.73048555252446,5.8006519611388,6.40805329427124,6.47770240879493,5.65056353167864,4.94493017438485,5.49857938278627,5.02793823233279,6.07075836263897,4.51328123922601,5.06694751724635,3.8451818167116,4.10003646941755,4.02935085797286,3.07908461993942,3.60739715463601,3.16364886086361,3.28525846275416,3.25651795896799,3.76148953040033,3.50365019749641,3.31535136521057,NA,2.96574597090494,3.38793918543067,NA,3.65798670073751,3.66856038071306,3.62151202670261,2.64920431786267,3.49140483761037,3.05357114868531,3.66995644248614,3.35448046701732,NA,3.45907149059594,3.22025382020027,2.50489788188598,4.07637088512198,4.0125660801521,3.78184491851063,3.69032002589825,4.0998030629094,3.52123647111872,2.67249532918958,3.1577649863703,NA,NA,3.58888216232926,4.22755846875016,3.97981783638517,3.72319506060486,2.60937437700603,3.45594589291828,3.2500379125911,4.13864943752485,2.69330746702137,3.10305038827696,3.23622918666738,2.34226556331132,3.19347806727035,3.35334672415672,NA,3.34182642591841,3.44488679772099,3.30991788566214,3.75174329688518,2.70205698027773,3.46106644314833,3.08179949796667,3.13767399639487,NA,3.32721799502947,3.63963650446123,4.05086450222692,3.35819942750916,3.25579536709814,5.54269993016244,4.39547438900896,3.38784637311581,NA,NA,3.03075409833982,3.19888106946925,3.75665140033952,NA,4.05862512542845,4.32051649263423,4.13664226759613,3.75005285020603,4.20230434744586,4.09474055071237,4.45187952453921,3.13935091059229,5.14510847155573,4.56742383548535,6.4631622640146,5.46126753421696,4.34565758639123,4.93905797772668,4.03660799143621,3.62667623948933,4.24864453571705,3.92951085492512,4.15221144467701,3.63639074082157,3.57385717087046,3.7834920191638,3.80034068932748,NA,3.81614361281976,3.34228915093606,3.43530057134321,NA,3.37501067841951,3.45522800884619,3.16850931618443,3.90542841865859,NA,3.29089646889712,3.24457468246711,3.72625449140736,3.57698624585981,4.13503868445171,3.48544273484416,NA,3.85209456740577,3.66997586453249,3.84447648595891,3.53775863869886,3.10794376517368,3.36287759348549,3.46987327665765,3.41643364275082,3.49008252808272,3.89984384239883,3.3447383557892,3.24824992332568,3.86631350137024,3.83531516334319,3.83673194221303,3.42016338689926,3.9347557780057,3.00389252331487,3.72558345789526,3.75641969586812,2.74868061686144,3.64827611742617,3.05666628510655,2.99545963483724,NA,3.53545164920934,2.81708118722578,3.08540495303501,3.22809236384824,4.65959092456489,4.58694224101596,3.74421759061378,3.40350010297318,4.53350469684014,5.03178518095943,5.16546386307977,NA,3.95342148723395,3.0670494636167,4.58821457240282,3.54043919731708,3.69257845633128,3.55500348820765,3.73791879526943,3.63241847193278,3.66516229282267,3.69978647172297,3.97085940529214,4.02770031151014,4.38728512589671,3.38446144005037,3.95853540257054,3.77749878784595,3.84963726113876,2.96926188602829,3.48487823587943,3.19780643744731,4.12035982514153,4.98655031122773,4.70553745271829,3.08177253064472,3.29123586236453,3.69147273788612,4.06176366217907,4.10808262695906,4.00099664159472,3.82363814742193,3.48522350060563,4.07716640159338,3.62495855893065,3.65359052602543,3.80232004080119,4.3521425685354,3.88387351021478,4.15693423186645,4.60067663633964,3.9844968312206,4.06966954205896,3.56529376055903,4.0409463906578,3.87680392322534,3.35927613651509,3.01021423634539,NA,2.80594729703231,3.25881580805685,3.6509822939039,3.51035592939521,3.28484506300458,3.25997131908357,NA,3.98894181988521,4.01709833897812,3.78949428640894,3.47499357148994,3.62685275489877,3.74909728704017,3.78592291700448,3.13667908954677,3.2421709726781,3.25704235648655,3.03100968788176,3.44887069554962,3.03367752946474,2.39190100819944,2.18349015392823,NA,1.96171855561425,NA,2.47826160540321,2.44108408689628,0,1.38578231550965,2.84295157727403,2.91582456047352,2.28208542369548,2.47198314213408,2.08996369533573,2.42581704677417,2.34451272229409,2.92629850485958,2.68071229753832,3.1961335961008,3.06382321849325,2.96824301269553,3.19541007807154,2.70029511725297,3.76555206764724,3.89718173567337,3.17477788691718,3.41933410980432,3.53729475449856,2.98976047462273,2.69759544336604,3.45797455109812,NA,3.32447269702476,NA,6.08269697338803,5.0469780023713,6.28158161182638,6.38228621372972,3.3829904675777,5.14363708013055,NA,3.68486509944789,4.64385725511873,3.58747826545887,3.33182468044646,NA,NA,NA,3.54013301054954,3.8517930303923,3.30515782187564,3.16036030377453,NA,2.82242071560448,3.90146000091828,3.06231093598263,3.55550674206193,3.65409918529072,3.65894159772323,3.67444241217366,3.36246006125221,4.22971557483864,5.06992960173017,3.86357148967438,3.49949288210315,3.327039180721,NA,2.82773660463602,3.94057029122461,3.22206303879992,NA,2.87583242518636,2.7755385450203,2.76182989501822,2.90570675616746,3.2527285609164,NA,NA,2.97721536114873,3.46260923632545,3.28568549717806,3.1167058543449,3.20284011158741,3.47613576936196,3.11001626531197,2.73514704430464,3.38822016251992,3.19608020966317,3.03306480801242,3.20024487009394,3.17173227079468,3.52003019429398,3.75242354486839,3.10749206786442,2.57741528907887,2.64219178546491,2.70266456995388,2.57477721330184,2.34485349143735,2.56085499661565,3.67353222803026,2.71443622013492,2.92906263591013,2.99160293518882,2.61112015256429,2.92920120667343,2.8619885327341,3.2194454422825,2.79208778206225,2.71063394700115,4.13078150882559,3.57408864570535,2.79785515323045,2.86012092361343,3.21261728332857,NA,4.37948160195157,4.07440267223107,4.49971314739648,3.52152139728624,3.50901789984358,NA,4.06516412496093,3.36856379510937,3.18532339210131,4.26017544431239,4.2869603851937,4.06729430476945,2.49998145410409,NA,4.26326209141396,4.36046575852968,4.25410275632076,5.96202533178259,3.64316980016462,4.06633857661594,5.10303773751212,4.06158452124292,5.74834725013683,5.04076472720206,2.57291700456601,4.28266791350606,3.97071337668272,3.80823906724637,3.72312616326286,4.1009556610679,4.74965932176528,4.26787651686206,4.26790724304058,4.29302460089285,3.96444815587997,3.53954626173828,3.16028279843588,2.96774294213585,2.76190078405352,2.93592214768346,2.87031557283689,2.84208429625598,2.615046863647,2.53634148992417,2.91109782816905,NA,2.52664887352438,2.23823540403312,4.9497021494687,2.68840126183371,2.3927647094474,2.51688505709413,2.63310173416046,2.44834363663671,NA,2.33432793264006,2.72142463904703,NA,2.61742934683498,3.07449860457766,2.82643136308049,2.69989643455005,2.54126319068049,2.9413186747138,2.98765345865239,2.6747764563063,2.3973573088694,3.3512035042918,2.74080561470119,2.59596647938268,2.93810551514827,3.06285689344051,2.98045246495714,3.28917270501165,3.42180055106988,3.71326325426628,3.72238717555491,2.61180118036596,NA,2.73930012226942,3.30422356270005,3.33743463286694,4.52476247070671,5.28278471850658,3.76457798706435,4.44403071605819,4.64869647498969,NA,3.39782433123902,4.07755862623688,4.07736673803151,3.70929324163694,3.17034943947396,NA,4.63826116129651,4.23320395124647,NA,3.93136864682831,3.40342207234852,3.32455083902967,4.2139413927645,3.52222244206216,4.39115666883743,3.65043635341287,3.17089760021875,3.81714806401098,4.13433088866975,3.87059480976647,3.95317847506437,4.09455827354995,3.93543423525594,3.95556806896084,3.26002101227134,3.82986103190792,3.51515759461569,3.3709055298229,4.04591212806649,4.34740868184391,4.59390602881494,4.2021512222361,3.45747733396107,4.05334918527874,3.20629469979793,3.94232719118326,3.64942743381856,2.87475807209472,3.22794347547918,2.82187066023327,2.91061780888,3.0749261988397,2.86389866295479,2.80344521153278,2.36928047692474,2.76282651976487,2.90132964347453,2.59942386349484,NA,2.47031548186206,2.52604023323544,2.58617507553943,2.7534964057836,3.03651862890452,2.78902531182105
NA,NA,3.66168974615132,NA,3.49716508963385,3.67708637157102,3.29957615524491,4.11647492723679,4.54250322080134,3.48051359003814,4.18152881372245,4.40679926656812,3.21174409270389,3.79964311109402,NA,3.55781276034561,3.64812229847172,3.55334044822912,3.65280475428979,3.53595938844015,2.94575827551475,3.99135112745301,4.25010463256136,2.64855353731107,3.09903549531651,3.30710568698533,NA,3.2729411691629,2.90579833603495,3.01723762892611,2.44949191062982,2.71522894679253,2.83793691164237,2.5063781010024,2.64529518982176,NA,NA,2.41986609819695,3.07537373985916,3.12200188504029,2.91697229659339,2.66074802104167,2.79021404520144,3.65465331400007,3.59340195987791,3.60631963321339,5.13858400743113,4.11019096614537,NA,4.46428649638421,5.63917028700128,4.40243640465024,4.36403554169372,6.07796749068091,7.81686372855717,8.457350673441,5.65399047274315,6.97097048495308,5.78871006799325,5.88689755685899,6.50936192239724,6.53871567432768,5.77021901032388,5.07823502608608,5.59142801955045,5.18204760591736,6.21307420091627,4.6565531600383,5.18069311379126,4.0007563696262,4.23474028314006,4.20132320941486,3.11995707543623,3.6741795329938,3.2163854355856,3.32797871163123,3.31936452643598,3.84247045583409,3.54160804472339,3.39341853721209,NA,2.97772812579311,3.42781244770684,NA,3.63965011634303,3.62225400319302,3.59642741006631,2.69786065438882,3.366157762983,3.0263584916951,3.57799155384931,3.29369329027807,NA,3.34013598599197,3.14717329385955,2.57885957971346,4.09420391790786,3.96324299110741,3.65129140671044,3.63779388861471,3.70750647990134,3.46585055230472,2.75096538357572,2.95981848608101,NA,NA,3.61188889307252,3.78236855865091,3.61395172882166,3.59618360586689,2.67686458561199,3.53147417325712,3.40230470451923,3.87609170084138,2.5899515804771,2.94085391740017,3.27413352043148,2.40901395136223,3.18706114399949,3.46170929848825,NA,3.49116505093926,3.55678113323869,3.48546691954671,3.98935451928117,2.91155699423357,3.55883620539345,3.16110537957954,3.25053420295224,NA,3.37668103177304,3.67472536582599,4.24937624513972,3.61078039077791,3.4397157631411,5.47097632190263,4.36341207967768,3.4510211504695,NA,NA,3.23971981822755,3.31546711054367,4.00408041728978,NA,4.24759268304912,4.50792235486006,4.32879838355976,3.9911926831334,4.28814894330942,4.3552082542716,4.58118198765014,3.25143695914231,5.01660266739538,4.78396459690237,6.63105040612762,5.62229951713935,4.53521215281566,5.11627867916206,4.19616960788156,3.79718061368927,4.39283681231399,4.06256233596257,4.25977844024976,3.80702518867972,3.73430735470945,3.87121023936261,3.91129533986555,NA,3.94516556318978,3.43930953865063,3.49720696959582,NA,3.52834817639482,3.59038921836586,3.3033209817384,3.94775259128875,NA,3.40211575976278,3.41312151743449,3.82101292486326,3.61293611711207,4.16271822990264,3.44011964873667,NA,3.9582125282664,3.52428990895609,3.8551903923847,3.53027760402526,3.04280424310338,3.26655454631363,3.43008435518367,3.35959866599094,3.41092659492519,3.81501949539351,3.29040944726157,3.20148237104805,3.88763354043202,3.92944374215958,3.92824230271266,3.58640128169038,4.00772388452965,3.0432439926813,3.84143592557758,3.83697679637228,2.81157328890022,3.78282479664528,3.18243548210169,3.10708843487754,NA,3.37910475573484,2.84805805881722,3.20591034445584,3.32512767653341,4.64562758134076,4.50112363085486,3.60160562693493,3.26652130526237,4.52816514594276,4.94067172717939,5.0496794431433,NA,3.87822208831727,2.91468661931075,4.49680421434661,3.60067422844208,3.86063246232043,3.68068068340789,3.85525297927456,3.80310245876564,3.75684958525627,3.82634230593764,4.2113282191563,4.24656181659083,4.65047664413807,3.60344568959121,4.16856956596675,4.00740800634688,4.01319630012776,3.13844039213908,3.68812729117123,3.33820905636674,4.44936599156409,5.19192603908147,4.92855122268932,3.29532916654906,3.48050671240235,3.92714274474085,4.26806662452682,4.34573754240951,4.21649127451283,4.0562293200351,3.7078572908946,4.26693665642093,3.92036454163997,3.93287057595582,3.98623455030408,4.50256551713987,4.08990815439475,4.3241744807415,4.7263829079801,4.14808139928025,4.20240635554069,3.66970578043971,4.15262335074485,3.87208073353587,3.34145174071186,2.9896427164315,NA,2.85175212156955,3.44135170882906,3.79994454521153,3.60067453602153,3.37399917569549,3.22651962318271,NA,4.11157480647877,4.0292257843366,3.75601421641947,3.50034000233976,3.68419015928937,3.81521592210072,3.88323407740535,3.27314095189515,3.3515698639173,3.28509538920237,3.0187883870261,3.64383277248201,3.27536381129503,2.48647343348938,2.42366662993942,NA,1.89714591412715,NA,2.5319625285683,2.92358730322738,1.38578231550965,0,2.67048113710436,2.64694256635412,2.36493467776155,2.60421923252646,2.35912402620568,2.7198885721807,2.45533597827618,3.12243726167155,2.65708275984327,3.28138434870334,3.32987380450886,3.26606350043552,3.38512606263184,3.01687401159979,4.04856499396861,4.14893343133369,3.44058130592527,3.63163466846755,3.82890245524041,3.29997106879336,2.84691136738819,3.714021056152,NA,3.42409830727209,NA,6.1367999284299,5.09604056368881,6.40264101395644,6.55574254447581,3.58599701507385,5.35331630002133,NA,3.34242895827383,4.1960678494334,3.62363512684519,3.45931812716708,NA,NA,NA,3.74532770552331,3.86985580923225,3.47540735894883,3.40634270066444,NA,3.04657651804947,4.03631685203128,3.25927579957849,3.68829491108391,3.79816453416651,3.78020007838614,3.69023983195729,3.41303987740353,4.32683290758783,5.11548780111318,3.72566314089253,3.56385599069336,3.56379967491443,NA,3.0160966720818,3.98558591494746,3.31334675377685,NA,2.82086341139372,2.86209433447032,2.58302108295549,2.82420706873555,3.13099379645835,NA,NA,2.95454913005508,3.303325716417,3.21361544271115,3.199226108551,3.10954134531527,3.52493588170118,3.19890368044271,2.83580930084954,3.59130176344837,3.26442720275908,3.03909197900963,3.3338778264584,3.0294082309656,3.18550216731918,3.88095463111481,3.0844089605176,2.61780121678211,2.66306732417286,2.62881638048924,2.73022443384429,2.34777531338649,2.45351152325411,3.35751767109223,2.70170293687157,2.72488630715969,2.81039627586934,2.39259533368078,2.62913240564942,2.60597309959139,3.01282491008132,2.82714115992506,2.5143597690728,4.19071331352939,3.74499674499112,3.00420683549972,3.08478519189283,3.22218478968497,NA,4.35101839225848,4.03807526223065,4.53157857461554,3.54875045752852,3.69200269990589,NA,4.15522084075501,3.42554007547938,3.28587199043708,4.43165467755386,4.43519792938142,4.23973927265521,2.71396068166099,NA,4.43725054864878,4.44900306431793,4.41915348568747,6.08842136090004,3.78717811619258,4.20900043453293,5.25262991308376,4.25976919220276,5.85416112415329,5.15531128295636,2.70155812316004,4.40629364413779,4.07444236060937,3.76549726208465,3.79994149591232,4.20958247438062,4.85959271350958,4.37337034980671,4.24143280827985,4.2361603170195,4.07605880037921,3.67515479784248,3.33078309426915,3.09475792305028,2.86703776880741,2.99601773960835,2.94101155208919,2.97464294664384,2.60757568561113,2.59011738887675,2.98390314903584,NA,2.59355535591401,2.28211672336466,4.85134279714919,2.69347140281944,2.34643078382473,2.53540769825015,2.58200867119661,2.51591844140613,NA,2.51303984580422,2.99062341811951,NA,2.76920815697787,3.26262409238225,2.92448490268457,2.32839100350205,2.42999064658711,3.00112295733786,2.9584300297947,2.52560911991861,2.26764739497461,3.10323690390655,2.57807112690205,2.29090943759559,2.42820568724331,2.68572801313306,2.43484961350866,2.73380035009274,3.01505066581374,3.31074754657877,3.37284832411147,2.26576572819907,NA,2.88274847819696,2.60498676141733,3.00869828402269,4.32394294154142,5.00614424508424,3.49300679915344,4.06764020353116,4.40149964313603,NA,3.12985444148772,3.91651524252515,3.89674640815015,3.52539821441581,3.08408897399845,NA,4.37426631660724,4.01896938074446,NA,3.63227166633628,3.15891118866281,3.18361828083517,3.98345416069808,3.30803655579108,4.39592707591695,3.75902281437069,3.11626925138625,3.82277293434763,4.15159724914946,3.972333815473,3.96039312144575,4.16911214789195,4.01437349314919,3.96812489844271,3.45563563409471,3.5131571427513,3.47096416198089,3.56386462428283,4.09002356858836,4.32756465084273,4.70500107290258,4.34257346664479,3.62686500066727,3.98910262821499,3.23945642514375,4.16873391956289,3.85541406639213,3.02818291242691,3.26380396753424,2.9116980516778,3.06858459490524,3.28121634310813,2.91660872119674,2.84672509593775,2.19412700871197,2.69178635576645,3.10472857498245,2.57662674178437,NA,2.50302187529571,2.63963740597126,2.78032729059576,2.91374998544961,3.07871619890873,2.80123467258753
NA,NA,4.12682079020871,NA,3.62791017097535,4.20786013747135,3.85064690127815,4.59323462859857,4.961538496241,3.7225783896191,4.29710852663173,4.70625399920033,3.48935036826753,4.07414775642955,NA,3.88092966412314,4.31023361092336,3.96354394800327,3.28311073021331,3.73293532044706,3.32331602801983,4.00808637198548,4.58511079172085,3.39859257941294,3.72200919356621,3.82152322674345,NA,3.9100336283607,3.69220529964552,3.73583014020788,3.14390756355309,3.38259342058645,3.51221014559102,3.49832213339382,3.44835488378511,NA,NA,3.38925620853887,3.80411495427039,3.80211562577952,3.55724246581656,3.41569483806974,3.50031217236135,3.65234031459453,3.92467497223481,3.94209750553943,5.14447717967065,4.35759748965917,NA,4.81161368583289,5.7396645290214,4.54879429239263,4.67324794259104,6.34943409678032,7.95900127748322,8.58052815997284,5.78761573988011,6.99764759787372,5.96564420109201,6.10604029376092,6.72010777504963,6.7950253773836,6.01772405830289,5.36733060571071,5.86361900039674,5.36991602004338,6.36772025402131,4.89992031127228,5.48809916548282,4.56315591497639,4.46400951308013,4.60044802122411,3.27983981086877,3.5448677783969,3.30517413955247,3.68475220977559,3.79868149321293,3.89466065325023,3.90784672177949,3.46844442826651,NA,3.29229689632324,3.74691711702063,NA,3.8515666831791,4.21199360268777,3.95327576662766,2.98820583335103,4.07956666921479,3.49252369360334,4.14324966290512,3.96645292907539,NA,4.02904915799265,3.67941249263965,2.8972351322195,4.40002694037046,4.24992319704203,4.27189034232402,4.40605443303324,4.65838968913275,3.9921482181342,2.89511476383325,3.50464635306047,NA,NA,4.18350103825099,4.17302988651262,3.78846558070911,3.71593654889132,2.86233237008653,3.81202709787289,3.93737442182262,4.44924758883102,2.73740324996776,3.55296757011444,3.45498973724095,2.88952181419669,3.46624700585539,3.57794577362446,NA,3.17869011493718,3.64807818749992,3.75310524890094,4.25505592989776,3.29455059783248,3.70908912467138,3.31901154367727,3.61176375955875,NA,3.78892007535724,3.81440789320687,4.29462991786129,3.69626052516184,3.68812447332444,5.77442555255827,4.55247698718403,3.58584161013252,NA,NA,3.68771368199865,3.72882710544161,4.50408138953527,NA,4.7463849491238,4.73981226877973,4.55451880448583,4.24933175404398,4.81396281010894,4.65624371015109,4.65049218703965,3.67046678597854,5.25002216152756,4.97014121514046,6.77756730503488,5.72500867221709,4.65709359208736,5.32446366947792,4.55979884840266,4.32610231415804,4.66777137553051,4.29715668801154,4.59203821654553,4.14517357666168,3.97221848691982,4.0970677601812,4.16409525206886,NA,4.23809468041645,4.01171785973344,3.69988773173456,NA,3.87259588524144,4.11978394277893,3.90742408098551,4.46244546872652,NA,3.70806767461439,4.02928309847972,4.5147806592263,4.24099188792957,4.36865506270672,4.23666267484054,NA,4.75155240920039,3.89151666552671,4.30300079519493,4.10541878139993,3.85965013132588,4.11609025543524,4.07448372299771,3.73311035335356,4.07052781719794,4.25521627652944,4.0229911586787,3.53372693271966,4.1411200927526,4.21175215009989,4.07005544889093,3.90038243167666,3.86210543593146,3.10730501323031,3.58977603677382,3.87384442775749,3.61043733053176,3.78568350670406,3.42743191669661,3.76241360346939,NA,3.49684408701149,2.91292131214543,3.7594305129318,4.11993978390051,5.10032157813271,4.89460139182972,4.11703566056014,3.40077506276288,4.64794400281799,5.3362706570566,5.4260316238686,NA,4.51064735730793,3.37484807743145,4.36719297647742,3.58672215250925,3.99892504120367,3.85123798090098,4.02114414552354,4.06451747599242,3.87583188354083,4.0401471381154,4.37064817160012,4.45769412853945,4.75828270371416,3.96285238145645,3.89763184210787,3.93539026464347,4.46042574060128,3.29799049715093,4.02434096028439,3.61612291472555,5.03777369690589,5.43135158759941,5.10047020625161,3.8707835674096,3.97554896727536,4.05439023497475,4.35703740277286,4.68655932582857,4.61691355209394,4.54132296032347,3.7965272670411,4.30374605105385,4.12346516384927,4.03588978819886,4.38350054343121,4.94326372154284,4.31069993597987,4.62252064350585,5.0658733413488,4.51086345776277,4.58872151617366,4.33124867211131,4.62428982847674,4.45385837271235,4.12959391901898,3.75582959806821,NA,3.50896877210976,4.11715534233023,4.26554725833782,4.03307743048559,4.02955687048015,4.10854493283169,NA,4.80124349622522,4.90472172969513,4.7014595843794,4.44558112692819,4.4694433147769,4.34998614524524,4.4181940707062,3.94058799164936,3.98974986305485,4.0184017165987,3.71811111465353,3.39250214984696,3.49579914863258,3.19261456888407,3.14827204873592,NA,2.44366579902108,NA,3.17048844080002,3.56581548575352,2.84295157727403,2.67048113710436,0,2.53942134863419,2.74616489917073,2.72032402361009,2.52479450873717,2.68159135420127,2.78276594536957,3.37489750331998,2.94629881979976,3.10037210358797,3.49298331779898,3.3411316247189,3.12875299460773,3.25382568974268,4.24982118502411,4.20244722699322,3.87622113556766,3.94744687464186,3.97017282810542,3.47285528329805,3.25914512222951,3.49742255833939,NA,3.70064275677424,NA,6.24774673935133,5.2064228889558,6.58968778666429,6.68249511888714,3.97137771096546,5.58307163091879,NA,3.93856426138591,4.38877893855784,3.84643221167566,3.61125764375843,NA,NA,NA,4.25270483191077,3.99626029401495,3.8572885469901,3.62484217692202,NA,3.40319930744188,4.37982173521052,3.54754824697598,4.00586373849004,4.17584555989171,3.96272451373716,4.02756119583207,3.85363002460833,4.63229565873358,5.28216683826467,4.10127710321361,3.92003672556803,4.42903610330855,NA,3.64987843055388,4.20269739712474,3.89071970999428,NA,3.59498646827723,3.78957355733944,3.44761598336485,3.7119320641227,3.98609321811859,NA,NA,3.84235998719644,4.42945641045872,4.17200451890363,4.2714908999988,4.05920164995022,4.38880365499466,4.0134397211874,3.60056560775925,4.30274438040395,3.91652352340936,3.73663957656869,3.9870229278449,3.67178988930974,3.60906882446681,4.21393684023673,3.63022340324439,3.39171149869079,3.24448812859729,3.19073202019698,3.46888616851914,2.93286505342,2.80275673958763,3.67885411249047,3.03890438992971,2.86472193760604,2.99466995176085,2.82718828794045,2.95942108979857,2.75968672584731,3.27801002005377,3.15837369596631,2.68696444102459,4.22501427952818,3.95379397571112,3.55657711646552,3.63911151117768,3.73213767688607,NA,4.67426775830456,4.33052721733699,4.58430199148174,3.83132431402734,4.06409710964839,NA,4.57505147909354,3.83602478753019,3.80969375345323,4.80697975292471,4.82666898474441,4.69520619394325,3.3406729918041,NA,4.70127890695919,4.74369008089044,4.74314818304706,6.35079633272693,4.08680773586836,4.53026741622276,5.47416597418331,4.61968436409935,6.08979222880553,5.44356328185377,3.21571209006895,4.71687388991917,4.56993728943405,4.35249748950502,4.18705365769555,4.69313141812845,5.24876577536603,4.8485731534608,4.69364626873048,4.61744227503697,4.61627583138963,4.35836137185116,4.06835596707035,3.77795256907849,3.5828458899186,3.68030076276195,3.70824225037849,3.7122227848042,3.35177629089784,3.48640462140804,3.69290758184973,NA,3.60710546198311,3.38475191959519,5.23723020708116,3.63855973028598,3.43392071362903,3.53216475828102,3.48981244697494,3.66135658139157,NA,3.52496891565188,3.99903130661786,NA,3.91412406173756,4.28758768147626,4.08852751557389,3.68289016219031,3.74416359882508,3.84730091671027,3.91526140103675,3.56777608704093,3.46478603273223,3.92831120262554,3.65960088346112,3.33328126306287,3.39621422282228,3.55903051789817,3.05538296530479,3.36467395178806,3.45609379224604,3.8576895342961,4.10117410193397,3.13131292851272,NA,3.63172261301918,3.33056212464749,3.33200651296535,4.72030897197055,5.44100270713036,3.83074123324468,4.44134438337346,4.84180204752679,NA,3.67367718863188,4.49484419879843,4.40974790455621,4.11254038021529,3.66366809054693,NA,4.98622672548563,4.62252137471484,NA,4.17219543486923,3.70176918386539,3.68972597890912,4.24484522520921,3.4250306494613,4.70076103327838,3.91112772732801,3.56896692805622,4.06937938304463,4.378462030278,4.24149601705713,4.35179151670311,4.51590397481752,4.42517476177417,4.4290894693098,3.99873846025261,4.16753668189228,3.88843664808022,4.0321061076282,4.37737951704036,4.47805001390817,5.03720332063789,4.84567276635268,4.17968493142317,4.53123441748851,3.79244876951589,4.54042085713661,4.37197016290074,3.6337361450549,3.89689332446422,3.57499661946765,3.7061410970499,3.91317593097028,3.64158251514578,3.72618617407664,3.21987588314962,3.73915996546222,3.74579494244746,3.49007321472401,NA,3.38663091359228,3.57276575009788,3.75733949767756,3.87386593965785,3.91270521230224,3.60702281864222
NA,NA,4.2655211969905,NA,3.84609261161459,4.21418578415075,3.9697630198627,4.54426730491563,4.77170645934314,3.6689386466834,4.2988447891249,4.58594086495446,3.58007716819305,4.05101819517638,NA,3.8651839350256,4.24529805283433,4.07677217313728,3.63957762707005,3.38441323154787,3.21452665743993,3.96584938020996,4.63333650202926,3.61033257798689,4.0096446036664,3.95161201885571,NA,4.0039979883747,3.84212148696805,3.76081979448277,3.19274956386409,3.61312308972377,3.70186642636631,3.56251278759535,3.50464480860069,NA,NA,3.40708412043898,3.54000080734073,3.55986257884594,3.43601984491349,3.3638170143654,3.43499829830482,3.73907407715318,3.71248499944114,3.88299737158348,5.27320530649494,4.33814187968587,NA,4.75358055648545,5.73704744186113,4.6257185310777,4.69507343910574,6.3549486094901,8.04019697778382,8.59244695593429,5.75299630318905,7.01898812653044,5.88917084212701,6.04340871010894,6.66183673565169,6.72513416527774,5.93795837068989,5.33120982438189,5.82457541963593,5.3388368938767,6.42420013382728,4.97232404528292,5.51217990126562,4.54252325807588,4.56546908116356,4.66116413009218,3.5563642224023,3.90598379295164,3.63039230743846,3.81675766080559,3.86347785085183,4.29918381395711,4.11477778476026,3.79324130161326,NA,3.52836514478672,3.90654406473617,NA,4.09310943922934,4.26312938357062,4.12456761278087,3.24401067765932,4.09566507799882,3.6314111703365,4.25241059628274,3.99720168733043,NA,4.14778376613073,3.91941307114334,3.21267116529738,4.65231653780658,4.51269022540393,4.36289327308101,4.41954373561712,4.77738055894295,4.16468476700979,3.23199911125062,3.7168520957644,NA,NA,4.31185547271146,4.10720205953905,3.78918068491782,3.55484720765606,3.10921910675776,3.85867291707525,4.06367687936331,4.53298217389993,2.91819680512027,3.53857316961785,3.68233300629061,3.06723236950024,3.80285562539677,3.9470363994957,NA,3.73380689069113,3.89918823195782,3.97647967108888,4.56658021008784,3.58215508797529,4.06506826041286,3.59103995766641,3.90814847647514,NA,3.74226573049143,3.85055389908484,4.37537206337768,3.81760887024377,3.69132481664774,5.72302461187705,4.64085518458257,3.66920731032314,NA,NA,3.79949224765314,3.76787481384547,4.47828850810308,NA,4.6369136321475,4.80283337831125,4.70379031231271,4.37777260487991,4.69579117382843,4.71617442073753,4.76131612762781,3.8860994290685,5.3924699396739,4.95791365674416,6.77099739967971,5.80032832053143,4.73968873300734,5.32679821487647,4.63253233312236,4.39777044577655,4.86198635193134,4.48940475456599,4.66915002528218,4.30931324598576,4.12521998763397,4.3012251536055,4.42892824393878,NA,4.36532055044829,4.07206255397964,3.88828137630754,NA,4.22975793767814,4.46565717571047,4.108869666894,4.75387599268467,NA,4.04514118978062,4.10463397459806,4.65062448757338,4.36151184019024,4.80254091473047,4.33769072077179,NA,4.91616545533357,4.0495206154773,4.38484557997522,4.15046143970776,3.90366831590031,4.17460796755884,4.34972316341578,3.93707675365878,4.01931043640005,4.34155512224516,4.16461748706488,3.91227220730278,4.45176291858096,4.39123697095868,4.38027733535641,4.2447909938219,4.44491384665511,3.63790939003141,3.98818669819645,3.93008965282054,3.46582340985664,4.05077404452096,3.62764586527359,3.93170827324578,NA,3.67734096990121,3.07694778706624,3.46732260957929,3.79977145028862,4.61021955782913,4.66451260740044,4.0054737367,3.6374429773665,4.85639616819756,5.26593376874383,5.40515931271853,NA,4.5741840920861,3.59441089116248,4.53100722727594,3.8206882535367,4.15236685849534,4.07872113800696,4.10891051738611,4.150976881089,4.18117865844985,4.19355706032732,4.41920748058763,4.5481489830919,4.79152831254228,4.20597883650496,4.3887584143035,4.19395098480297,4.8134774808062,3.56901900347198,4.11530275695188,3.87444760457215,4.97907110157307,5.31729673809203,5.08566921583763,4.07107559276108,4.24924857863031,4.30639135952895,4.62404889955439,4.67425439266886,4.57583590824138,4.52453799479228,4.03549645762892,4.582926841438,4.36182882129274,4.33666345219176,4.4979157287297,4.9790082596696,4.44903092979633,4.73084138984854,5.22435651146913,4.73692996141671,4.75933956694982,4.41936340225715,4.72357398968337,4.60076669179315,4.33608539303411,4.00876816633409,NA,3.69659546034938,4.32572134343886,4.57035330112648,4.35300035865906,4.24914442198201,4.2215580743242,NA,5.08808465727024,4.89572903763291,4.72095675139984,4.51224488141672,4.55807159560574,4.5185392034592,4.58718239256897,4.02184024636111,4.06797954619398,4.0597385245728,3.91586399710583,4.24223599573499,3.72130669165123,3.1999100536939,3.26051400355305,NA,2.8750103055133,NA,3.20379479443719,3.60070265363094,2.91582456047352,2.64694256635412,2.53942134863419,0,2.15143991991702,2.58523542920202,2.76230691219272,3.19170228277721,2.92079892324402,3.60323221385379,3.14894938280775,3.52552371412201,3.79995249599163,3.55534125847265,3.66858893209695,3.63969907369655,4.44741274053017,4.35942650999843,3.87350291733216,3.95158301017477,4.16587663671888,3.66841394906522,3.35240080760205,3.82970713983504,NA,3.73209963081756,NA,6.22432984092614,5.25992575446743,6.44764247637718,6.66984142919908,4.03735469798928,5.62545492639927,NA,3.4977372865247,4.08454546617267,3.55992556310538,3.52439336890288,NA,NA,NA,3.99725720445354,4.10070596111996,3.8974005599138,3.76271983916972,NA,3.47074088456321,4.48015326348174,3.74886186168911,4.12157297728969,4.26198531392137,4.10093578256843,4.00791801297613,3.66082238076303,4.42340439523004,4.99412246163304,4.09179318774818,3.67507129632099,4.20025645513021,NA,3.67211893487554,4.11917673013751,3.88001994312698,NA,3.63540385171011,3.7970611372501,3.49227978469608,3.84659171590026,4.09751441811075,NA,NA,3.86880968062622,4.36498258861251,4.20857933455649,4.2506320002552,4.05803428338983,4.33565702833624,4.01925673251807,3.58732021170699,4.33705255577876,3.94946079833559,3.78218536155469,4.00241915649281,3.67814402883979,3.90862724279983,4.42265515938893,3.58466762004162,3.37654485289248,3.40176863788882,3.20680738730106,3.42399227925749,2.79870634272031,2.49664380857745,3.59748171108208,2.89299001510814,2.76512445647739,2.84753232467464,2.74555951603082,2.78000663316631,2.61768829342483,3.10585992183542,3.13340814622375,2.63512327921953,4.01149800202498,3.83597489292772,3.23371761068049,3.29693606580329,3.6155083457955,NA,4.49652095767426,4.17768815079842,4.43409294104636,3.51486770396331,3.59911374498805,NA,4.28177436135476,3.66511254664224,3.6018169931401,4.51075447154483,4.75006495539237,4.42325293773401,3.22746658505218,NA,4.44060888190408,4.54066176726701,4.55764657064128,6.0858642904101,3.8523706004011,4.40608664068937,5.41674208722996,4.49016964034359,5.989462739849,5.31843728390298,3.06639920891049,4.61427406595221,4.47566312966843,4.1265340109116,3.96930218431805,4.42704402868773,5.06513030401367,4.69324321452895,4.58780539277179,4.37277008134638,4.25456680372995,4.25593903236784,3.99838491078791,3.64873118925433,3.41402126049445,3.53585681262732,3.50064201671512,3.53970798810288,3.21568380910306,3.36014595842016,3.61085063755331,NA,3.29646247499139,3.15848749995218,4.9488424643395,3.39148273923047,3.27997873627586,3.29684961036617,3.05458573489916,3.44692199061711,NA,3.30320807248292,3.6183956052171,NA,3.53611405978462,3.95201347786124,3.78458210615532,3.56434841804497,3.59471056516003,3.38034587285373,3.37229044295763,3.14029579988962,3.2189715791862,3.24779211841731,3.1852986326762,2.79141145182666,2.85096749473895,2.91892194422089,2.62289528248789,2.90697106165819,2.66220110219101,3.07409915495086,3.2812953176398,2.86674913862581,NA,3.79147148194076,3.30633079393113,3.13570561260151,4.38035847371741,5.25162672830328,3.82020444782353,4.45681985716714,4.77463581142702,NA,3.65764414843821,4.44931906571641,4.4721783256102,4.1039350162608,3.64360345758957,NA,4.8570583841025,4.44889239823889,NA,4.02965400271119,3.62048342866548,3.58890315290733,4.2607698242098,3.1984499105233,4.50868162808358,3.89172335292972,3.41208314992262,3.81150355232057,4.18903454218276,4.06547246695314,4.21606674398887,4.22500742926023,4.07213874659053,4.10053884957626,3.81926979080271,3.94093417283501,3.46506558707589,3.9111080202495,4.08657935214266,4.33268949531265,4.70923742957838,4.69045121314218,4.02278202721005,4.46985360099306,3.64040538547053,4.50695614804013,4.33598731905548,3.62605588790357,3.80832552966777,3.4765949967007,3.53150310988662,3.68991522480598,3.47145497214034,3.5667988961829,3.16980527411329,3.70690540577264,3.70957754107079,3.43196132956532,NA,3.3103084368623,3.4929801099193,3.70265099763414,3.79147760773349,3.79264791857531,3.57425305035759
NA,NA,4.1857479022768,NA,3.76134253045003,4.12107371485601,3.79384760760239,4.74408191814456,5.00742809790413,3.88235624518346,4.74594838298744,4.9031322415302,3.30518902131035,3.93465900211193,NA,3.74790466371535,4.2948130928441,4.09363378586241,3.78862303835915,3.48886866311994,2.92495985042094,3.74312867961141,4.52157518888744,3.23016165342237,3.72686973273128,3.76723535719197,NA,3.73707071841135,3.58844808720179,3.60890117688588,2.98213984368723,3.34865140688216,3.40597162283211,3.35999671074384,3.1735496896646,NA,NA,3.14445698759335,3.21627756710877,3.25844161099429,3.214283215783,3.00314850818618,3.1304481744661,3.60348232202011,3.68571074319115,3.6483285929459,5.10533252873014,4.13108425858035,NA,4.45622330302364,5.53959796210626,4.3749003445304,4.31533365506208,6.07445845552973,7.84753694768702,8.45401377435425,5.591570975297,6.9738962140334,5.83685206478479,5.89658401958938,6.50541018608378,6.61707220182504,5.82681591236266,5.16909931376123,5.66772825563299,5.13723030043805,6.15467600157475,4.66653844027978,5.2626734092436,4.19827558096477,4.13714229741585,4.22851489004997,3.31702066588642,3.69713513030383,3.3856551653178,3.55267432775346,3.54851844848156,3.93400263466268,3.7511998227619,3.51976914519058,NA,3.27991208891876,3.60531619026862,NA,3.84726200250484,4.04852873853197,3.87412763337026,2.98130255602085,3.9237562139466,3.44087775635455,4.00639927735471,3.72610130107989,NA,4.02909755085746,3.68940158326134,2.95203550599457,4.28556838674389,4.27328716156922,4.16328261227156,4.14107549772463,4.6672019931325,3.96508557328001,2.99042739675288,3.53801536500763,NA,NA,3.99297323574485,4.40177969555969,4.08218782449239,3.71146808136168,2.92962450429823,3.66604069810046,3.65430669462826,4.65784164911695,2.83705740186119,3.41420821685566,3.45505516490089,2.76492708835094,3.72784219319008,3.70921046779577,NA,3.48984571642838,3.52617475828124,3.4996302199561,4.01474807506093,3.23017891341364,3.7094638343127,3.28495869543797,3.57478569274553,NA,3.56217645965351,3.79426265153282,4.11296634436493,3.5733744872196,3.44438957037371,5.78250918665177,4.6940906318841,3.53424428423992,NA,NA,3.48537491503224,3.47418027072415,4.11044061982934,NA,4.30897158158213,4.41202133632845,4.35560297691068,3.98909392998577,4.37897896773848,4.31524114594912,4.49395699612737,3.48985697064197,5.3921469632565,4.75250757720255,6.55900378990559,5.59425867086605,4.51802055815756,5.07093800855216,4.26497649517911,4.01895621424932,4.53710104297612,4.18374466476585,4.2814966821734,3.91478169367297,3.69075841424515,4.03928827057933,4.16422950047591,NA,4.02753447989868,3.78156848252641,3.6477040101433,NA,3.75700158013755,3.99461190870762,3.76430466575313,4.35795002303275,NA,3.73537402019145,3.65125384382024,4.15663041069552,4.0298320651384,4.47218132917999,3.97694240995421,NA,4.55959880153775,3.75827793814273,4.06297482028296,3.78458369436764,3.49962040315578,3.76858024243045,3.89372971799318,3.62911756080183,3.67196892027978,4.04181964942215,3.73753936677214,3.49821416413219,4.03014158093774,4.02424016122609,3.94988400490935,3.66080101618368,3.98914885476042,3.15632509920377,3.64553498169439,3.58577908661786,3.05045025932386,3.55280946761537,3.26346533977616,3.5196710182183,NA,3.65495849915351,3.13481660167234,3.41735473932048,3.72763382578654,4.81462004130874,4.78489709497508,4.06832840088037,3.7296214256328,4.72737552873408,5.20588208392585,5.30000155351686,NA,4.24548718255612,3.30560757466587,4.59275376009713,3.5804909548185,3.82648810353968,3.70903699705377,3.80014795400715,3.77478571768111,3.82294415140435,3.86952576362344,4.06528367398779,4.12895823756548,4.48515327855976,3.7212942273224,3.90950787426771,3.82478639773927,4.25700533021746,3.18025367954235,3.6029829745403,3.37832404490079,4.47789403085849,5.08807872206588,4.83203326254425,3.68802519422442,3.68950353723743,3.89836387681922,4.25114499318528,4.33016734253088,4.24973726540402,4.12244383527184,3.7202780631221,4.26893703077314,3.89411958690145,3.87024757496761,4.14346766005635,4.60772755215965,4.04226132415757,4.27855176089862,4.75090944890398,4.3061578005464,4.27136191992668,3.97855942497772,4.27220527984209,4.1875071982965,3.81924860728519,3.62783047788697,NA,3.25388288912808,3.72102015363091,4.02677848930822,3.86700245940945,3.80585517627737,3.86427939480704,NA,4.48758795969216,4.47244129407326,4.28688050981012,4.06668911941896,4.04773199762655,3.99367039926529,4.0139285805648,3.65019142727226,3.64396965543496,3.72260584806032,3.54855272392879,3.78852694898798,3.26424920737764,2.7335407805219,2.71275444909614,NA,2.49876812172262,NA,2.68430112046735,2.90511955725593,2.28208542369548,2.36493467776155,2.74616489917073,2.15143991991702,0,1.779532552887,2.18323001245558,2.64224312982412,2.54820677293571,3.06840621578036,2.81607746555938,3.20658465054278,3.36300448650135,2.99267827762837,3.30641521702608,3.22990386699906,3.89522945408876,3.84543138482017,3.42430024096886,3.68611692459806,3.80963503336048,3.14965195906582,3.02869408082598,3.42097907862692,NA,3.607877544744,NA,6.16458488595426,5.06704635604908,6.32137538438917,6.49755423682126,3.67390796545213,5.35665459400547,NA,3.79043756175504,4.56060378841715,3.59112257945736,3.46655742585816,NA,NA,NA,3.81702102379888,3.99670713089133,3.56693571222054,3.39073444825363,NA,3.16390680241987,4.21609461950589,3.37275439525901,3.82815415742173,3.92733227910057,3.92483153030647,3.89254382200098,3.56516018686975,4.40206348867067,4.84018792528987,3.96421843970246,3.52202420467853,3.88217377484231,NA,3.16209743876382,3.82914888996386,3.41896417081091,NA,3.26017874652157,3.36119645209142,3.18173286769866,3.38961706752311,3.77716923539212,NA,NA,3.48780126159906,3.98352014037861,3.78740034003003,3.66328462802683,3.66192205457821,3.69287285433988,3.4413165453493,3.02372558750077,3.65666094733484,3.59381666841386,3.45079452275456,3.43393652592399,3.5430716994953,3.83514743789074,4.11633402544819,3.3480366794333,3.05094638522279,3.02902796782539,3.15261469977866,3.20589695889197,2.73924027478698,2.71936517151734,3.81759076880648,2.94860455767744,3.0151572699662,2.93453268010909,2.8255119619247,3.18927918005438,2.83992815816741,3.31622204927499,3.0119333490501,2.84711856224327,4.1151883888681,3.4847350291875,2.9707855539047,3.06456788331025,3.58351219992766,NA,4.53648162258181,4.1731658262301,4.53141997692205,3.57070855014008,3.47844343226802,NA,4.2512735353748,3.62882561184003,3.47917513796674,4.39856597334667,4.63625593573366,4.26471741281804,2.86794341350995,NA,4.31251499597264,4.44070493874647,4.34652573357527,6.07467696317004,3.71766157767347,4.21098363214308,5.22258939146075,4.24890182632062,5.90096096906204,5.30965643318778,2.97083940177914,4.52978763525828,4.35356551483108,4.01550891024795,3.92473430915939,4.30240376337452,4.98103289662921,4.56278249187395,4.57288712149867,4.49782432021543,4.12432549068674,3.84408457509164,3.51935026431776,3.29627103451953,3.01531517937967,3.18533423365916,3.14352472985412,3.14252827750369,2.97498594010946,3.0108691505945,3.21659091271929,NA,2.80289838464684,2.74932937662106,5.10844550980294,3.05568014872603,3.05552992888753,2.92376017912815,2.76404328645503,3.09872282409402,NA,3.06273147225822,3.30283958854092,NA,3.35532219851494,3.68179047533055,3.5487211121666,3.46503355384653,3.3726403145385,3.20533492084203,3.2213882042596,3.03765244120057,3.08134992978367,3.37080518388558,3.18254823737404,2.9351330005466,3.21090704145863,3.20439918394454,3.06449354508284,3.44905511245824,3.38210848464742,3.71284886969677,3.57669921616683,3.00242790977173,NA,3.47001593621144,3.76491411805299,3.62870946462297,4.86797917304682,5.68201189072227,4.16798169404833,4.81871558541813,5.08309865604377,NA,3.87234885110809,4.5374511198097,4.56804151258761,4.15623374201067,3.68344615009588,NA,5.05638154550249,4.66799668783773,NA,4.25719374953068,3.62730509462426,3.6385174823291,4.52231284035464,3.61186566136357,4.45617407176653,3.66323157372359,3.33429619410743,3.7397545362647,4.10249756611327,4.04588090783389,4.09726854944596,4.28001989924965,4.13902093251796,4.20095200185546,3.5656859198603,4.16815898528239,3.60150067680648,3.62522615509723,4.2351996454846,4.54790002770882,4.7908286819674,4.51369764883257,3.76246989081946,4.41874564213007,3.61905074044871,4.26808324196673,4.00319423605463,3.32327413256918,3.65300279844329,3.25802311168333,3.2605322620046,3.42825199190841,3.30309514536116,3.26628671552568,3.035554381111,3.42347135858159,3.2683261529877,3.12430072083119,NA,3.07509196020124,3.16745287707028,3.29729381257735,3.35024444549935,3.55395482600155,3.32522183061841
NA,NA,3.9695288528223,NA,3.57091385385776,3.91788864617188,3.61769631001473,4.44385187582502,4.73182492252436,3.40625793903811,4.43807615428018,4.58219732508352,3.09613754230422,3.62298054210372,NA,3.48810179345207,3.95374176071272,3.85861934066785,3.35454723790009,3.40115272747556,2.72307791487129,3.56765754542259,4.28714975245739,3.01968574544878,3.42236078834224,3.55072828769559,NA,3.57047556195377,3.38114866022924,3.48527959173055,2.64801410500557,3.07126302124742,3.22012041784157,3.24133056844778,2.98015920576807,NA,NA,2.9084176003681,2.91806296971869,2.93639964833213,2.86448864020016,2.73895439371589,3.02113906201086,3.21428548957673,3.60161328868651,3.49711840789966,4.86002939501124,3.85996885523173,NA,4.26106672641423,5.36383065132606,4.22294226647963,4.18734541558638,5.91011499633003,7.63006442222808,8.29407147465408,5.41289702725465,6.81585475105481,5.72409381710908,5.76480248804975,6.38849776201254,6.45892038042872,5.61291353041924,4.97649748023101,5.52425066988688,4.98295191632136,5.88363207071299,4.31326661867425,4.81186681505425,3.98070941063422,3.78973617184437,4.04155947415037,2.93713286340281,3.23957926113146,2.94080563556405,3.26596535241813,3.35054849312945,3.63596405128121,3.42552667581869,3.22588968214308,NA,3.00319374299586,3.42970808578852,NA,3.63900565741712,3.93985122163296,3.62946948084238,2.65111600704233,3.73545421274815,3.17556675416626,3.75438260613329,3.56900430551702,NA,3.81728581080702,3.54608931287638,2.61463695881752,4.18677809605934,4.118167173456,3.89093211222584,3.94864136820445,4.3712008859207,3.74806131707986,2.63086604807582,3.27445466904332,NA,NA,3.73461306852097,4.08316520100618,3.7766585506451,3.562202340247,2.54498516659922,3.39116339646619,3.35679048446153,4.40189803491766,2.51938099701145,3.29850498147064,3.12011276234568,2.53555700715147,3.26497447252762,3.25338027908248,NA,2.93720130293609,2.89466733888179,3.08073842882476,3.38888708504158,2.6985975274802,3.19151046054623,2.73663199908188,3.20003211320631,NA,3.30526201002346,3.53801414368049,3.75882871253726,3.22271231515521,3.18688603844188,5.59985829414994,4.36910114042556,3.24508080015896,NA,NA,3.25083911742419,3.25528823340129,3.97301836463384,NA,4.14280563239376,4.14381078191755,4.02765081802216,3.74739549797405,4.17621401447011,4.03980595051419,4.31448298753043,3.30658317712784,5.12495262650944,4.49579408718851,6.35916817136515,5.2081375154305,4.21013720534261,4.77148006005722,3.99371200129299,3.78774452016507,4.20262321691099,3.83687626550396,3.96713918574373,3.52137008874378,3.46357886637701,3.6788045497904,3.71329001634435,NA,3.75989318436513,3.59362465645735,3.25827580402059,NA,3.36277262788802,3.74779858359886,3.54854901912027,4.01480753314505,NA,3.46848469367703,3.4812327009982,4.05728881830111,3.67518040583474,4.1319879156033,3.80893467754142,NA,4.35467101153473,3.43199197415712,3.84188187718687,3.55402536910622,3.26352935811315,3.5997026777568,3.70098066216496,3.39100418557216,3.49830501089933,3.82900535477774,3.60585507163335,3.29496261199534,3.74150559060175,3.85103984334197,3.65842663442374,3.34604109609944,3.68972423349685,2.95041585574086,3.36852144048438,3.32990506636781,2.98138114817482,3.53107342993635,3.03683290656321,3.32560389133269,NA,3.57315315313496,2.99193293285916,3.34776971895316,3.72407273562829,4.84492197054606,4.803200327203,4.00967122466249,3.67664111811151,4.54964137721679,5.14239064700797,5.1347033566816,NA,3.90787851279937,2.97088166390371,4.24082429726424,3.04641389065373,3.29299259807245,3.22918847450993,3.45011934502991,3.38823605876481,3.4673465784559,3.53460031050443,3.73835731207682,3.91114909159294,4.23858933873334,3.46367048225732,3.60917237379987,3.56752495658829,4.01684877719026,3.08979577300193,3.35971446854124,2.91404566547008,4.42015668162047,4.71128718129752,4.61396806068952,3.51710120954794,3.31845559524987,3.63317038371036,3.92326133784296,4.14833382755214,4.06206047095779,3.9792322229004,3.53894992884639,3.95018075897626,3.51837002724152,3.58934759655494,3.794488696863,4.25667951457548,3.67131151860451,3.9474158767513,4.41928076438691,4.0196687086666,4.04900708606277,3.7570213550032,4.04347496918103,3.87416018167436,3.63980584613065,3.31018437398042,NA,3.08073891825412,3.48981541952939,3.86381270789422,3.6065952601869,3.52553478391463,3.55784354552216,NA,4.15792123593689,4.09570863608285,3.83494878042326,3.73164801218215,3.81939771847901,3.79907273967668,3.84725808288142,3.41884143690799,3.37692395657664,3.45279149689546,3.32487100156685,3.68731715780172,3.18514679614468,2.69796369953831,2.59831535312266,NA,2.42512780013193,NA,2.67180758453197,2.78419121760855,2.47198314213408,2.60421923252646,2.72032402361009,2.58523542920202,1.779532552887,0,1.96714819773781,2.32045264450591,2.17805709689778,2.65436065735068,2.35158653928163,2.70435198701265,3.0332679640836,2.4794145200111,2.93991636955597,2.93334045562336,3.31034418403257,3.37147382408104,3.06726672218636,3.34110838660495,3.67329755361897,3.0026472772002,2.6846158382368,2.92592884709882,NA,3.48186009721654,NA,5.94324090362404,4.70811579661867,6.25618525422392,6.23975842354799,3.29529294168559,5.17037612667248,NA,3.66450335665523,4.37130990744035,3.27503244015232,3.21492153690612,NA,NA,NA,3.86820898726883,3.66181447821387,3.40172019887014,3.24639152797763,NA,2.91492832122554,3.77087786766852,3.08834305378763,3.60316710971622,3.49913825605757,3.4754502490846,3.65939650941953,3.58517734583268,4.39391607930758,4.67518130270254,3.62831749158915,3.43634424008183,3.84938346788027,NA,2.97946001693501,3.74111540758494,3.24479847685486,NA,3.17469090827202,3.36437399842936,3.24922980905808,3.39731563335573,3.72470086613777,NA,NA,3.45848546186848,3.98526157458607,3.76785723750496,3.74669248909053,3.76250420095744,3.86058771510365,3.55377993404313,3.04818302476194,3.67058616518663,3.48641249997099,3.38325233645502,3.50567731911957,3.50295090232283,3.54557287077444,3.85632132144589,3.181940874435,2.93050919487101,3.05147882340322,3.23578612604106,3.24381656179226,2.8586805490866,2.78263541752361,3.7021989124353,2.91345664504409,3.05909248297642,2.94401423603577,2.83642653319313,3.13506693725566,2.83744994197311,3.27750689531265,3.16645663539285,2.93322463237099,4.1377131534238,3.51649145234668,3.11199775167306,3.23371081614413,3.60801897192604,NA,4.61058173685328,4.25896142490627,4.52551155920046,3.66978797444147,3.54141889198084,NA,4.15167255289001,3.55261036954039,3.40822478657962,4.31010379536921,4.55103369977943,4.18485477074128,2.90076810474797,NA,4.23890180375567,4.43910919013429,4.28300148312883,6.0015695691834,3.68328159468469,4.13606289310834,5.11480571451155,4.19178927277444,5.71848330392771,5.17250315809472,3.01663135321954,4.39618245650494,4.277190340491,4.03276568345095,3.87499316897738,4.19925621903869,4.95827603216348,4.50281022528026,4.54294305050239,4.49658552658052,4.20863189933301,3.99204567828398,3.68332098188017,3.3567240502732,3.14860705036306,3.16496588515085,3.18554612288812,3.27158719765845,3.03937991632817,3.19146755611673,3.36374086812264,NA,3.01519247808215,2.96723851365213,5.14275490051509,3.25506558060045,3.13422662044586,3.03891325231183,2.93164379896629,3.21650269250057,NA,3.09404139074657,3.47338112370277,NA,3.46660943789796,3.77171235385277,3.6494393899198,3.50839426765172,3.46111183521578,3.27770239996514,3.37088768134711,3.12063855913321,3.11230312758132,3.57678965493056,3.26066558419728,3.08542810133451,3.32474785342615,3.38336323008676,3.27116470389226,3.59104452593683,3.60504802523434,3.80707613249245,3.5532541843198,3.13341498327806,NA,3.36264991486461,3.85003814249727,3.61568572710574,4.74575292409802,5.56308253574056,3.99571442874694,4.67709884382808,4.92247082988034,NA,3.80907994144453,4.44762881085185,4.42423976780409,4.05801096899028,3.626735960668,NA,4.85403607572587,4.53136576845778,NA,4.17620169872239,3.52422508579203,3.4720197475174,4.37231149440964,3.54084153277793,4.458564001418,3.25286033833578,3.20240892752131,3.67774238255605,4.04589119423985,3.90842187134721,3.9848711323356,4.08991337741101,4.02256986284382,4.07236166317403,3.46087552877912,4.0515543451397,3.37095507286713,3.57263076138698,4.22341823885782,4.49723074515017,4.74871454290155,4.52476696774787,3.78302080525343,4.37557578912449,3.54676992298216,4.11931495177587,3.84754953634952,3.25695274594975,3.55602944478795,3.11099157659526,3.11027089536076,3.29047855646303,3.07489129823097,3.20226557954415,2.95226786119426,3.32013606561425,3.21002699031897,3.10127666863684,NA,3.07063880909608,3.13265605957793,3.31498436098896,3.4125270725638,3.4732201924896,3.34250366291328
NA,NA,3.7775200847864,NA,3.30019352122746,3.79516251974693,3.42064674109313,4.3139079310893,4.64372058699961,3.34957352991935,4.23622801752798,4.48728383398418,2.93342535202651,3.75588890968158,NA,3.39362748578402,3.81167244223294,3.50630892314243,3.21585192429102,3.27168835576293,2.74180751274407,3.41494947154163,3.98603774743644,2.59198740624083,3.01419460624129,3.08719410982932,NA,2.94990800876436,2.78875339228826,3.04937406765572,2.39264546071421,2.61965758643924,2.62995309190983,2.71925344980304,2.33629957910271,NA,NA,2.36775127338,2.64491389433951,2.74917668473335,2.55690808740181,2.30125723500434,2.45072569960508,2.87648175154651,3.33608635171627,3.23793457557787,4.67243965415427,3.57534901547195,NA,3.79491362341735,5.13444405736228,3.93930424414893,3.66980201967655,5.59815822555433,7.4037222171413,8.16290634030834,5.14357707386695,6.59086010704083,5.51007452904743,5.59519549977421,6.15759121689396,6.24238438387738,5.3868130589703,4.59645770312733,5.23865987871311,4.66950733175521,5.74529585954107,4.06558295003153,4.70844117508353,3.54745052676331,3.55838576369902,3.6969141734442,2.54079452759895,2.8643893882645,2.53429289758642,2.79066954407657,2.85318809104206,3.12398594490456,3.00108931447103,2.58745318872399,NA,2.49766821912036,2.92948891287862,NA,3.26901531939656,3.41175610926371,3.34026427426167,2.2079471888267,3.38325805832007,2.82833550465694,3.4741852868428,3.19468270821453,NA,3.41245939911361,3.10105559573605,2.19272331824758,3.85810938222783,3.80100776393732,3.73534812217215,3.69677927382792,4.1672989890404,3.44715136441528,2.17813062805193,3.09924420894643,NA,NA,3.6592926731706,4.06336217141397,3.85721315653255,3.58848643588526,2.1942882193175,3.33038964292391,3.2576289269919,4.10183952331045,2.45862769495038,3.04928280012222,2.74868255478468,2.25127691439826,3.03383375655733,3.13370209157859,NA,2.46668450103134,2.91146069097483,2.97076767628084,3.44852994860547,2.41316055161324,2.92303388698744,2.50846946635396,2.82845799028175,NA,3.02334097081894,3.22693905308347,3.45910620230603,2.90177860196531,2.87286680718462,5.44798280886631,4.28381918851552,2.81428755369261,NA,NA,2.61442841439752,2.66418494466014,3.23570191593796,NA,3.57819559780396,3.69079115114774,3.49140097033518,3.1742161276772,3.73142613767207,3.564859409414,3.87030604528813,2.73604235208589,4.71365658413415,4.1020452088358,6.13923440578123,5.0069746562046,3.850229352561,4.44994069063237,3.58151211662141,3.16804877875733,3.66713416439365,3.35216796802724,3.68408014678045,3.08079119945741,2.94447404185408,3.23398724946372,3.31909992197375,NA,3.41814305070923,3.16365895775812,2.99215196643488,NA,3.00634338884368,3.36970083555421,3.14910186149091,3.83744968982165,NA,3.08367526962492,3.12301723746902,3.6644207032332,3.44284248838649,3.84247771194331,3.48141874053391,NA,3.9944787770877,3.31855156188657,3.61262829177103,3.2579539134714,3.02508249512489,3.31370819062394,3.44865126695361,3.06670993246352,3.28778268231003,3.66809101583662,3.33695138846136,2.93506146698839,3.5510983182649,3.51501033390182,3.38890841389339,3.05578402049009,3.39055744643441,2.67511150076637,3.17594666005326,3.25254807513638,2.73411223595921,3.0876473547046,2.68438176178916,3.01066905461727,NA,3.36876062472411,2.85292536091639,3.36773597346541,3.66340877623377,4.65165698104163,4.54869448065458,3.60438813770561,3.1382288020532,4.25443164581767,4.9116641949884,5.05745290957679,NA,3.80759456863536,2.73562516620788,4.04703767535551,2.7516609944782,2.95800100819096,2.87724808892948,3.23337493067033,3.06743176328866,2.9157477366697,2.95362308132047,3.36428709230595,3.42988299694458,3.8556305369829,3.0110862961081,3.17697768663587,3.02374658514058,3.64258410045377,2.42787724903299,3.01291266362274,2.55827424247626,3.79458441988694,4.44258929036568,4.19627719874378,2.77532636907619,2.98003688164641,3.08809191394612,3.55979687321967,3.80023412670311,3.65036649098256,3.52311135494877,2.99274343125942,3.62166383297742,3.2387259483758,3.09395689778685,3.34264409398215,3.92823895533597,3.36218605671969,3.73384191067316,4.25489895162461,3.6219618052873,3.66063846174396,3.54835682796074,3.86557790586049,3.8365039971176,3.39647818983269,3.18599089308466,NA,2.87006422431604,3.26447102015798,3.53473462334523,3.42053902002721,3.4220831891626,3.52359830324869,NA,4.08783816442138,4.27265565352712,4.06377752557499,3.6864555675884,3.74453820538296,3.56334259618124,3.62121747537338,3.17938818478832,3.27237145439952,3.31786262250139,3.09498758839741,3.16836949119263,3.03078112501439,2.51431361073752,2.12363396008177,NA,1.79561514706974,NA,2.75629787163673,2.80662329810837,2.08996369533573,2.35912402620568,2.52479450873717,2.76230691219272,2.18323001245558,1.96714819773781,0,1.11030421675471,1.67151010607415,2.11793829525614,2.02902029062008,2.2774723781745,2.58445497591667,2.33812181019754,2.66326273457168,2.43570439061502,3.11783763707736,3.12506316663599,2.73810223038781,3.10408927301446,3.33633733814709,2.70766103232439,2.0961415815392,2.62457452281173,NA,2.99779553474949,NA,5.81098490688937,4.66341197734266,5.98947457625639,6.03146964545501,2.94021938875824,4.72142796492268,NA,3.50341734475419,4.33664752677065,3.26667391094009,2.9190992871201,NA,NA,NA,3.23761216234351,3.35241111353253,2.8405924798524,2.7270034668448,NA,2.47730269875684,3.48906162095439,2.60031718213076,3.03201680611138,3.22957903714525,3.31603986520394,3.4473403908077,3.13177934291719,4.11952949542049,4.55206104349839,3.63826943056347,3.2501456132691,3.34400552473337,NA,2.67235217897277,3.66090880292844,2.74356872124227,NA,2.72525465530496,2.82348269421494,2.94657737591541,3.10836161582342,3.46839205285216,NA,NA,3.26212474030359,3.70946469630835,3.53891469351267,3.47897173489989,3.45013728092809,3.61720553173532,3.30612845798447,2.87565503245093,3.31824971992304,3.19548669569435,3.12146623058752,3.18210045676804,3.26990674745417,3.26326933378913,3.6439839879069,3.07833787120695,2.69277200280242,2.62868392475456,2.97881971597906,3.04039716419227,2.60233032882936,2.64630129615599,3.55772730192767,2.90092482984622,2.96941033132098,3.02317755794833,2.83032256808635,3.14825209146823,2.79668438514516,3.30844344518047,2.97186752809537,2.73914170823347,4.00657424248728,3.24168969919457,2.50959328699533,2.67838264190773,3.18902604491165,NA,4.24977331740508,3.98750454488451,4.4287035324096,3.4728512251231,3.22090559781851,NA,3.85959644056168,3.17679545548604,3.0448401923764,3.94956271914142,4.13674261291985,3.77251747113961,2.27158017714738,NA,3.99877906910313,4.18043423380759,3.83466636737922,5.80306516924817,3.38144917522431,3.70919096663894,4.75762460734879,3.73385463140949,5.47513922042858,4.8592971642446,2.44126257065485,4.0257406198473,3.83982787714386,3.6964608080037,3.56890918781085,3.98655083074584,4.69028265348386,4.19236972688646,4.27154301383421,4.37366521955203,4.06346487516415,3.53490080415483,3.18714348192945,2.82145461345886,2.75033661849181,2.82226089251417,2.94303143255156,2.84067299962487,2.7117656591385,2.74159299380316,2.92454537334636,NA,2.73165312185194,2.66845243958695,5.08780494410284,2.95587443299858,2.73147110470549,2.79733945307958,2.82696041318819,2.7794111967671,NA,2.74978491902658,3.24609408830143,NA,3.09957035150512,3.39430492194495,3.29027325701826,3.09994801738968,3.06593344673239,3.17561190532534,3.1791421439217,2.90853267224761,2.70506494133983,3.52915249720519,3.12913230857337,2.99956487739811,3.32133171016275,3.38756471991085,3.19762445062297,3.52767088120237,3.60868960468025,3.91014253978289,3.88497831504834,3.02017710642071,NA,3.12957531339272,3.73203240731454,3.52337668828074,4.57064367097405,5.32372766775935,3.75246730663404,4.51966346527011,4.66599026858903,NA,3.36228465177429,3.96392267615738,4.05583736451145,3.63992947970952,3.01841878561967,NA,4.42779931626186,4.06022098291114,NA,3.77420263268856,3.13211199891142,3.11759083118716,4.00431426179446,3.14584429132493,4.07767493047944,3.18682389882474,2.90752662575294,3.5478319078204,3.86728012867832,3.55446668484451,3.70984922778777,3.80314473194535,3.61929064992125,3.71086626402386,2.94070174360674,3.78074538974174,3.12134105326362,3.071747409042,3.9992959124213,4.24014614935072,4.43789543777975,4.05395665260521,3.25463816901569,4.05609891173397,3.09438832970071,3.73108699823994,3.32056160263395,2.62816621220285,3.06720378738191,2.6156516765486,2.62964559261429,2.84800749419526,2.67560489683588,2.85561632179175,2.51392950113516,2.89788479366139,2.73571812488609,2.63100656831012,NA,2.59281878708522,2.72353136935487,2.8073512163315,2.91668271338479,3.01844934618233,2.80477554827053
NA,NA,3.84038242259688,NA,3.37541070608961,3.8852852615308,3.48708799289843,4.43826093751668,4.74772174883013,3.33530624766493,4.30777789886253,4.54734616399308,2.96515626038924,3.8450891886029,NA,3.36801991158041,3.9236859128647,3.63708527750219,3.25608458845976,3.3183329053157,2.73031301268224,3.46186506709387,3.99836924215697,2.68742925689161,3.0657945942561,3.24591872330074,NA,2.98289257943708,2.8247975593486,3.14121514797432,2.53829631860628,2.72656059977838,2.75568776914358,2.92149460782919,2.44071841269181,NA,NA,2.46518444743029,2.82119899969788,2.84159976327746,2.61244651890774,2.329543930348,2.52975588930639,2.73890790136833,3.29848323029455,3.21206339123265,4.58679743329892,3.44624460672323,NA,3.59611269890061,5.02490941595871,3.90451640927219,3.62315828657852,5.42842898317185,7.27749718870124,8.10065263076827,5.03924355701593,6.52751612484443,5.49943292127489,5.55669780264747,6.12555463259669,6.22640948620134,5.37088760643248,4.5437551128569,5.19186526369979,4.55470471708085,5.69420546986604,3.93241752420087,4.5812711344284,3.44541624358473,3.38265870673674,3.64399329085271,2.51563803876174,2.6635379175009,2.37737476431337,2.69235243104565,2.83167433965911,2.96454252591698,2.91151422596171,2.44442638204883,NA,2.4464456434361,2.91117133740101,NA,3.24108620136953,3.43993854959224,3.27569666652254,2.16237882545765,3.4484752917672,2.82920206283927,3.47459661034267,3.23451660700811,NA,3.3597362687562,3.10922608050925,2.17778521790047,3.8604920977358,3.80529607955287,3.77301956518786,3.80067521151138,4.18401015938948,3.44270893972397,2.16792047027133,3.13326979091804,NA,NA,3.71792379986266,4.23077646509152,3.98673634962508,3.66376227675882,2.1757432911136,3.4431175121064,3.43948217900541,4.21422461284582,2.60523396788027,3.33211809320751,2.82338100748526,2.53930543992037,3.09701652772589,3.25403267854368,NA,2.32506765474539,2.73124986445573,2.95935671433553,3.30839420303757,2.32260672853102,2.68933409073806,2.38266801232924,2.62341260768367,NA,2.92700191286335,3.1570890787683,3.32579311922942,2.88348997139415,2.82260734245033,5.51525174279124,4.31678582036577,2.73328841873453,NA,NA,2.49116069810104,2.61081552401561,3.08612703422933,NA,3.46191587131473,3.49026854188261,3.22674542464093,2.89890716893601,3.61210076689503,3.35358921206106,3.70756100402191,2.62858285999586,4.54123447706287,3.89250339083844,6.00727338966234,4.86427848325269,3.61319706508334,4.26118071628271,3.44795192292109,2.97938836046288,3.39579805556906,3.18601824862797,3.5618005728539,2.8302566679818,2.7812597186878,3.07436251857761,3.1285480068538,NA,3.31003283850947,3.14764582138698,2.86985668800424,NA,2.79994058472214,3.26321235203065,3.04145718737637,3.72360096792978,NA,3.03633000629729,3.09918561018466,3.59237767440819,3.40117844710249,3.70764579170391,3.4076638472706,NA,3.95651973796761,3.31126926054292,3.56090888589838,3.28758923326999,3.06792430872051,3.33100748200079,3.44845497298931,3.09235489192963,3.34694641171487,3.70625178499806,3.34732519050016,2.95159446009224,3.60889321070971,3.4666403538781,3.42178787034932,2.9426261778683,3.31964694886188,2.72931252025414,3.17416007230422,3.28780870072562,2.79286486986297,3.00978738667563,2.66277911495148,3.06025733707275,NA,3.4180221932023,3.00098708551586,3.56069961274045,3.91611982553651,4.75035284405367,4.64587689722981,3.70864117933585,3.28243824093443,4.23740507890446,4.9685833580574,5.13806841972831,NA,3.70032389827846,2.69221624016777,3.88050403579634,2.53869309470525,2.67110733186028,2.56489414928304,3.06582925585463,2.85372746247955,2.54572617556526,2.61601354280319,3.03836913841594,3.19220169310812,3.59790823501345,2.89258316669914,3.01379455641181,2.8321874450087,3.57531846062412,2.45440502472318,2.89382564705113,2.62777082147338,3.74566129483801,4.29854760830425,4.08534247365421,2.72444767635905,2.792171673475,2.96822190728224,3.25368206298321,3.60397705535586,3.53863293462767,3.45971619722692,2.8995929709741,3.37222442120081,2.99106490532528,2.80381660821681,3.17243595006323,3.81254906913093,3.23776628476853,3.56063779975281,4.03584334365388,3.49507472474729,3.63387777406769,3.50406208769226,3.82499889191834,3.78487103368938,3.35839675473314,3.1014400837848,NA,2.98235895788136,3.22610992014955,3.39472677465734,3.42022712600628,3.4411256938149,3.52888441824209,NA,4.02188584707327,4.23253030352347,3.99875008117374,3.68763684818828,3.81300338004048,3.51394254087137,3.55175747335877,3.18323631037309,3.24734132009112,3.38416717468153,3.21468267828345,3.38507248793758,3.1274425886701,2.67219111015158,2.32125831450393,NA,2.05812852911922,NA,2.97871867273089,2.9356300250327,2.42581704677417,2.7198885721807,2.68159135420127,3.19170228277721,2.64224312982412,2.32045264450591,1.11030421675471,0,1.5769803592055,2.04352930025515,1.93792735533537,2.01787560571493,2.26743120435381,2.1404883934126,2.50038213158374,2.2423112885953,2.94927813996978,2.9990460194244,2.51106824788531,2.96660000317461,3.07404098867988,2.64440992225759,2.05230259346672,2.34840838798439,NA,2.8933267905327,NA,5.64511753503676,4.42929920825342,5.88424194111373,5.83807982777797,2.73613791652388,4.46632796586173,NA,3.70067045126129,4.45046625612205,3.28730007457517,2.94118094658667,NA,NA,NA,3.16267005101778,3.21385487084765,2.74281376346643,2.50910425508695,NA,2.47740661198234,3.40112004386906,2.50109504635321,2.9293488517664,3.04443579689448,3.1991343234112,3.40041835040876,3.18336338052247,4.13386423966956,4.64442080082447,3.61980852673036,3.31483245356311,3.53572871917797,NA,2.7845833191068,3.61264112862752,2.84252500049135,NA,2.90416180201642,3.05573556687737,3.08986512202482,3.24104647647689,3.62158241902012,NA,NA,3.42322331220077,3.90448034142582,3.72938474686527,3.67928481240497,3.65409914755321,3.80780583950817,3.48252199673141,3.05586312078156,3.36640485670825,3.31353449398482,3.27881896194784,3.37087593390151,3.51243599018754,3.37435358480126,3.75373199792241,3.2304238234209,2.96239853761822,2.87780431538232,3.23536400305615,3.33437944364243,3.00465718440119,3.00163563007598,3.74323726752297,3.10017746324095,3.2079936734376,3.23795042139389,3.11436554024221,3.41500490402723,3.07269292632609,3.57891443882532,3.14141213456219,3.01558458856041,4.10038365410473,3.28051542786215,2.63276211704653,2.72200443553837,3.2979427124684,NA,4.33121761754576,4.07252246507514,4.48256513713739,3.57897159465137,3.28680987146756,NA,3.86073734958754,3.21481788447609,3.10220792376897,3.94277237507644,4.11860118827267,3.75021392618543,2.31154485155868,NA,3.93610347700183,4.1956114583996,3.75957314459562,5.75706928272149,3.43729996380568,3.67262446646059,4.73265252694189,3.69234449904018,5.46306436699631,4.84285771188051,2.63323634017585,4.07065913008887,3.86242769658638,3.7393516146954,3.62977562117988,4.04584634465757,4.74471005175351,4.25739171467203,4.34376222634249,4.49211922371445,4.16680417925027,3.72872323012498,3.36043214225753,2.93068868134478,2.91976479704638,2.92990988671987,3.10289266615183,3.01807317647165,2.90929401008083,2.94952154609923,3.09078073830602,NA,2.95701858242826,2.97458700448365,5.20042600584496,3.21852793900399,2.99001202208486,3.07493782619077,3.13346663064103,3.04400634756355,NA,3.03551556189927,3.54446033657241,NA,3.42148484663716,3.65463465715752,3.56537730473549,3.39927328034051,3.39962318063728,3.48818855689196,3.50946606461973,3.21158924783781,2.97304564157058,3.79378812047613,3.45630176221713,3.27814582935865,3.60956426816113,3.71331960638098,3.44158400780356,3.74131723666402,3.88667102494956,4.17720020245732,4.16359309329855,3.35905152756661,NA,3.27198216527105,3.96893224311846,3.69014145132091,4.80046515321114,5.5687492745679,3.93562103732633,4.67952422926081,4.86057933626273,NA,3.49423223045757,4.04989802761708,4.18117294160471,3.78276554228486,3.15106777077666,NA,4.44856310168059,4.06142584635584,NA,3.9457275540748,3.26756325111647,3.21949021682886,4.11300028444596,3.34791433237817,4.17148856176983,3.16623538529963,2.98329826274828,3.59544126270725,3.91472185930457,3.55977493203071,3.77667399199236,3.84208539419654,3.62547389032446,3.72935703085901,2.90335664246165,3.91135068345065,3.23923841964134,3.06322375309779,4.09438492971682,4.35590328310549,4.4726871276357,4.0944765649245,3.2938874534826,4.14048409936524,3.18748640054378,3.70613050043047,3.37550864068752,2.73566603747319,3.21467004553717,2.74147465926414,2.72805373266771,2.91841943652852,2.79609360963962,3.04937723681052,2.77520929672165,3.09140958240579,2.77895118880921,2.80411363493329,NA,2.78496777207627,2.92992979819834,2.99136315161983,3.09951342878226,3.15423735667416,2.92783885492806
NA,NA,3.51597333098273,NA,3.13056229513009,3.55446969985501,3.24598035920498,4.0948231942091,4.39482853471216,3.09077742113625,4.07230075947271,4.28052570923042,2.80218596396769,3.491130548544,NA,3.17914474392103,3.52376224391096,3.41765911612507,3.17802639169417,3.26750949880447,2.63716468851421,3.34689385457849,3.81884033431911,2.21119281711396,2.69123883878697,3.01151813015661,NA,2.50713618691488,2.3189976351066,2.75996335492417,2.11541795889851,2.26866277256107,2.3795825205112,2.40781478203695,2.05044321218009,NA,NA,2.01451741457312,2.4590771138869,2.49901036892326,2.27979918987538,2.08881929124169,2.32341429389348,2.72624188068879,3.05336673442246,3.11456086789078,4.55995003367372,3.41203121393824,NA,3.63957280098519,4.9682731114112,3.8262409617982,3.60759606993734,5.48630902317909,7.31582762977486,8.05018730116496,5.07134157137127,6.46428481609502,5.3864023012425,5.42097100582601,6.02951095924578,6.14843401768585,5.26927341298166,4.47968013281112,5.00974250049902,4.61050522496218,5.68553776072765,3.94095942926625,4.53330181830271,3.38487117592053,3.47001042727217,3.67857091108069,2.44547892195113,2.71234408577087,2.3050414271865,2.6633983702071,2.77931287262733,2.92025217452534,2.91269778064968,2.52697799659978,NA,2.34271142102929,2.83370300380781,NA,3.10858408041135,3.30363748473792,3.06982225537025,2.013243492159,3.21975051690964,2.64975690257573,3.30172402627706,3.04900966795458,NA,3.14508766636236,2.91013496660819,2.02391045855075,3.79349404469616,3.65672597501227,3.52011305794597,3.54699762416803,3.83371722765066,3.28201725130561,2.14710295202564,2.90469906985924,NA,NA,3.45340090219683,3.93080861842627,3.70166174634684,3.3981829695918,2.0356529186249,3.14645987416508,3.26713178333207,4.08629969187603,2.41265542276077,3.0946683171011,2.79245577279763,2.33915276511431,2.9199365896038,3.07834528904323,NA,2.36127945981625,2.5910970437923,2.61853165353707,3.14436817058056,2.11410642965037,2.53730352012487,2.29874389035763,2.43786970465481,NA,2.91614375082961,3.09981518847063,3.34491631209111,2.89557643832844,2.80232795661937,5.34184908884617,4.14444008584089,2.66511198411083,NA,NA,2.51806972261839,2.55627452165283,3.18260179864096,NA,3.55829675900651,3.68417885282847,3.47536157145125,3.11868279133003,3.61973105721962,3.57400332236672,3.92681720709755,2.63088768367841,4.44990431699826,3.95078658289291,6.1127474129525,4.98841714561996,3.73310122916771,4.34887755220443,3.48061833549056,3.07170385526562,3.50467239409238,3.24709652491988,3.61050024303854,2.8502302968634,2.91309537606845,3.1107840835544,3.15503679664861,NA,3.37095407619382,3.02600330628707,2.8563745491228,NA,2.71386629380988,3.08876809784677,2.87605590293742,3.45579601561246,NA,2.97238971214752,3.05642763630387,3.47364240058419,3.29335282151163,3.67322304653751,3.17161659414803,NA,3.66352296211672,3.05790637995051,3.28974812064682,3.06392535161438,2.86127763410134,3.20696817396988,3.32476003190034,2.94656313054283,3.16217699099943,3.46535030578805,3.21257797898036,2.87817776207294,3.50723242778346,3.41222954523296,3.37716485880714,2.97529341108742,3.44577116390221,2.75748387985936,3.30789685526068,3.23679034644065,2.68013335465058,3.19384447562975,2.58467803528369,2.83818603991703,NA,3.36761795452819,2.78144003008835,3.31954333684539,3.63044682445217,4.56418381101899,4.41315266729808,3.45007476135893,3.11694644203217,4.24225784932361,4.82351556046467,4.80906846127425,NA,3.56938436275724,2.5128363394041,3.92322209543247,2.75052215566871,2.91664801145383,2.71590372111431,3.11445922503329,2.93208338011418,2.90062527057035,2.88098637570708,3.23896754495187,3.45637509567695,3.7650823053621,2.68279397653699,3.21445073496395,3.2211440328882,3.50873378681953,2.54041550630167,3.15070381512802,2.4949865471953,3.80438223615053,4.27925810162948,4.1471588983673,2.63434321883871,2.67793345132765,3.03898331355601,3.36042254660201,3.51481552294132,3.47788865642474,3.46633461809959,2.89764421126674,3.44383408843928,3.06416223161493,2.78097680631401,3.13241349493045,3.75833223480132,3.26449253116706,3.60425876363428,3.8167204871793,3.3678711461256,3.51225182982262,3.29398972872108,3.5963918043158,3.44568823879518,3.07268883654478,2.72649650176953,NA,2.70761492309058,3.11040890523353,3.28989537525552,3.23765401762124,3.16465927021457,3.16372204406229,NA,3.79680149482132,3.92321983575777,3.65282838111567,3.38474203940147,3.51725533881389,3.25318562804793,3.37290370461692,2.88183771993101,3.00060497189944,3.03534633647796,2.85172480881569,3.3122799369254,2.82173562296091,2.34553982160666,1.99789255875481,NA,1.8828005185237,NA,2.68009986167601,2.82353356472702,2.34451272229409,2.45533597827618,2.78276594536957,2.92079892324402,2.54820677293571,2.17805709689778,1.67151010607415,1.5769803592055,0,1.80495265426088,1.48836658993066,1.99328295886054,2.39347600986451,2.01345320006772,2.42551117628923,1.99493914098185,2.83599351219186,2.96571074257271,2.47643522803,2.81882748806759,3.07063000342624,2.53503681739539,2.01945771272146,2.55214176886815,NA,2.75302325893076,NA,5.50244670149586,4.34376163039255,5.83639895120264,5.90582108578289,2.67637923580991,4.51107126272228,NA,3.30228863152339,4.10703161598344,3.07458506366268,2.7500943102469,NA,NA,NA,3.05567406839981,3.00441488313858,2.62978025701454,2.42902051382342,NA,2.31704369188955,3.21856068322088,2.33004346250075,2.78727471608743,2.85884218413288,2.95571637419455,3.28311322188815,3.08307057138903,4.09112784604252,4.51430631431346,3.43389053961849,3.24829720306717,3.46582749218416,NA,2.40224511963074,3.35126346236772,2.72328208326489,NA,2.59158754193794,2.88204303184918,2.74253559532263,2.92267055110438,3.26699333998762,NA,NA,2.99181424114885,3.50520645108469,3.3354006088976,3.34197505092981,3.26883983600573,3.51984423839057,3.2396197445184,2.79089679374079,3.21602279542396,3.05125623082242,2.94431387185456,3.16143498210079,3.11256734054506,3.04502515014819,3.5579824756756,2.85388015333278,2.63516735026862,2.61939958417272,2.88199900023586,3.1458908298554,2.76018217966347,2.74186575767154,3.43632450790313,2.91527726959636,2.98843242998258,3.0164388150606,2.78644800375552,3.01021875269493,2.8068168933466,3.27554829184248,3.08238407443732,2.86775894962332,3.80498533411659,3.19642271822202,2.4360571555137,2.48206990514234,3.08878519845844,NA,4.05859321484585,3.91251760193026,4.24758354820869,3.32249210941577,3.14937622165588,NA,3.69707457347075,3.06655102961906,2.92900637157783,3.97070670050382,4.05102537181115,3.74551915315587,2.31661055841746,NA,3.8662490548265,4.05693612715703,3.79752333498803,5.7369002561523,3.45624669110661,3.61711333165886,4.75167250308502,3.67053113672567,5.37574580010728,4.7294762612882,2.42203681085687,3.98513965901835,3.73072661218322,3.55658911151262,3.39839148752153,3.84795445990161,4.60201600627668,4.10497891629647,4.12474846999265,4.25728560420404,4.00203024360585,3.71692580248163,3.42089757213768,2.83783975989156,2.72632598403629,2.70700961417777,2.81441096910284,2.79739588855005,2.5674897768172,2.63058822553671,2.89650473806565,NA,2.63542819729638,2.5876618133078,4.9585892840825,2.80398514882057,2.58418545391368,2.71868800263864,2.76007277337386,2.67744529187333,NA,2.68752336423063,3.1924426024205,NA,2.98968151219898,3.27695133050244,3.11730532574358,2.94490233192953,2.92160664103862,3.04245507037604,3.01187847649438,2.76213254197438,2.59933400160233,3.42320248719975,3.12694836304052,2.85571477606708,3.20453969608989,3.32582789962768,3.07597776479051,3.41078700597293,3.58852511284472,3.83548795412097,3.77287349734481,3.02027524824827,NA,2.73111175051093,3.50050795459226,3.29998853547102,4.46768671972767,5.26319387486852,3.58131610388787,4.38068767900899,4.49894318044834,NA,3.1792540216666,3.84130198351025,3.90925492594915,3.52997634536042,2.96452246315001,NA,4.27389495662492,3.89376628712573,NA,3.68308413781584,3.14203725662785,3.09504272015268,3.91794856857369,3.17039805264761,4.05531534446912,3.12180166117226,2.84994232843021,3.50090081549659,3.79648586047715,3.46015138554907,3.57588756123376,3.65343286340581,3.41793358586626,3.46708092205513,2.69410102130801,3.50572938004551,2.94117451963045,2.94859272669798,3.89113621566636,4.11141143184581,4.31678963647864,4.07682528018838,3.28873079670036,3.88180736977322,2.96253028850857,3.68494651237574,3.29330037740413,2.62165111064834,3.08091897826701,2.60266800294642,2.61404862249254,2.81608463282846,2.49215595526836,2.69660119427761,2.36563136338191,2.75812817309469,2.63903019440592,2.44670544438674,NA,2.38220948507536,2.55111561956135,2.68600487068608,2.82982012492223,2.84556988612834,2.57314133654323
NA,NA,3.89975861747036,NA,3.3871288733926,3.89035394978645,3.44748510873415,4.53584098405165,4.85173605071982,3.61726288349428,4.67749862195772,4.89314835108167,3.07523430029897,3.82736516184453,NA,3.39387753448512,4.28359785498833,3.90098277031813,3.7027042551993,3.92087947780972,3.18702647154796,3.78469737470606,4.36217142469021,2.82511194375747,3.45744669748848,3.55272193117264,NA,3.28270556181816,2.95889871635202,3.53451806638033,2.72503173313978,2.79455192574306,2.78270677592918,3.07129800144828,2.833552204674,NA,NA,2.72666810673796,2.94186522486391,3.06469369755819,2.97825883038538,2.84170823031745,3.02467098468966,3.08647579534125,3.77458342699784,3.64454655821261,4.87734167800488,3.71059509708165,NA,3.85282913207676,5.22815666007469,4.21793657373897,3.86423917138143,5.7058122149524,7.42746545341993,8.27609194608904,5.3500088134807,6.74667121318331,5.75323160834768,5.78406166000669,6.41846792091428,6.5123206672279,5.67263470323368,4.90105067026987,5.4924573342045,4.82167865079501,5.7534712239484,4.01794577561068,4.78941269104098,3.63754610851352,3.57970017852662,3.66931290947025,2.51112482591624,2.78577655934263,2.47450181749943,2.81881542187362,2.96918984732854,3.11088210599262,2.88563682923029,2.56685052863106,NA,2.46242497576773,2.93628395725094,NA,3.10457373718185,3.40513862898205,3.14856445355759,2.31046795315944,3.39020566273168,2.81771735814204,3.35031596811624,3.11421097290821,NA,3.4305660667091,3.00789345736952,2.38422492879615,3.75367463037485,3.73976686034142,3.66066687008997,3.53872792361469,4.29249729501574,3.46560549298881,2.5577780347516,3.18554398587386,NA,NA,3.45932558911527,4.26526649635999,4.32347305902552,3.92460707412901,2.61706480133052,3.48788737194776,3.48621940514609,4.65084437167631,2.88730813446958,3.60103833805823,3.21410162584176,2.7522746540241,3.56635157770012,3.56037775521356,NA,2.32255997616032,2.92927537353881,3.04255693183277,3.00197416362461,2.18425160176758,3.06370908212154,2.8133922044203,2.88147200050251,NA,3.74722656151595,3.84796934514918,3.66018945986133,3.26828901481007,3.39405698618152,5.9479208438731,4.75002939687082,3.02771319933005,NA,NA,2.78724501706782,2.97462341481592,3.31697714533908,NA,3.89013584314232,3.83406037112548,3.53358846683695,3.23178529163647,3.91984294994127,3.75753178658283,4.04218370877598,2.9428781727796,4.93876549872657,4.20178680626891,6.37685757912104,5.25115685247473,4.04211292847906,4.4447177506692,3.55793442049641,3.31019743365371,3.51218467572368,3.20580598201567,3.65636373527914,2.89742604351187,3.06621219142881,3.06294058685489,3.14407247394636,NA,3.54464731285455,3.27345868520374,3.05706168581031,NA,2.7232360570707,3.0186027703461,3.03891042447731,3.55553354954826,NA,2.97878540154996,3.19057799942471,3.49476413037592,3.25865317022507,3.55843080310065,3.38923212947516,NA,4.02801257931786,2.97855515939299,3.417807448437,3.00339770681286,2.96364918983602,3.35166331783166,3.45354445429566,2.97689911284421,3.19282650266247,3.40484581018452,3.27675087215988,2.96105066828455,3.35734589082734,3.20977073984308,3.06521984767354,2.95644637773441,3.2572483586866,2.93997909508377,3.24277030381658,3.31631519626182,3.07705796214849,3.2070578834332,2.6522362646671,2.87427157035129,NA,3.83671125786593,3.40292450202002,3.98029020933091,4.26348698216389,5.28208901503389,5.13556901549255,4.11260843248421,3.74615175061146,4.78188380349722,5.51751884453351,5.49465232017349,NA,4.04350472120458,2.69185270987148,4.31878009942011,2.91487350153587,3.04040332739903,3.09082050560995,3.56426265442977,3.28169893953665,3.07431964139469,3.14422703771937,3.44544545173114,3.54545154326915,3.97465418089362,2.49813184133936,2.84698852526599,3.15272326503376,3.32192634601535,2.46267409762186,3.17142744242452,2.43539369084486,3.82792922352125,4.34918406206292,4.2879049946442,2.73413977117142,2.60121488502423,2.97773255229129,3.5862926965116,3.84673231162605,3.64625424326341,3.65442392731759,2.88374255864877,3.52285869446313,3.29023034640838,3.06351596458709,3.25239333938372,3.78807920216206,3.26533687223516,3.61862918388757,4.09963819107161,3.2435767746315,3.37360464331546,3.46239671120632,3.56501018933924,3.43915262582694,3.11907211364839,2.87843635434494,NA,2.6453347245416,2.98823719267184,3.22228498033851,3.00004394010263,3.11193716042019,3.37928097926745,NA,3.85085224834858,4.05869373298735,3.8088498625725,3.3162820448374,3.59546171082654,3.190387550006,3.37952953381899,3.00241509476159,2.96788587198024,3.18577913479194,2.84566248341181,3.15395015800288,3.14972532652063,2.78466148723776,2.16307858370613,NA,2.2664552923631,NA,3.05599738246704,2.65582505630643,2.92629850485958,3.12243726167155,3.37489750331998,3.60323221385379,3.06840621578036,2.65436065735068,2.11793829525614,2.04352930025515,1.80495265426088,0,1.16715789944194,2.11266324285218,3.0479354621093,2.32441335888419,2.92450002187235,2.41610898519049,2.87904747170505,2.95181961074029,2.8931131043915,3.56039917255902,3.59416650750868,3.05437860511745,2.41623311926862,2.59169399989647,NA,3.3036052877986,NA,5.71512663762034,4.63423470300923,6.11159716125013,6.22631196136834,2.99769826009814,4.6230459198661,NA,3.8198107966245,4.75530899607384,3.60592194667887,3.3176603099848,NA,NA,NA,3.79259418580638,3.43413703327981,2.97454314723684,2.87652731303055,NA,2.73154115550767,3.75356368615266,2.82022356151932,3.13131353004341,3.13221951286379,3.53404753495465,3.74408205466973,3.66283287940687,4.62281107840681,4.84374243569444,3.74999455446589,3.72626010919844,3.95576837910684,NA,2.79725324116213,3.9709830949766,2.89793150494082,NA,2.92763515451611,3.07903097732572,3.04449067212007,3.07104699118843,3.31955609845547,NA,NA,3.15745959132371,3.59320333266932,3.37445956095914,3.3615844131928,3.4184932614932,3.67567997270328,3.42440765613333,3.07475434042947,3.19659137103493,3.17864694369517,3.11429546183646,3.27049740551577,3.4073803977255,3.43162071749016,3.62569779916566,3.3354376363524,3.15650179964921,3.13475278934928,3.60746508062851,3.75676755870199,3.4744717087496,3.5067589672322,4.21740908062952,3.61801238653018,3.71306669439544,3.62133157842254,3.61597261735079,3.90480099188927,3.51750916606665,4.12944682739625,3.52135669293522,3.57938210108497,4.63891048254848,3.88462818059975,3.01641300711139,3.15325679862533,3.84395786674048,NA,4.77602262852159,4.55020958316433,4.87005996875179,4.04986381481734,3.63640232835021,NA,4.21946623894307,3.58919374957809,3.55432193585561,4.33940112895088,4.62394629035029,4.19484919279826,2.79822134851073,NA,4.36439085744841,4.57625530146682,4.19821278832911,6.13968941412519,3.92324671138618,4.1282478017918,5.15270770585598,4.15239507396322,5.76700789520692,5.23886593000951,3.1184605623207,4.4347562430455,4.23243304844094,4.11539962291146,3.93848299523083,4.30946105130958,5.13273452018551,4.59986193895087,4.7168474472937,4.96857087153221,4.57716710395704,4.18348400506224,3.88270825540666,3.18894436008638,3.1740933734651,3.03834642970823,3.08089188743966,2.98569651486146,2.89316625735468,2.89298715801769,3.05769769239649,NA,2.89780849637512,2.99033203473814,5.59417659400171,2.99839749010856,2.87180387906987,2.90566841001522,3.09987701392584,2.81990358996022,NA,2.88362369940794,3.31540722434913,NA,3.1502015829161,3.29006846970334,3.21193679981616,3.2869847369262,3.14477298462279,3.29199371259844,3.36450049982605,3.19819590363412,3.11433030830245,4.09346143546284,3.65203538818704,3.46579721858579,3.87459216148646,3.89622770203457,3.81004331765051,4.1164104402486,4.25872993582433,4.54235231877002,4.33863796380094,3.6271075702794,NA,2.99389952562175,4.25873254796652,4.19439884508114,5.30992839806044,6.01381997561958,4.37064157439582,5.12462012569677,5.23142589673922,NA,3.96338269504107,4.5534935895625,4.60938145193098,4.24831550590407,3.65086057995197,NA,5.03373057124303,4.67644806210856,NA,4.39314859022547,3.92312883891377,3.86135338040807,4.7039094922257,3.93485188130153,4.84602222703206,3.43269382413441,3.53141524381775,4.03352863443635,4.4109716262734,4.127729081204,4.20901589695066,4.24249951038528,4.02706981569442,4.17156081293805,2.91725594905073,4.38596147944306,3.60057350385615,3.52634815792339,4.64185649016229,4.89716801689481,4.93824744994874,4.68368059242506,3.90957590747477,4.49384535669101,3.68376219866801,4.21090990517946,3.7128966557569,3.09344812358177,3.75986134218608,3.2112216617995,3.04031929011629,3.31738074931389,2.97957715329631,2.9999326827722,2.94045044908258,3.28517382747892,2.91097567169333,2.81054308223695,NA,2.87662626383154,2.96768300680712,2.98054629081643,3.02944138176717,3.24660232548928,3.06674220324748
NA,NA,3.59113538620574,NA,3.16846704762044,3.58639249652457,3.19942359700132,4.13429666518902,4.44220816557166,3.19766993237864,4.21174770428802,4.44882784587583,2.94220194348818,3.51876059200934,NA,3.16968623475567,3.70434157013271,3.54417773262085,3.33610762809894,3.52020104591317,2.79749498939414,3.46441136400626,3.98688398734713,2.45375386851093,3.02406295254129,3.23187546377665,NA,3.03194193271521,2.67280859151781,3.133456016852,2.29192311618207,2.42294346649876,2.56042766514297,2.72140981479301,2.51967916548967,NA,NA,2.37601587020138,2.70481928478224,2.76892965833605,2.61178554943684,2.56361204183568,2.74124209188329,2.84942475017164,3.42267741461229,3.48888953386884,4.71133095294893,3.58521207576225,NA,3.82983237454365,5.08757601862014,4.05352444886998,3.88583556122772,5.71517413873041,7.46337950353713,8.19716017380358,5.24312226350829,6.58075390515485,5.55279286089273,5.63637014686408,6.27708679502885,6.33103818645899,5.51844162173768,4.7594038915959,5.34700790310164,4.73103813935483,5.74234230479228,3.95740055874275,4.60942833862477,3.59561004586311,3.59652528656172,3.77048811966179,2.38617765878252,2.7078499661154,2.28852242617432,2.66273761705761,2.88571129663447,3.02710315231653,2.78757753869877,2.49243673840592,NA,2.29553710435044,2.87727192996124,NA,3.04089368482223,3.32880935253243,3.07514813467536,1.96665054231114,3.22601793078111,2.60301221402908,3.19862279629026,2.99059716445934,NA,3.10072317689355,2.87614731022834,2.03271024047795,3.74669026992502,3.7007384397809,3.44158191224461,3.38047774465059,3.85058077789607,3.27683832138509,2.26549470115369,2.72436020426479,NA,NA,3.21655516235217,3.72884658442372,3.72688046341338,3.42940095535902,2.10231592251726,3.08206441756771,3.14235710045407,4.1093727923921,2.40447050154112,3.03848454690221,2.77388800599425,2.28563413619436,2.95368625584917,3.05551625239772,NA,2.22031172110794,2.58696843769378,2.87352124834461,2.97022818396025,2.01545126872358,2.78762977664515,2.39518533866804,2.57576416934664,NA,3.31658488661537,3.41208364278414,3.55600381887115,3.06681605876487,3.08679893555974,5.58075805197674,4.31657419309256,2.84812111660387,NA,NA,2.70719347028023,2.83080528068896,3.4111751027739,NA,3.80916300707392,3.79350970808936,3.54409757844177,3.28991054731105,3.86976919663279,3.72202204484874,4.06624913629567,2.77030448981175,4.55592951751037,4.14787577758537,6.29975085657783,5.14394449980008,3.96861300139016,4.50725915352021,3.56793475024676,3.23887233563011,3.60005312260153,3.28611138122328,3.68260984903557,2.93100592770222,3.12940435256984,3.0024217238297,3.05084930475995,NA,3.50530831884143,3.21692470676405,2.93989394574053,NA,2.70236139270482,2.9377482664988,2.87387219373873,3.45884251234335,NA,2.93008545032388,3.1417768228492,3.40241134288445,3.12436177516691,3.45633069032874,3.21395886102431,NA,3.84970107342951,2.87807888074117,3.40446864364442,2.9854444031882,2.80469644790216,3.1682503464625,3.35875208317306,2.94054199715071,3.14031406548585,3.30115404710623,3.15604298795624,2.89311591416664,3.34253933453557,3.32126741238157,3.21367666084329,2.93277029890675,3.23920529807702,2.77529693422671,3.22776638537545,3.31035983060843,2.85016827185376,3.29691849057162,2.4999944560832,2.72659592640958,NA,3.52929062536551,3.0470724450855,3.60790192252987,3.85726459289442,4.90470481286236,4.75317155239725,3.82269554002519,3.43577372186623,4.4540583127856,5.16489404565626,5.16747891577431,NA,3.7751094213226,2.41646824350225,4.06631227950468,2.78831611373814,3.01136137388252,3.03772376663155,3.41047043953027,3.18491865783633,3.10457096112635,3.21330054401489,3.40858656997073,3.57059848030433,3.94225243611912,2.63470570645785,3.17682446765061,3.35052111838852,3.26109689867237,2.60111701558514,3.2076418611993,2.45624043059566,4.1143151209595,4.40545898367809,4.32457106333538,2.84886982876537,2.66201969922062,3.16489778365248,3.54854310713935,3.74073713048553,3.60705736481094,3.68918291204516,2.97349749286325,3.45235419821914,3.14506422437673,3.12260045730636,3.28031132176995,3.86968170384897,3.35714939919745,3.63858809072682,4.05398486482119,3.25129733066426,3.53028642624662,3.38914417143613,3.57780408379487,3.31526031579778,3.06899752524714,2.5310880308603,NA,2.56964135940527,3.07730160310683,3.27662659553189,3.03543427710192,2.99335631694491,3.11454672286984,NA,3.81565703512242,3.87967616514373,3.54317080099976,3.15983618537054,3.46957762948709,3.22399725898415,3.47374734552198,2.93649997980549,2.84849924308567,2.92841270766673,2.70690241676046,3.29378748426624,3.02246157918791,2.53194575535353,2.10622909758658,NA,1.90057924456981,NA,2.85807029283801,2.64293096345555,2.68071229753832,2.65708275984327,2.94629881979976,3.14894938280775,2.81607746555938,2.35158653928163,2.02902029062008,1.93792735533537,1.48836658993066,1.16715789944194,0,1.71783245905867,2.70953874430266,2.29782507005904,2.61893558599858,2.24246641065782,2.83723163063599,3.06043627945487,2.69862923958984,3.26910671545876,3.31241395475577,2.85644455923266,2.20506632117317,2.56231773400186,NA,3.08461296866631,NA,5.49436852086386,4.36225796696519,6.02189623857674,6.05199793006673,2.83596395816185,4.6060883055409,NA,3.3637793271927,4.19129526825065,3.21386517003545,3.02622550558224,NA,NA,NA,3.58644794207178,3.28096688158731,2.9168922220761,2.79647131388561,NA,2.5338295103485,3.46497268356923,2.64345602964632,3.03972448021144,3.03233255469103,3.1862818385835,3.40981762166651,3.38088292842146,4.33838597871585,4.68199628342961,3.2974121277042,3.50959525984338,3.78486558473778,NA,2.62323748586894,3.72114009063122,2.85978617764524,NA,2.74744527961189,2.90749743790456,2.81035330761125,2.92809618361056,3.19427239630893,NA,NA,2.96815536170958,3.4415077646727,3.28401325036607,3.29656722927182,3.24905524733143,3.67796006170219,3.35813639245302,2.89510698736039,3.29109132670996,3.0965913729589,2.95452794619046,3.25662653441508,3.15344399678538,3.08894355215134,3.55729213907457,3.03658215016355,2.77753033967531,2.7375659242962,3.12977349216011,3.35504307087686,3.00385990561697,2.97719715055242,3.66667199246897,3.18363020133451,3.19952727447514,3.09943705719024,3.05344788972126,3.33957948168913,2.98785971111468,3.59351093410529,3.13062424037134,3.09282008203612,4.19971080954103,3.48602189145746,2.85271659330788,2.94027679218988,3.43045054431845,NA,4.41655396964391,4.16575642292796,4.48435817627995,3.67785551135457,3.40488878384898,NA,3.9472078728743,3.2854116530209,3.21254329770865,4.17550536564214,4.37916566397981,4.01100839816605,2.61293091779106,NA,4.18451586167911,4.32589296107057,4.0662478271727,5.95877947875706,3.66384032428376,3.92152688889549,4.94520863588062,3.9647296916223,5.58661051090884,5.01682471168248,2.76105115389215,4.2616728043454,4.04318272510172,3.82728534330292,3.69904243794412,4.10071955248492,4.85100105925927,4.32498339418953,4.36240017805165,4.54656923265171,4.25008349835165,3.93829894283743,3.639328285616,3.07715985727372,2.9372638663553,2.74697053466861,2.8752169507273,2.90498362032626,2.64802446979999,2.73754150210302,3.01236579931105,NA,2.71554798755005,2.71217194618303,5.18517756592035,2.78053254330606,2.55566898176219,2.71003719816828,2.80669049295616,2.59306578503178,NA,2.67853002516176,3.16852886078707,NA,2.96828993972947,3.2058647147533,3.01872922750102,2.90735024834399,2.83053943628759,3.0471976652154,3.02156973369265,2.77785233837641,2.64815710442859,3.56105917330039,3.22264880277255,2.96516519786605,3.3365866478491,3.3971047103363,3.20939379480459,3.53756601442322,3.7198490188408,3.96701510763722,3.86940001193445,3.13210645184245,NA,2.82559503840912,3.63918755541939,3.58764752979848,4.76695406837382,5.52610433136711,3.88560336941233,4.59796223603524,4.81324169848235,NA,3.49431906318704,4.13204077076904,4.21221895454214,3.82978534951373,3.26250985066167,NA,4.59682507845928,4.23452322399816,NA,3.90020521160873,3.44045704961106,3.35624574132946,4.18589391288332,3.40474622429457,4.46417254655321,3.17741776303299,3.13466247896098,3.6968815357276,4.07602862606965,3.8541422769844,3.94106300572891,3.98049606222016,3.77074208963069,3.84752987484154,2.8967224329035,3.89612651453873,3.24096316908378,3.37700341822675,4.2522299973237,4.49279029541729,4.6331530990995,4.40664984634707,3.65939198420296,4.12622630198195,3.31686261543243,4.0149684347799,3.56793541082775,2.87019482204537,3.37048809631686,2.90571414451633,2.86935597361577,3.1360157224017,2.71652622290281,2.77907973042249,2.51796980004412,2.96444959927873,2.90871647488341,2.61290793414185,NA,2.60181735315484,2.74651440969599,2.85087435154191,2.93969076264069,2.98891591888139,2.83923518231734
NA,NA,4.06606817516429,NA,3.58236262122427,4.1177343639374,3.7077504944192,4.66189044845459,4.88370683849374,3.50562832537266,4.56763812781048,4.72358499812503,3.16591555708698,3.95561739675615,NA,3.56761909560048,4.21279130025038,3.95968090170069,3.51894415260243,3.65021423893216,3.05664298684317,3.79040271227377,4.20778954298767,3.01431389426917,3.45371716485637,3.63926874339536,NA,3.34804789244258,3.19678321431725,3.51102788988612,2.86311503973089,3.00866508217149,3.0684462227775,3.26332351315842,2.85996039447588,NA,NA,2.7874038509087,2.87723085002928,2.9140589502029,2.7441154946754,2.68106793189872,2.90422975570533,3.02191385247228,3.51265622140083,3.55731676043592,4.72075524135149,3.67044338216948,NA,3.87851534889838,5.0975310144498,4.14905637225037,4.01609142544538,5.66710334245905,7.42914968519715,8.25874403629778,5.22841525914451,6.58487519424906,5.60053185694612,5.73363652316506,6.29003718962502,6.42680594508555,5.63622269091979,4.85484132110675,5.49164979191316,4.84558159813741,5.8907741421626,4.172122427056,4.74619767666043,3.72896883129158,3.66803214994216,3.87102398476445,2.65762148272247,2.96315872466114,2.5872746779982,2.91457093535544,3.07025363254584,3.28190139310392,3.08644068444975,2.78480897246501,NA,2.6343143163551,3.21342066854563,NA,3.35085834883116,3.61315987621466,3.45907882754575,2.338489527682,3.60899450224312,3.01085531914548,3.61028344776146,3.4388172514572,NA,3.57494543279311,3.31660872322442,2.40102002073329,4.11070891451536,4.02956085711028,3.89525636958746,3.91719695331155,4.32577653762017,3.60098372387345,2.49625841547236,3.2445669914648,NA,NA,3.78460272634771,4.21390433364167,4.1137219309503,3.73728080744376,2.41247948528067,3.59357496535265,3.63421516240536,4.55849251178648,2.80349348229004,3.54870603882069,3.11699752599279,2.83846842314445,3.37277466240866,3.46154138302047,NA,2.80248309775446,2.90952885105658,3.22350322996654,3.3199983349475,2.45705416066231,3.032460735845,2.57034901472664,2.75459568011485,NA,3.38162561440166,3.46324052344534,3.62345341769438,3.15545622020863,3.11056475312322,5.70121367448711,4.46715583438666,2.91499542891063,NA,NA,2.91851732656829,2.86284843003936,3.44811416517302,NA,3.71725025155001,3.70988047679037,3.58039957480225,3.26126915158981,3.96367527302578,3.64960991118768,4.14223505454755,2.81538540628123,4.7605302443358,4.16603331858994,6.27339856283399,5.1283608035823,4.00401477772582,4.66839961982117,3.85553814066087,3.47753549084022,3.84559226096691,3.40037922438741,3.82067383452564,3.15982029205243,3.27268359697558,3.39765211394998,3.44636701650256,NA,3.65838342382399,3.49475954591533,3.24859756421543,NA,3.24853647443124,3.5631760914015,3.41051126677391,4.01664202342605,NA,3.33258419566742,3.47166795731386,3.91165105387093,3.61061199838504,3.95264553712515,3.70298997622151,NA,4.34061745375694,3.39180577510356,3.73972059232348,3.44786782105923,3.28639187022322,3.64678978355355,3.80231367758867,3.31377697378031,3.5230565753951,3.74272007525359,3.64628625992677,3.29983364412069,3.77941442545211,3.71828796032411,3.66598767194729,3.3163046577214,3.56053753340536,3.21889812777508,3.49597127269166,3.59926911599028,3.20449522366809,3.49399477765165,2.98052281395797,3.3566033137552,NA,3.78991903512348,3.32540496917227,3.90674431920076,4.27172050001351,5.03829792712313,4.92059120773512,4.02872782800347,3.63225249537275,4.53748170727302,5.34873730023277,5.32991201741508,NA,3.90645165744287,2.95679822387375,3.9886991610135,3.01620548115264,3.16371032832868,2.95988758564278,3.448632233464,3.21366326387492,3.22390928297803,3.22500643475313,3.35247622965378,3.63315188651762,4.04726397146119,2.99779019999062,3.44907774191893,3.40270718143815,3.35466970909154,3.00816650424795,3.39605829259991,2.77163158446814,4.20932047082554,4.42998066637225,4.4104199627006,3.24922788224267,3.15129409606199,3.45302767727301,3.6448428420364,3.89074712431534,3.76421760736954,3.80473449209034,3.31733236521513,3.63830358742422,3.46428394686834,3.39928868330556,3.53375790085084,4.14925576813766,3.66937454816985,4.0139589001416,4.48364605229063,4.03004648363444,4.22835953836939,3.92032375020589,4.18598391469942,3.97108021175207,3.75251519719214,3.16660111130426,NA,3.37084862625928,3.66866166995897,3.86684792881129,3.79794120460872,3.72217982693213,3.78856406778656,NA,4.37012322824923,4.37875773247341,4.14345593156755,3.93013919646628,4.16701078378497,3.78746118286428,4.02692939199336,3.52443773554565,3.49255729613901,3.62121321853425,3.5453080605643,3.82843634253013,3.53792639108126,2.9415105735763,2.81620335796697,NA,2.58452325917634,NA,3.49071082994507,3.32690495223583,3.1961335961008,3.28138434870334,3.10037210358797,3.52552371412201,3.20658465054278,2.70435198701265,2.2774723781745,2.01787560571493,1.99328295886054,2.11266324285218,1.71783245905867,0,2.02634025937491,2.32887600459032,2.75381606226205,2.47350293032164,3.06187962209144,3.26377827343989,2.86113649630884,3.27116041888652,3.39372978268439,2.94283813210396,2.30264957509765,2.40668225467581,NA,3.19693048670471,NA,5.58720029376965,4.37030111105247,6.05386812323838,6.02976227597223,2.97391795082392,4.66610082747445,NA,3.81538304017093,4.48763497351927,3.41189792816309,3.04663902286489,NA,NA,NA,3.61615770749719,3.52856079544547,3.09809920274007,2.88843650001729,NA,2.88653175714387,3.63111103512124,2.92017006624232,3.47414922600222,3.2937375323934,3.38768753470828,3.64983313191881,3.62310942064506,4.56593487808836,4.91505893852369,3.70579478240915,3.76610409845809,4.08792925273386,NA,3.02903344222315,3.99171616265754,3.28202979992336,NA,3.21106778488213,3.40319827613658,3.41235813173395,3.51348042551895,3.83438314374797,NA,NA,3.58739565607582,4.11517435762471,3.96741737152658,3.95231362804627,3.93587520881851,4.0090493876686,3.85531868709762,3.41589071092808,3.71529003838063,3.62393979653897,3.57725638582209,3.78383861984096,3.73336427797486,3.61042589533764,3.9123160958996,3.4157779873542,3.22145554049898,3.33414725677812,3.65489612903173,3.85417279671567,3.51155288518364,3.49765520695224,4.17437837874119,3.58259247943073,3.69374903954306,3.69793312506118,3.51814713265895,3.79263390145373,3.51709027824759,3.96747301644197,3.76337007773987,3.49275309802459,4.42825059655196,3.72381500961399,3.08587921934288,3.18898805085553,3.66795442911213,NA,4.58854771040288,4.38555646833981,4.63780513329022,3.94148348925193,3.56260401418778,NA,4.09090615837374,3.49554418386087,3.43769672425948,4.2914967029021,4.49165835675037,4.06568005217579,2.83312735304943,NA,4.2062770250611,4.44075576629203,4.02283865656515,6.00867720814156,3.89096334541041,3.9864879653859,4.96411727049551,4.00246065250478,5.64454012031495,5.07793139437257,3.05876740679639,4.38420296670512,4.18366750172776,3.98992081404756,3.87562214534659,4.36721808924488,4.97508083052573,4.44394009543712,4.58045180425562,4.77176670420101,4.42289785600114,4.2357481915799,3.85945793914112,3.32381361809945,3.24512685034662,2.96370084229088,3.34776514879202,3.29225188877436,3.18392285792746,3.27345539032798,3.43612284294802,NA,3.22027244537087,3.35609420003351,5.43080728313055,3.47887026198256,3.25993680096183,3.37104742306866,3.41099363173713,3.36367594673011,NA,3.40041451053219,3.8277408157822,NA,3.6575192160384,3.86190045805471,3.78999928600457,3.64590316717805,3.64744898379829,3.67190316095856,3.66387808009756,3.40116927038283,3.28441747292498,4.0358520697762,3.73679124367335,3.48531787515724,3.81289820288571,3.91164619546901,3.65016161640915,3.9222444956551,4.06068106069245,4.26830763152324,4.32214929226493,3.7202501344303,NA,3.58537355865894,4.27598659693714,3.97775442904847,5.1587735072672,5.90533427988396,4.25148524429684,4.94632181078655,5.19577247167154,NA,3.88005262012147,4.48467758413794,4.56363058498034,4.17461020925937,3.57440510264457,NA,4.93777866864351,4.53185247256723,NA,4.30213520991187,3.76826102264022,3.65250473435984,4.44223465933172,3.67286124839876,4.60867579928201,3.22535293696393,3.30161661902612,3.83536245253609,4.16414783466389,3.95344985207526,4.08822252965689,4.11416925719523,3.97326578970318,4.12413263302609,3.19653315904884,4.25621246139032,3.52502819971256,3.46787174106509,4.48730300213987,4.73725620624233,4.79461524372604,4.59118758254952,3.84689754314919,4.42772960840575,3.53882616160158,4.11174117735449,3.7444192845177,3.14431884785057,3.63700254659514,3.16384601400322,3.08255709667021,3.30736148005295,3.09319313138678,3.2960933256258,3.08053943179865,3.45339700757393,3.20722238961272,3.17135355311629,NA,3.1628164670944,3.34032450168474,3.41862107250587,3.51324682916506,3.54303072057084,3.31167216414315
NA,NA,4.40573196464393,NA,4.03335547498113,4.48796707058316,4.07585015922694,4.99509134146229,5.27389113743548,4.00633222552413,4.82267987293646,4.95564444757407,3.50945716131653,4.4042999691014,NA,4.14496352603368,4.41744493232422,4.40334577436639,4.04887202737607,3.91803497665128,3.3795259799352,4.12648150554702,4.52239219774471,3.44861680646313,3.70427504981579,3.8614914505086,NA,3.53807297263356,3.46091401205866,3.67168622267104,3.2308354298261,3.44970414636605,3.44300383827837,3.5330133119063,3.05328288452559,NA,NA,2.98709334495386,3.23148142720953,3.18288053332537,2.96863561561533,2.67867074591977,2.82821992574345,3.21086727704726,3.54276218439569,3.49171448649814,4.92105468370839,3.8636555489757,NA,3.98238529252493,5.23493606712163,4.34025165598303,4.1323896548914,5.63915223793347,7.34690795528117,8.30683985138517,5.07202297021623,6.6576537909925,5.6589094375665,5.75599915107306,6.20390682453465,6.37930864188404,5.56010615112349,4.72601494771899,5.5378037534087,4.89350157645033,6.07074174642794,4.46069227760101,4.88049031517528,3.89488622413411,3.95174494281248,4.27640058029717,3.28164324888129,3.65203539146334,3.23768879953398,3.41938674531984,3.4491923420912,3.86325503401107,3.64870286350744,3.39861612298761,NA,3.26960119445161,3.63279375361547,NA,3.99805900270708,4.09658600769025,4.05436443638272,2.91434871153865,4.02933946557397,3.5545139192989,4.17211320760743,3.96113628049026,NA,4.06869631431579,3.87646721448656,2.90412903852389,4.66290642695251,4.55860461973341,4.43268823844259,4.50221004602253,4.67983509414679,4.07613324304083,3.0637259642894,3.83987710769019,NA,NA,4.47293307203486,4.85277881418735,4.47757018754567,4.28037946387227,2.83998011209785,4.20177572064045,4.16717179970905,4.75862887997365,3.31524870976162,3.85634619771145,3.50032447517982,3.3148029593583,3.57980893346722,3.94957540279845,NA,3.49443990223835,3.17646767120765,3.5753484669391,4.00193995455774,3.0927573748094,3.36983770066607,2.93134677955784,3.0502503516437,NA,3.28390828319776,3.50831985689462,3.86358828568028,3.27726622065373,3.19173550329533,5.77342382942886,4.55576797417674,3.32853239153305,NA,NA,3.28537463421986,3.22061545852914,3.73610503420494,NA,3.74163199956306,3.87811028467366,3.76881344159649,3.44810248938568,4.07536873507304,3.69627044477269,4.34173063650873,3.18428608769709,4.98374159549819,4.05954175541208,6.11936753417808,4.98989303771724,3.90594574111316,4.78093811394966,4.10050275905783,3.68639728601365,4.19180986919441,3.86029958503058,4.05685762483978,3.56542939083834,3.52749853162984,3.84815815385832,3.89838211080029,NA,3.85188296451968,3.73616839747535,3.58980979361218,NA,3.69096820241637,4.04788186278132,3.77384399483586,4.5565951064708,NA,3.92233330675775,3.79339490208904,4.30963454004223,4.0932955344838,4.60448412408455,4.10996034795617,NA,4.77345623439706,4.14144977500008,4.23226326679679,4.01709944900339,3.80597648595246,4.11009390525671,4.2602894224536,3.95403249649563,4.01951807338647,4.46935078991611,4.13743120517071,3.92799269004504,4.49708951988589,4.35469589547508,4.44441237730679,3.90454461163422,4.27620863716628,3.83259479606198,4.06372566778752,4.16402461819289,3.44500312282512,3.97942432740441,3.52703020451463,3.88301081941881,NA,4.15333019499435,3.62901487771531,3.9382417236049,4.33774402533427,4.81140342274836,4.85587695967085,4.11112164075595,3.82123464173247,4.62212680528634,5.28922993819741,5.42916330551237,NA,4.00660244380947,3.33726045225321,4.27726243855374,3.22339368647997,3.25871297167289,3.10241155120098,3.48599971784152,3.44131347933262,3.45480912073137,3.43960827215557,3.37670899632964,3.70994857396108,4.02091634499265,3.55715002825124,4.04360810221435,3.71364497435936,4.27652567561154,3.37835720071234,3.59824402199354,3.43675170998171,4.25113429380793,4.54617629040927,4.40294847399078,3.61146632523144,3.61298521442029,3.84929956348571,3.7862824762474,3.92767224641412,3.85644017370466,3.80417855733865,3.72717065053214,4.02168557771307,3.66257198560645,3.63739551793586,3.81812059187786,4.40017381323284,3.95737100188154,4.25565303013673,4.72475190894682,4.49884285441105,4.65169238612943,4.07487915194132,4.64547186638415,4.46558687148966,4.23890645682555,3.62726508129361,NA,3.80872116964011,4.0632734960129,4.23808472756561,4.37693379683145,4.24339973540405,4.19186269476179,NA,4.92025803646779,4.89631921641279,4.59174874761619,4.4618039172904,4.70102580545777,4.49576422258343,4.40493818559269,4.03318009308115,4.02078148662767,4.09889758192952,4.0781664350458,4.50381783318343,3.94137101554661,3.30696046181984,3.25589779700348,NA,3.13510929050629,NA,3.76116284359575,3.63446913888735,3.06382321849325,3.32987380450886,3.49298331779898,3.79995249599163,3.36300448650135,3.0332679640836,2.58445497591667,2.26743120435381,2.39347600986451,3.0479354621093,2.70953874430266,2.02634025937491,0,2.64120972490854,3.10108126605834,2.86236370777992,3.65315163954094,3.77726262548794,2.90404466237411,3.20161962168027,3.44037434779783,3.07702243696988,2.67070896534454,2.96600906013697,NA,3.24278503527712,NA,5.70358403718697,4.5451954730544,6.04608352353561,5.99105174491582,3.15586516159973,4.62952563176251,NA,4.06339283205186,4.6521130725197,3.45952472476998,3.22662614553289,NA,NA,NA,3.41047219638219,3.72955545046199,3.25868537472107,2.98271670086039,NA,3.11685526625948,3.73051218861228,3.15383269485799,3.6681194656875,3.4872984869745,3.46804794911462,3.84760912243083,3.55468338120999,4.54835714512335,5.03253857493393,4.00618677472895,3.8218597202523,4.17654754238794,NA,3.37858316082226,4.15715361892884,3.68719650240712,NA,3.51651151071748,3.82757134890728,3.77621994554549,3.95848319956646,4.35486410888215,NA,NA,4.12488604515853,4.56407092088362,4.47710213622205,4.37268068857251,4.30715761182443,4.43642909774307,4.21519817320549,3.79606230744102,4.18385265836379,4.00421483640906,3.92764393766593,4.1419501283009,4.06425088765804,4.02425189625191,4.5709521819667,3.70579807231906,3.54167688124085,3.62318523979424,3.77884997164941,3.95760939817123,3.59522110251491,3.60855616095007,4.31323064903048,3.61751911260933,3.85576239480602,3.88090274495539,3.60869568297729,3.87729323708508,3.66964508647332,4.04813745523234,3.92982686771074,3.61965551839022,4.44840468066645,3.64145730103214,3.07213285422448,3.13862901041906,3.6298574683813,NA,4.5935214296249,4.44513571012631,4.80254972265047,3.94278052190953,3.64173276523999,NA,4.14628209536522,3.57353738958692,3.37586214958444,4.17386996791186,4.34211447423486,3.95518429466948,2.72845441541551,NA,4.05424300551037,4.38233606493334,3.91769498226565,5.94246298330273,3.74374824598956,3.77080168254733,4.8591914962707,3.9005974330845,5.68463320379334,5.08473962652995,3.01076667387359,4.27889074768447,4.15436533815809,3.97847180203407,3.83262330399238,4.27278599216178,4.94120342617029,4.45782138225938,4.62582353463246,4.78499177936731,4.52020395055224,4.29613821100703,3.88475993740814,3.47495691813645,3.42096959603839,3.28519835535954,3.57586387280424,3.54553348797428,3.37707126936541,3.49201505685363,3.67813256313139,NA,3.56294142312346,3.59842125400304,5.50918196155217,3.87605385751597,3.53508243516072,3.69725502001,3.73430216775774,3.73113149832862,NA,3.74383216605397,4.22747798138023,NA,4.04340729638247,4.33460045250482,4.22009276693964,3.98719945615575,4.03712205928263,4.12016825796389,4.14602453496063,3.82269741965049,3.57872921130678,4.27647816242825,4.06851148983556,3.7862358628594,4.01962465703358,4.20625209483692,3.83221559788036,4.05121294440033,4.22566267822367,4.43317225159928,4.59246272720508,3.89433949548139,NA,4.06450311312373,4.40780668217508,4.06014035397151,5.13550458311395,5.94686993095699,4.28737647631228,4.98218007067968,5.27846688983505,NA,3.90160100430415,4.48284333891382,4.62982033143794,4.21564262330666,3.57664465644165,NA,4.91584279880836,4.53375804779612,NA,4.31461614902963,3.72313063148928,3.60289401221569,4.51794596595851,3.77288644519922,4.40782571914533,3.3680081260048,3.24916272028998,3.80535061795227,4.02620610134276,3.79820632911841,3.9780010725843,4.03615742099791,3.91647606038074,4.05573137727307,3.39447840542163,4.22140140801588,3.57417455760021,3.33412203939758,4.42525211241947,4.74372438034325,4.73355823346748,4.47366588299245,3.70911514723252,4.46481988122589,3.49683057194234,3.9840311416149,3.72415645845848,3.17068676841037,3.57898657581964,3.08087829974815,3.13794621112379,3.2630383806725,3.2487565866642,3.52405200666997,3.23858356662208,3.60620113051307,3.35889271568047,3.43563369889609,NA,3.39120383687306,3.57286227181717,3.67321881347951,3.79877996834849,3.67571048864138,3.44017171191493
NA,NA,4.06303972183221,NA,3.65481409769853,4.03869674670534,3.67482704436748,4.61807096467244,4.93163946407493,3.50683340645577,4.58858850500639,4.66072417145424,3.09567620172554,3.86124226285619,NA,3.55014608707284,4.18021541766199,4.02941708019609,3.8178330789744,3.7849084531733,3.16857775309271,3.62443411739762,4.32542929724448,3.17610644975944,3.5650252142155,3.63030700574294,NA,3.33002289997187,3.18332207914167,3.54733219059127,2.78667805193268,3.09547363667057,3.20369714456985,3.40502670404868,2.96183595273867,NA,NA,2.91343293905647,2.98456367041621,2.9409878015436,2.71588025491938,2.54713430988849,2.77904411453622,2.72479179404517,3.3278185106883,3.12174038391377,4.51399412617485,3.38602036336052,NA,3.48445992443624,4.82190231604951,3.86339731161685,3.77206664284429,5.5541910528444,7.29970150068289,8.04331593001208,5.11562486184475,6.5645858064313,5.58660810733145,5.60611562299688,6.19781069624389,6.35428763538312,5.51336728323453,4.78815963735583,5.40277926772278,4.75665165618947,5.67588572772038,4.06813605850353,4.57297005366873,3.54700585987699,3.35442772709962,3.64597658802255,2.68331446718774,2.84281393967323,2.70580969603562,3.04378456380336,3.17342283877122,3.2611615427851,3.08861471206345,2.89511215675829,NA,2.80766377558526,3.20619446488514,NA,3.50715325955167,3.81723399012437,3.48797744654735,2.48142162276401,3.7256157078492,3.05112638813813,3.67080402401558,3.53468467029893,NA,3.70620130067798,3.44018548363981,2.47894994638447,4.0728998709246,4.06122376056725,3.9379413857141,4.06660949411084,4.4117146695384,3.63701760387992,2.58746320512616,3.34466047295901,NA,NA,3.91487531763064,4.4744008928752,4.32542494380381,3.96330606292523,2.49566920421477,3.70690800827776,3.68007757952358,4.67904445240691,3.04019825909238,3.68418487489841,3.28975240456676,3.00524539364069,3.55843086999745,3.43834969087996,NA,2.52446940725112,2.69597495088057,2.98399061196196,3.08777695220873,2.52658251019336,2.75799448058563,2.29945369095737,2.64839609564253,NA,3.24628507170484,3.49038211902618,3.30335893388241,2.96479275676164,3.03003158016398,5.70144926851139,4.55549979312096,2.79604057776178,NA,NA,2.90233747021243,2.93906431435035,3.42408862358601,NA,3.68159801878599,3.73745328161044,3.64170587202855,3.2056463490181,3.83450032563299,3.56483128663388,3.8816545164356,2.90847476726774,4.90938829975718,4.04769549639385,6.12822931616111,5.03207175728726,3.96828038923273,4.35536983150276,3.62578446809675,3.39213613451618,3.70637099192515,3.40370711176473,3.61015525689142,3.1788734921423,3.19645016395644,3.38573655405601,3.43544251779274,NA,3.52125770943117,3.46997369797971,3.12911420827854,NA,3.09990165920906,3.57788331755063,3.40644033004671,3.94098121264682,NA,3.39429888880191,3.34544613473126,3.86483940887706,3.68646980107155,3.97294560471442,3.74575015836054,NA,4.31554843114903,3.40764902271841,3.76661992590958,3.55771005129151,3.31696104134598,3.65923818952277,3.71558031998228,3.37582388537254,3.57915398251607,3.91085020838195,3.63670626031689,3.15007586380526,3.84751625857614,3.60785357421941,3.55235105816115,3.14774936768103,3.57713435983134,3.04834787876797,3.41272863389744,3.52900135947166,3.14035087267762,3.45912463768424,2.9164570690311,3.44184606677646,NA,3.90527694920065,3.33769056437917,3.80444434904316,4.21086555686806,5.12565841309353,5.08026610726894,4.24793001276523,3.88411196650234,4.64925128414733,5.39778155590124,5.36044175549872,NA,4.03702935476747,3.18309710650817,4.13627130175044,2.95240345579469,3.02553754509767,2.76677056815027,3.25641898658458,3.09867718711824,3.11427887468388,3.15873236471815,3.29875217599245,3.4520796255601,3.88701977124243,3.01356226248513,3.2995118205509,3.22789490810486,3.64704375996703,2.7067792087081,3.06820024023381,2.67369100677185,3.88791330587159,4.29874212449281,4.2538476910022,2.97298504653027,2.83582745263192,3.00850928479992,3.46490468797631,3.79802198685198,3.63552309395838,3.58443327976254,3.06610969142481,3.55390465700079,3.1664028987078,3.06585913888809,3.27381817156818,3.8750280619437,3.23306794254136,3.59477859478412,4.06451886510101,3.62145984691513,3.57681566135727,3.65539858728952,4.00435010674813,3.9715346465489,3.66593933123954,3.43141329928564,NA,3.2864363920706,3.5050251982844,3.61663153938342,3.69151454646747,3.73224824581747,3.88576473822972,NA,4.14635640782016,4.20303799128108,4.02352872570639,3.88954690335433,3.93367314942482,3.82929435578292,3.6577752930316,3.4145964502389,3.46301933081402,3.62700293875773,3.54891503013075,3.72298320688306,3.30197222310398,2.89189189372625,2.69149042569346,NA,2.67510660833665,NA,3.35736014271328,3.2046973203578,2.96824301269553,3.26606350043552,3.3411316247189,3.55534125847265,2.99267827762837,2.4794145200111,2.33812181019754,2.1404883934126,2.01345320006772,2.32441335888419,2.29782507005904,2.32887600459032,2.64120972490854,0,2.54444183444019,2.19205592059531,2.29087780531783,2.55276341763863,2.60007344477243,2.96267201876314,3.21138728454313,2.35590879048776,2.24034393281146,1.94682520422602,NA,3.03273273373391,NA,5.59641033443475,4.30147523338394,5.80538223471046,5.9510500960288,2.82952557358167,4.60951019376687,NA,3.89549023137934,4.64362606602533,3.36836070235961,3.01362274578257,NA,NA,NA,3.5059683800545,3.38113459959937,2.92231068224525,2.54809254497772,NA,2.46552126675866,3.4712535956637,2.6135583079301,2.98342280314171,3.15416965181024,3.25061668719341,3.68137843767217,3.48993696529971,4.27673344431175,4.83052866931287,3.91901269416553,3.76410013953395,3.987699242493,NA,2.9616628179555,3.9347732953999,3.05605801440251,NA,3.09395323774744,3.38901681034734,3.34387785875701,3.44088912646297,3.76844529926288,NA,NA,3.51182740336616,4.03149107612811,3.83116013520371,3.78205434277759,3.8835513526945,3.97126583350592,3.69590707542291,3.29335891326646,3.52342087004202,3.59809034375088,3.54997283194953,3.61350952814391,3.77980658234542,3.76516801034197,3.8488105465296,3.18015193816768,3.05898662286915,3.21651687814407,3.63709806317333,3.69628325048338,3.42751847117081,3.49230829722627,4.36960291939221,3.6031382625548,3.74291957806657,3.68715572320488,3.55831942715839,3.88528970263261,3.64401393017072,4.09345545486945,3.75157507249397,3.67815902375134,4.39465465601434,3.54256405927159,2.98306985174807,3.1536045475953,3.72628862228431,NA,4.8175197459716,4.35895662749588,4.68129088558009,3.7539520203615,3.3769182286596,NA,3.96655918781582,3.37183132325698,3.28981256945761,4.12882387070554,4.45021680923319,3.93441113147069,2.64880752825557,NA,4.02709210317437,4.33144301854388,4.03184282861753,5.86384865656053,3.72818316536591,3.93719584013615,4.88298809231769,3.95036948006059,5.55490170417564,5.10806890582742,3.04053308599069,4.45670371990293,4.25907996130975,3.88170857192393,3.78797374940804,4.06429103759489,4.91303822515841,4.48473298702383,4.60581544050165,4.71427543576856,4.39842242329921,4.23160744090013,3.91875906624247,3.36324169234195,3.22700921382678,3.20570010633844,3.35330758342092,3.35632726141818,3.21486850506492,3.28778289537388,3.48439314316567,NA,3.28943799696608,3.33592434246675,5.35710849893327,3.55951365960008,3.37777995295121,3.42175454413203,3.46020564301832,3.37878057842686,NA,3.46654675804467,3.91150686429083,NA,3.76581177845276,3.96047977627474,3.91001391085675,3.73478949967795,3.71033833076139,3.70738284753604,3.79710422894869,3.56522386029634,3.47551910975589,4.17375961627333,3.94700640433115,3.72667784929051,4.04728476504606,4.18840005956566,3.87641596057624,4.12397944287031,4.27799219178837,4.49280671363515,4.37491304228201,3.83502673334003,NA,3.59650996272754,4.40446057499304,4.05436412712366,5.16593808423803,6.01743644288731,4.40697371630581,5.09618866092817,5.2380540514127,NA,4.03300759732348,4.58053672960486,4.67516136654814,4.30082592510694,3.7224313033816,NA,4.9704545871942,4.63071004903531,NA,4.34081627887304,3.7559673439557,3.69843384031984,4.59101440423776,3.81986244782829,4.55612911423739,3.35800027052057,3.33892027749307,3.87572408400533,4.15039205554129,3.88524272907311,4.00241774205148,4.02892331190926,3.8166757442979,3.98444180318027,3.05144202111722,4.27419218872232,3.35055981828883,3.21614951848788,4.46896168597731,4.76059492246857,4.7592615124584,4.55760678969122,3.79473127113131,4.42050143459763,3.44647399782459,3.9260969853401,3.62011377567562,3.12688621974104,3.57120031632998,3.05150416211745,3.00789827899154,3.05549872687577,2.98965418965311,3.16937948776583,3.03616109332491,3.26490583900453,3.01439113317765,3.09858613676833,NA,3.09386400115127,3.17834437368307,3.36270963145496,3.41289270761012,3.40882355896045,3.27702002760528
NA,NA,4.0784190124728,NA,3.69258109402841,4.16309345935944,3.83186353564984,4.75652752231686,5.06446442628638,3.90036869971214,4.67692845519603,4.84006000983672,3.428640933238,4.11137605768982,NA,3.99503234345651,4.3144284229717,4.04129612503396,4.09330645404547,4.15666655121992,3.56288389860967,3.87057523023811,4.52262079743723,3.2111132422876,3.62949403723034,3.73804737928139,NA,3.47042005666444,3.28489360094696,3.57464955199749,3.04952219145331,3.18384879280976,3.21547640352986,3.40834731138528,3.05796802874501,NA,NA,3.01633256921183,3.38488447747933,3.47277462844738,3.09266883485151,2.98649717144619,3.00855926279827,3.02871911298996,3.36251557049533,3.46039218315695,4.68476308275728,3.62967037808851,NA,3.93878236398213,4.99078183510283,3.79054553217301,3.9222413044805,5.76320895889049,7.47460018425516,8.08426153765855,5.33005935748012,6.57199111265656,5.52903309201757,5.680374368721,6.30748327682673,6.31320488904037,5.48496599678369,4.77941939634012,5.39932850643586,4.86082870783239,5.89699760631468,4.24145459549377,4.82328962405921,3.93774314041847,4.00884952846243,4.24579092522581,3.02495979193698,3.36367052167486,3.08799375277791,3.38597870465875,3.42334750005149,3.5813827708646,3.45143454504323,3.24080986819303,NA,3.10279360857508,3.54054312871,NA,3.76943072149968,4.02915379586048,3.88702584328563,2.74949728110388,3.90490447549604,3.38552779391063,3.98090774212126,3.78672208182362,NA,3.95453197121606,3.6360944871153,2.74723544177026,4.31842751411637,4.24829970596051,4.21396763453134,4.26117962565503,4.53998617469713,3.94447272187967,2.88556423849484,3.6458723100331,NA,NA,4.20198854577772,4.53875231687067,4.45622078214214,4.26328078464712,2.7309668721203,4.01698916986972,4.03612112984995,4.70632612910915,3.25296786311042,3.75298551180881,3.52331642796716,3.25505322987158,3.71857226626084,3.64233188951718,NA,3.12921743114537,3.26562449753694,3.38897967339439,3.65598125414823,2.79716110593307,3.15459066335674,2.83173348234957,2.98368429075564,NA,3.38176660941118,3.65400991432207,3.91121192973316,3.22957880862803,3.20083429566802,5.5858135856305,4.35938110600467,2.92587165139445,NA,NA,3.21080890980278,3.17379788123434,3.79902272473584,NA,3.96721103752386,3.98384797615875,3.96692849846804,3.64033717328272,4.25982400396974,4.00704623178988,4.20300071849644,2.91325150955261,4.66371218589205,4.28348531311367,6.25024367640122,5.1971519721197,4.06012737631087,4.57195541334646,3.8801176358236,3.60359852928448,4.16658266529954,3.81618570717985,4.10355134267975,3.6270858113139,3.47538811321169,3.52284146601523,3.65877652359813,NA,3.78988058138629,3.69208428305032,3.37041660384347,NA,3.42486053085736,3.69843177036634,3.57378894498385,4.17534687781443,NA,3.68083909918132,3.81846831878208,4.24110160093543,4.07378460038215,4.29678803659018,4.04325702538173,NA,4.57966600689828,3.66164119641492,4.09924377086472,3.88023746210408,3.65607182322833,3.91008567452839,4.02326977843264,3.70165126118554,3.98404368478646,4.18662218278636,3.90961526708161,3.58062167963999,4.08264707380402,4.13407497378155,4.15095327268403,3.69052652975802,4.05710332603458,3.58771367749358,3.99438203700604,4.03830534429833,3.59305315764824,3.95483936364,3.32372941805148,3.73670197373944,NA,4.01622446030798,3.39818854146221,4.01127419837008,4.418505688086,5.21178529956394,4.97828554858295,4.06809676906315,3.70506986834798,4.5434908352544,5.29287880895039,5.56387614732031,NA,4.23872352075927,3.36011880997118,4.54544645369124,3.55359611203837,3.6952240847267,3.47323996425639,3.66539399832441,3.56638022672481,3.60695795550277,3.80037363748214,3.90089897234567,3.97484501437943,4.10912435016978,2.99565080852518,3.80447905365018,3.70202552174724,3.72328366395543,3.18711357949208,3.54643906242295,3.16416628920518,4.52223845537931,4.68375538564075,4.46597043126871,3.14761009437211,3.25581171494599,3.54772766202323,3.8358753335531,4.04786517222077,3.87203096506034,3.85044971678276,3.37169999346687,3.89552271171078,3.53908033707439,3.59505083693452,3.75966448262682,4.3086137395048,3.85665182213905,4.21179109654139,4.42483150720172,3.74977210035469,4.10882680672967,4.07315994213574,4.33956228750716,4.08625616885359,3.95750677408644,3.58047884701663,NA,3.49902970045097,3.88362712501394,4.02388154848314,3.87476628623727,3.93300111995413,3.87883432918884,NA,4.49451331980593,4.74793917926333,4.38510019441991,4.31858821837549,4.3335201860789,4.34349187501458,4.21216202174428,3.98861311112434,4.03522260762228,3.94493824937067,3.76343938445152,4.06945868956028,3.7154840051078,3.4755553132218,3.29565501884883,NA,2.94863211452363,NA,3.64729054726414,3.80652267140171,3.19541007807154,3.38512606263184,3.12875299460773,3.66858893209695,3.30641521702608,2.93991636955597,2.66326273457168,2.50038213158374,2.42551117628923,2.92450002187235,2.61893558599858,2.75381606226205,3.10108126605834,2.54444183444019,0,2.16607757707348,3.33877289547386,3.02630362809852,3.01276611776391,3.06327309167815,2.75582568366045,2.22129550745004,2.4617335270265,2.68967627233064,NA,2.70512533186766,NA,5.5956850331473,4.4309207170944,5.90662721280011,5.93715989907687,2.95520704227781,4.76014500231735,NA,3.93966474662482,4.64071793122152,3.56619407046202,3.06954817581959,NA,NA,NA,3.63496057535295,3.5723745628975,3.14105125298611,2.9549553524977,NA,2.72626774943451,3.60438793325584,2.68516915580539,2.84841340568677,3.39066974122747,3.27993426433445,3.71835971088767,3.48798098836017,4.24991691559155,4.89128367404651,3.78241406634802,3.9355458752614,4.25511970579695,NA,3.13250185187633,4.1769099303026,3.34352276335569,NA,3.1866565364465,3.57434169549901,3.42884387119206,3.64738454374424,3.91260340212196,NA,NA,3.59414834549479,4.10954424752436,4.0159054798759,4.05517132080742,4.02552969576432,4.36533554462867,4.03998174758406,3.57991414981203,3.99349321009962,3.85218903489531,3.7387360969608,3.72754683428874,3.88889634249179,3.76680283182489,4.16056351801814,3.55579545192204,3.41062713057688,3.28495117899207,3.58358512027028,3.72624647963759,3.44292385817215,3.43419578396163,4.2172299326805,3.60241966332253,3.65406604297878,3.61002040753287,3.55581754063375,3.73452703665132,3.51882245318436,4.01382750538588,3.81905026585006,3.60294532318807,4.37586245850155,3.81089971508162,3.18306977770103,3.47381038057238,3.60306905814338,NA,4.71260105756069,4.17721285345295,4.46819968357718,3.68216516313056,3.53244477717156,NA,4.01366060652734,3.45063633774406,3.29365264101261,4.2038122068881,4.37680840223881,4.06740167610348,2.86209638501896,NA,4.21635338333368,4.30817546486926,4.1760151357786,5.95456399065992,3.8129609823792,3.9981968751758,4.91082300373029,3.97235497492868,5.51273266681663,5.05702657057942,3.02618912257497,4.44948504090756,4.17706734889867,3.87926573277145,3.86301299794158,4.28069138278475,4.83291569596569,4.39239796047478,4.36722608281841,4.59191715887351,4.52930282692922,4.13618506057505,3.89659906817245,3.51778013370087,3.32381321569877,3.30887087173393,3.65817037838217,3.61580073770207,3.29556476350627,3.4157784887902,3.63900252679195,NA,3.64828271971056,3.54133764500186,5.29770620708747,3.76421066461461,3.46289010677905,3.61779560328417,3.65535430238174,3.55150377795758,NA,3.71876687573288,4.22166333018892,NA,3.95373749933921,4.20844566758782,4.09211908614005,3.77641854613069,3.81309528398339,4.03303046679919,4.08500274963082,3.85409560446924,3.68691896740544,4.40847891763002,4.14237548716267,3.85718137294254,4.07853516637919,4.23888577781426,3.88299997540368,4.1229564515874,4.29314003684117,4.54603652977809,4.6167251548993,3.80628690705423,NA,3.80715016624961,4.23857330542617,4.02770983348162,5.18251984270928,5.98396450602058,4.27438394123617,4.95593291361908,5.1242112688822,NA,3.86565820856645,4.43986121775903,4.52955225775683,4.11759993786195,3.53645843770016,NA,4.89550862876748,4.57942935639568,NA,4.24256103407657,3.56881230197554,3.52247233865519,4.37395735380416,3.59493694571142,4.49939579526567,3.45021650596436,3.26222335881358,3.85297722229314,4.10934344806287,3.90041368810694,4.05800734469644,4.06908001630051,3.87832789121679,4.05795955034247,3.52215612019581,4.29748952911777,3.58592980328676,3.46426878568504,4.33778337453457,4.61522570402221,4.64535733399986,4.37318702746854,3.73479112799459,4.18864640328229,3.4047387565663,4.03084937822392,3.68703305683081,3.12997159118247,3.50542408647555,3.13574424180549,3.28398392982736,3.43713226218593,3.2147657309826,3.41976511605154,3.02467241438243,3.38064148678485,3.37194527106028,3.09908102423727,NA,3.16548411419801,3.34242482919817,3.53231908248799,3.59079994326362,3.54415467383386,3.29330536165299
NA,NA,3.89116210484562,NA,3.48822310177631,3.94240222634561,3.46132620244132,4.57119110003319,4.913295167137,3.73193223797612,4.64461056223168,4.86477311355212,3.18314385997171,4.07054736749858,NA,3.69394040223134,4.26389099781442,4.03938207693593,3.90149271213462,3.98031906670652,3.30696429239861,4.06429657232139,4.3146786163184,2.85758862880936,3.25131239308905,3.50958591742617,NA,2.80143206857343,2.65392908576177,3.2377128796375,2.73547842682283,2.62775431097619,2.55893763971734,2.82989487379222,2.55665130482172,NA,NA,2.41093112926856,2.90245216253644,2.99641490449958,2.4805260640234,2.47358466826254,2.43203781119374,2.44063996224681,2.99938672908829,3.1816525667007,4.42719777472591,3.1807746454461,NA,3.37888751793641,4.82632144741966,3.61773419807984,3.58293174880874,5.55647553343821,7.34987353188752,7.97159033873851,5.04538239502261,6.34097837431509,5.34463202259791,5.44234631227152,6.06658748633526,6.17917434112148,5.37113387534434,4.65607655609415,5.18227745967703,4.56542082246196,5.61231438961794,3.88292247706944,4.47566535411289,3.52185020659484,3.6001469674613,3.82393324825243,2.69504499886422,2.94891647061276,2.65559728616295,2.94363143304459,3.06641838544708,3.19333663393245,2.93272970112321,2.75653325262711,NA,2.6420719576413,3.10868868970416,NA,3.2814630614524,3.53738376895222,3.38095148926769,2.34072027698969,3.49872194310206,2.96139020111011,3.58241447738235,3.34698402400842,NA,3.50600287041355,3.190120703474,2.33041391921977,3.93659207041421,3.90883844901456,3.82694930936331,3.82515724061253,4.24273818203136,3.42356192476781,2.48836836384456,3.29876508090765,NA,NA,3.80885889891349,4.48083135875503,4.43211050147861,4.04028096150156,2.48908471098788,3.7152366377852,3.52873506831492,4.4541111519237,2.88730146282433,3.468824005667,3.23745383677405,2.8571420606122,3.4961916705936,3.35677660552789,NA,2.77343456566315,3.06726614158279,3.18364390800984,3.21614921561259,2.24792241208549,2.94742645058637,2.71528907992467,2.56056655656445,NA,3.39485055248099,3.57650325514706,3.87448487252343,3.09794876187918,2.82871798414215,5.34972578090041,4.00580810271637,2.43454595579629,NA,NA,2.23310636766966,2.42539096851377,3.00369613903168,NA,3.40924674002394,3.44218035785556,3.32776855724919,3.01170814844715,3.84533318859042,3.50863863167503,3.89728881463373,2.57699226006152,4.65214021348412,3.85471582223029,5.9702611718101,4.82060470264542,3.59422968421177,4.19957782740016,3.35426663071166,2.9624081215155,3.43042280984522,3.11367542136778,3.63612609081359,2.93776975230882,3.08033225908898,3.19492295565157,3.24223336756893,NA,3.53863473793823,3.35839794101678,3.15450377589204,NA,3.01792828324479,3.24625147814085,3.12341417727277,3.85615467647908,NA,3.32007278529972,3.35901117815049,3.7007645371647,3.61310717583138,3.84517920694054,3.64897148285082,NA,4.13581375428699,3.5552089204625,3.71786122149489,3.46284762593667,3.31989160408689,3.57597011116652,3.70314166637882,3.40848151502085,3.61405463974217,3.88684450320124,3.63502598647746,3.32281343779927,3.90046245116242,3.67687819486693,3.83192645278987,3.33830150524164,3.88489871630045,3.34223663390512,3.88242538667128,3.91716108584518,3.30883552757953,3.72281975124785,3.13205319528543,3.32573310446572,NA,3.81266132093754,3.21457243398405,3.77214512323177,4.05421370103213,4.97912117982389,4.70333192055339,3.64187828707992,3.28657396611761,4.06881258820983,4.95018841839134,5.02996450242146,NA,3.68587301231058,2.83074421894804,4.25310023258294,3.20366676265812,3.21205148904632,2.93322502316234,3.16396922850579,3.01899854283914,3.05287789626613,3.1905441471367,3.29876916576295,3.23682829970464,3.47072349147931,2.67003711486834,3.43567084982244,3.33036804733387,3.47200631566773,2.79905569055933,3.23037471415523,2.52295634749334,3.96675708266342,4.26551808474651,4.04257048102302,2.53824089013793,2.75591769484222,3.04977848759392,3.28095684527281,3.42580749668641,3.32901497196787,3.26199260582102,2.82210679983069,3.31181411777738,2.93701112013359,3.06329391972573,3.19026029631966,3.81606461915751,3.40262077012395,3.78792430561536,4.17184783342718,3.66369152108892,3.92812809640587,3.6777568635523,4.07131301306253,3.81562262053525,3.58063850864426,2.99983427531664,NA,3.15488456805096,3.46528564862297,3.54117492712417,3.6234717412773,3.61458051585189,3.70673088478421,NA,4.17792028655475,4.34934725707151,4.15962682718661,3.93803076761539,4.09522452149306,3.82740495906543,3.7512148391576,3.44567865687274,3.48681962311269,3.64542979974565,3.33465940973062,3.70887200193099,3.40861458894954,3.09946205343261,2.78616913244761,NA,2.67290199451177,NA,3.31726284213047,3.32446541203695,2.70029511725297,3.01687401159979,3.25382568974268,3.63969907369655,3.22990386699906,2.93334045562336,2.43570439061502,2.2423112885953,1.99493914098185,2.41610898519049,2.24246641065782,2.47350293032164,2.86236370777992,2.19205592059531,2.16607757707348,0,2.37715347562528,2.76345351455174,2.34539586815145,2.69684095605323,2.4105061716354,2.0903676938272,2.03352832471423,2.40237156039378,NA,2.75874558419517,NA,5.4671841496374,4.17726025338681,5.75452009432683,5.68996948930248,2.57384068800669,4.45001323526702,NA,3.88898981459863,4.55769940354278,3.30306450295887,2.80420933773161,NA,NA,NA,3.15231441877028,3.18067191264743,2.62219786357528,2.55470377113827,NA,2.39062754647819,3.28740650714712,2.30698593339204,2.75284616238428,2.91559445187792,2.9392739337405,3.4034955948859,3.31626675755571,4.12699630808622,4.94203256082162,3.45933875148859,3.71525405770149,3.80317753790593,NA,2.73324908577499,3.89382864421604,3.0580309360714,NA,2.80035921097408,3.00375528562446,2.98756497145991,3.1633636724408,3.55180781934269,NA,NA,3.3378027656163,3.80778209215387,3.6829091778446,3.60394228993059,3.70145364949603,3.95020501343921,3.58326347589844,3.21694660272369,3.43142082686143,3.41289278808521,3.33516327202726,3.32257329355704,3.57442426738006,3.51933228667156,3.88139527420871,3.46767028519494,3.28529329307722,3.17658894822952,3.44625470472638,3.51070462547637,3.20030851363966,3.32257926263379,4.07587024988833,3.4378076539802,3.53576699594793,3.41545822178926,3.25092811587254,3.48759822790378,3.3151572912712,3.74270323868647,3.39436358529277,3.2707682568203,4.12285926898003,3.6077780841292,2.72857629560956,2.93517031121638,3.29005345096443,NA,4.35330981378931,3.85503014591357,3.97586245831629,3.26246443073696,3.11321210478496,NA,3.6534365092986,3.14214475629159,2.98821367841531,4.03657322301549,4.04464187562295,3.83888186115798,2.50036696532433,NA,3.96462288635488,4.13261393010818,3.91908305040845,5.79532234315609,3.64494714192373,3.76032402626306,4.68058156809067,3.71923084281806,5.30935553890771,4.79155367882231,2.69932780231109,4.12363538614954,3.84727810920223,3.67270989604544,3.59853911899943,3.95790765560711,4.60050429872917,4.07366996846659,4.18322350711491,4.40752845827913,4.18095250237423,3.72638968883338,3.4601485884083,3.02985760241562,2.88100973416088,2.74946494660357,3.13569295569835,3.09401920147529,2.88103917918978,2.87645694451863,3.13380576797152,NA,3.15092476897627,3.06927318380725,5.15898803018116,3.27421244595574,3.02785756757758,3.14231855715784,3.2112355704513,3.05622219539575,NA,3.17710734654332,3.57675638550983,NA,3.3923646024213,3.62978928098579,3.5043315590575,3.44726475011402,3.354014949498,3.6225770496084,3.70162803511763,3.46496690762285,3.23194790418525,4.05795012669431,3.69168073006496,3.44162085911619,3.81720535872581,3.98704533559382,3.70740964312623,3.96293012739473,4.12923891631696,4.42235873512394,4.45551693496253,3.52552636693549,NA,3.26776125203605,4.08027134125496,3.912438949273,5.0432431536062,5.7332602571113,4.06418607502903,4.76630287543141,4.92706688926246,NA,3.55786012343459,4.22156725314897,4.30863356702337,3.86671964930128,3.33566726067934,NA,4.81363367143903,4.42951798302615,NA,4.03276877265346,3.31486288579721,3.21321950901709,4.15667345786323,3.5550289491109,4.42588043918726,3.09678862951782,3.04547843562262,3.77060502337189,4.06320085881251,3.79752533725731,3.80043434914344,3.85654479137421,3.65092683369945,3.75688795184178,2.99070768335756,4.05901140978591,3.43365329778622,3.25860189170036,4.03639330105602,4.31753948762609,4.50884341629818,4.05161548963371,3.32978939671364,4.01317913920732,3.15506310107796,3.7529363663491,3.31259271304408,2.75326121982064,3.21893506296188,2.88283328555625,2.86112276214413,3.11605774387493,2.91178894573008,3.14420608675807,2.79890535213245,3.13612183364256,3.01939107046769,2.76921680086124,NA,2.7577067915327,2.88037643569825,2.98645992047907,3.0526669981293,3.21734841411208,2.91571205225602
NA,NA,4.50460820294819,NA,4.18809144174934,4.49191942736754,4.14932681103985,5.11219964032938,5.35433044208706,4.09089668303786,5.14755457350672,5.28394499781518,3.64420356572384,4.5742227104396,NA,4.11676639825163,4.72908188787113,4.5335481214524,4.54993955874375,4.55391795345896,3.96549117933508,4.34817971203489,4.81396292578393,3.78695368900324,4.14772073995025,4.18419462805931,NA,3.75841946331551,3.7149206552207,4.16188366953307,3.48077984014738,3.79716877658172,3.76834365272864,3.98213013086573,3.52317533210829,NA,NA,3.45117133909978,3.6120610666313,3.69332021105572,3.27584791921232,3.22616032127162,3.33833022433721,3.01071399318607,3.89766237388044,3.70220712617032,4.95997183528888,3.64503504649545,NA,3.81767071748497,5.11955133366817,4.35246020802774,4.12521797094306,5.95296920977369,7.65697454521323,8.28732093209065,5.58991762611976,6.8397857420865,5.89697581834567,5.96213616493919,6.51211177800614,6.62782712246719,5.8663785421286,5.26869962588143,5.70044041932608,5.07731543252098,6.00542938962968,4.36024880748667,4.84333173230518,3.99402567472645,3.86138547204724,4.25061419443041,3.29401491520348,3.14836161687796,3.06129837751164,3.44445785510284,3.56301066266558,3.51859790732844,3.43335961685072,3.25399707626709,NA,3.28739542665472,3.56670962896601,NA,3.89842699358153,4.22858479574171,3.94258575836193,3.10808679190271,4.15021314730538,3.63095391313589,4.19829787801023,3.97035304222883,NA,4.21698664068706,3.91759769049866,3.12720675644094,4.49184515155202,4.511573858524,4.48172416816931,4.53566428611978,4.91661662589072,4.07170266885306,3.32534479201255,4.02145767345378,NA,NA,4.53646655358918,5.16559114162427,5.11647145444625,4.6830381931053,3.24419840814159,4.41631638274209,4.34733598243538,5.20701018662622,3.80243535923996,4.37549569287216,3.97910167040008,3.78018482099733,4.28625451618013,4.10153032562977,NA,2.98623144274301,3.35862580121676,3.6994118255858,3.5121936166471,2.96416086825393,3.2996780607355,3.04581523658107,3.27020613198338,NA,3.96439611663034,4.3002911754532,4.01723367498634,3.70215012755198,3.47346589646466,5.94619000845575,4.82329570858679,3.14278984544212,NA,NA,3.15351632001195,3.27340531809135,3.49099431120287,NA,3.77976497003288,3.89395893033333,3.83248965555611,3.39713989287675,4.02218406127339,3.82091562926721,4.22198193515662,3.33557143723377,5.37000993619006,4.24557815398892,6.4805372622229,5.36441945816309,4.30940455306117,4.71658156800369,3.94711557481925,3.60021789392044,3.66339891735296,3.64989470964606,3.9016785251455,3.28104577530907,3.43410333885855,3.61441739188204,3.70255465106544,NA,3.9552344744802,3.94741534660556,3.64121126385216,NA,3.44433147041723,3.97238395101146,3.81043974022316,4.38447142904472,NA,3.98487876375552,3.91438634991188,4.203934287956,4.26432455946863,4.29849460896071,4.29228604496862,NA,4.81826002679197,3.97457637081716,4.1731625698578,3.95485683832711,3.85048745133646,4.1795630467119,4.28926174184113,3.9319358501047,4.07538592561376,4.45284830622818,4.23910655281276,3.80346145205882,4.41440003950163,4.12068724611597,4.14302987827563,3.6609432057253,4.10533234242473,3.80309821259635,4.13921163317079,4.2900435816665,3.84612068394889,4.06367356252124,3.61512529960007,4.01960844174457,NA,4.57539994457995,4.11089711635791,4.54792403690651,4.87000681128547,5.71514538989507,5.52039659765239,4.64148787291038,4.39420725807936,4.98094409507997,5.83404830820585,5.31885658291191,NA,4.55201777029974,3.70790188731249,4.83913007696398,3.45421387372802,3.47439386539671,3.26761216184687,3.55460129956144,3.40894950328287,3.37410199754632,3.5007247146492,3.56715952494381,3.69127652156597,4.07321195363588,3.52416154617995,3.78534639739492,3.77464380837217,3.94217692056038,3.3233808947984,3.77028622648114,3.02024375454515,4.33460342934569,4.60262273318055,4.61612178296013,3.32547226862679,3.24737863742593,3.33863631918563,3.53996851933046,3.92039472772763,3.82487267533841,3.75341368946534,3.4049372113799,3.57023056618221,3.37695835040828,3.43622585881021,3.71056907121507,4.29234485499199,3.82513334435123,4.21902486677341,4.62739367273572,4.06797997701411,4.0677738998795,4.23259378000186,4.48060194305421,4.2798214419728,4.26078042469852,3.73103056045971,NA,3.8779417293359,4.03038736726975,4.11444187195997,4.24108003029072,4.37741972124547,4.4286273173762,NA,4.68929637472715,4.85922521938442,4.64055516525644,4.51982405726051,4.69694923167297,4.36225200247355,4.22539894297255,3.97112788371604,3.98713038616294,4.23014493440117,4.07844859365272,4.45797298329588,4.13322686464571,3.81897113216968,3.47561984460632,NA,3.58535716732093,NA,4.07595676954921,3.96514298497426,3.76555206764724,4.04856499396861,4.24982118502411,4.44741274053017,3.89522945408876,3.31034418403257,3.11783763707736,2.94927813996978,2.83599351219186,2.87904747170505,2.83723163063599,3.06187962209144,3.65315163954094,2.29087780531783,3.33877289547386,2.37715347562528,0,2.37438488228313,2.6130658588565,3.25635672938999,3.41029914169818,2.93482744464686,2.62348188089984,2.48107215894745,NA,3.5537692999684,NA,5.7919181656192,4.41347190901908,6.02316050791562,6.14118258613197,3.2378822248593,4.82335525811203,NA,4.48896477235899,5.34511840556351,3.91013255392274,3.6695892931094,NA,NA,NA,3.98116448787628,3.77120844734378,3.4163918141731,3.26959610996803,NA,3.1516201631678,3.96871270006581,3.19219696819584,3.37257369503965,3.40941824014943,3.64211685286876,4.1854559068146,3.99230009343935,4.73463855329232,5.24814489658378,4.03752032374226,4.38380669193705,4.49666244980639,NA,3.48456850415171,4.37746790604159,3.54360745341589,NA,3.57073803510075,3.92347526194356,3.85850028004366,3.97186079583706,4.27078100002541,NA,NA,4.13892030938619,4.54955724229594,4.37750448993928,4.38158645557711,4.46814562385908,4.58199865313234,4.31418267818406,3.9679019393296,3.8818067775364,4.07649401101551,4.08991183501888,4.05465170010539,4.40093762420623,4.17881087479866,4.45399700025403,3.99665682560612,4.02256005117999,4.05358712255248,4.41320858823973,4.48073769108777,4.1926622684325,4.26878029373049,4.99308301202086,4.34788059424033,4.46118134725901,4.30240097836524,4.26021025050481,4.6139686796335,4.35528233652243,4.83871167144809,4.4674000185155,4.4372595681947,5.08741745112752,4.35804352884827,3.67243615159141,3.94399849133869,4.3106988272872,NA,5.43411403645947,4.69982816661342,4.9151801708742,4.15559215394461,3.67452728773415,NA,4.22232440431446,3.81941323550694,3.71303863543373,4.43813492408988,4.76309981429865,4.30624165153368,3.23628651210919,NA,4.49002991174791,4.73951085551742,4.42442742361746,6.19349110673932,4.2618588997985,4.34065048331084,5.19306733683932,4.35078335242427,5.75465124028199,5.37061352725326,3.61761434813343,4.79917816842239,4.55622514289488,4.33625352107832,4.30078886131185,4.55030415089402,5.27086947189465,4.75247987313543,4.93827691510689,5.15812550641503,4.83245150686105,4.60933071341807,4.33427332021169,3.77871542002711,3.74076592322438,3.47662055207765,3.83700249974869,3.83321209867339,3.76390944557208,3.76910900708064,3.95772205555691,NA,3.85502729046091,3.9568416450657,5.8129109773505,4.08461463055746,3.94428201016645,3.96165115987065,4.02238589052259,3.93082502856135,NA,4.0299319189641,4.41586868484701,NA,4.33012396566816,4.46994838158723,4.41152586715257,4.37842844145853,4.33822696176806,4.41096175926124,4.50247754098088,4.26937603432527,4.1330019850242,4.79517996742836,4.57223692193863,4.37857779187122,4.73289315660856,4.90811722779156,4.66740633524322,4.88875787904511,5.02785024633504,5.2483083159223,4.92519427609325,4.51042347341241,NA,4.13744649384219,5.12986118969729,4.88468666711931,5.81823569904405,6.54689018970589,4.90276462453249,5.68067758723706,5.70284860618473,NA,4.55812366093402,5.00320944537251,5.04569769859774,4.73393932461051,4.14760093589456,NA,5.39291472483859,5.05640675865721,NA,4.91795462837551,4.3422561643582,4.17135411154503,5.08900607521285,4.48136174007381,5.10133558207525,3.66896554307274,3.69015736575026,4.33700337563585,4.60509384592386,4.24396194180027,4.31473399034593,4.33683017551426,4.11130970867015,4.20579753687788,3.26825807530191,4.78131533625571,3.90656777196536,3.74901430411518,4.92991608578046,5.31697535176403,5.13444423463827,4.8856781410049,4.20668211526051,4.75135306207359,3.85291246573565,4.30094118958993,3.95713827378891,3.45003320744633,3.99581302316476,3.53894098333639,3.4476028520258,3.5535615947314,3.43050611743886,3.71345669494812,3.63299050848236,3.75736192720532,3.47469984984201,3.5094650647363,NA,3.52435351636211,3.58969314708971,3.81031560868869,3.80624692041351,3.80156120670546,3.65259103682606
NA,NA,4.44263295423414,NA,4.01964345863864,4.46734098244006,4.187351474804,5.16049901630072,5.38758871543454,3.89061113240691,4.86617055039037,4.93798495706308,3.51304625525751,4.3810173991047,NA,4.11101998380429,4.83141165446326,4.51225224087446,4.46300698904397,4.42200546122444,3.94869943106205,4.18724837409625,4.8733561529222,3.84988518101277,4.33223503013188,4.35228141590114,NA,4.08752908790851,3.97241336695899,4.31381254398816,3.62228440488162,3.9469757753283,3.94020375019166,4.14558722063926,3.707058705475,NA,NA,3.63298278231998,3.69019590407626,3.77708165539876,3.4304668830971,3.34598146561426,3.47064364286473,3.14454437303017,3.56249303597723,3.42651625095603,4.75123602761986,3.51996798426565,NA,3.71001770836014,4.89237366101509,3.93009868753705,3.82153844759227,5.65911385479116,7.2492807477218,8.04187719219154,5.44709121336895,6.70996822684869,5.79869524333187,5.78558455380887,6.2881396402284,6.3513395866419,5.58265255851303,4.96948951591304,5.48338216994628,4.87250663214007,5.91252508690824,4.31352587948777,4.88778547569797,3.93777504930231,3.85589779806903,4.16655442661586,3.23599770111923,3.26815428227572,3.17555957189089,3.36657279115773,3.44253693019942,3.61689081794775,3.62261302931093,3.3308779698465,NA,3.29113478923446,3.64450900087025,NA,3.85999155459576,4.22069299770701,3.98087316530841,3.19106272273205,4.15730052331153,3.65558742823682,4.20688589681253,3.96723822452711,NA,4.2768247441582,3.86896873836477,3.20241033778842,4.29857126802375,4.30204393746952,4.46236948569344,4.53925488325705,4.99659754857077,4.12235977870047,3.19757707760475,4.07470329239089,NA,NA,4.53908253698382,5.11980760854512,4.94911470388224,4.55149924121358,3.30978461607129,4.48106944938636,4.50452063629351,5.13696092777613,3.81977894659051,4.41866705857052,4.02054900204106,3.84610544063043,4.41699497794809,4.35322128013227,NA,3.26391915127768,3.65934049466666,3.77320570265486,3.8338709320141,3.28661690217714,3.64979119889848,3.33047188242266,3.63848348623108,NA,3.8695236307994,4.18666683543348,3.81862456537228,3.59307002309769,3.41935693823539,5.67959337479185,4.7269825126914,3.12395232372688,NA,NA,3.23366224595543,3.27921658788689,3.40109956027092,NA,3.46511924063728,3.77604855594778,3.92761678273407,3.35859109633453,3.87411184238304,3.85040874740785,3.86792267580651,3.12513964887301,5.04331887655123,3.90876870001098,6.3625836413449,5.36584425292446,4.29751372520697,4.58570041861414,3.87955836173474,3.61876148476664,3.80316214458505,3.60066858982031,3.85757085843146,3.37310508513083,3.27536161098171,3.50396340790052,3.60664855078852,NA,3.67175923021288,3.77920978751047,3.52666704774213,NA,3.5137080573541,4.07690477533333,3.83280299601491,4.33651098818738,NA,3.90255693267742,3.98094666313544,4.34853596437858,4.38272639896699,4.45674733794539,4.30621829021293,NA,4.87838878302088,3.89462847415435,4.05346632986628,3.89048324392137,3.7604033606223,4.07345789209529,4.12308675729255,3.7371921729354,3.91756453375531,4.30095901003415,4.04224897379576,3.69394208285274,4.0370072475837,4.10219627530207,3.90780598554387,3.5970432453147,3.7298363528048,3.67197278408867,3.85035148706974,3.90534133358232,3.64639560740347,3.55085695012518,3.52975114583276,4.02922977652621,NA,4.45716888146387,3.88535954937514,4.50302600472855,4.86627636012455,5.61177025394221,5.52855983660177,4.72606702256848,4.4361957474233,4.99779535576324,5.72396143136622,5.75747290728559,NA,4.64587709299026,3.78347330219316,4.70453108473989,3.38676203855815,3.37628051786813,3.21702531021024,3.56824174930752,3.44715922531916,3.46238056337788,3.5409328585436,3.76095729082491,3.79196917509745,4.11205363084724,3.16029842740135,3.65795102546252,3.66525106047689,4.07968683367441,3.16689215541839,3.71348960672023,3.46676637184729,4.09391543858925,4.59756934182587,4.46168024445646,3.27988174992861,3.23212486120227,3.24948103641379,3.58394267020389,3.94907566375371,3.70583452054541,3.60714437602603,3.21289603110127,3.85545516391647,3.5316334462252,3.40975665448341,3.80223325281561,4.22524617419533,3.77952426693031,4.20846565750758,4.71011980980676,3.99371839424933,3.95411730305054,4.25345689523202,4.29236362831529,4.29151338341319,4.15541674055211,4.09901349549669,NA,3.86646539585023,4.03269152956395,4.28781873500863,4.18115638423373,4.35928758661378,4.47247160128585,NA,4.68877843307858,4.97589907412989,4.78829503752371,4.59616149317341,4.71655892400597,4.51389040193194,4.34660355557596,4.1449381285863,4.19761477840208,4.38372925281315,4.30573313991366,4.50127576694575,4.17317586554826,3.95236827067325,3.5989814084284,NA,3.64977521320562,NA,4.12956784282298,4.09755167021412,3.89718173567337,4.14893343133369,4.20244722699322,4.35942650999843,3.84543138482017,3.37147382408104,3.12506316663599,2.9990460194244,2.96571074257271,2.95181961074029,3.06043627945487,3.26377827343989,3.77726262548794,2.55276341763863,3.02630362809852,2.76345351455174,2.37438488228313,0,2.46933461721888,2.94590053652545,3.12400310377105,2.62464362989006,2.47631666592852,2.50969983644579,NA,3.12926238302458,NA,5.6042558263558,4.54926531136032,5.64538368240948,6.09881945748261,3.31969739156703,4.66939627966266,NA,4.2593261913671,5.10192158124417,3.7022925987383,3.72900169587928,NA,NA,NA,3.93876334797768,3.91828486968313,3.4209579770497,3.22415926610728,NA,3.32859790517031,4.20620658466446,3.27090294461206,3.36389808537305,3.52636098635947,3.58489543799656,4.07216965739956,3.7930426311994,4.49828335597252,5.09975654024546,4.4114889745872,4.4514136422121,4.57142838826164,NA,3.59995454680863,4.53799952207332,3.5194302811658,NA,3.60999971761097,3.93425048634993,3.90688501584148,4.08142510051589,4.345543489757,NA,NA,4.10843448189155,4.60248810842112,4.40270040817488,4.445803982551,4.5239140316637,4.46241765522743,4.3201167401053,3.8753731370859,3.80165344631413,4.05114824199477,4.17690587018887,3.98830600793824,4.37961932810624,4.21301900611028,4.4385631882787,4.03996170161281,4.00794132424861,3.91209527157528,4.42087587878754,4.36980738065323,4.19478755665749,4.20711752775351,4.82699470100749,4.19339002291115,4.2416757205349,4.23783008413834,4.26387451602788,4.55584357953564,4.28416817315643,4.79107565522262,4.23003349755103,4.37774461470248,4.71914886757873,4.17426504505379,3.52227491943237,3.82726942291048,4.23993910583998,NA,5.45845804593047,4.61744491552605,4.79962203741516,3.92468034562802,3.54244120538667,NA,4.12663454262719,3.79548447824008,3.69257892561494,4.23467986567207,4.71488306841743,4.13935715427431,3.19792118856106,NA,3.95634581830286,4.34440973748112,4.10975484656784,5.78509041035697,4.16089117827048,4.06354630575704,4.93358090238526,3.94618495769693,5.33610736734976,4.78664122860642,3.5779252515035,4.45380975562413,4.13254454476159,4.15159290718299,4.02767754648195,4.47968338332667,5.06887611299546,4.51129126149728,4.55725724461607,4.89106582300769,4.82394932799121,4.57942291054665,4.3057934062856,3.7409678361386,3.7094407690919,3.73012106179063,3.96248772850657,3.85527622625403,3.86556640567313,3.9106646490685,4.0198808302834,NA,3.87191506554653,4.03746733570108,5.56575124088178,4.14582099462824,4.02859627272003,4.03748031794671,4.08692909393858,4.01940421156075,NA,4.07881922676214,4.46325131216052,NA,4.41295568869316,4.51705263981358,4.5138779998624,4.44965701476155,4.45739190127298,4.461689436059,4.58400038458888,4.28675303046371,4.1905973386628,4.72954368947311,4.52848386911657,4.34402755246311,4.66159139777314,4.85019465475505,4.58588773638084,4.80817179413236,4.85219798178082,5.06271165628661,4.95642669497987,4.5050295137398,NA,4.25457480794963,5.11072714482844,4.72302651298006,5.69098495045185,6.43087589330653,4.75762881623606,5.63548110973121,5.75057214564609,NA,4.65984766209442,5.11960433000571,5.13081132786626,4.83838760913403,4.29805365144211,NA,5.48791311506402,5.08292099059169,NA,4.96343869176863,4.38460165888853,4.00919274104423,4.82452402212808,4.31580589419179,4.86663129307115,3.81045575430206,3.54308025709901,4.01908512186425,4.37571859270535,4.01966703514417,4.15943173128887,4.16066383166965,4.08586716152452,4.31417347602283,3.36228245911659,4.87341991186891,4.03754135883471,3.67480887577352,4.65089200099411,5.22473635055149,4.8384909249498,4.84031005933318,4.20729905274072,4.63632523105185,3.79392590225502,4.18981762967074,3.98603241600303,3.51455375218026,3.98873297364808,3.55391621473233,3.51366298129629,3.50521815577155,3.53700553607388,3.73568184275261,3.71359226786952,3.92413725174635,3.46936345328294,3.63565337639125,NA,3.70297366950769,3.83486610673306,3.96164717447201,3.95991962159458,4.00749748216875,3.79925064147706
NA,NA,4.06976760856061,NA,3.78991547066478,4.03451662063026,3.74803155211169,4.60680668589367,4.90944059065651,3.59146293586545,4.54541430359238,4.65212552780966,3.16643333468287,4.09071588865276,NA,3.8017468341441,4.20691074890701,3.99736240657746,3.96840897134627,3.78639884732694,3.33220558407566,3.93893464470239,4.31767273937973,3.28194216525381,3.69500221489946,3.79601610093323,NA,3.35093088677556,3.31651840529709,3.61275221800309,3.08675021131404,3.38975381436953,3.44439208554251,3.51861722644887,3.11488393222057,NA,NA,2.86006313773079,3.1094635628595,3.0892355608995,2.58424239552714,2.48877858132556,2.44914949579844,2.64398725434731,2.64620390129965,2.62983759066627,4.12298450704721,2.8408730742025,NA,3.19769264871657,4.31086386508663,3.37665192984363,3.23033102209327,4.87870980983309,6.60149845341943,7.40299862281829,4.50794508688492,5.85016625775724,4.90981303528598,4.92481835771007,5.39406962679969,5.45396212512225,4.71882593175658,4.11365161923711,4.51567394920312,4.04739134578807,5.21443362050955,3.75714441308718,4.04256106082516,3.21846120752364,3.21637590910922,3.83250357777337,2.82949905558311,3.15898862353119,2.80503075089313,2.86293319911303,2.94930183700437,3.25659068616261,3.1467365181506,3.03027158561272,NA,2.90621964366676,3.17623609628799,NA,3.62151760846997,3.84954893177487,3.6323848324012,2.68613257147416,3.65974140622038,3.1779007614951,3.86609281569785,3.56776722045145,NA,3.6908201884637,3.56512260262754,2.65233775331184,4.22558180119577,4.17874692908175,4.12551856534249,4.1575823230718,4.32319135427505,3.79488503422094,2.87511903598158,3.67783012103582,NA,NA,4.24075687714885,4.63529800372312,4.44184909543106,4.21203029641205,2.65490165519188,4.1518611355997,4.11267161309043,4.54163818399591,3.37514821486012,4.01207529481807,3.70517755715448,3.37381825707197,3.85286020811299,4.00872036822542,NA,3.11727555849675,3.17313494424748,3.41313448748313,3.76968786780975,2.90246794858638,3.21707090500535,2.82167649165876,2.99497048760187,NA,2.90780136941803,3.28647763359598,3.31061488045978,2.86224950495715,2.52312182764649,4.86590034105565,3.89787281858741,2.5947826163794,NA,NA,2.82036168781713,2.58631126723685,3.03811710116176,NA,2.61796353991625,2.98488182870341,3.23539462084207,2.74349717353454,3.03026940406298,2.95342110727399,3.25157418146099,2.45960081505698,4.27554822228795,3.12949261134208,5.32082917117299,4.33997876001367,3.39993004192255,3.94322388461988,3.31241188371,2.96403815682277,3.58053518863981,3.17386492448216,3.24045766133627,2.97465728176876,2.73578404109437,3.31629914087024,3.4493880276105,NA,3.20564792806027,3.28719024775229,3.0542685432154,NA,3.33582987320584,3.9101910660211,3.39440915282752,4.22430732077967,NA,3.66551624960651,3.40707273035578,4.00783555110408,3.92138735932023,4.35873014985277,3.8059383213915,NA,4.30094838664783,3.90221118733302,3.66542886250112,3.61589238004133,3.34358624513566,3.66781882111829,3.87870160561128,3.5441197146925,3.64082389442896,4.21360476362205,3.72866384583894,3.59475799128099,4.0887586436348,4.13135273916543,4.0601849819706,3.53753141979059,3.57488898008212,3.46973428260158,3.6181789709653,3.74764757638967,3.09962028912936,3.59228707561754,3.2921106513662,3.68349377434446,NA,3.94229675994211,3.45330140465728,3.8321776345045,4.15306854204401,4.76810462158996,4.5568689932331,3.85110701583826,3.55087385607529,4.02926509083504,4.72261014989872,4.89343981225927,NA,3.7906517844175,2.95301919197099,4.02931580468565,2.75710332940935,2.74310447302068,2.58264022667039,2.78693273900056,2.66149338992475,2.83228001507629,2.81555130939316,3.03053733425217,3.04052447144508,3.1044756556687,3.17636007036512,3.66492532036819,3.29837755782152,4.00130612842481,3.04648718816635,3.20989307151552,3.14151956314172,3.72534733633907,3.95345596065423,3.67791081546524,3.00063748379726,3.01795870177581,3.13928168458367,3.11082387976128,3.1383004733914,3.02356538416766,2.96955429008593,3.05059248142733,3.4698481896356,2.95177481793124,2.92970324725609,3.31544393438643,3.95523898411668,3.37171731759424,3.7357333223771,4.18129576118718,4.04999781357762,4.12865424885728,3.66159088472144,4.16737932916381,4.11239041317565,3.93781018669143,3.58021198166148,NA,3.55506513924595,3.72188767717291,4.07031747404732,4.1200652760157,4.13706099330443,4.03093892492249,NA,4.57685862680882,4.64819284444299,4.45564753752265,4.12320916687626,4.45888648090819,4.32531268332515,4.18194659587076,3.80561788530291,3.93546694313159,4.02385713805739,4.11528279870783,4.4641232730381,4.06136558825955,3.45989929863657,3.27177683626756,NA,3.2336177437924,NA,3.77722715234865,3.53274361653672,3.17477788691718,3.44058130592527,3.87622113556766,3.87350291733216,3.42430024096886,3.06726672218636,2.73810223038781,2.51106824788531,2.47643522803,2.8931131043915,2.69862923958984,2.86113649630884,2.90404466237411,2.60007344477243,3.01276611776391,2.34539586815145,2.6130658588565,2.46933461721888,0,1.62027297310517,2.12404938431731,2.32495791050243,1.85906487490952,2.35055423728154,NA,2.61557099165964,NA,4.59102150839255,3.65496025677738,5.0031863036706,5.05041589132258,2.44827399063318,3.74415159063959,NA,3.78655868792338,4.66103979711547,2.86446711624815,2.87128034508872,NA,NA,NA,2.75451735684726,3.46482601669844,2.97790923502808,2.88740482402035,NA,2.69419048370291,3.30915768801443,2.68268318039819,3.1068619445516,2.98769996866093,2.81479775160487,3.33193965295771,2.92305320593368,3.6998807721148,4.70246896705659,3.70957248717289,3.72735828580803,3.82685822088196,NA,3.26847762809439,3.93889560247875,3.1971141471248,NA,3.2063880928554,3.61087814415203,3.65676457102163,3.83920755075393,4.12805744176336,NA,NA,3.97189829180046,4.33155971965198,4.27597474738451,4.22904613186612,4.2486318780732,4.2580931568857,4.02505597307305,3.67524461969892,3.79360676925073,3.82787578546083,3.89313706346074,3.88029773443358,3.99053991781388,3.9947368312201,4.41199032318612,3.71029457683815,3.67873560559521,3.64046626973782,3.90842195354072,3.88188446729284,3.67213731776316,3.67724838980317,4.24830639142699,3.73401462093401,3.85382863014161,3.69041148131713,3.65767829213602,3.9646275712096,3.74842283156558,4.18939874137785,3.65566321821164,3.81808408506591,4.13260212527434,3.46548629304741,2.80965991263811,3.16127578680215,3.24908329480091,NA,4.55382421829505,3.71643228262433,3.90193443378674,3.08021138303281,2.74192708915823,NA,3.13493691669229,2.89228812094268,2.6805968895185,3.27746314542622,3.58412654853865,3.15311210563123,2.34446607995147,NA,3.14454943250054,3.50637709904255,3.23793613782989,4.98035386409621,3.23661659223277,3.10703438464707,4.01212391023971,2.99805140609497,4.59265666279609,4.10623550611793,2.77155653959683,3.68488631287277,3.41805962111533,3.33460500556414,3.20411806699319,3.61273313583105,4.11020248133546,3.54691728928019,3.7158875607094,3.9627894616448,3.82237621171808,3.69919222275936,3.34713005567693,3.0376519192026,2.94672331999132,2.85335718003717,3.28677640723784,3.29529604909705,3.10872314289018,3.28458193107409,3.50879722457101,NA,3.43840037095169,3.53181252412333,4.76370602006312,3.74524627314205,3.50889025003082,3.57613214985042,3.60692739452842,3.56244094341864,NA,3.65644391471936,4.08563080017382,NA,3.94107872254278,4.15646180325788,4.09674338908434,3.93024139741239,3.99103613601358,4.13552175950113,4.127428518381,3.81071714574129,3.56079609388922,4.20102332664402,4.03465267548203,3.79148632683423,4.087174939667,4.3097343341318,3.9701556017055,4.15402267270043,4.31231760802909,4.47230383532505,4.5125614050906,3.96769562769857,NA,3.86592908980128,4.51727595630155,4.0985657647976,5.11922804799833,5.89848503560896,4.20277568626785,4.96230140853142,5.09798097771876,NA,3.7757455318611,4.24989829783149,4.33167175637042,3.93825457527386,3.40638557814294,NA,4.61200140635491,4.20762240425682,NA,4.25700972190408,3.52308160272655,3.24506895183481,4.11597798307873,3.66035297795153,4.15906035162289,3.06611543280978,2.74208863795665,3.4418249474378,3.63310099728312,3.19859113846337,3.27311044953127,3.24415397518964,3.14465654515732,3.2802889134882,2.94804377066129,4.02978735589994,3.36708610266462,3.05175384687245,3.68759529059747,4.29898090930677,3.83784139711863,3.61228658734868,2.9710908555736,3.70735028612819,2.83655379213388,3.16970153707294,2.99893025142608,2.6154834400256,2.9416895086087,2.54783839382621,2.61933020239356,2.61621045057026,2.81233750649261,3.20408963603041,2.98715177768611,3.28689964110177,2.98245592716558,3.15882365986288,NA,3.14133609492554,3.29046805561131,3.4146354794593,3.46828811731471,3.2702198006838,3.07427282315569
NA,NA,4.17509863331166,NA,4.04037694177934,4.05503317724794,3.93096435354685,4.47940923425225,4.6995286973689,3.61763316520408,4.34171458825236,4.6059252751117,3.55167162763056,4.34614335096597,NA,3.91636167846639,3.88893814808499,3.93324516729733,3.81141087620632,3.81639985761068,3.51625941264242,4.04311732418171,4.296185301518,3.44746486098529,3.56403120002389,3.82117245031471,NA,3.48041104781856,3.46502455064013,3.51455049434217,3.17457283771821,3.58158448939103,3.67031860093829,3.64929019255456,3.3486089552818,NA,NA,3.05142209724931,3.30944416780301,3.3243193812885,2.77134509213519,2.77571575063504,2.77477876027052,2.97243330031518,2.54494990109009,2.92645262193715,4.16747146745725,3.08325785761767,NA,3.5718744343996,4.3584067488721,3.33697614142514,3.48318017648842,4.93758915566358,6.44031871308489,7.2400606288437,4.55876281045405,5.68158165836648,4.73776142569241,4.88191073829459,5.30442869972102,5.25530561640318,4.48939908240814,4.18838792041536,4.48028082321857,4.16235776489172,5.31333289784118,3.93333088715423,4.15612009629142,3.3738442644268,3.62027391321726,4.19708223196375,3.22643041587129,3.48780587514435,3.21000320285149,3.27696533549843,3.30188489782257,3.56341601013927,3.55511101846649,3.40475361190487,NA,3.26382765228028,3.52945781474481,NA,3.93852953638042,4.14536261626018,3.89699211838005,3.00997706728141,3.84024593702093,3.39772526539927,4.03337463263562,3.81919934717703,NA,3.80759050203476,3.85005071161987,3.00969732771571,4.56490479875672,4.46037059008267,4.24810974116523,4.34196545988369,4.44144699530818,4.02955363766995,3.18234521670794,3.840790273709,NA,NA,4.46012528399781,4.60572200805028,4.43287971719386,4.35906202968757,2.92578741374621,4.33181877944398,4.44083963665774,4.54731887116917,3.63587697365655,4.14944286869137,3.87913577498116,3.68497987633808,3.94182170534232,4.21574331421519,NA,3.67652215446905,3.48898139808075,3.80076438058183,4.23433399775662,3.36225482121106,3.53548730184704,3.06193576102054,3.25454776702947,NA,2.66761386787556,3.37641485311162,3.79365551082314,3.18107855536733,2.82322299110305,4.46924084681613,3.60187274296242,2.88607940946774,NA,NA,3.27812661991373,2.88810233191157,3.57630518424321,NA,2.95310188713212,3.3788792031847,3.71116510739656,3.31696868228136,3.3603974831884,3.26160311833764,3.53608253346869,2.63133594018349,4.04031273081151,3.41617559435221,5.31064216513632,4.23363549401279,3.55430703964376,4.08064624251356,3.62744481773939,3.3983801979779,4.09036275590828,3.62343687510561,3.65840698560202,3.45897333023232,3.29159554029873,3.71309983793872,3.80898506539282,NA,3.62788101298764,3.61395882187984,3.4337194551786,NA,3.76682641229153,4.19634081643669,3.71230649914943,4.4529897409707,NA,3.96033759439847,3.77954136796566,4.35146723865702,4.0962049109852,4.53318628856037,4.05934687769636,NA,4.61401154499231,4.14916687203825,4.01273986967626,3.93745750151863,3.65567182510076,3.98565117996476,4.12464764125382,3.85159697293965,3.98851330618223,4.46761169853995,4.06360412166546,3.92264835283125,4.40949055241225,4.51523102961237,4.4013425291713,3.9048636092367,4.11779691864571,3.8595695017527,4.07802890497326,4.15552618878122,3.59669904572776,4.17524820605659,3.7345392582579,4.03515525302134,NA,4.23213997383869,3.70375617547279,4.03341283818359,4.28041719146321,4.81461910906622,4.4807858946823,3.89223207954729,3.60024161116522,3.92007774976527,4.51641557281064,4.68217447207025,NA,4.02138043769943,3.51933759855031,4.42967395761041,3.41152195843578,3.41981495605476,2.99511951797774,3.0608076084287,2.99089276911187,3.32895283294806,3.38249777005681,3.52542878901594,3.57556241725854,3.48254626413924,3.36810666047349,4.05259289985505,3.69561391191994,4.33923492307345,3.5482255406023,3.71796695438699,3.57015945039575,4.31083545620356,4.41419996751643,3.96208075588172,3.41853717719453,3.6193929190242,3.72372325615583,3.60641435142313,3.52756977393846,3.45266840758023,3.41262659964142,3.48852452978875,3.86184152859034,3.36898908530196,3.34783776578047,3.6864551433625,4.27541621361192,3.76619239632375,4.09116200768551,4.53058761360125,4.37049463181899,4.41147552739982,3.99727608579305,4.4384496994593,4.3920639019995,4.23212378947345,3.93809159425362,NA,3.90147275765903,4.15438758277193,4.41482562718823,4.44200477525522,4.44088457631603,4.37617046413416,NA,4.96059988693054,4.92407403718426,4.75893878859678,4.61654950299103,4.81034243125642,4.701421927552,4.57349823064923,4.17621730112497,4.29697955863616,4.30173395851837,4.35766539968712,4.71725525044947,4.30009105328065,3.67143827958473,3.5726691753853,NA,3.53184609528266,NA,4.0068441715137,4.05026341164701,3.41933410980432,3.63163466846755,3.94744687464186,3.95158301017477,3.68611692459806,3.34110838660495,3.10408927301446,2.96660000317461,2.81882748806759,3.56039917255902,3.26910671545876,3.27116041888652,3.20161962168027,2.96267201876314,3.06327309167815,2.69684095605323,3.25635672938999,2.94590053652545,1.62027297310517,0,2.15299434317,2.39755188176432,2.09602229119495,2.93433955795304,NA,2.29571144012136,NA,4.43653642106186,3.58533457910881,4.91643795981789,4.91573615185844,2.77013573069887,3.99222415041367,NA,3.63231986125444,4.4919688586841,2.96297049645007,3.09455296019314,NA,NA,NA,2.8685457049851,3.68387564128556,3.23691552508834,3.1135892423342,NA,3.00972486306015,3.55246948721099,2.86479798632415,3.33063888604006,3.3468439770896,2.93729534530879,3.34519597034569,2.97908833389481,3.69116083492997,4.63294384888789,3.71288084694041,3.78381429124347,3.88950773724649,NA,3.46997648490007,3.91151883878437,3.61235253557993,NA,3.54626069631637,3.91685835324466,3.96767594194058,4.13714359967822,4.43534661921373,NA,NA,4.22303731566556,4.52320892519021,4.51419678426823,4.50566629073805,4.50174909086078,4.59823317868271,4.33848352232251,3.96007224122062,4.22263553348625,4.13283420145327,4.17482213219873,4.18417038467546,4.24383558103612,4.11817032970758,4.71942763108631,3.91677805276969,3.79888454577775,3.79408374118081,4.03155925992728,4.0231707118135,3.83430964301336,3.77000663762879,4.3038458551287,3.85783113052141,3.99550619636523,3.9874369318456,3.77516089922774,3.98679895967587,3.91836394814792,4.20672393490531,4.04484840962887,3.93643647062205,3.96850982322392,3.49212665427273,2.92319653392899,3.15755337477594,3.13522718734362,NA,4.62115613976575,3.56781174829082,3.75663059209176,2.97597304426442,2.87551571478732,NA,3.01587146043947,2.9762294755885,2.76473624047903,3.41800548540141,3.30828691849992,3.27100639037103,2.66117332448156,NA,3.29256154030742,3.48975142409565,3.43697023118016,4.73451680572252,3.23968517139495,3.16599410818312,3.90759004984061,3.10923557203398,4.50118688625257,3.96841954127983,2.86704933800634,3.76408535278994,3.51584539856731,3.33079623482424,3.21780352540108,3.58417173321137,3.81701146551465,3.40290728601188,3.52181110818619,3.60863690176982,3.67112611632692,3.73008101828113,3.3580824657579,3.2879851035922,3.1608740470297,3.07827495230286,3.43886817499663,3.56932831258912,3.30164751988137,3.56440674145728,3.82652936135883,NA,3.74818267584979,3.78479355161887,4.43833542105888,4.00379651228945,3.76774093005886,3.859335405698,3.84694305912727,3.86234420603351,NA,3.92449782114054,4.37204101104283,NA,4.18817610922299,4.44179424213724,4.35494154558351,4.09270627657389,4.22278570810925,4.42914821943145,4.3402264283433,3.99699007965825,3.77129795403112,4.31891490052337,4.21152920866859,3.96457101631702,4.15336582065773,4.46687995966269,4.12039192354964,4.30812032061936,4.41658429617472,4.55724288387308,4.54799098724017,4.15317129634912,NA,4.15338304289692,4.54661736152485,4.13112821738552,5.02292510943387,5.84247127960126,4.07700449573417,4.67130405467708,4.89098347325627,NA,3.62035070817392,4.1396986411714,4.20527947054945,3.88619110161707,3.41879111728073,NA,4.29690244721645,3.91664234814191,NA,4.25264663956857,3.51667053498843,3.23789002194288,3.81846561485773,3.64784587550712,4.21393466317303,3.4192890998173,2.84141843379924,3.64003555010034,3.75832425510154,3.22199235045075,3.23571622872675,3.09124831158445,2.98693278082229,3.07329097266555,3.35346280373678,3.81555832460267,3.34731464416331,3.33281834216439,3.47285145422274,4.03034934275142,3.73202203214384,3.47408638943412,2.96541272571287,3.48481351223354,2.64188852501049,3.05658340910624,3.04107438664995,2.74184828496447,2.78317683093621,2.58228090403395,2.77494618932408,2.72774902631659,2.91318358418144,3.36519570544534,3.081496941717,3.53011785658285,3.35702358501761,3.44374390325326,NA,3.37374676738496,3.51946808272056,3.72263313492692,3.79111813662575,3.45450796850499,3.34418875324489
NA,NA,4.57331734754497,NA,4.29003361016905,4.51660038887811,4.18945293451847,5.06484669700199,5.38003581924428,4.22843032616023,5.05658865521733,5.23410387006335,3.79043242870975,4.57030062757502,NA,4.32047670509249,4.7523936103697,4.56273274566808,4.37607396825744,4.26694420774623,3.83674378892234,4.4983598715638,4.86941814223313,3.77986825332119,4.13422368644564,4.33471519742021,NA,3.78519080316606,3.75044231086135,3.96782683639618,3.59111499208106,3.75890068322602,3.79249631311828,3.91097177611229,3.58925681859521,NA,NA,3.36147264676081,3.64647254397807,3.62667463792525,3.14938087597416,3.11968371344493,2.89479155579921,2.85174461943171,2.4765326722259,2.95355196006454,3.89885373314047,3.02758484881659,NA,3.49568809577305,4.11955686196474,2.92563167475055,3.17162126161994,4.63997698800472,6.33531078317095,6.87494736376493,4.501336224241,5.38805427114091,4.55338677671219,4.58589239769489,5.16214166046067,5.17311238382799,4.54078724701729,4.37697604010787,4.37795037368452,3.92149469080786,5.19114266965971,3.84255424567659,4.21021082575967,3.60215931117066,3.67686674759268,4.3489413695647,3.44376218345918,3.64141274331839,3.40404896912201,3.55604507911379,3.69951819511557,3.81699625177153,3.77214346968455,3.5846750999683,NA,3.47985090171966,3.78769901033913,NA,4.06821538400694,4.3785031664719,4.08154127705736,3.15531601763706,4.23868967121781,3.71942117029228,4.36377887469772,4.11524284033498,NA,4.17829162402178,4.05045341195783,3.11651970167943,4.70721551689112,4.66338815250354,4.57084769182506,4.63647266963314,4.87639792323945,4.15829787943442,3.20790956042287,4.09884554385628,NA,NA,4.63065182686098,5.10720155214361,4.80452126325883,4.52824281395539,3.0505810089897,4.54497404417269,4.47153324639053,5.03211164845419,3.72346670405139,4.36402480042985,4.07183574074337,3.81813255284891,4.3058472349718,4.33496797446639,NA,3.68601333098171,3.7879919751136,3.9654395407402,4.21011786358274,3.36090672910518,3.70288634787486,3.38412367894243,3.38117771186342,NA,3.29711374145258,3.62996101032669,4.0800246979975,3.23581265617072,2.70575940577713,4.4597322373182,3.49358805894964,2.74275388033817,NA,NA,3.03700168081031,2.6523539359327,3.69140015888889,NA,3.03607817783693,3.18284265084086,3.55264101871301,3.27345461750514,3.39136010601501,3.24398680576396,3.33791715853772,2.53696607297088,4.3947050520143,3.47368734650994,4.8940851178668,4.25263960825304,3.4127504973495,3.97548897854602,3.44436086886,3.29192397445712,4.13071700724413,3.73940005598686,3.8422468481245,3.61768595519203,3.42020408968738,3.91896836709143,3.98028828350024,NA,3.9000303101766,3.91782431182635,3.609448349773,NA,3.81005000287061,4.23213870947766,3.78092015727341,4.65143572240151,NA,4.14233918588004,4.04797508505567,4.47722524302628,4.43203335700767,4.68967554514458,4.3180350994753,NA,4.78718797787405,4.41706419591138,4.39604539541227,4.35185831149686,4.08846862110283,4.25535387745578,4.45703454315141,4.1866322138906,4.32994908427606,4.70883041922568,4.28050461497507,4.16412323182392,4.6178522342162,4.51668251497292,4.61138369075994,4.10099942845842,4.32750767299623,4.04834226616304,4.25323444784564,4.36549581935509,3.75897110894285,4.21321251032918,3.84742347457065,4.14618819005432,NA,4.23194593085421,3.72665605499539,4.17610554095834,4.53895768585172,5.10026916196397,4.66445113129283,4.17531335547812,3.86162575982052,3.54252305278243,4.52352404775334,5.16798045886319,NA,4.15522030734249,3.52266501328997,4.40962533828653,3.40935673565718,3.51040455242886,3.20738470715986,2.97751298676354,3.09134749089184,3.29827577895473,3.47438410899262,3.41225560730512,3.38462270716891,3.04733956338229,3.12171221517986,3.95792645459059,3.55409052092617,3.99153496637286,3.46737115923819,3.64775472809661,3.54524657358454,4.57765619791375,4.4027561078123,3.76498012590017,3.3785301677187,3.55526117368658,3.66147745486326,3.55414857042585,3.2068492374867,3.33387195030047,3.33871582519832,3.34707221556361,3.53726563906258,3.09749963643364,3.32532306642328,3.69373596435604,4.40502455640416,3.85122037673291,4.27443212380316,4.69245267581867,4.50593414799116,4.71010040592208,4.19503811361243,4.65035226070112,4.53233914836438,4.3768652378989,3.92882282999408,NA,3.98570407826884,4.26711674020028,4.44226802180956,4.5171438098124,4.49594442612967,4.47429628745254,NA,5.03819992841811,5.15149248758855,4.95362854203397,4.70122983307454,4.90402121020361,4.70156536109133,4.63114239757305,4.31974620693861,4.38117836746391,4.50378020068306,4.42014858412115,4.71180940789732,4.25192209012226,3.83805384771314,3.78500469901425,NA,3.67633552996943,NA,4.11720920426236,4.0372290506108,3.53729475449856,3.82890245524041,3.97017282810542,4.16587663671888,3.80963503336048,3.67329755361897,3.33633733814709,3.07404098867988,3.07063000342624,3.59416650750868,3.31241395475577,3.39372978268439,3.44037434779783,3.21138728454313,2.75582568366045,2.4105061716354,3.41029914169818,3.12400310377105,2.12404938431731,2.15299434317,0,1.70218662030215,2.36658476882087,2.89964536333703,NA,2.45277184128548,NA,4.37936039925341,3.68164741555121,4.64591702128806,4.73280531617284,2.89305771826546,3.81291101449483,NA,4.27146544815763,4.81933892435113,3.13460061811144,2.9792860474847,NA,NA,NA,2.91415966369466,3.92470606561752,3.30725837095847,2.97654523047576,NA,2.88766609523473,3.63136304791366,2.91280130320326,3.28191786197433,3.5429333659004,3.13194303524273,3.34414336947149,2.99690782831152,3.51990563594668,4.91795104741005,3.77152603026324,4.02668520336662,4.22234525608302,NA,3.44490256790399,4.26941485718015,3.77287233138306,NA,3.65276313184388,4.00075097624348,3.97935321028618,4.22615821040591,4.50644950740998,NA,NA,4.33987355123555,4.78375873529408,4.66994596065273,4.58971723083543,4.5746808845909,4.77531590917653,4.39901963160307,4.00719881785925,4.37847992960535,4.29679547249189,4.26934139295251,4.27751380218147,4.39571848737323,4.41487342114059,4.76386123459534,4.12459901541569,3.95697397746313,3.92802898221924,4.07259620765633,4.1234556659395,3.88750337970688,3.90952347614888,4.59696254954912,4.01615252733909,4.06228830674846,3.99706968933611,3.92180577689738,4.17636205210248,4.00359658636136,4.41282462246308,3.85199777198455,3.99776655357262,4.28870917802989,3.77997423184387,2.95951906467227,3.35906343867219,3.06160785825559,NA,4.74958402989957,3.25842118966788,3.56919570034951,3.07648829009404,2.82964127882992,NA,2.91598990554942,2.84720044265376,2.71511612092255,3.45075180517868,3.35306696904408,3.18193215973632,2.74061575070713,NA,3.23470299573312,3.28813542131864,3.46122129494043,4.67907085581695,3.21576524666486,3.36741607703832,3.85090568843199,3.30333132540031,4.46338327144299,4.10564631477111,2.9927080388602,3.95605277697791,3.77362615765813,3.40432602668705,3.36034193692039,3.72453019321915,3.7548035923371,3.43462282392559,3.5280167998586,3.71456689425655,3.53639295428832,3.47365011145147,3.16244462715168,3.38961974814818,3.1244991082565,2.98554790082485,3.64192198955525,3.74739399355006,3.35038147668115,3.61801295520418,3.87544634323936,NA,3.86522203677121,3.83937155155544,4.3268732484876,4.11783763432008,3.89914099899347,3.97096409617592,3.97086037407917,4.00992417656054,NA,4.08186176841539,4.45767965621479,NA,4.35363736650382,4.60395257506675,4.508855397972,4.36986667202801,4.35767299277265,4.46842408735305,4.49645012446504,4.19220071800135,4.00134407387239,4.59578526790641,4.39660894902608,4.10695432508817,4.38608898127393,4.62706822119588,4.26150009988501,4.46320375538843,4.56905233234544,4.82862951590486,4.88974330358892,4.25331114623461,NA,4.1941703744189,4.75276316405088,4.3690214403287,5.49398343829203,6.31871442372798,4.7068776603404,5.35187076143845,5.49639586487856,NA,4.18877698593695,4.73106223953817,4.88111447035327,4.47615160666264,3.95953932834325,NA,5.23264772878833,4.83441163068656,NA,4.63587972468014,3.79153151930756,3.61905449136277,4.46710078634611,3.90098906098191,4.58442168560995,3.53686595053731,3.17668445505251,3.74994525980151,3.90753452774384,3.7383971121954,3.66712687694386,3.63494959589688,3.39514696041096,3.49607346692843,3.71025476228692,4.43557830726857,3.9077401225756,3.65971260977505,3.80886860327203,4.39192646779818,4.04316632513477,3.55475792899301,3.08620644061264,3.45251187545482,2.969944150641,3.09339035318102,3.20030057829429,2.77511325483986,3.00510120036566,2.83396532721207,3.07810990830042,3.18798942116401,3.32284935428181,3.74701451154187,3.38658583752754,3.8298620872583,3.71777702063212,3.67265232033263,NA,3.63634190585986,3.77869119423418,3.90248534308627,3.94787475961516,3.88909008433698,3.61391877913022
NA,NA,4.15265432874651,NA,3.86552955834858,4.14984129864424,3.81778207091214,4.77596162731941,5.07340537067746,3.83391153374598,4.78656062700484,4.92504736972162,3.36171023747094,4.10904278049464,NA,3.75681384575536,4.45921458065405,4.14740097739018,4.05987498068498,3.98590797800355,3.43455210057606,4.01247323734121,4.65746314891289,3.39942263812907,3.8411103453352,3.92840527547615,NA,3.48110492106451,3.41278330913256,3.74059762456904,3.06132083458908,3.40201596103204,3.40570965588902,3.54811639121003,3.14806643504115,NA,NA,3.00830837270432,3.1299523356899,3.15206347466829,2.78623878789476,2.62396676938175,2.58043369015778,2.54088443307882,2.6727915064434,2.70246488013052,4.0672252621193,2.85549735931111,NA,3.3248879143075,4.34892530187232,3.0699116546802,3.28994604869185,5.22014522366979,6.91823848562512,7.52191621088469,4.83430146146345,6.03660139671484,5.04282412640305,5.09683349451767,5.69685351314157,5.75781959905761,4.99997447904376,4.5237595207761,4.89780630206593,4.33481346153898,5.47679517689685,3.87822293374048,4.3824043611196,3.37370899712067,3.42242781102422,3.86027649779766,2.94088082510566,3.18024274516591,3.02199782009332,3.23274076947588,3.2991475477139,3.42972491274098,3.33551350147607,3.17806594144288,NA,3.04924427610059,3.39024408896145,NA,3.64127479881381,3.97489850540687,3.68302456898249,2.76804790973205,3.85466839707595,3.27733112683015,3.92636282766598,3.69327136711366,NA,3.87854299663082,3.62678418746984,2.71888427473115,4.30066427814251,4.26355717342149,4.16983048214801,4.24391142248898,4.56572479021768,3.81321838159127,2.83662863455698,3.62152639797043,NA,NA,4.18675572820108,4.68884650418438,4.41270730571039,4.14947380872435,2.73713576328668,4.05124311470484,3.9366489897167,4.82674689120369,3.27132320346713,3.88154137430121,3.66707177406284,3.26799169406,3.92323252718531,3.89067902514287,NA,3.21937634972146,3.33852406156198,3.46848791720671,3.73558326979426,2.93945699878153,3.26832008078885,2.89140398913856,3.02858739069539,NA,3.20699701298549,3.51393108640761,3.80519267255405,3.02051505066453,2.76273851275058,5.086649633429,4.00698570917177,2.59917974075469,NA,NA,2.86839305033542,2.63858960100328,3.45258151336168,NA,3.31056662674483,3.4712391185246,3.68534273253272,3.23487682021528,3.56579370580227,3.49231067407769,3.57868905165826,2.51564018052006,4.53162061151816,3.78107098677765,5.65416017869012,4.74593373710217,3.7130392349195,4.21811158663452,3.49583989854248,3.29575865141845,3.9670856046879,3.56293490935252,3.68187106398896,3.41397948428624,3.28622465734035,3.68942311233225,3.75839516550139,NA,3.61488494239313,3.57646585399766,3.28908047449953,NA,3.41695950924182,3.88148960814578,3.4954383073765,4.22556356735674,NA,3.74429588160912,3.62157105702593,4.16924065672784,4.02260713930914,4.33645295233601,4.01196318804123,NA,4.51435500209822,3.85079147085954,4.06680285484831,3.93878301610142,3.64269584699374,3.89922377932566,3.99753261579071,3.70470145627413,3.91470516948672,4.26663243920037,3.88472839490765,3.57184288292412,4.19197497024368,4.05469523750465,4.00370147274003,3.5382807318747,3.88103894112907,3.37085900178536,3.77780743422614,3.94478255723275,3.28676853903398,3.75927785969829,3.28886431610488,3.67954779113254,NA,3.95922937052842,3.30540771332353,3.74324412452125,4.12857965839093,5.03860109512116,4.76618937513788,4.06784541437163,3.71243718019129,4.14364053656426,4.85347954658416,5.3208934982731,NA,4.05890478843991,3.24892621049093,4.25299377229522,3.14235166039533,3.20642074716619,2.94855188441577,3.06702545801494,3.05209660690684,3.19253115290522,3.3549588326178,3.37276892582692,3.41834375020143,3.53256276163369,2.72851019490148,3.56935392865037,3.30214643396858,3.55407173359882,2.90871482043091,3.28458650617609,3.06486976612877,4.20095256809463,4.39567446433243,4.02138413824513,3.0450193498708,3.18314363057762,3.32334974504012,3.53078904900445,3.51056865349717,3.39427765314847,3.3191374217665,3.06779975865291,3.57255726791161,3.1073606910358,3.16561541862924,3.39996709451617,4.03768950354389,3.48990747377825,3.94249095248984,4.47566323220231,4.07475739405481,4.19919510090787,3.86919207469623,4.31014562385322,4.25987105800217,3.97147404602462,3.63056031465879,NA,3.48527235693463,3.84727126215567,4.02794362280469,4.02973125421718,4.04796395664785,4.13264214023004,NA,4.47082676270512,4.59397948923537,4.44495776114001,4.19456742557792,4.29916045572961,4.29296729161508,4.11135079232372,3.83954190660335,3.95616331504414,4.0479697450705,3.93685722592061,4.12950829480687,3.67373257690125,3.29757644353494,3.1364196643478,NA,3.01567176712271,NA,3.53872455921618,3.50507388198288,2.98976047462273,3.29997106879336,3.47285528329805,3.66841394906522,3.14965195906582,3.0026472772002,2.70766103232439,2.64440992225759,2.53503681739539,3.05437860511745,2.85644455923266,2.94283813210396,3.07702243696988,2.35590879048776,2.22129550745004,2.0903676938272,2.93482744464686,2.62464362989006,2.32495791050243,2.39755188176432,1.70218662030215,0,1.81451105404806,2.41642675666563,NA,2.27719695209309,NA,5.13224919520374,3.993882142035,5.25388221611093,5.53108644478898,2.75268380381699,4.34909179805272,NA,3.92380348856933,4.58916975914369,3.0353483557749,2.84795781699062,NA,NA,NA,3.10305942226359,3.51055886758412,2.84218085577464,2.55099359086131,NA,2.46955861371513,3.41801608189353,2.66068284077569,2.93561365974777,3.27462660956407,3.08077931574091,3.43946598965707,3.04810730881398,3.79280227641379,4.73872385432413,3.81504413601839,3.81978160009988,3.86008019042611,NA,3.03876466779506,4.05170520167963,3.2195139373545,NA,3.14682150724869,3.46572267828826,3.41693411388378,3.57220626432848,3.92139256956859,NA,NA,3.65580502006773,4.24641115963732,4.06027585361828,4.01491953573687,4.02996144100578,4.20696282936817,3.803115026625,3.39313451778006,3.82121022195959,3.81637330344886,3.7859858691421,3.76978474933075,3.95199933791329,3.95192590923418,4.06994473934969,3.45675677152252,3.3466165391178,3.44976166413978,3.63029829136264,3.66259247634708,3.3919544713835,3.48523899017599,4.35899068490662,3.56099732510321,3.6741080682118,3.54669672619755,3.45050383573805,3.82382191154311,3.66395198659446,4.11397122045963,3.69244117355227,3.63465956615911,4.30946780370122,3.64465007143445,2.75688039645609,3.12689615306236,3.25554834750624,NA,4.6313284480954,3.61053689847235,4.05973784176235,3.13841807940724,2.7703411360786,NA,3.28482607994626,2.89602732421608,2.76093819317067,3.74644729904396,3.86891799066585,3.48162297870222,2.41689624387464,NA,3.56654632643918,3.69160709635099,3.63105731836304,5.30376635523423,3.3377228609449,3.51581892528348,4.33809935570321,3.50495110905516,4.96164404788443,4.51481461516781,2.72514643703387,4.08050008779341,3.8241746359129,3.33832599181244,3.35385952563794,3.66505040785378,4.22215225867347,3.77514911373486,3.88902625322919,4.03774847683391,3.81048121461514,3.60110422403406,3.24100762690969,3.09028211160468,2.82437799653559,2.88366794888186,3.30070325800299,3.36692333449952,3.06881637496283,3.23587415738546,3.49049824799419,NA,3.26870305451003,3.25401129549878,4.77530610602318,3.61019912573733,3.43290659872211,3.44457819981679,3.42657029210528,3.49607169778412,NA,3.53803828620687,3.91110550708914,NA,3.82698737159492,4.09499477045128,3.98307853854513,3.87966691664739,3.81334072462415,3.80954063391936,3.95526387995444,3.69465139287162,3.56846743338702,4.15846836169216,3.91158289960805,3.67054058825215,3.99459343330018,4.15097029015084,3.90623113774167,4.14345975262786,4.26224070995996,4.4947583083467,4.4519486333451,3.81608293554732,NA,3.75753721887178,4.45126032116327,4.09138998864102,5.2814461996387,6.12260788655836,4.46940050399072,5.13766548050504,5.21744229562797,NA,4.03941521686895,4.65157362188836,4.69015224386686,4.31876977333642,3.75413128795634,NA,5.15273195758336,4.71853001470204,NA,4.36626711005226,3.64930375760651,3.50798827339586,4.46485643570056,3.70974128448639,4.43188632219722,3.34657658862577,3.05106783997318,3.64565040527152,3.8541346618671,3.66873469170961,3.66253413967055,3.68341024601723,3.47125203686856,3.61643822475546,3.2796840576785,4.20608305124259,3.34798604392215,3.13533121844448,3.96521914225966,4.42836083942515,4.23062487580734,3.9127713179752,3.24108129194833,3.74159960445753,2.86159336017871,3.3534343359222,3.18761524813192,2.6289824231211,3.04461626305601,2.64654287326888,2.76649847805845,2.80043287357936,2.87272108209813,3.19597840007948,2.8777893450354,3.22350954395447,3.17423845216603,3.05204354332427,NA,3.02273520661316,3.16717582550035,3.35217265315711,3.41773349464731,3.45521485194779,3.21639193000235
NA,NA,3.37514965599705,NA,3.21824155689404,3.39963528174792,3.04671841003201,4.01866712113804,4.31493579505159,3.05195767513871,4.04516178805793,4.20938189740963,2.67621451166851,3.5431780411627,NA,3.14469268227635,3.72066524790864,3.4289845611907,3.48665188277855,3.40412084296295,2.83222067694013,3.48780827397591,3.89666530411239,2.62410183483232,3.15223878804233,3.17192681942162,NA,2.816535774732,2.69825407287088,3.05084409527051,2.35934979143433,2.68996822706282,2.69581488568649,2.83299894274338,2.44153823206807,NA,NA,2.29476895362088,2.51074354615903,2.59238643336613,2.09647982595608,1.96863493408427,2.04325910014994,2.0880781286852,2.39682867653075,2.46522745354965,3.78402007814718,2.66775310384423,NA,2.95943317229338,4.1259916753092,3.01482315186413,2.92592718603075,4.93735593709014,6.68780698024074,7.31228794817087,4.39492460845785,5.75112136682224,4.69342729844283,4.74778455309019,5.28732251134077,5.37999357596326,4.57966945034953,3.87418085282973,4.41885110911053,3.86444074544802,4.99696009345615,3.35254453299879,3.93196192862054,2.78114851295496,2.98034992565735,3.29178772144046,2.09703728720362,2.48480447989077,2.12545226570901,2.26824256538914,2.33157601473034,2.61673876206212,2.42068750061765,2.27890152440842,NA,2.11617976331592,2.54685175010485,NA,2.82179078810315,3.12769044006935,2.9096066466361,1.92465154797822,2.94683541070218,2.40455727954577,3.08058020716894,2.84966184809014,NA,3.06979973163087,2.77979302489743,1.92470540000991,3.63029601200072,3.61657314335149,3.4857302908427,3.48928676156982,3.84777804791443,3.09389568056589,2.16638123174623,2.88202044058852,NA,NA,3.57364002348426,3.98365182002181,3.92256373232052,3.63049914379877,2.0857669381676,3.42725062537515,3.3265529233573,4.01317509509806,2.62279980163221,3.172484884255,2.8619380969764,2.52639609918969,3.16611460476685,3.32443359283954,NA,2.70953093945082,2.84850223868416,3.06040516500808,3.38017539796398,2.29711572888645,2.87287366924473,2.44863919531608,2.56178581444799,NA,2.79116001444405,3.09478748153089,3.47443559351787,2.67586050432032,2.36089208427808,4.73665905375992,3.60137454135046,2.12069103067749,NA,NA,2.28750147867373,2.01851562079149,2.79083587294716,NA,2.64328000163813,2.83221603759921,2.97410184000902,2.48723043994876,2.89047687504612,2.86433486010218,3.19159768752763,1.91821180637825,3.95349676633444,3.26579033251581,5.373686116949,4.26024146043398,3.19799866919706,3.74808134388854,2.94919301115735,2.67620295143515,3.417454246774,2.86305850067129,3.07463587122022,2.72066376681793,2.64717342477154,2.94688705431604,3.11542877853829,NA,3.03063390746917,2.88447624182626,2.72945858821958,NA,2.84782583053628,3.32420692180256,2.92084154616492,3.69719185085515,NA,3.08455877440723,2.97109994359811,3.48188180418022,3.41612517463497,3.89245512951503,3.44205618337125,NA,3.94375516010776,3.31123592078628,3.48236185108853,3.19568383164301,2.92335895304553,3.19684095800321,3.35347571336707,3.09119998499442,3.25070699530599,3.70490310161198,3.26833515189739,3.00480856296117,3.58953654100048,3.54148443107203,3.46513461666163,3.10462337567616,3.37075574615055,2.96570508556723,3.30273268749561,3.39899554001626,2.70035617871893,3.27831484183132,2.77493074780263,3.12384409952512,NA,3.52106423419127,2.89679008272686,3.40380016246817,3.71450768814136,4.58888787427834,4.32329219505939,3.44737237981069,3.0795305894034,3.91221579846153,4.49530086237623,4.7895306402749,NA,3.55873744157009,2.68535015371374,3.90222180871882,2.65840373123738,2.71646309769145,2.34868165559761,2.65946209503314,2.48483040063821,2.54997971233723,2.62441637606076,2.87820724771471,2.97314360075866,3.24358017384884,2.51530794833743,3.22235916774673,2.94675389185893,3.45679705639246,2.38162118083985,2.87860288469517,2.63165679963566,3.62117854046708,3.83257292039412,3.55509044776619,2.57222598458747,2.77665242397173,2.93464404676107,3.11382632085609,3.15071516621131,2.93476680710849,2.94728176797981,2.68461993552855,3.26907321403352,2.823134545657,2.84764813944639,2.99462473927064,3.60278254570917,3.06317319893955,3.49746378711312,4.10441130940592,3.62636400903816,3.69912067138755,3.42292877142143,3.85239542339603,3.78926419960938,3.41584567517579,3.11291948963774,NA,2.8595134068797,3.28378360512548,3.54347573169096,3.46281541936737,3.5337980532894,3.56379350113356,NA,4.13653705507063,4.28656026654439,4.0742033906919,3.77487972239882,3.95146082290903,3.80571073522176,3.78615721121949,3.29916640420462,3.44566140830837,3.47557402390702,3.40708473336319,3.73535345525697,3.47750068521787,2.90165414398872,2.64718079149358,NA,2.51434632823408,NA,3.3100805754401,3.36550037582443,2.69759544336604,2.84691136738819,3.25914512222951,3.35240080760205,3.02869408082598,2.6846158382368,2.0961415815392,2.05230259346672,2.01945771272146,2.41623311926862,2.20506632117317,2.30264957509765,2.67070896534454,2.24034393281146,2.4617335270265,2.03352832471423,2.62348188089984,2.47631666592852,1.85906487490952,2.09602229119495,2.36658476882087,1.81451105404806,0,2.0379192538309,NA,2.05708519623224,NA,4.81868668014418,3.62172267559518,5.0166823528564,5.2093192634037,2.11854018071194,3.8811750225002,NA,3.18154803416538,4.1491941178521,2.50164603111591,2.48697880488967,NA,NA,NA,2.7572438383836,2.88392385055755,2.44499281720518,2.39983730446663,NA,2.15593409623548,2.94275096171721,2.21550550715351,2.61525773228221,2.81997320151613,2.79005558404149,2.99167529032665,2.69645671943894,3.60334191824206,4.35098497475647,3.22171459478789,3.22311279953364,3.25542895924515,NA,2.5789541401777,3.61780954994236,2.62165060979626,NA,2.5805766235144,2.85234862777635,2.97863042561531,3.05554559959491,3.40311816960575,NA,NA,3.1719197839448,3.64186778650806,3.52350465048396,3.5075816509553,3.45042838867461,3.6358763805989,3.35565757581896,2.92681802766595,3.28413617123604,3.18712157282905,3.18891873649625,3.21902377297523,3.27553113208695,3.17945233682458,3.6011139723988,3.09450770518338,2.89836941052617,2.8843904670389,3.19188793087791,3.22781500086479,2.97038845493198,3.05849801341903,3.72254497484262,3.11677087266896,3.25027458012603,3.15705757841821,3.05918063261623,3.32630088408437,3.17903009867366,3.60774022227864,3.39251377934748,3.16950401514154,3.99246485988276,3.35657149649383,2.34879879605081,2.69932356619112,2.76054054202332,NA,4.00904066107474,3.38529845677111,3.82059059338373,2.79914003480924,2.43223792021433,NA,2.90727074461729,2.48642009737998,2.30712567077637,3.14496255010197,3.34702196092571,2.97462578055816,1.81056398433451,NA,3.07768440287051,3.32480285712301,2.98345161380306,4.97942639126538,2.90180560215366,2.86613912079619,3.88456638602933,2.83795468762578,4.51341157344483,3.9382925033684,2.02062845444732,3.34684849818478,3.13123752250528,2.92323155311693,2.83957107888427,3.25792067858967,3.85902289234404,3.26779614941163,3.42104940069789,3.70024224035012,3.57154982035239,3.13356328842989,2.80510437363011,2.42705686203075,2.23908894705918,2.21269083114061,2.57330007984609,2.64078395764041,2.36545062667597,2.56068067350055,2.82367951220453,NA,2.68285145410966,2.72547983407573,4.50110897451865,3.00089714734434,2.70863407264313,2.83216918460352,2.8814952591049,2.85547230633122,NA,2.92349396856822,3.43412964080617,NA,3.29010465138754,3.51771417683664,3.44187996528072,3.18441129183844,3.2204636760814,3.44478066471623,3.42422713845362,3.07460578755926,2.85443909785535,3.67570373683861,3.35044996041794,3.13864467404044,3.46587893263653,3.64598629821863,3.37315362762694,3.6040755881916,3.76268508457555,3.98691778866642,4.04638450568736,3.26227621003916,NA,3.23633262534434,3.87672140458539,3.60360081802215,4.67781427253084,5.45645147144948,3.74992985522933,4.51023409732428,4.59119895444022,NA,3.25243760459523,3.79483268894996,3.88117329456741,3.49926988132532,2.82231540725716,NA,4.26401600746518,3.80532455134367,NA,3.67274674529831,3.06524983626948,2.85779660799352,3.80922613103805,3.16543590992309,3.90610088407748,2.66507700641043,2.2755418850496,3.0835583470001,3.31310007749615,2.93611406949558,3.00341223734228,2.95606898344792,2.75543830472398,2.97190363929027,2.61363474655792,3.58843878408734,2.76255761404505,2.62330445387057,3.54365182799042,3.99916678873699,3.66186034384466,3.45393254394689,2.74197340623818,3.29759198768913,2.35724192464324,2.98617395849562,2.49917758101735,1.99401836265178,2.48417775145307,2.02980531057665,2.03026259655177,2.29390624310093,2.16748303243691,2.49258937843545,2.21085435343184,2.64679887022086,2.51380199386777,2.40790979799934,NA,2.42558161963278,2.60895343196471,2.7699461855053,2.81379503367029,2.74310771585315,2.56510760715602
NA,NA,4.13306662740989,NA,3.71295180583631,4.20512311343477,3.77710029196746,4.82592381265949,5.07596505053639,3.48567180373721,4.68735210747896,4.77461357696378,3.0651458846392,4.01096700347166,NA,3.7006560803858,4.5195969438321,4.0898497382616,3.90221555547795,3.84324653954173,3.34830314527398,3.81884781938954,4.46699941620589,3.47674201116301,3.9395007804985,3.92997342241059,NA,3.63658178143911,3.60265550145123,3.9247630374621,3.14143919894088,3.58321456606332,3.61839702632955,3.83727175930371,3.36836584999358,NA,NA,3.29451661128988,3.34894355382246,3.24154851216947,2.91246107119911,2.78374945350908,2.94471170572871,2.45775669520933,3.2074915402156,2.96012065456417,4.09889710473528,3.02582240383586,NA,3.0851953225119,4.27691231826107,3.45266493892857,3.13144161440466,4.86987493700943,6.68344118968324,7.5065198000598,4.63829297818456,6.01255145492168,5.10562653667267,5.17910947601227,5.66943342473475,5.87710040361366,5.15965417296576,4.48093202068146,4.99382891501686,4.26277680152396,5.25933456398196,3.65630768370651,4.21440088403462,3.32113197860674,2.99470214557683,3.5430972133695,2.55389412198825,2.63138152213619,2.55364116959869,2.83961289867576,2.96559241441928,2.9820855018106,2.88894488256648,2.74240107259572,NA,2.78259105765298,3.13408419455587,NA,3.43635922880437,3.87097926883752,3.54821790116309,2.61444151097488,3.78899234510876,3.13935167900899,3.79111542732327,3.61668759615586,NA,3.83185327745738,3.5179635795872,2.61898282023503,4.10482762212237,4.0960280903284,4.06904919421014,4.18622654062976,4.58020132829997,3.67370811463871,2.68728080008162,3.59965527552316,NA,NA,4.12961938464517,4.69171953471097,4.59510473566088,4.11756943560442,2.71816339157179,3.95238330084093,3.83906162728977,4.78404844270585,3.15956045592061,3.99257676056897,3.49084031933519,3.29147979298137,3.87086868845393,3.69302373799146,NA,2.71676025993832,3.14738867631906,3.4203210117691,3.35693636888331,2.72508807023136,3.04403907837012,2.67441805274,2.93954559670991,NA,3.49204674169165,3.72221904200652,3.50921491103655,2.99288362984163,2.83569379821317,5.38449356053811,4.23863772802825,2.49943227483229,NA,NA,2.93712426206487,2.7477702289246,3.30428423262346,NA,3.17495095768883,3.12953180952772,3.15944641631013,2.66406535134664,3.49319458119316,2.96532668341332,3.10768836245765,2.59067228123138,4.59182619996976,3.47417659223542,5.51280602311506,4.4665491272037,3.46465692881897,3.82621758434812,3.2341912682888,3.03443454618027,3.41220396222607,3.06661146079854,3.30748329216735,2.93153555130757,2.81333002032048,3.15410606282209,3.30495161986431,NA,3.19539265632119,3.36615743257826,2.87427348303658,NA,3.12820282988801,3.7275295823622,3.48189498375116,4.10218653314235,NA,3.48646796391939,3.48549564016439,4.0203731004491,3.86171492943617,4.05816802897582,3.88144568842261,NA,4.51461147873037,3.53725115586049,3.78773154153151,3.70618091599838,3.50083758859382,3.81472461134032,3.88495212146943,3.47862714300456,3.71062971032362,4.02690910284834,3.77499913716371,3.27959757143313,3.79863697241262,3.75897901138577,3.69222901420685,3.32881566657468,3.47601735077621,3.12869215035088,3.27771638319732,3.52087230854912,3.2807175613279,3.38250966985364,2.9458920379412,3.60893561156645,NA,3.86965050032537,3.42941379891039,4.07032990629931,4.5203109545971,5.14966706397481,5.02680208340799,4.26015047954882,3.83758250378535,4.32220599899426,5.24082315078734,5.48118265000827,NA,4.08061555424984,3.31287267398403,3.84073915932175,2.62378896467618,2.59301661129866,2.42228633850073,2.93920385928462,2.80840185858161,2.57466847190675,2.5845074724445,2.76244540625846,3.02987467059485,3.36916313751947,2.94397680032901,3.04013840946394,2.78047721044971,3.5404905156099,2.64620869006253,2.86879692848716,2.73151203864515,3.84744190074629,3.81446559841008,3.75332288194041,2.95939261602765,2.82832225527857,2.69884934422705,3.04113024648133,3.31202746868335,3.1625853260797,3.18644871626766,2.79289256133718,3.07607018252151,2.81853488438414,2.81210895065681,3.09195295848069,3.79474835690244,3.13558333560003,3.45013892672458,4.0819550768459,3.68779846937355,3.72892010533976,3.81428821807877,4.05219696085541,3.91764013772402,3.74624540602972,3.46115255936672,NA,3.49200324987246,3.61797384602852,3.84031575289172,3.83008381392986,3.92934310241851,4.06606034343106,NA,4.31899688369708,4.36139510866406,4.2073029480917,4.08474512188595,4.18523959005424,3.92123168973025,3.90048137991071,3.69603503190842,3.78464992280292,3.91015550999241,3.91897198333124,3.92640520016047,3.72909584523379,3.39005209854734,3.19118942027711,NA,3.04481841496035,NA,3.61267013369437,3.49595824268114,3.45797455109812,3.714021056152,3.49742255833939,3.82970713983504,3.42097907862692,2.92592884709882,2.62457452281173,2.34840838798439,2.55214176886815,2.59169399989647,2.56231773400186,2.40668225467581,2.96600906013697,1.94682520422602,2.68967627233064,2.40237156039378,2.48107215894745,2.50969983644579,2.35055423728154,2.93433955795304,2.89964536333703,2.41642675666563,2.0379192538309,0,NA,2.73506308792559,NA,4.94184756081841,3.76298315815307,5.15017904742647,5.27050102314352,2.4536883386097,3.71939518704242,NA,3.94024888659522,4.82381527410231,3.04176561266515,2.71266633485243,NA,NA,NA,3.24439911956156,3.30357501394451,2.97842892418738,2.72156367938659,NA,2.57569268388489,3.40705834697482,2.6802951966808,2.99354728646171,3.09841546938343,3.08465905509882,3.54586772837367,3.36161016707645,4.07971499078187,4.72677868508671,3.76452108099934,3.81435590523603,4.19622024288664,NA,3.20003099371727,4.02699185250608,3.20919503126893,NA,3.27651104462557,3.69767032838411,3.5996889405853,3.6997454622607,3.99031312937693,NA,NA,3.82511812169173,4.33578850234061,4.16177591346316,4.13006876193299,4.13052299692647,4.19538703344281,3.95423393916723,3.56087371047209,3.69314989285847,3.76322417272163,3.82874682926548,3.81552766075025,4.04421823682556,3.95731683150584,4.02571656420698,3.64446459544868,3.58931342682435,3.64927931951467,4.02245026101619,4.08949142207336,3.77572803689459,3.76380939368838,4.49364068074271,3.8487839600613,3.89043661296482,3.87101157503762,3.8323029967629,4.1789508030894,3.87196860058923,4.37298973668322,3.91195987357654,3.85945117626751,4.57120464081539,3.80371569342134,3.05651293325857,3.4208735013865,3.74886098345796,NA,4.92194837228363,4.15353680221971,4.37769822482589,3.66881384641257,3.13570967830182,NA,3.60191453896964,3.1738104328654,3.0906674781729,3.58139678805914,4.07587395222562,3.45616042798008,2.58560746959284,NA,3.53045215624703,3.84482197941206,3.49316833732129,5.3059692565292,3.42075259655289,3.49318033235364,4.31755114564885,3.52244454148907,5.00152747277933,4.59398280790349,3.07740523811104,4.0875626694977,3.97933757894506,3.76260554810127,3.64251962533043,4.02868295803735,4.52637885967525,4.03270398320527,4.28257431464024,4.57843609810091,4.25317380637463,4.07150268559409,3.75028152636966,3.26234570792509,3.22645547661455,3.02375721195138,3.47643635469885,3.51676728589622,3.36760364212801,3.45620577614591,3.61155674910474,NA,3.49844114477822,3.6100856406474,5.23468906847118,3.79007558648589,3.62317806346928,3.65564822792441,3.67414222666546,3.72066131802737,NA,3.82431908245255,4.22119843910963,NA,4.10862857227719,4.26106000138784,4.24145021008858,4.12639333182419,4.13289832278439,4.10049685838935,4.25827207420417,4.01244621710605,3.89019983766479,4.46467408178849,4.24774109106386,3.996631830113,4.36222394615063,4.49731100672934,4.18900110010903,4.35606765782693,4.46604764067859,4.75872283481604,4.79005935224496,4.14567236925299,NA,3.95390957668262,4.74506218785959,4.32739815690621,5.485949235439,6.25541299681939,4.5826581413362,5.3479318539552,5.47767770867835,NA,4.23844836911369,4.72351427736691,4.77662576523049,4.39586699363289,3.82830890003007,NA,5.12092345490774,4.75458332565138,NA,4.55971695761119,3.93629586865629,3.76169432600943,4.64912375260989,3.905999546276,4.65756187868112,3.07783950682062,3.20927131452934,3.74400058393732,3.95842604940775,3.66691594171105,3.80622636580816,3.76161119761568,3.63900340141221,3.90473336112831,3.20705226828572,4.51199889657629,3.54018672865523,3.24721635926161,4.32269125613694,4.79837936487539,4.38440167457707,4.2174601373506,3.565770005054,4.13471621837876,3.33541019027808,3.59194083571281,3.3471045852647,3.00094334924143,3.4949760750001,2.96573891493163,2.94133207424948,3.10076049347786,3.10348124301527,3.37528530625406,3.27917475772648,3.49033965404803,3.12370228850961,3.27859056775745,NA,3.33288881430443,3.46150349784823,3.57073625957357,3.59689250907626,3.56488544724558,3.36839020601161
NA,NA,NA,NA,NA,NA,NA,NA,NA,NA,NA,NA,NA,NA,NA,NA,NA,NA,NA,NA,NA,NA,NA,NA,NA,NA,NA,NA,NA,NA,NA,NA,NA,NA,NA,NA,NA,NA,NA,NA,NA,NA,NA,NA,NA,NA,NA,NA,NA,NA,NA,NA,NA,NA,NA,NA,NA,NA,NA,NA,NA,NA,NA,NA,NA,NA,NA,NA,NA,NA,NA,NA,NA,NA,NA,NA,NA,NA,NA,NA,NA,NA,NA,NA,NA,NA,NA,NA,NA,NA,NA,NA,NA,NA,NA,NA,NA,NA,NA,NA,NA,NA,NA,NA,NA,NA,NA,NA,NA,NA,NA,NA,NA,NA,NA,NA,NA,NA,NA,NA,NA,NA,NA,NA,NA,NA,NA,NA,NA,NA,NA,NA,NA,NA,NA,NA,NA,NA,NA,NA,NA,NA,NA,NA,NA,NA,NA,NA,NA,NA,NA,NA,NA,NA,NA,NA,NA,NA,NA,NA,NA,NA,NA,NA,NA,NA,NA,NA,NA,NA,NA,NA,NA,NA,NA,NA,NA,NA,NA,NA,NA,NA,NA,NA,NA,NA,NA,NA,NA,NA,NA,NA,NA,NA,NA,NA,NA,NA,NA,NA,NA,NA,NA,NA,NA,NA,NA,NA,NA,NA,NA,NA,NA,NA,NA,NA,NA,NA,NA,NA,NA,NA,NA,NA,NA,NA,NA,NA,NA,NA,NA,NA,NA,NA,NA,NA,NA,NA,NA,NA,NA,NA,NA,NA,NA,NA,NA,NA,NA,NA,NA,NA,NA,NA,NA,NA,NA,NA,NA,NA,NA,NA,NA,NA,NA,NA,NA,NA,NA,NA,NA,NA,NA,NA,NA,NA,NA,NA,NA,NA,NA,NA,NA,NA,NA,NA,NA,NA,NA,NA,NA,NA,NA,NA,NA,NA,NA,NA,NA,NA,NA,NA,NA,NA,NA,NA,NA,NA,NA,NA,NA,NA,NA,NA,NA,NA,NA,NA,NA,0,NA,NA,NA,NA,NA,NA,NA,NA,NA,NA,NA,NA,NA,NA,NA,NA,NA,NA,NA,NA,NA,NA,NA,NA,NA,NA,NA,NA,NA,NA,NA,NA,NA,NA,NA,NA,NA,NA,NA,NA,NA,NA,NA,NA,NA,NA,NA,NA,NA,NA,NA,NA,NA,NA,NA,NA,NA,NA,NA,NA,NA,NA,NA,NA,NA,NA,NA,NA,NA,NA,NA,NA,NA,NA,NA,NA,NA,NA,NA,NA,NA,NA,NA,NA,NA,NA,NA,NA,NA,NA,NA,NA,NA,NA,NA,NA,NA,NA,NA,NA,NA,NA,NA,NA,NA,NA,NA,NA,NA,NA,NA,NA,NA,NA,NA,NA,NA,NA,NA,NA,NA,NA,NA,NA,NA,NA,NA,NA,NA,NA,NA,NA,NA,NA,NA,NA,NA,NA,NA,NA,NA,NA,NA,NA,NA,NA,NA,NA,NA,NA,NA,NA,NA,NA,NA,NA,NA,NA,NA,NA,NA,NA,NA,NA,NA,NA,NA,NA,NA,NA,NA,NA,NA,NA,NA,NA,NA,NA,NA,NA,NA,NA,NA,NA,NA,NA,NA,NA,NA,NA,NA,NA,NA,NA,NA,NA,NA,NA,NA,NA,NA,NA,NA,NA,NA,NA,NA,NA,NA,NA,NA,NA,NA,NA,NA,NA,NA,NA,NA,NA,NA,NA,NA,NA,NA,NA,NA
NA,NA,3.88190147826338,NA,3.87721908623601,3.97338349414064,3.71761445177266,4.41895608784827,4.60692255191949,3.5071079390617,4.17428247753996,4.37797232816754,3.42882538490395,4.1110017305499,NA,3.5426830310701,4.09251146984346,3.77032322689244,3.81000975707127,3.67048444365795,3.36115543738481,3.83548984410556,4.09269394829051,3.23113123977219,3.45669887901774,3.35404517403094,NA,3.27463445901361,3.27519513823801,3.36995161682568,2.98185750664535,3.44015279773721,3.43624343356043,3.46347716494424,3.10712815544347,NA,NA,2.95924209637406,3.37084263042087,3.39405681030248,2.8814252348972,2.73585146889504,2.61537815241189,2.83969983898413,2.51767808907991,2.81361449024112,3.91200388455728,2.8709874547597,NA,3.29928372733121,3.96881725771211,2.91611531095574,2.95121650854441,4.56016447990181,6.28279373193527,7.03732112167141,4.22240979602557,5.52809687133139,4.52825800033565,4.66606261308289,5.14163702866424,5.28476452827734,4.60343921784656,4.03295514525974,4.48172035335438,4.0051501592387,5.22619102480371,3.72021831702381,4.14212319877523,3.21536053250254,3.5181387759646,3.88989216859398,2.92480132649143,3.2425121995525,3.06561799153906,3.13779590271432,3.14899118495677,3.48192314841661,3.34156379801538,3.19193975402206,NA,3.03368904096182,3.34001171275992,NA,3.66931624225263,3.90428295182322,3.65910383701411,2.79891536140602,3.64910279563809,3.20240406906443,3.82884550458471,3.66959487139319,NA,3.58815006306392,3.55686356499543,2.80250333508731,4.3979573317119,4.23637266250507,4.16673541749256,4.23832933095853,4.33563435874654,3.845342670432,3.0694806921761,3.61214175289238,NA,NA,4.33934879522445,4.52467340828592,4.34895177090756,4.19137669334718,2.80012197860559,4.16781272368754,4.18211580710144,4.35610749680779,3.34960323033747,3.80376740278901,3.58996628883672,3.4449132610379,3.59219910920141,3.88262337690229,NA,3.51677410651206,3.34489848262417,3.53489864723258,4.02334932552823,3.25319491721505,3.4871612215408,3.01934374680306,3.16971057471754,NA,3.01245252684699,3.35293914941696,3.87091110532602,3.06554908577757,2.66710098030808,4.52377266381128,3.59840705799654,2.70868466128314,NA,NA,3.21525352209738,2.7347209822012,3.66021804535864,NA,3.00909139734192,3.3200830076355,3.59194058337492,3.29795754109388,3.34461885522172,3.17669516662355,3.2176705892516,2.33076735606085,3.42988250058671,3.28522966285239,5.16273874614667,4.39655182928993,3.36165377157412,3.87948606965057,3.36900272917774,3.20523013625142,4.0126242771116,3.55500490670303,3.73371583550047,3.42018478861056,3.37030623183137,3.60116841423651,3.59270873445603,NA,3.57000583032669,3.37225042092944,3.31903820245466,NA,3.58845459840433,3.8888551606951,3.52158608870111,4.22056941092838,NA,3.74940367221567,3.71214218235406,4.23977723206989,4.0773016571928,4.4281915991806,3.89636838316465,NA,4.60729086105224,3.90136155549947,4.09574719241382,3.8958022881405,3.64609980494329,3.92962855350914,4.06627137929502,3.76974778779387,3.96030458796301,4.29065753935935,3.92745513220452,3.81842409057043,4.34365636199718,4.20768612154803,4.19512747710123,3.80626967593964,4.05747351039614,3.66151023438327,3.92407642715592,4.05986142586361,3.44024005669709,3.89299168132079,3.48586777780618,3.81092167245016,NA,3.95570170002856,3.59714525504492,3.97161599319574,4.29135734125638,4.73717397332412,4.31056030195311,3.75558362144495,3.46024877608351,3.85010149727692,4.45177763134789,4.94263709627212,NA,3.96436681536726,3.23158127895288,4.09466107751607,3.1471197850496,3.35054900620203,2.93635209746629,2.92851157005569,2.84186526854267,3.05469104187092,3.20421941040717,3.17515863226644,3.46763497559623,3.35343614599202,2.78899261856892,3.72237197521787,3.3900604410815,3.86713329532431,3.05475422032302,3.43914698017838,3.3427194707183,4.16378534002318,4.10544043604891,3.71745397937334,3.07811642007051,3.36500835104526,3.44339981686008,3.53047331035799,3.33979117040658,3.36512385928757,3.36100860572412,3.25293432811623,3.70603721857997,3.35408758518592,3.36063937091775,3.51448689999295,4.19263159208234,3.64328600844981,4.03370522990585,4.49808827089073,4.2957012693758,4.40828143375897,4.00744030572287,4.26446604167709,4.23961127646417,3.98023443251094,3.72590179688275,NA,3.72304803463199,4.10441469021874,4.22536897248738,4.17965706913619,4.15206111840939,4.20944458017914,NA,4.76449856363527,4.80914945961987,4.61520864533615,4.39053236037509,4.54576786723908,4.34528548115484,4.3239375047481,3.96114295470972,4.03707638971113,4.07793376182205,4.02833652504505,4.35439154343193,4.01017382380819,3.48466174367533,3.39027036119698,NA,3.26437687589059,NA,3.69158618513729,3.74457810013255,3.32447269702476,3.42409830727209,3.70064275677424,3.73209963081756,3.607877544744,3.48186009721654,2.99779553474949,2.8933267905327,2.75302325893076,3.3036052877986,3.08461296866631,3.19693048670471,3.24278503527712,3.03273273373391,2.70512533186766,2.75874558419517,3.5537692999684,3.12926238302458,2.61557099165964,2.29571144012136,2.45277184128548,2.27719695209309,2.05708519623224,2.73506308792559,NA,0,NA,4.30565887334087,3.34447314253041,4.62562076991719,4.86348133288053,2.23973198559377,3.50718358903483,NA,3.13377972684737,4.02865810771867,2.81638456758,2.50552512792238,NA,NA,NA,2.64068950450127,3.19538194706121,2.64887968165508,2.5821585143164,NA,2.56324817161927,3.15057917506178,2.55419685432176,2.86607892002844,3.10560158761791,2.8984619114167,3.01114141974945,2.5412561705763,3.3297274144541,4.56430564300001,3.40406323378343,3.41178146770577,3.79475304048333,NA,3.13269960356116,3.71675407323444,3.27209147563496,NA,3.22539203684945,3.65610877940861,3.56468363791532,3.70659868362006,4.08129018808556,NA,NA,3.88073061551433,4.24695164031236,4.17350722554979,4.24219535212485,4.10885872156017,4.35030192061203,4.09314071339601,3.73098409482712,4.10143098296638,3.89121332402959,3.84116578484657,3.95299314444546,3.93012595833879,3.80396567388119,4.30055800668835,3.54684176470098,3.48269035913937,3.56437898119455,3.60069605586175,3.83771095529856,3.56296783579463,3.38585293704547,3.9141383653383,3.51832157172492,3.53664676147175,3.64553031548471,3.54478302491551,3.6413320333727,3.59165810733026,3.99279959594484,3.87003068704515,3.61518321299671,4.03606288077563,3.37867886721413,2.41314346994226,2.69399255691214,2.79606389605144,NA,4.33303614133372,3.23015883785696,3.72861000166125,2.8141081136727,2.6085847279372,NA,2.70764799780322,2.46206518233849,2.27189081232355,3.01495750535672,3.02321687568389,2.84212546846773,2.12472398920961,NA,3.05679360866156,3.09065701826345,3.00546102353902,4.46135733906278,2.7110789007242,2.81452406190647,3.70151315276994,2.95411887200273,4.38171860898664,3.85862332982233,2.37374487533634,3.68214113609169,3.50958046020998,3.02082986239388,3.01335983541324,3.3475681695243,3.55550095457279,3.21199430249717,3.31555788968233,3.41717563268385,3.48232339158863,3.49955548109271,3.05942092291039,3.05979350098769,2.89966677321058,2.88104930868234,3.15455497315868,3.4052685630782,2.99467997419624,3.25293433605538,3.57455504049527,NA,3.57652566726354,3.48635227196642,4.19296896856978,3.77196091277185,3.49114326193951,3.62512921563406,3.65293964979923,3.68279771627181,NA,3.69347558824762,4.26061776006311,NA,3.92612248295866,4.24116794364107,4.10005960762056,3.73214789267172,3.89944854429947,4.13411859338371,4.13721395336165,3.80059627987713,3.58567522142714,4.18133738403084,4.03140138476916,3.70334156472396,3.90568376313606,4.20162121363777,3.81468473053677,3.98535688350598,4.10432519413316,4.33337503545348,4.34484283422039,3.79825563390605,NA,4.02445225056206,4.18682326608798,3.87566047613698,4.64811703380774,5.45358457168745,3.78046042025834,4.45412365971081,4.47540458198508,NA,3.33182017794682,3.85933238039186,3.86298916505483,3.67349966522092,3.05564521683954,NA,4.28348726890764,3.84175448819683,NA,3.95400338851978,3.34250353362604,3.07510198817571,3.81455926227538,3.27824685971771,3.86014054554805,3.1504891625135,2.48213157432851,3.21986493554097,3.33436785840013,2.88708511644454,3.08232387376304,2.9369363364741,2.71218572395291,2.89867868501346,3.22137077951213,3.43797997027456,2.86092025068959,2.90953313622568,3.26964937622712,3.81673213207188,3.3947418060308,3.31878668831935,2.76420534183273,3.03224509488392,2.16298961858014,2.83142305156478,2.87124426070463,2.40659747035486,2.54749306457328,2.2869181952888,2.61949565752623,2.57654232110229,2.61628798038684,3.01556837980916,2.73425040593824,3.12970665285984,3.22081928077877,3.05101745964769,NA,2.98718700703796,3.18989752910779,3.47241945215311,3.57810795952371,3.27787284881964,3.07051524834832
NA,NA,NA,NA,NA,NA,NA,NA,NA,NA,NA,NA,NA,NA,NA,NA,NA,NA,NA,NA,NA,NA,NA,NA,NA,NA,NA,NA,NA,NA,NA,NA,NA,NA,NA,NA,NA,NA,NA,NA,NA,NA,NA,NA,NA,NA,NA,NA,NA,NA,NA,NA,NA,NA,NA,NA,NA,NA,NA,NA,NA,NA,NA,NA,NA,NA,NA,NA,NA,NA,NA,NA,NA,NA,NA,NA,NA,NA,NA,NA,NA,NA,NA,NA,NA,NA,NA,NA,NA,NA,NA,NA,NA,NA,NA,NA,NA,NA,NA,NA,NA,NA,NA,NA,NA,NA,NA,NA,NA,NA,NA,NA,NA,NA,NA,NA,NA,NA,NA,NA,NA,NA,NA,NA,NA,NA,NA,NA,NA,NA,NA,NA,NA,NA,NA,NA,NA,NA,NA,NA,NA,NA,NA,NA,NA,NA,NA,NA,NA,NA,NA,NA,NA,NA,NA,NA,NA,NA,NA,NA,NA,NA,NA,NA,NA,NA,NA,NA,NA,NA,NA,NA,NA,NA,NA,NA,NA,NA,NA,NA,NA,NA,NA,NA,NA,NA,NA,NA,NA,NA,NA,NA,NA,NA,NA,NA,NA,NA,NA,NA,NA,NA,NA,NA,NA,NA,NA,NA,NA,NA,NA,NA,NA,NA,NA,NA,NA,NA,NA,NA,NA,NA,NA,NA,NA,NA,NA,NA,NA,NA,NA,NA,NA,NA,NA,NA,NA,NA,NA,NA,NA,NA,NA,NA,NA,NA,NA,NA,NA,NA,NA,NA,NA,NA,NA,NA,NA,NA,NA,NA,NA,NA,NA,NA,NA,NA,NA,NA,NA,NA,NA,NA,NA,NA,NA,NA,NA,NA,NA,NA,NA,NA,NA,NA,NA,NA,NA,NA,NA,NA,NA,NA,NA,NA,NA,NA,NA,NA,NA,NA,NA,NA,NA,NA,NA,NA,NA,NA,NA,NA,NA,NA,NA,NA,NA,NA,NA,NA,NA,NA,NA,0,NA,NA,NA,NA,NA,NA,NA,NA,NA,NA,NA,NA,NA,NA,NA,NA,NA,NA,NA,NA,NA,NA,NA,NA,NA,NA,NA,NA,NA,NA,NA,NA,NA,NA,NA,NA,NA,NA,NA,NA,NA,NA,NA,NA,NA,NA,NA,NA,NA,NA,NA,NA,NA,NA,NA,NA,NA,NA,NA,NA,NA,NA,NA,NA,NA,NA,NA,NA,NA,NA,NA,NA,NA,NA,NA,NA,NA,NA,NA,NA,NA,NA,NA,NA,NA,NA,NA,NA,NA,NA,NA,NA,NA,NA,NA,NA,NA,NA,NA,NA,NA,NA,NA,NA,NA,NA,NA,NA,NA,NA,NA,NA,NA,NA,NA,NA,NA,NA,NA,NA,NA,NA,NA,NA,NA,NA,NA,NA,NA,NA,NA,NA,NA,NA,NA,NA,NA,NA,NA,NA,NA,NA,NA,NA,NA,NA,NA,NA,NA,NA,NA,NA,NA,NA,NA,NA,NA,NA,NA,NA,NA,NA,NA,NA,NA,NA,NA,NA,NA,NA,NA,NA,NA,NA,NA,NA,NA,NA,NA,NA,NA,NA,NA,NA,NA,NA,NA,NA,NA,NA,NA,NA,NA,NA,NA,NA,NA,NA,NA,NA,NA,NA,NA,NA,NA,NA,NA,NA,NA,NA,NA,NA,NA,NA,NA,NA,NA,NA,NA,NA,NA,NA,NA,NA,NA
NA,NA,6.34500505944829,NA,6.31250783124916,6.3659165401049,6.22250886424786,6.57012677140619,6.77038262710592,5.83911719875558,6.30736987788963,6.51860069073118,6.01842187799813,6.38013542070424,NA,6.10667715163838,6.30935906493249,6.22410182467928,6.23967533461181,6.09059033157991,5.87632423279515,6.11193530845747,5.96251586231535,5.7903791033532,5.95263940926828,5.97625897809128,NA,5.85489895872958,5.8950590813843,5.79215728729621,5.68399834914311,6.03669075135531,6.10751459954326,6.11307333983645,5.87217732970102,NA,NA,5.68062311190176,5.79232980189272,5.76925288060142,5.31837803387899,5.45702042073421,5.11353469776838,5.00010538118062,4.13662341294633,4.67634682691223,4.56467589618116,4.55717179489618,NA,4.92019201871429,3.6963318088314,3.94277291900897,4.04130572811077,3.86575718615841,5.09624074983467,5.44246792219408,5.05285172182713,4.43858920290004,4.11998022579364,4.34400353410693,4.65895477642777,4.27228002261363,4.40423834642037,5.10272694250625,4.2733196695123,4.6986962865356,5.40028991424151,5.04670908246579,4.83052820506668,5.00769797046422,5.19168814631129,6.10518660585867,5.43098240251976,5.66115556285897,5.52957730770769,5.58811462290238,5.62238276111459,5.78683974841778,5.64979348393441,5.70608170502218,NA,5.62831214721059,5.78133336871545,NA,6.10475162888072,6.36816335443487,6.06415159984318,5.42134035412739,6.11607509815101,5.79994479732337,6.26251667460452,6.16980294112126,NA,6.02116414796435,6.13850109860036,5.37747683932021,6.76612293676425,6.62974287639826,6.52068818198914,6.5644660183843,6.62190952627504,6.24068113058979,5.46873207140249,6.1812738907168,NA,NA,6.66380941300345,6.76161605257396,6.60799104094057,6.41715619988911,5.19258344141409,6.34795094817473,6.43710650766883,6.53386617788144,5.85557161804454,6.28437932780865,6.07340396797327,6.04293583789058,6.13867898486069,6.23079176696508,NA,5.7794816472516,5.74017650617766,6.0488008153908,6.37125538095528,5.74282216358533,5.92099675242754,5.5180547243449,5.53772183263129,NA,5.00527773421371,5.38757286339891,5.76414528835238,4.9391065904559,4.49431045095123,3.70787651766382,3.96316783681145,4.8308246878077,NA,NA,5.60461061899134,4.69475792675164,5.94028516910226,NA,4.11108580178,4.47970955621156,5.24628786556183,5.18498564184485,4.18227277947638,4.37375892681677,3.97779180077983,4.62090450934816,4.56439590759104,4.47667211864981,4.29797859399907,4.53396607300923,4.78107157569964,4.83096197903251,4.95485395716805,5.23481254592461,6.09237808213063,5.63110548619944,5.53810925328867,5.64900243512619,5.54462226792797,5.84915993305966,5.91957499514131,NA,5.78826852964715,5.8546181216206,5.53909304833676,NA,6.02975788878756,6.34266215481194,5.83521105007118,6.60317744102873,NA,6.1786769212863,6.11927058305679,6.60916064201265,6.36033551817224,6.70272884032914,6.29385661190596,NA,6.97123048158366,6.35180988227253,6.46975864359116,6.31290749958367,6.18828316310102,6.38390837575656,6.48292979906685,6.31197388648911,6.43923606756776,6.6645845418149,6.40884070054746,6.36258698075383,6.57981589777921,6.64953896609387,6.62832863023772,6.32991352394195,6.32440300266713,6.28078683997745,6.18137293725638,6.21932010271406,5.96297590563051,6.36816878234185,6.00852271550597,6.2932714926012,NA,6.4140083704409,6.04319712147447,6.36183811565769,6.6154162630691,6.57628697326782,5.91987707543879,5.95041530961328,5.70251471068096,4.7342144121393,5.60290198359378,6.76528427939393,NA,5.93419711221886,5.44286272776614,5.99179286938303,5.08694014996511,5.24861225546573,4.97060149189368,4.76433987035729,4.73300438058214,5.20594091009556,5.31842226547989,5.08614476593296,5.3576525642079,4.75936504068939,5.44373971775731,5.87473759400407,5.57547037798105,6.34231592660906,5.74988380841518,5.78665631385286,5.58630613293821,6.47390057795097,5.61206979422728,5.09242607236675,5.54573804755503,5.75561690638741,5.65466162623617,5.65511615879519,5.01664147964049,5.10599741866029,5.25628358627049,5.5815395873124,5.51150926524964,5.11336557324131,5.49637147715332,5.46375940536434,6.14858207096336,5.60718498034791,5.94652800574887,6.31992033459297,6.47712275506083,6.55842120620142,6.21803489701224,6.47699109391762,6.28492990270858,6.32976968694393,6.08111700326323,NA,6.12339060191937,6.43344800352575,6.63793529798972,6.57544806068694,6.4707730089202,6.55041191575487,NA,7.01648104964923,6.93225042602997,6.75040518663795,6.54669511833708,6.7924854159133,6.51905063285626,6.65142362366113,6.44033119223317,6.39584800560015,6.45484690689462,6.5608317522377,6.86071169837737,6.58093597388219,6.06932862968019,6.12043585476113,NA,6.01319984182102,NA,6.33452017672799,5.97156919279131,6.08269697338803,6.1367999284299,6.24774673935133,6.22432984092614,6.16458488595426,5.94324090362404,5.81098490688937,5.64511753503676,5.50244670149586,5.71512663762034,5.49436852086386,5.58720029376965,5.70358403718697,5.59641033443475,5.5956850331473,5.4671841496374,5.7919181656192,5.6042558263558,4.59102150839255,4.43653642106186,4.37936039925341,5.13224919520374,4.81868668014418,4.94184756081841,NA,4.30565887334087,NA,0,3.06128762427346,2.71803494439546,3.40008335544244,4.57774195104778,3.67247238646065,NA,5.54835000016532,6.25183991019708,4.22045900289748,4.50943815977569,NA,NA,NA,4.49310902367874,5.40788667895399,5.14179699204781,5.14284750157026,NA,4.85103182250646,5.14016648300899,4.76131082005647,5.01360473868229,5.31036682569314,4.70467810182814,4.40447026485632,4.3088230555941,4.16775024087043,6.32884490824389,5.18292745500541,5.8008330479945,6.2616154981515,NA,5.51399863848858,6.2155644604664,5.71634735553888,NA,5.80897101434582,6.29628580037027,6.27733069139675,6.4036792596403,6.67682368306678,NA,NA,6.55755891647638,6.72222087418051,6.78297756471654,6.74976148809229,6.70348721659919,6.81493621971052,6.64645540140474,6.34040208482856,6.67239163644917,6.46925403980846,6.44020428130348,6.52231624885621,6.3844667427431,6.21671369895332,6.81552733986424,6.13590924978169,6.12177115014614,6.118356068805,6.19290889506592,6.37455748468754,6.09820441663852,6.00156571669392,6.24575186658751,6.10932533854986,6.10572406406544,6.03873811867317,6.04231472662885,6.12353664213664,6.00907337734211,6.37016092565981,6.12182660041926,6.12183246960293,6.14020858187485,5.73605139158801,4.9534713062576,5.26241686505308,4.63582320230522,NA,6.53911025859183,4.06288751704331,4.49058794654516,4.57455529506915,4.45515171815728,NA,3.45168600421277,4.07482877164784,4.08183166176446,3.92593700420176,3.54272063269565,3.77253692419625,4.77728749932962,NA,3.87521505324144,3.42502405314048,4.19339052259784,3.17549156529825,4.2468854752849,4.03221099671339,3.10390092143421,3.88667487591837,3.41590021862663,3.98570863575266,4.95263467164782,4.94610590060664,5.27807627211833,4.59243642917356,4.52749455898338,4.78250743735601,3.5384704022701,3.70524492142362,3.86727202158993,4.1375184441644,4.54707375678695,4.91581659540613,4.64774576898671,5.3793545968105,5.05344056453504,4.77620812000339,5.53477926357252,5.90417640282313,5.30063281883035,5.80884491358186,6.10703334751205,NA,6.19352538433988,6.17395077127429,4.19473075978468,6.33498824995223,6.16525699578416,6.28105036544776,6.21158606298161,6.34240170326865,NA,6.37852375234542,6.72313172420493,NA,6.52344018644659,6.75017575608368,6.62536952611603,6.40277592303527,6.50769257433043,6.59476955400095,6.6152206529707,6.3564799680561,6.17182922226255,6.62378558697975,6.60166369130467,6.26960463121365,6.40105647605244,6.64163103586577,6.24640223160905,6.33665443036848,6.44725352613247,6.68532108130109,6.61821665347931,6.38110932331981,NA,6.568592814337,6.5787705674926,6.26840007077249,6.97202173492405,7.69033067803958,6.25777813527149,6.72972756306367,6.86276493739845,NA,5.94655917219247,6.20029971484461,6.4363892166559,6.16153746469594,5.76293504621185,NA,6.31064799853225,6.00670375138107,NA,6.3831467650743,5.69279596223551,5.5265103299674,5.84506208431487,5.6548005581998,6.0821456222724,5.18761207936366,4.88943106206709,5.32178821455081,5.16688986947012,4.92753943066897,4.66212624391109,4.42502721092266,4.2290081921698,4.2687474819153,5.7907400211317,5.7500219819297,5.40523821167085,5.47396587439096,4.85430707837727,5.81185703376108,4.16665744111516,4.42470129329173,4.57413791684002,3.71824661855301,4.30339515581749,3.92915318086159,4.54652209003007,4.61309838260729,4.51625317644096,4.58132908767822,5.00350782161113,4.94253915895627,5.12391605067788,5.70114441093181,5.35907624715088,5.74648992360297,5.92348331871412,5.82824669570541,NA,5.81373588014309,5.97093191195838,6.14710819536389,6.17173255779908,5.83868530883302,5.78880646353875
NA,NA,5.10834129575357,NA,5.24608520719902,5.0531823211051,4.98907762939439,5.32314398859685,5.43778112746746,4.55430161746689,5.36044684192642,5.50367970221104,4.80220394997575,5.01242313419638,NA,4.59564915518966,5.18039703701749,4.90042940528063,5.16735330163399,5.06690499277645,4.73020769850543,4.84913316745583,4.76512521538527,4.58393113273594,4.80050780141265,4.67148127253466,NA,4.59436484740383,4.69059008810855,4.61036389108338,4.32455560797353,4.91302387480751,4.99468733691321,5.05091104053598,4.71091218206308,NA,NA,4.56028886749137,4.63766659348434,4.59118200346024,4.003294022818,4.27733002393615,4.06285441936032,3.68356736309087,3.4359468681224,3.84514117669549,4.19538075657965,3.54502290599311,NA,3.76484237604364,3.48709859304641,3.67731905488141,3.57761628394058,4.36242472450845,6.02515619199952,6.51074166029718,4.50234428016504,5.29435623105368,4.49127503865607,4.63249616961839,5.11891482392718,5.10799226223266,4.72358566112755,4.61053773985267,4.42831862558222,4.20129894467817,4.72088081612165,3.93712150251043,3.84904561935971,3.96091985552478,3.90901347710629,4.86399503530708,4.06647666560525,4.13071748249974,4.04270450464932,4.22964487513016,4.32232211699579,4.28165612102717,4.09998528458787,4.34148282951117,NA,4.29282507562892,4.46140884960606,NA,4.69410361459578,5.21330492726687,4.70999797162852,4.16003634136573,4.91141236315944,4.47950551602554,4.96487697413386,4.92989225084057,NA,4.72262521101036,4.92777189856118,4.16462159821401,5.63330553352931,5.50462123642325,5.27222955374951,5.30797888528414,5.37519570922604,5.03805404808692,4.41940489817176,4.86449623848312,NA,NA,5.38543064022225,5.47944330745832,5.55178393357774,5.27303037830261,4.05142057793277,5.07766470136294,5.0906188499987,5.50819618758059,4.6858821623889,5.07322646573217,4.85138905176164,4.88753278888634,4.98240239992168,4.94353204492995,NA,4.74063208088898,4.51338655049546,4.94662818792476,4.93947281969206,4.42776837573091,4.57330695775132,4.24679344097413,4.24331669301837,NA,4.15249747152455,4.61384585173868,4.86164312797287,3.99132047681998,3.61525848286415,4.54237505628712,4.00026068255608,3.63705427921275,NA,NA,4.52999420063498,3.81025526302924,4.75712790931057,NA,3.42814724683182,3.61718467883024,4.10895695530075,3.90281455813986,3.61202669808182,3.43942846179797,3.247300389763,3.69155704544511,4.194898764112,3.85359086816356,4.81218506245554,4.15922336571035,3.89954871590583,3.8594084606509,3.79677328304847,4.03579829326195,4.84326233067891,4.31928981790361,4.15325466457454,4.35461064667506,4.4086630483832,4.66642552532163,4.7449052417648,NA,4.68353506603074,4.7929814448312,4.37473995184639,NA,4.75911519765205,5.1063525090024,4.70771288011174,5.36354043093677,NA,5.00877462717861,4.96117602628743,5.32568474719116,5.15774042687247,5.38069288630751,5.18735793021399,NA,5.87800813685398,5.12134941359768,5.29950570918919,5.10687306976209,5.00395248558986,5.27894719441072,5.3739804321095,5.13584963381572,5.31200757711401,5.43967230785258,5.29906683901328,5.19263557934827,5.48044085101625,5.46407499943517,5.38728737969045,5.10423973428267,5.32630539043584,5.23027472826698,5.00649014753281,5.03489724650767,4.89642011196695,5.34599801748696,4.82290119460475,5.23060245299299,NA,5.56465124898093,5.12411112032407,5.48336607522905,5.72715817421278,5.92328874209391,5.420361923385,5.08257597639453,4.84918247055804,4.55769236457726,5.36032657591877,6.17847610544451,NA,5.0837309990362,4.65986086308511,5.12815624760756,4.26410383918969,4.22960108511923,3.8010794209618,3.78640692277292,3.59384343265951,3.94964555804834,4.07388634245531,3.82020420866511,3.94283298456983,3.61651064046228,4.33405280100648,4.6786864829583,4.36569069714421,5.31943030943954,4.53825451157914,4.54487960201267,4.31653550772388,5.47640354957605,4.5046243034711,4.41748951348999,4.39787053927786,4.4877442806408,4.56712421644754,4.45972906900568,4.14267326853156,4.14955703038558,4.20758228772454,4.39561097598774,4.4083477847531,3.98396326222315,4.31815307263128,4.09068520616443,4.82619790516621,4.19845749925009,4.50780023812674,4.98636878533008,5.2449280410121,5.42614499850633,5.15659714910925,5.26291974437866,5.17356060248787,5.25837251114816,4.91483762324247,NA,4.9126658404267,5.25583623379388,5.36705667465293,5.2942884030473,5.24092475308599,5.40432403802026,NA,5.94565444770619,5.86773608809411,5.66619270359185,5.60357015381697,5.6469251669653,5.30416416791218,5.45837773361208,5.1563159680107,5.13358364744248,5.30213269465492,5.3986497408904,5.75905063084647,5.50434117729613,5.04132811658375,4.99099691176595,NA,4.94573039215839,NA,5.31764641426018,5.20626011536442,5.0469780023713,5.09604056368881,5.2064228889558,5.25992575446743,5.06704635604908,4.70811579661867,4.66341197734266,4.42929920825342,4.34376163039255,4.63423470300923,4.36225796696519,4.37030111105247,4.5451954730544,4.30147523338394,4.4309207170944,4.17726025338681,4.41347190901908,4.54926531136032,3.65496025677738,3.58533457910881,3.68164741555121,3.993882142035,3.62172267559518,3.76298315815307,NA,3.34447314253041,NA,3.06128762427346,0,3.72499432903714,3.75261158042168,3.2193325938111,3.35303068123078,NA,4.53721687524772,5.40319260883345,3.3732014142878,3.50598928964209,NA,NA,NA,3.75003260378654,3.85538632117707,3.76607043580039,3.89282614978288,NA,3.44321429763801,3.65736981334133,3.47124644158693,3.73600927766196,3.77616046752216,3.54354808718797,3.51790972155865,3.64506286532304,3.74673652906255,5.6425046390811,4.00559103579062,4.69156525211146,5.30837469738963,NA,4.41829514623639,4.99887759418584,4.36846591321142,NA,4.62379386821426,5.22882421123843,5.07988342524781,5.16610123906763,5.54052804259032,NA,NA,5.36211791740274,5.60200684098525,5.65244865223532,5.62645696914615,5.60654585582548,5.76656826608154,5.54467201815307,5.16537763440476,5.46120610132713,5.32062451460263,5.27849733248616,5.35970067245123,5.33646529432938,5.0076617520394,5.5632234419237,5.01523211117794,5.06626057078172,5.10405955923956,5.31670915157915,5.46495067817476,5.17930279931605,5.0831267095216,5.42325687377978,5.17147782604193,5.21518993213855,5.13504263431091,5.08149502001325,5.24242763129956,5.10944490124567,5.47620151584336,5.47996003751863,5.21456927575988,5.48972300284927,4.8528829233939,4.05461246734417,4.2719228241241,4.16687886307359,NA,5.73301931190141,3.87238068083,4.25929759957438,3.92289916341575,3.48524554443162,NA,2.89536450556159,3.17541843854015,3.20039515880277,3.01503847935093,3.58260621265424,2.98624702449394,3.63102806559898,NA,3.51366634938675,3.45548669393528,3.47247893685787,4.01466649411979,3.27193376029323,3.41768402320392,3.351370738425,3.35554189615146,3.95743823493361,4.10427042938741,3.97033314662145,4.47363089359535,4.59353493522196,3.85671804608411,3.92684133963024,4.04265213151504,3.94410643847833,3.66043552565569,3.9360840484447,4.22707847635353,4.41470252390219,4.52310769869152,4.15986159381259,4.32641988243084,4.1130451213141,3.90149624459372,4.49701166278119,4.84412732849788,4.33851687803915,4.77340240710388,5.02965679378979,NA,5.04988972039878,5.10063032911802,4.73864193609017,5.21477183160941,5.07493970995685,5.13529063177894,5.05962336506595,5.23680339925786,NA,5.29646044899467,5.65084175479403,NA,5.45794866080263,5.65969374474072,5.5378383350107,5.36088682802562,5.50081631508965,5.47775526013578,5.535235560606,5.31187936672281,5.12493506335385,5.65703463622803,5.67014942455984,5.27746936650376,5.48891465447298,5.68427976970393,5.34459008331731,5.46796200961414,5.63066095107029,5.84592466781192,5.57723653299704,5.43243184473533,NA,5.47387795087318,5.71670771034612,5.46040925331702,6.20520336816744,6.91967086663012,5.35087098371006,5.91640597729426,5.81579039835415,NA,4.96161559338288,5.1908756847881,5.38378074683779,5.1330348566631,4.63374252518199,NA,5.21173066563873,4.94213285030801,NA,5.42092042264849,4.78341834667636,4.61360065142389,5.18278454218192,4.77047291937055,5.20534340120315,3.70413124909104,3.89071702045932,4.30395737574536,4.26785920339466,4.00850324266642,3.85365091444676,3.62536690397779,3.37846734030712,3.49886043702944,4.44846179549375,4.80972130519416,4.00236676524152,4.25298293575863,4.44637416305571,5.1727215908258,3.94612014665269,3.99591529374836,3.85513441953432,3.65493350095679,3.45298097721011,3.30774625302923,3.58335108558618,3.56859383514232,3.7601739052081,3.58221435825933,3.87095525456587,3.80468317602318,3.90115228609647,4.47267608628542,4.28497964600424,4.50315562544512,4.6713229586672,4.55088404536011,NA,4.54976957896939,4.71371506829689,5.00200575354728,4.96436550968375,4.5012322201065,4.54633402290038
NA,NA,6.45557414080797,NA,6.40816270610012,6.48500337172256,6.33562855647959,6.9062864687593,7.0377540643189,6.24398739212945,6.67253831430974,6.75859571679075,6.0399079784139,6.44360518399151,NA,6.22456603261042,6.82122678339948,6.47945990225659,6.62946351728683,6.48486615567934,6.20990854301066,6.2098999208365,6.62525712212148,6.25307497145912,6.4909057267865,6.37865713359623,NA,6.22772231083587,6.24333386927309,6.27756525082215,6.02145073478702,6.36833405583062,6.38780116693198,6.39143089840138,6.12262425821035,NA,NA,5.99662931350315,5.96532052071061,6.00880747804624,5.65039864496801,5.66673754555445,5.32845463076577,5.13278932916808,4.25101151347665,4.51717982389853,4.41129317666435,4.47644499361781,NA,4.57840578393288,3.06009187588676,3.82526964436153,3.6922060890594,3.62716932335673,4.79449540160572,4.65691247538464,4.758666923964,4.13875833154387,3.82634322872172,3.82889463832764,4.16766338880375,3.83731502967852,4.13021480713874,5.00901271828368,4.01549709441122,4.3562514451047,4.86361326795693,4.78050874550839,4.8227343377145,4.85025028364328,5.04823556171667,5.86368868072086,5.51344190916975,5.60581861479023,5.63684379742591,5.61434213005286,5.57516398890583,5.69625552622371,5.72978760666707,5.77808089938478,NA,5.73484309912354,5.74746530609983,NA,6.01850696588042,6.36402416144338,6.10332735903654,5.67740159952728,6.16880772736091,5.91771777967229,6.32717606372161,6.199034182633,NA,6.30124060260932,6.20010166946149,5.64817809388996,6.66537020823675,6.62946441952,6.62553133373607,6.69094458002053,6.82346676724839,6.27583799967857,5.73617476024819,6.42551679170049,NA,NA,6.89230333365819,7.07066039147156,6.94022682350718,6.67798779949804,5.63184911061263,6.83291297516588,6.84365152758654,7.02636493481738,6.23345004245922,6.60104355420515,6.45824260744344,6.35215240604269,6.64139903393142,6.68066287229578,NA,6.17677212989728,6.19818100609101,6.32853566145056,6.52315494989266,5.96653965615296,6.09868822632585,5.90119726658981,5.87875382113623,NA,5.56528676306765,6.00643775469159,6.18957230892539,5.24779478010019,4.79455920885997,4.04052545548771,4.43550898610618,4.94888922614239,NA,NA,5.6319187629743,4.77139807525812,5.84449157464104,NA,4.05563612357901,4.33104140462731,5.20524109923485,5.01699804195288,4.19544289454507,4.31768662119991,3.71071237313163,4.73728262641957,5.37466127700787,4.3513906745703,3.75168495915113,4.49771166304266,4.57687307574234,4.46767304986897,4.81366051206305,5.14195701793534,6.00104821146439,5.58159127807585,5.4186617536763,5.68462522535648,5.49916122391977,5.84593253111927,6.06524274132496,NA,5.71717050314642,5.95532875959307,5.63266737491024,NA,6.03549876445054,6.37910206383552,5.94277271757779,6.66506550341791,NA,6.34787712411008,6.22358541552911,6.6477800667712,6.59879958583142,6.82921722155748,6.46770288374518,NA,7.13009031843391,6.41002633736568,6.52101373928844,6.4005381525686,6.3249299703258,6.52028673207889,6.54001196279231,6.39052009791548,6.49128752138865,6.74481247080177,6.51900150980957,6.40749764106782,6.57611679980484,6.69964302049101,6.61664471551611,6.41167117701488,6.47626787738734,6.43866057696052,6.26521251881059,6.34077288041325,6.10996848887759,6.42945378032679,6.23101719811684,6.54856530746224,NA,6.72654725388795,6.29597661702674,6.60625354897683,6.85038196661414,6.73832539118112,6.1735646127948,6.23119638123741,6.00867316588367,5.02923667347633,5.86201841994209,7.21272704492501,NA,6.31812861810176,6.05452306536255,6.16291172280977,5.40237796940813,5.43793018216341,5.01433653769071,4.84659765411215,4.91284474725834,5.16807769902018,5.25439313485578,4.97782627919159,5.29016363153701,4.64150628344124,5.53440651519215,5.87100106369948,5.52233823174003,6.6316315364591,5.67748819672154,5.78866136839941,5.85871971819296,6.32970621688891,5.53941234837141,4.90286543511853,5.52032246329583,5.75649028786662,5.55377222235242,5.58879143818028,4.90430954975057,4.95230906102137,5.02398970612658,5.45483725748233,5.53328407727467,5.14877304337717,5.38076335174553,5.44401394537275,6.06477834817189,5.56200431535077,5.92456805394142,6.35270788336715,6.45922308432197,6.50868253612798,6.23199778141284,6.56293367743836,6.48644436228117,6.42966925231826,6.35821947246402,NA,6.2471969118557,6.49706424546012,6.62431347760183,6.60485265657043,6.63808179868248,6.72519192821765,NA,7.09707374627547,7.11274030025196,6.97625910915566,6.87814166848231,6.95232406866759,6.83845975257241,6.74330682737436,6.63927058321722,6.68693966955619,6.70283304323989,6.76381887548038,7.03209178870838,6.78971892111548,6.45744828462805,6.3543575352162,NA,6.3051432696632,NA,6.60653693110304,6.59790326000174,6.28158161182638,6.40264101395644,6.58968778666429,6.44764247637718,6.32137538438917,6.25618525422392,5.98947457625639,5.88424194111373,5.83639895120264,6.11159716125013,6.02189623857674,6.05386812323838,6.04608352353561,5.80538223471046,5.90662721280011,5.75452009432683,6.02316050791562,5.64538368240948,5.0031863036706,4.91643795981789,4.64591702128806,5.25388221611093,5.0166823528564,5.15017904742647,NA,4.62562076991719,NA,2.71803494439546,3.72499432903714,0,3.55174451318672,4.87924472474222,4.04272196669925,NA,5.79751735168136,6.65982664177667,4.64096784369353,4.82916146026708,NA,NA,NA,4.54988555852012,5.73645654969116,5.24331458427118,5.11676199728659,NA,4.98011427676964,5.47187389122143,4.97638036247165,5.02440284443284,5.45060698829788,5.0308726925927,4.64105810248568,4.40203294072843,4.14986268753512,6.58546941926061,5.50585026038179,6.0167786284393,6.47027161633173,NA,5.72681389864637,6.5356209124608,5.77006434750328,NA,5.90729716348904,6.42714853107435,6.41041056506764,6.49536581463374,6.74325680626976,NA,NA,6.59880687232821,6.75716859490103,6.79099421124486,6.76427837080839,6.73956138293924,6.79475873531166,6.63408198515521,6.43932548849596,6.58006787398245,6.52031319323586,6.48330054643478,6.49151646686779,6.52255059164598,6.43482507714299,6.82615583128678,6.30610396735512,6.38686340824415,6.42386247271611,6.52544910367195,6.66183442092438,6.41639626992939,6.38943659188505,6.7580699605649,6.38096239924778,6.43020800828106,6.4545089982476,6.41994563196408,6.47870702547003,6.35272146404004,6.72013998094905,6.58668279378623,6.43174322016827,6.71748708298746,6.27233523253047,5.17995235639621,5.6633571332643,4.86534369950602,NA,6.79877537230644,4.14035091362692,4.94610929257191,4.7845926146215,4.30950565059166,NA,3.37146488421083,4.07513978333341,4.1733520938774,3.66767743790649,3.66433748449382,3.44772734551507,4.83014821852223,NA,3.59180951320054,3.21990035984331,3.7081820421779,2.71239227168876,4.27004034491946,3.85426566679234,2.73602711990578,3.80254864541197,3.1158174235416,3.87986529114658,5.11694115615137,4.95689020457148,5.28275627591186,4.4357421401818,4.48385653741057,4.75291187703408,3.52994641611094,3.79021793088622,3.93722398475734,4.32615434106658,4.75049462221214,4.93985648568718,4.65643820121074,5.34468481565847,5.02810420653867,4.95757057993072,5.62217832795327,5.88493455215016,5.48004257702365,5.87780416418069,6.10469830998527,NA,6.18809610476636,6.27668831687112,4.22091921918339,6.40995109184694,6.3245521715931,6.37444926967592,6.3298331603399,6.44482427304507,NA,6.53375594754193,6.86614830888329,NA,6.67777493536531,6.87438683680702,6.78939240233185,6.60072385843916,6.707210608542,6.73211071983291,6.85147914332418,6.63250357207765,6.4997466978406,6.9262100065729,6.83720385131454,6.53496106249967,6.68471288386476,6.87095921077871,6.55014627768532,6.63968386043683,6.71425280129557,6.99489838158351,6.95630596641524,6.64773933463663,NA,6.73524873508425,6.94196470428135,6.64918846218069,7.34580741495647,8.06045743117912,6.66787931874306,7.2417252874917,7.34494796496735,NA,6.40617778936038,6.78823653344603,6.79564437401189,6.56172313264132,6.14545823899339,NA,7.06969310899516,6.73174718294106,NA,6.78646380547499,6.18106102897748,6.06399093140194,6.56095085926649,6.09034311962948,6.41532196967348,5.56245035934486,5.17788691035352,5.42156857152567,5.32552913356044,5.13312939586916,4.78084207867245,4.56911134099255,4.35667125962281,4.68222244443539,5.8225895873157,6.2100149477202,5.65961812946885,5.39177633132893,5.32783790542867,6.27504940016485,4.43289055260513,4.6074155820109,4.7396743763393,3.87257495261677,4.51043587613321,3.86529656931276,4.60618587116343,4.61363169047964,4.74903518933792,4.66437476761639,5.02638903212283,4.93035337822608,5.22268727311619,5.70736583561709,5.53507396986124,5.83300976862187,5.85700546144287,5.88271498791188,NA,5.91858552655981,6.08679668414386,6.25546780968268,6.25462833820122,6.06376025194205,5.93360937938737
NA,NA,6.74215762610514,NA,6.65425767137057,6.80793274903603,6.65472206261823,7.11359319090404,7.32418815191799,6.28920073551049,6.80933119538698,6.79096652627918,6.26322513949333,6.57536073931066,NA,6.47297128798444,6.80494577578574,6.6780368593259,6.65251683863237,6.50296259120552,6.3266249337135,6.54967250605015,6.36733530939715,6.22144539458771,6.37685631774698,6.46669903983772,NA,6.08844386457833,6.14409347952176,6.09121748790144,6.03966506757632,6.29538386979781,6.29391613335171,6.33127663838967,6.06342629762625,NA,NA,6.01254416627935,6.12674604445319,6.1352111303767,5.55402927729403,5.70678188170092,5.36447296676798,5.29778305215695,4.6021637673553,5.17514553969134,5.17132186182484,5.02992288327501,NA,4.9421628072039,4.05070209910073,4.49660319455063,4.31083754293268,3.96363149897791,5.18613624556188,5.52297313945804,4.58626113904737,4.46843880835855,4.34897391509611,4.49292864975861,4.61896293286038,4.65385555130692,4.58586799585062,4.84055151910086,4.3433693515648,4.57610885966327,4.82867807002837,4.84710618110901,4.55124338235194,5.11672789049965,5.23521045781791,6.17398621119507,5.74650616127946,5.83879484765799,5.77350928960416,5.84171176949082,5.84724248297658,6.03256642364639,5.86413100357304,5.98417140683924,NA,5.97136685555856,6.07276733197808,NA,6.36323973401094,6.6755801483162,6.43269445678154,5.80835580266066,6.48422289297596,6.17547771679528,6.62966787390707,6.50201782847679,NA,6.50052146430111,6.51100027800431,5.78489518493917,7.02784483107918,6.9632439896203,6.92271631648989,6.9670979586863,7.06913629114697,6.59305477597874,5.88676292637031,6.64145364712567,NA,NA,7.08317671024153,7.29317059222276,7.22870789026749,6.92411945346816,5.72153861017682,6.84984333720934,6.7139305975806,7.1187316856003,6.30832908232447,6.68301034688131,6.48395220508548,6.38700252105116,6.63179711920841,6.56216991477439,NA,6.324834378548,6.24683378452626,6.59028652901304,6.70341050641353,6.07628133518287,6.26893839488902,5.99514026486885,5.95898711027085,NA,5.61033367604918,6.00982771532525,6.2931138471708,5.43374015627207,4.95791856478359,4.82403260410625,4.64898612817079,5.2187834668631,NA,NA,5.86147331769287,5.04177765774127,6.08717782962777,NA,4.34884801817807,4.49034523647361,5.10715852350522,5.07006557529118,4.59493332940076,4.2904328927165,4.09089362842605,4.9067634394867,5.04885995209423,4.27504146054604,3.98562049425449,4.10704663260061,4.39992014530951,4.73088072143976,5.18990221226523,5.42001766611171,6.2422214269422,5.75045378868626,5.63553286111068,5.88325171078518,5.67503842720154,6.12002227969408,6.17244150126845,NA,6.02091365712892,6.19842521655243,5.79039801145716,NA,6.30202819225945,6.56478827100125,6.18037099979483,6.95159726312927,NA,6.56423636452571,6.48483930756906,6.95374306713943,6.77025064329179,6.98612212462737,6.76164025202166,NA,7.39221848055514,6.81229996649192,6.77092148067466,6.7090293297241,6.62114109103621,6.82630748050364,6.90249968758064,6.68140484070936,6.80844153231127,7.01145142796923,6.81016516487746,6.72522144928591,6.90018799195511,7.06258370217696,6.98091894375214,6.74805941627396,6.86961930524935,6.76425039250607,6.63577487671322,6.57644076128755,6.39518003062715,6.77610668152594,6.41805538592794,6.68833672451318,NA,6.92442350021359,6.4360149511374,6.74944525314123,6.98615366206897,6.90934526437755,6.45908582725442,6.22759362453263,6.00573262398789,5.11149222773916,6.12850522639488,7.08703749820338,NA,6.17516797797798,6.06900781577659,6.36148013768306,5.62048664838356,5.65679143910655,5.11946222427863,4.97161251696148,4.9750440114277,5.37643878874684,5.41247516191402,5.0377226005194,5.24226402181541,4.47100289082559,5.75907693934087,6.16045524991791,5.62374616700168,6.73770606127907,6.07438490771238,5.91719031041181,5.82181165111041,6.65295542948189,5.03999932853158,4.72257090111908,5.84887782322234,5.97806868233263,5.93385616046071,5.69359554754238,5.22421305680736,5.28596412089786,5.23364556728627,5.6823601600267,5.60539480580448,5.14463134957059,5.61860336886037,5.61240502103748,6.12085957051418,5.67608921909374,6.15567774263278,6.56129337174007,6.69398458432014,6.80933438692193,6.45995845624148,6.80477616008914,6.64695255980054,6.66889941017078,6.41277530460328,NA,6.42065635893925,6.70887870799583,6.88457896895142,6.86651074136883,6.84553307993332,6.89832405995184,NA,7.47582407445339,7.50668230072526,7.31727495575442,7.22764314286433,7.30803517720072,7.00945308049755,7.09042999799094,6.89141233726368,6.8623212047515,6.9291458432249,6.9585870260721,7.22358842045136,7.04819537069748,6.65210157765395,6.54705151465611,NA,6.49368795831654,NA,6.79539220046218,6.73461040308064,6.38228621372972,6.55574254447581,6.68249511888714,6.66984142919908,6.49755423682126,6.23975842354799,6.03146964545501,5.83807982777797,5.90582108578289,6.22631196136834,6.05199793006673,6.02976227597223,5.99105174491582,5.9510500960288,5.93715989907687,5.68996948930248,6.14118258613197,6.09881945748261,5.05041589132258,4.91573615185844,4.73280531617284,5.53108644478898,5.2093192634037,5.27050102314352,NA,4.86348133288053,NA,3.40008335544244,3.75261158042168,3.55174451318672,0,4.48778991057842,3.90300976645202,NA,6.0281648098604,6.76570584428615,4.62029235820978,4.71415969194884,NA,NA,NA,4.39594027421017,5.64090973023141,5.26948754126673,5.30366368143218,NA,4.94203912690998,4.97711648868089,4.83385842319475,5.17301428423652,5.29069063320533,4.84732403693659,4.67185769116339,4.7316532030634,4.60566667693669,6.24197745212143,5.52220424529896,6.01706168343825,6.57543707204399,NA,5.80780900333076,6.40970613410808,6.05011907439563,NA,6.22255417792011,6.65769522660721,6.72271451360228,6.80598438686564,7.11650989697981,NA,NA,6.92890816110982,7.16352527987045,7.19772281279371,7.13571201465771,7.1074780152262,7.19632753651675,7.0374688979826,6.69401156070971,6.96656552386674,6.85440166997837,6.80029405429893,6.83497240186187,6.82673412734407,6.70534271608029,7.25461953809513,6.69146597282074,6.58162865989627,6.48824846951651,6.6868124808597,6.72692035657091,6.51088237176721,6.39206547661442,6.63767144339641,6.54279815006724,6.54232762711964,6.49981346111079,6.4499096271925,6.53346175346779,6.37879611939148,6.6664615950911,6.51870671792022,6.41905568702552,6.29057453393707,5.81126021363212,5.21927205552302,5.56420408944961,5.12705799705412,NA,6.96195951526993,4.64872060991077,5.0559821936963,5.16151787612747,4.81383046712251,NA,3.81890524156345,4.47694450276377,4.45200632623473,4.09483791605805,3.6879163845026,3.87583873008767,5.01051325240684,NA,4.16135138372767,3.82426626491547,4.16070851367229,3.33492286166598,4.40252981474219,4.16676668909924,3.13034845499332,3.94279337119167,3.50336807676421,4.30324193634126,5.2516492901057,5.15298246493616,5.6048777966785,4.94567703264722,4.85091186021038,4.63280284258471,3.95493165801347,4.11026492607211,4.59626539494354,4.90406890105408,5.18442565398655,5.21116365188976,4.95404653465342,5.60539812027816,5.34758912355804,5.22132588730269,5.92492540422869,6.19362520219374,5.78458019748908,6.16559751555736,6.36462993635812,NA,6.53333287294135,6.5563152040083,5.22164116033802,6.74635786852119,6.5372945756088,6.645362550782,6.60205896753406,6.71294791280658,NA,6.77937812982083,7.11282192476995,NA,6.94769615688148,7.15973921737748,7.05792459083422,6.90111287412799,6.96506340928584,7.0913772348816,7.1096969216528,6.87762266066814,6.68673721510947,7.14803544058926,7.04658232171632,6.72423052979973,6.90525094673429,7.13455043469956,6.76216473499421,6.83274002043059,6.97059324816598,7.24831532528761,7.18563183564792,6.82006532274899,NA,6.96327628828957,7.05913952064343,6.82290191794364,7.41733274187791,8.05460431772298,6.68201089986128,7.1716278175034,7.3382797404464,NA,6.23985599702738,6.59985043801133,6.81401165318966,6.48663868228916,6.11368328329904,NA,6.85398977722418,6.51263420396564,NA,6.78815966234939,5.95345196418262,5.83660985861939,6.26824359185132,6.04245268096176,6.424596883564,5.43615408460702,5.23531159497757,5.56356839440435,5.46444110980737,5.23437295094335,5.06620733028483,4.79041882130689,4.65663927121587,4.93398727994006,6.0460093707179,6.27143263553794,5.74102660079921,5.74444502984869,5.05776807572184,6.09339896914591,4.36517932929677,4.46816510110065,4.67212352965172,4.41454067871597,4.80282949981439,4.22695442675932,4.82774127357473,4.95022091508863,4.95884938902247,5.00596347457817,5.30606151449658,5.34195005963403,5.5898953110456,6.12001279300838,5.87942061079585,6.24176408859222,6.22664176303673,6.18563608193101,NA,6.2083466359287,6.37916563555998,6.52261756947289,6.50794085277544,6.25060629968584,6.17927836982125
NA,NA,3.88246985159696,NA,3.8808374784618,4.02423802245001,3.73147212832373,4.54945926662267,4.70789887508022,3.51194991350922,4.4060205245333,4.39234680378531,3.1763568586929,3.82775703354104,NA,3.51640145924391,4.16224159824382,3.81255816109756,3.90934576170897,3.82029891163134,3.29477305222384,3.80420971463956,3.90867891110895,3.03391228547705,3.33571792046006,3.44612277647543,NA,3.10746038710051,3.1003314052539,3.31381691692026,2.84859962431716,3.22328394100001,3.18476740626729,3.35130940782553,2.91735887358173,NA,NA,2.78894850178666,3.14780141226769,3.17141899911094,2.64166554702867,2.54347929060937,2.44657132616239,2.54433454684196,2.82984888514222,2.98532136083901,4.0060993581567,2.90359284275019,NA,3.06549252016599,4.08006790406305,3.30433084383746,3.00213753034951,4.77914475912441,6.65537674338699,7.17118844857214,4.33514099808626,5.7288530066651,4.59363414491702,4.76528585623674,5.3275147322035,5.51872167309741,4.75514581003774,4.12565033400098,4.63236212398876,4.05943673930281,4.96134410637101,3.40503415285894,3.88705757226858,3.17235083681453,3.2324837789324,3.67223544779934,2.68733317910095,3.02425902104749,2.76964669745868,2.92471427874314,3.00564037845933,3.33110786801167,3.02732332671614,2.96610980637488,NA,2.85696762900113,3.17674225470321,NA,3.50811945734274,3.8501353297815,3.64433317986306,2.66226569254172,3.62565036129747,3.15849912125474,3.77434373402661,3.59028347696139,NA,3.57474847181214,3.55784007514653,2.68055449682133,4.30654028964199,4.19614575431773,4.10606989173384,4.10232726521031,4.25728895079965,3.84207249424001,2.99703970905097,3.56105437361298,NA,NA,4.21521277921957,4.64905664708103,4.60084336186653,4.31256500547891,2.80680296699008,4.04849742869399,3.81327393137102,4.51459350825923,3.3047424240712,3.76685344177208,3.41642670696731,3.25997869403479,3.57850550594208,3.7155794300566,NA,3.26633963080333,3.09310352625911,3.44042975376767,3.62325934438884,2.90499114651894,3.33385803069619,2.9208338814097,3.07883360420902,NA,3.28015754223946,3.62226161698551,3.8771022400687,3.00009374974814,2.68511307053929,5.05616021448264,3.97497960215536,2.54574641633203,NA,NA,2.9960747525683,2.67269992483828,3.33161132584843,NA,2.98470794833495,3.02617918883059,3.25134418933415,2.9392031324332,3.30284337761824,3.02574094833928,3.28366347218977,2.36457581862774,3.85494619163974,3.28493854748698,5.30447360019019,4.21973066185241,3.20103297621058,3.71630383230901,3.13672822985781,3.01681676319863,3.66258182113306,3.27650188255725,3.43570121275144,3.10508239962229,3.12130997615491,3.43680631172616,3.38355325037448,NA,3.47410281025608,3.39588427776998,3.15222602147013,NA,3.3855556779615,3.60476161572208,3.36266618864863,4.0739974782597,NA,3.59464240103864,3.51132922435648,4.10420150940294,3.85281298383615,4.26216189667052,3.83322190052639,NA,4.48010221334016,3.82763009314498,3.9387014374272,3.75923674700747,3.55850762301337,3.86866314144413,3.96924592847482,3.70177855782246,3.89886346766169,4.15281415346647,3.86067479605807,3.71556485232205,4.11252503517707,4.10489422609133,4.01450291627041,3.73151704698824,3.97637850840059,3.72415165604604,3.86627087595412,3.95492620183172,3.4754778541177,3.92538223396953,3.34666265846449,3.59207282171869,NA,4.14319596182702,3.68251937191152,4.0654663590104,4.37304306770293,5.02193054445795,4.73492443481871,3.87755625324115,3.64545106761681,4.20148016284897,4.94156679226386,5.40038942457781,NA,4.12386352863207,3.29088693206748,4.23865865008836,3.13934936318944,3.11643853109228,2.73213124897931,2.97990477272441,2.71475584173527,3.00240210238389,3.00213102857104,2.87860309103486,3.14861760618975,3.17963862859209,2.82924370936649,3.53215900107734,3.21313306867233,3.90269620266075,3.04853676696779,3.09849470913351,2.84724909786537,3.94667692599078,3.42207437852635,3.31170166849287,2.94351805295265,2.98782298850791,3.17666230986496,3.23492713844547,3.2410708464053,3.11326772419498,3.14630824345793,2.99190805601927,3.44622211248283,2.97517453112053,3.18150892378777,3.08212662794618,3.68639575554153,3.29339816370822,3.81534479835986,4.28013129946474,4.0638532589429,4.25437849974444,3.98936471707811,4.26356478171355,4.12450883482358,3.83202789956422,3.51153686060099,NA,3.51611470015291,3.84831897671934,4.05697323352862,4.02520598947915,3.98078630743281,4.09783257601523,NA,4.60870682608184,4.7550357807612,4.51389598091287,4.25070145974852,4.40220392779772,4.04749216973642,4.16634444659546,3.82934616309777,3.83603960565092,3.90158254811182,3.8417432430687,4.22347178073935,4.00330775757809,3.4660061728502,3.27822289017774,NA,3.24406031989362,NA,3.75517227033723,3.6954649603832,3.3829904675777,3.58599701507385,3.97137771096546,4.03735469798928,3.67390796545213,3.29529294168559,2.94021938875824,2.73613791652388,2.67637923580991,2.99769826009814,2.83596395816185,2.97391795082392,3.15586516159973,2.82952557358167,2.95520704227781,2.57384068800669,3.2378822248593,3.31969739156703,2.44827399063318,2.77013573069887,2.89305771826546,2.75268380381699,2.11854018071194,2.4536883386097,NA,2.23973198559377,NA,4.57774195104778,3.2193325938111,4.87924472474222,4.48778991057842,0,3.29299201112007,NA,3.39320174453177,4.29986271036209,2.54258720720026,2.16868713540694,NA,NA,NA,2.88514422535243,2.83996162917393,2.44327910943701,2.68694813413975,NA,2.25120401546193,2.87659316387666,2.19352088794796,2.67197053444127,2.5964502403883,2.68381186035164,3.06185069753006,2.96616722400043,3.60863829597948,4.73656171282077,3.41239533703805,3.46134995938784,3.91393056889303,NA,2.93382367335137,3.82099992286715,3.14798231280991,NA,3.16340035524092,3.55854288104409,3.57664522028449,3.61115703554175,4.05018859463066,NA,NA,3.78801520601744,4.1768237748954,4.10081845996177,4.06841806351558,4.05650552618032,4.29092102790458,4.00786419023557,3.59075305345653,3.91190505303548,3.82015663404104,3.72963897918573,3.80112496481964,3.91123430752772,3.71609853970016,4.22782256238914,3.60084473255796,3.48571771782086,3.46390329689666,3.78715494281092,3.8224205007964,3.58025496070643,3.61643884441514,4.12617575708536,3.78143175892454,3.78180227173327,3.76114357857768,3.66409625832072,3.89412624591858,3.72977978720413,4.13206396998492,3.96718196858315,3.80060798721777,4.30480741913823,3.66805635360004,2.77345293292113,3.15384793914377,3.31483267672081,NA,4.58325861391053,3.75266855259521,4.08743957203641,3.29953320947199,2.82705168834202,NA,2.91068346076627,2.60322501877475,2.45014990209076,3.12055504083269,3.58844906555824,3.00736013912826,2.2790951351503,NA,3.23496782756891,3.41358277529547,3.04791349393314,4.89378001901222,3.0070712255278,3.07143415801686,3.86042647336941,3.02594621568866,4.50002370530192,4.25544694054385,2.59400217293069,3.73617611299692,3.62265889398906,3.21680414224139,3.21367125775132,3.40296725029362,4.0648049299198,3.63688399042597,3.85258737599931,4.08538000581122,3.90751155895685,3.69966087675715,3.34538986568382,2.99537298114156,2.83330755964511,2.84226447174241,3.23123749126595,3.383582429552,3.09165707519619,3.24792112254566,3.49668701846342,NA,3.53794019467945,3.50137232457395,4.94484292072428,3.75743898140588,3.45278962490709,3.58010005337165,3.57756764519,3.56306490069597,NA,3.72283592013215,4.19953876099332,NA,3.91404523510284,4.20448099248075,4.03953456611876,3.83353363490723,3.87977066528901,4.08557937675295,4.14770469784716,3.909953336146,3.61161691544416,4.42133803605057,4.17046972380999,3.83716341128337,4.15857649455046,4.33108149462366,4.05652139786379,4.23616128667397,4.44786094016771,4.67120229298285,4.54449065960367,3.92814198313701,NA,3.95128366583459,4.38211937103255,4.19280947859551,5.07943585615533,5.86554331985189,4.10844961039944,4.85035926825245,4.89095448315845,NA,3.5493601996582,4.02763982078115,4.11248192067821,3.79182394050697,3.1933474013409,NA,4.45309798820694,4.11044019978617,NA,4.08395640455508,3.39335344472088,3.25294127148082,4.19502009587162,3.53008086354927,4.15744307441035,2.87530351454047,2.68339187007339,3.306289945986,3.55249441579322,3.13433256504918,3.30356640800429,3.20077300464794,2.99144516050955,3.33467406816746,2.96570868039442,3.92134082246589,2.95991054774637,3.06278810014786,3.83679975757162,4.27246079049406,3.82121149913415,3.67007689958734,3.01846437059811,3.61634693461895,2.68326122995692,3.223346972681,2.89715273322863,2.55121556928154,2.96004526835281,2.55174107993299,2.64633592373752,2.76545340916255,2.68875434089852,2.99939449518828,2.84647658833986,3.13321481326689,3.10249992471175,2.90625969458172,NA,2.9588005087129,3.15552600698102,3.34125187597511,3.37238991641171,3.07958023504885,2.98656589705913
NA,NA,5.61183182558186,NA,5.52464109552997,5.72091787058061,5.41404906125209,6.1200642272959,6.28234543622724,5.25634207492771,5.97123566143703,6.08615544606888,4.97772325634643,5.75792868989568,NA,5.32412985449016,5.91757316425792,5.58877900658644,5.6336969177349,5.43194825799921,5.11918949381638,5.49402276142153,5.47151886060122,4.97325804506458,5.26856126023509,5.22666008682532,NA,4.82784086541233,4.97377723105368,4.99473696961567,4.88338019895767,5.20298554930835,5.10922994879088,5.20297182744774,4.82266648858821,NA,NA,4.79770268556873,4.97799549271026,4.92591954149164,4.48292905645268,4.43555832146943,4.20377193566166,4.15670321997737,3.80041849842025,4.02372473596213,4.62934318379782,3.76876970867752,NA,3.96566222072671,3.93833597132798,3.9052927594177,3.29626147433628,3.97815540940175,5.66827008911252,6.627465755989,4.29014941889508,5.37888474026237,4.67482025988651,4.7335802446943,4.96836745880836,5.25996465053669,4.77969722012755,4.39477367547883,4.6441105231186,4.24205034691828,5.28039979950425,4.37366631143329,4.4831259967611,4.15913152717745,4.30233509995697,5.09397811676015,4.59684078456061,4.73738113195809,4.58843163370222,4.63807323165801,4.63125519812935,4.92618189439056,4.80597648448525,4.70616034838485,NA,4.70319750423173,4.84080113775896,NA,5.24988435204249,5.47800109628153,5.27401021173977,4.55523316930801,5.29997405139436,4.95545947890243,5.48702556878739,5.28248535239507,NA,5.3244976185261,5.27864904381828,4.53830983848222,5.95342434666866,5.79955295007173,5.79633921320142,5.81012316022303,6.04021525885267,5.46859931903356,4.69641775798945,5.47597115251477,NA,NA,5.93311521697229,6.37932449710202,6.26605162721769,5.95384799638282,4.54134371140171,5.80805842389178,5.8344209190805,6.15767339883032,5.20713867124156,5.69412131878721,5.28399401525319,5.29937098626174,5.49750876890656,5.58041345679681,NA,4.91065912298395,4.85185363150716,5.09791687317995,5.39895657902216,4.8138889559187,5.03178533439152,4.69136757892929,4.68507507850848,NA,4.64276492567418,4.94757735390898,5.07909674695205,4.43942329970291,3.97628682862662,5.19975507846121,4.60258159203714,4.10295646693866,NA,NA,4.70091979872562,4.050353304678,4.8555705896048,NA,3.40171007737264,3.618035407456,4.02813283311673,3.9257085255089,3.83710885771247,3.42366702871803,3.34327673009579,3.8038759206294,4.61511964815347,3.51832835061265,4.6682571333746,4.15020266319062,3.6789713384713,4.095711829014,4.07012655855075,4.10709905126199,4.95298727052515,4.60537190285712,4.63913659984483,4.61671173988744,4.42786338376321,4.89520308637438,5.04470288115924,NA,4.6700970623155,4.89047044117169,4.64226576649896,NA,5.03238511651971,5.30925295479392,4.9240602657284,5.7485950706166,NA,5.27120893174831,5.10780150090402,5.70511781235373,5.50736179482019,5.82471032114842,5.42807811594837,NA,6.13718567192882,5.53209663311868,5.47677449081918,5.48682149856302,5.37019232905511,5.55005579219882,5.63941169875097,5.41733202331187,5.52055072791498,5.8319987488071,5.545464730945,5.45720859879735,5.72604457872886,5.7423054451858,5.77236030430526,5.37544886201613,5.51348579627444,5.45767513712217,5.38658110748433,5.42442128802402,5.04381823017229,5.40190639624217,5.05300949024539,5.43077716542801,NA,5.73416690726581,5.34195167113455,5.67376287341336,5.97670855326975,6.1271911437408,5.69828780916685,5.27256551458527,5.05927368905493,4.83342489230852,5.64002963074008,6.47428646105166,NA,5.33145781885922,4.78310169517107,5.2211896865105,4.22102524309612,4.16836839272194,3.79251790566774,3.99079879953778,3.87440174230512,4.03465363209189,4.02853855393144,3.71656075631722,4.27095311258418,3.79254037695353,4.48262669763377,4.95767870878052,4.49765475680041,5.50484299185275,4.70352428364475,4.71920986262947,4.74453366274973,5.28645014879299,4.38256622454316,4.00349543749804,4.56586615750863,4.78148800755763,4.66547887024274,4.50402982629723,4.08913770815514,4.14817512797213,4.14442786243097,4.54165742740639,4.48837674315199,4.22612674691819,4.40785658618666,4.50735355589733,5.20423642453041,4.72506497463848,5.0330764802786,5.50875996031527,5.49752980412324,5.56567601850454,5.27765327951749,5.65001366223913,5.52403000126439,5.43106304406663,5.13905456030805,NA,5.24709142032534,5.42579010148014,5.63287618007397,5.68926339940519,5.65471261491283,5.71805562699538,NA,6.19919751245934,6.20885418644302,6.00646886818918,5.83859249974865,6.09718688340757,5.73935914919625,5.78289211308169,5.62188417087137,5.63607460187348,5.67892179885276,5.74017779636147,6.05573022624728,5.77555170834525,5.31605256016487,5.20324516180868,NA,5.1953403457928,NA,5.54505629841993,5.24378856970256,5.14363708013055,5.35331630002133,5.58307163091879,5.62545492639927,5.35665459400547,5.17037612667248,4.72142796492268,4.46632796586173,4.51107126272228,4.6230459198661,4.6060883055409,4.66610082747445,4.62952563176251,4.60951019376687,4.76014500231735,4.45001323526702,4.82335525811203,4.66939627966266,3.74415159063959,3.99222415041367,3.81291101449483,4.34909179805272,3.8811750225002,3.71939518704242,NA,3.50718358903483,NA,3.67247238646065,3.35303068123078,4.04272196669925,3.90300976645202,3.29299201112007,0,NA,4.89563876528704,5.92889549172281,3.75874228724562,3.62329571143121,NA,NA,NA,3.48115919227831,4.41630732101124,4.00130074483431,3.96937298805681,NA,4.05345526339512,4.44438786181207,3.9255497928155,4.20709669056761,4.31930594622313,4.14251247563378,4.08423742709226,3.93201440858664,4.35544897872596,5.71641364687968,4.73225896393601,4.96557931677171,5.46191893818237,NA,4.63223379998057,5.26881929517496,4.91550765257733,NA,4.98713285744348,5.43162057987952,5.46896040051607,5.56632477834185,5.87420108857891,NA,NA,5.6671856511929,5.92024295589398,5.93361157805779,5.85900552366426,5.8482850926035,5.89343237200435,5.67188428335865,5.44210035473177,5.67216779902962,5.5889392404774,5.55530147091012,5.58137846058082,5.72288415770519,5.48417198080106,5.94034523695486,5.41298269455651,5.41000760837004,5.33817561898429,5.62641918999713,5.72716151911861,5.44899966741627,5.37579888720232,5.76794697596168,5.48769989038003,5.49918770768504,5.43975383453266,5.45610630529178,5.61964388806062,5.37843257620378,5.82419954634048,5.43490222470836,5.40627656515475,5.7074540060411,5.01638117848215,4.04230045995641,4.35651171552803,4.40704033735726,NA,6.01376688859519,4.38542596149646,4.87821466706774,4.43375434958799,3.94901992809252,NA,3.47309764700384,3.73891585790762,3.6856509271524,3.30001589622337,3.63760527010111,3.22004758811775,3.7633107954326,NA,3.59579985647882,3.69356311269901,3.273445427563,4.16295573703597,3.75650832808979,3.35716664546416,3.43634710638698,3.31648906362606,4.26007506555858,4.22159580931142,4.19172802112106,4.55944990751773,4.75842974134268,4.23380363224854,4.18055950597857,4.37526610414535,4.21921241393244,3.90486368184861,4.38361920174214,4.75121975473056,4.61952369553424,4.61176290089759,4.26651679695783,4.46753336455962,4.36165529992765,4.18004440404925,4.80134539886486,4.98311896366285,4.69447989514255,4.92181969425515,5.14423827346286,NA,5.2555436522655,5.3236124731523,5.2963418309382,5.45928506050306,5.27897017458918,5.3779004823585,5.36079343460341,5.38450958412663,NA,5.50797871851415,5.85940721139055,NA,5.63783088700548,5.86495654649386,5.77223651647518,5.72988438062046,5.75709563505931,5.86479137557892,5.9175580766651,5.66690616305247,5.41748521565236,6.0744942189493,5.90075019984878,5.60759848584211,5.86226206329892,6.07075871886396,5.76501103600514,5.85974915836381,5.97805696986018,6.28275782441591,6.26732269420271,5.76230817114468,NA,5.72130083676682,6.08503963571056,5.85854529087338,6.58995756381078,7.31380656377228,5.67278179497749,6.38573487902125,6.48466220157981,NA,5.23532839188688,5.6295570307245,5.74126017512073,5.44995155200612,4.9289855474205,NA,5.92514375870174,5.59306130381294,NA,5.84301026606867,5.18324578698362,4.99862299565918,5.70761552348064,5.26436602272743,5.60120155750938,4.41655688892442,4.28039694853408,4.70546383463456,4.70334164200003,4.22306679181238,4.28020982019699,4.03591730948252,3.81010034713212,4.16066249338757,4.71972765761951,5.37801905740533,4.71771482663919,4.49023946091791,4.78671125310117,5.5844576018784,4.12481848814155,4.0690846344097,3.86526857199223,4.1501255859903,3.87971666326538,3.51624873138042,3.79532740381952,3.80797110234861,4.13060051687159,3.88064720203265,4.13897721607089,4.12870296847568,4.32885899538113,4.7712785975369,4.66948483851691,4.87302157368508,4.80254808084545,4.82750236232482,NA,4.85361606656096,5.01330262113245,5.15088376325537,5.16242180115234,4.93018389632951,4.75171921856799
NA,NA,NA,NA,NA,NA,NA,NA,NA,NA,NA,NA,NA,NA,NA,NA,NA,NA,NA,NA,NA,NA,NA,NA,NA,NA,NA,NA,NA,NA,NA,NA,NA,NA,NA,NA,NA,NA,NA,NA,NA,NA,NA,NA,NA,NA,NA,NA,NA,NA,NA,NA,NA,NA,NA,NA,NA,NA,NA,NA,NA,NA,NA,NA,NA,NA,NA,NA,NA,NA,NA,NA,NA,NA,NA,NA,NA,NA,NA,NA,NA,NA,NA,NA,NA,NA,NA,NA,NA,NA,NA,NA,NA,NA,NA,NA,NA,NA,NA,NA,NA,NA,NA,NA,NA,NA,NA,NA,NA,NA,NA,NA,NA,NA,NA,NA,NA,NA,NA,NA,NA,NA,NA,NA,NA,NA,NA,NA,NA,NA,NA,NA,NA,NA,NA,NA,NA,NA,NA,NA,NA,NA,NA,NA,NA,NA,NA,NA,NA,NA,NA,NA,NA,NA,NA,NA,NA,NA,NA,NA,NA,NA,NA,NA,NA,NA,NA,NA,NA,NA,NA,NA,NA,NA,NA,NA,NA,NA,NA,NA,NA,NA,NA,NA,NA,NA,NA,NA,NA,NA,NA,NA,NA,NA,NA,NA,NA,NA,NA,NA,NA,NA,NA,NA,NA,NA,NA,NA,NA,NA,NA,NA,NA,NA,NA,NA,NA,NA,NA,NA,NA,NA,NA,NA,NA,NA,NA,NA,NA,NA,NA,NA,NA,NA,NA,NA,NA,NA,NA,NA,NA,NA,NA,NA,NA,NA,NA,NA,NA,NA,NA,NA,NA,NA,NA,NA,NA,NA,NA,NA,NA,NA,NA,NA,NA,NA,NA,NA,NA,NA,NA,NA,NA,NA,NA,NA,NA,NA,NA,NA,NA,NA,NA,NA,NA,NA,NA,NA,NA,NA,NA,NA,NA,NA,NA,NA,NA,NA,NA,NA,NA,NA,NA,NA,NA,NA,NA,NA,NA,NA,NA,NA,NA,NA,NA,NA,NA,NA,NA,NA,NA,NA,NA,NA,NA,NA,NA,NA,0,NA,NA,NA,NA,NA,NA,NA,NA,NA,NA,NA,NA,NA,NA,NA,NA,NA,NA,NA,NA,NA,NA,NA,NA,NA,NA,NA,NA,NA,NA,NA,NA,NA,NA,NA,NA,NA,NA,NA,NA,NA,NA,NA,NA,NA,NA,NA,NA,NA,NA,NA,NA,NA,NA,NA,NA,NA,NA,NA,NA,NA,NA,NA,NA,NA,NA,NA,NA,NA,NA,NA,NA,NA,NA,NA,NA,NA,NA,NA,NA,NA,NA,NA,NA,NA,NA,NA,NA,NA,NA,NA,NA,NA,NA,NA,NA,NA,NA,NA,NA,NA,NA,NA,NA,NA,NA,NA,NA,NA,NA,NA,NA,NA,NA,NA,NA,NA,NA,NA,NA,NA,NA,NA,NA,NA,NA,NA,NA,NA,NA,NA,NA,NA,NA,NA,NA,NA,NA,NA,NA,NA,NA,NA,NA,NA,NA,NA,NA,NA,NA,NA,NA,NA,NA,NA,NA,NA,NA,NA,NA,NA,NA,NA,NA,NA,NA,NA,NA,NA,NA,NA,NA,NA,NA,NA,NA,NA,NA,NA,NA,NA,NA,NA,NA,NA,NA,NA,NA,NA,NA,NA,NA,NA,NA,NA,NA,NA,NA,NA,NA,NA,NA,NA,NA,NA,NA,NA,NA,NA,NA,NA,NA,NA,NA,NA,NA,NA,NA
NA,NA,3.34912414466735,NA,3.7800800630111,3.41998708731601,3.54150620715712,3.66396649110305,3.58882431513959,3.02841658033961,3.21589926741293,3.59758164237921,3.42680582853394,3.70666674968694,NA,3.18703104890472,3.3908636136274,2.98807694129016,3.51431787815476,3.54927250834183,3.32753932537128,3.36225573620951,3.65807015135423,3.18854336878293,3.30934851343959,3.16225778211585,NA,3.64714686634136,3.57465512773047,3.57104148935865,2.88603993682462,3.62048972741868,3.76178549800617,3.66936388775846,3.46810265099472,NA,NA,3.33622809931953,3.68476944557232,3.75683414184943,3.52683004136833,3.40587710147148,3.60997417703866,3.88872481793138,3.64324434951038,3.75940121298437,5.11199108434605,4.03382226655885,NA,4.39858362789374,5.17618850715392,4.46953363627305,4.48557683505353,6.01928928709874,7.52739334387603,8.13908957097319,5.49236117408994,6.71721796798863,5.569994030618,5.78213504155455,6.27406839971014,6.24742113351382,5.46798185841996,4.84432978862768,5.39366599883457,5.06683424635651,5.99563290183386,4.616499001855,4.90528269329711,4.0376840089533,4.42272680985144,4.44770083428289,3.36824667029065,3.74432721558869,3.46143738811592,3.52399317011529,3.50740095777938,3.9701459552174,3.85813997682622,3.68571309757047,NA,3.3554876829607,3.58563765948662,NA,3.8808078158675,4.05705392938442,3.83104538458954,3.1903065511629,3.58762796778028,3.22653814672897,3.77776592961486,3.66757777943263,NA,3.63308267922717,3.60943165721766,3.21232529066238,4.47712717303282,4.27384637408513,4.01414655394381,4.13663570715747,3.9749087096281,4.01062717969838,3.59936708141763,3.36762697553016,NA,NA,4.19862028260519,3.71205916944501,3.91992033626819,3.95677121582817,3.29235380509783,4.11753325162279,4.27426352508537,3.85538409673765,3.46835508096716,3.53415373257436,3.74339875311129,3.49731229438919,3.56608067358562,3.96180546120863,NA,4.03545533743674,3.64557120573757,3.92722577450904,4.45469091730538,3.77508684413887,4.12213589265114,3.62050346172893,4.0683063923703,NA,3.80961999360569,4.15793160505379,4.57594246530615,3.97716801956129,3.73122864807991,5.45362832810689,4.57436448955639,3.83117206239042,NA,NA,4.07515850726612,3.84143007001279,4.49037289071262,NA,4.34680970384128,4.65382273347949,4.72437491686225,4.33726346806533,4.5609704017664,4.54614397344491,4.52754078639939,3.5393590857822,4.13753352248206,4.53412426194406,6.5539364403358,5.49785593723211,4.59266552658316,5.03075708857365,4.43367143731664,4.17025477504127,4.81518561588465,4.33532804381622,4.48564784168582,4.22592538571856,4.14994685309433,4.12319910537015,4.19509088505196,NA,4.09884421492273,3.82200510876892,3.86218455965989,NA,4.06218604133458,4.26318223953638,3.88593363174817,4.34054064313246,NA,3.98750173291284,3.99215475074965,4.51040527820091,4.19688716562713,4.63101589979175,4.11656470642742,NA,4.69905536835709,3.85916374306458,4.13456027532071,3.93909353332217,3.6570016589365,4.00009163482218,4.19756482909193,3.85815860431514,3.9769637530507,4.15809307097813,3.97189266805529,3.91747044164305,4.25712245310914,4.57139044639795,4.29526106430254,4.12039114009089,4.29698204509813,3.91254356456974,4.12349386254716,4.10098530939243,3.73002530738287,4.30345331755663,3.88442301853884,4.07486947560147,NA,4.27743392879313,3.8030526187833,4.09426058440468,4.37604043734863,5.09945535795516,4.91448415751723,4.1623171475315,3.91500068203781,5.00549564953801,5.33081402484861,5.37331578414414,NA,4.70019074531719,3.89640458788195,4.99615922044808,4.1581599418874,4.33404821386721,3.98111758626068,4.19809872670188,4.10057861360542,4.24678423680182,4.29781727385319,4.57851465315964,4.73350936445783,4.85541235786073,3.98755292229389,4.64059179925377,4.58275722605243,4.79924721311794,3.7514482221243,4.31597060375511,4.15435018171685,4.87815492430047,5.11070719052737,4.94997949209514,4.01657295928482,4.17098525496262,4.46300582856212,4.53448700197681,4.55663846893066,4.37353945470666,4.39083621580597,4.12865466254269,4.71650125769907,4.36470661451902,4.28015630832895,4.3831642184842,4.76066120696403,4.39768135240001,4.64960029281308,5.03891381968461,4.63029868963169,4.72603839162231,4.36546929253803,4.67093351340764,4.52532234820099,4.23713090613576,3.95279811811001,NA,3.75863106829418,4.31014365848975,4.48166160196949,4.29397557664904,4.27912410637878,4.26977180579859,NA,5.03980147917996,4.89639716437716,4.53910715776202,4.55176664235817,4.63239947746838,4.6510461667161,4.64689913804983,4.22884554595398,4.21313998580931,3.96412630521432,3.99311055743928,4.63631080350892,4.29092662928284,3.68632958664204,3.51497105796098,NA,3.32360060049441,NA,3.92136053976448,4.26809549108886,3.68486509944789,3.34242895827383,3.93856426138591,3.4977372865247,3.79043756175504,3.66450335665523,3.50341734475419,3.70067045126129,3.30228863152339,3.8198107966245,3.3637793271927,3.81538304017093,4.06339283205186,3.89549023137934,3.93966474662482,3.88898981459863,4.48896477235899,4.2593261913671,3.78655868792338,3.63231986125444,4.27146544815763,3.92380348856933,3.18154803416538,3.94024888659522,NA,3.13377972684737,NA,5.54835000016532,4.53721687524772,5.79751735168136,6.0281648098604,3.39320174453177,4.89563876528704,NA,0,3.02583992992914,2.94612687278151,3.49159135404011,NA,NA,NA,3.92038977018331,3.61314024524004,3.43014619000565,3.65286651021455,NA,3.27484762725982,3.97786698979911,3.38467820593804,3.72445349357738,3.80894217362416,3.67455994221798,3.8859479246656,3.45888956554018,4.24130177129451,5.04519742756688,3.59442207683873,3.77799182067482,4.25468665149099,NA,3.75340214890071,3.95010956356938,3.89028976382449,NA,3.71273982357849,4.07138954083723,3.80723297538126,3.94207736607026,4.18328712537705,NA,NA,3.76738869023073,4.10110410337978,4.1461611109761,4.32527256467945,4.07262016375669,4.55269152587149,4.21926195396334,3.6783478944589,4.29067149985634,3.89310827927618,3.70002340115872,3.91018990964336,3.70053143300241,3.34189495245657,4.3619878385971,3.34093792958645,3.41487487937068,3.42372889652152,3.57671246686012,3.72017045946615,3.48505261142375,3.28897886511895,3.32204888853821,3.27847122327263,3.22621976932037,3.54719721170678,3.39511403348942,3.44764047655868,3.44007185789439,3.80178747714478,3.88420488695248,3.63035862543362,4.14680763632444,3.85645818727177,3.12632249376446,3.24572195057498,3.41659019172353,NA,4.64345076843759,4.10307839884361,4.79579176796336,3.64918592770592,3.48732816820742,NA,3.68904256808545,3.33875398522047,3.25957826340019,4.03928145646252,4.23254280071019,4.11075496712274,3.17271273803439,NA,4.18134325672955,4.22542331409064,4.09760189200836,5.36073121063897,3.66045606927279,3.87546446508027,4.84035719987904,3.92424049641141,5.40288440732926,4.62724171381845,2.88887504928757,4.35976598133388,4.04383099908677,3.74752689211964,3.69511935481041,4.23022879726668,4.70019768080806,4.25776834396246,4.02955075497781,4.03956441994338,4.346119232388,4.52306843116118,4.07938990029477,3.68327644482661,3.60618205794674,3.69177765450892,3.54887446216173,3.66262442591876,3.40421518730506,3.57748165409929,3.82906587862025,NA,3.50501447258989,3.439043002863,4.78293489632982,3.60247131981206,3.32339847595342,3.5162025312682,3.4106111058178,3.54816646849949,NA,3.53097812713512,4.08102050972063,NA,3.78076914382499,4.06737288519603,3.90738617687649,3.22084948610094,3.63106994687499,3.94030912205419,3.7108822950423,3.24976736995244,3.11557199877777,3.52935948641539,3.4329869102859,3.00018486474236,2.94124883762437,3.36527290493897,3.09783995712097,3.27630847802818,3.34553022671249,3.52720118974112,3.23475953175364,3.17188641229546,NA,3.89361153205744,3.4026406103335,3.4690253141335,3.87067241454895,4.77879739654767,2.99489108439705,3.54609331590067,3.7904161173028,NA,2.90180256358888,3.4960327782403,3.39524306681135,3.41203746974147,2.89894190935582,NA,3.7273538666919,3.27681505182652,NA,3.67175396359601,3.50298912078101,3.23046393039039,3.66963429629361,3.09901003372251,4.15341127841703,3.85972662465583,2.89822275719229,3.51702161354884,3.85034445289113,3.27458399598004,3.67128439947119,3.32305601203124,3.28471539983828,3.35964319143647,3.50189837000734,2.73835867858237,2.67930518974735,3.53224557767505,4.01364885416516,4.270921612152,4.05734544094798,4.32826380169161,3.85359709549516,3.80037431151784,2.94307680160801,3.7947594338281,3.65869113990709,3.14050247698915,3.20840087186029,2.97684314709342,3.27560358754912,3.0251652751934,2.87386112616088,2.92145728658967,2.59704945767851,3.05435801936712,3.44622103118595,3.20118949401703,NA,3.04203510177361,3.29860307074749,3.72484879417171,3.80578047108793,3.22648048928317,3.14975682244272
NA,NA,4.51126016898054,NA,4.65146481243467,4.57670910954857,4.55459783366193,4.66661411911972,4.88440888571645,3.99283844915242,3.89160988518088,4.35367704351122,4.43064594097924,4.58742317615298,NA,4.55218934137821,4.40473601458916,4.57527121648141,4.1368134123055,4.27713284396979,4.19231663528028,4.68619474902923,4.81156276697306,4.36918157736602,4.15181950161428,4.2484525332165,NA,4.53024332065196,4.46663341879394,4.3466402121137,3.90921118722719,4.35676774351737,4.48603762467877,4.45253278058291,4.29365229545271,NA,NA,4.10972005698264,4.5903706925477,4.57071791068987,4.23017255549099,4.2093889496899,4.25457731131629,4.47057391739675,4.27417589316913,4.70404552660829,5.8150902154314,4.90503181500334,NA,5.33413680555121,6.06255899441051,5.19942870863603,5.36699441246579,6.825925475403,8.20917166142035,8.77593433468819,6.20757314042944,7.24685247018525,6.23403148110195,6.44604465142397,6.96831626370266,6.91357315775278,6.17408218599739,5.77184223114106,6.26263907862191,5.89164979011755,6.8706928705495,5.50494663383246,5.73252988183038,5.1668479008607,5.37736461189072,5.56745277855331,4.44755938549731,4.70938427296273,4.44601322993617,4.6551253224974,4.7309037328805,5.10219918576073,4.87805009492465,4.63065244655293,NA,4.41485642112334,4.65550002153886,NA,4.9410069565492,5.10198651850645,4.9280202832584,4.14076129553359,4.77803411135469,4.44316619445126,4.91963030779415,4.8460695661404,NA,4.82262422375401,4.79381320050008,4.20269192693613,5.56359770648408,5.31682500594325,5.19231479514874,5.31368518451096,5.08130957820476,5.0574386691946,4.4366497810687,4.47276130250843,NA,NA,5.39304640736245,4.76798790697316,3.43698127270061,4.399517031515,4.11171444438231,4.99059174512237,4.98834378344428,4.64072573291705,4.05780105494715,4.38683635948512,4.41094990138013,4.2087071729493,4.21005705543121,4.67175383850254,NA,4.7950887210918,4.43484571115426,4.81929832744104,5.29597041247383,4.60356299817473,4.86895517926957,4.41433681657995,4.80391871514627,NA,4.40280563428696,4.66024829714928,5.28848859312889,4.58675357332586,4.39042791197835,5.98624567904399,4.9949788460166,4.54102405445665,NA,NA,4.7032447987701,4.52980637963434,5.31825078914131,NA,5.22388830159792,5.4171734053325,5.45836967967756,5.26658499860474,5.41139514091771,5.38565786463158,5.41303153527471,4.44951477292968,4.87697788770371,5.28813673867335,7.21587628223106,6.17013809900213,5.26356331384213,5.88404054770905,5.32622702321133,5.12237692184099,5.52324095429044,5.25394673062736,5.46741277590441,5.04430047119853,5.05093877403988,5.05015537492782,5.09420651534859,NA,5.18985670147509,5.00074346053369,4.83277263096645,NA,5.06312887010962,5.24079338959739,4.88958419548731,5.46113484402044,NA,5.00954785688722,5.09213475706713,5.50881714149464,5.17953550874338,5.57552599340212,5.24725035834605,NA,5.80113360182849,5.06183897721813,5.28215245721615,5.11747484261101,4.89258786186382,5.14430302538729,5.26430533400685,5.00303204585081,5.07720468397471,5.34572871068278,5.11963616732046,4.99414351412663,5.44451701028664,5.52242367746701,5.43366108904413,5.21079891915251,5.28875698586586,4.89765780238613,5.22819593204253,5.20988631527436,4.68766210172211,5.14791668402985,4.78054838767359,5.03105115076293,NA,4.85694943312851,4.51803204727314,4.73256672081761,5.00716676256381,5.46786609316883,5.38105110467358,4.80405952227844,4.55828911339686,5.5204849208296,5.96248591933675,6.0997746887789,NA,5.3695647712047,4.50218778756942,5.52512985488781,4.7686790570838,5.04489423483352,4.91791499735421,5.01531978093486,5.00500491573119,5.13538992549258,5.21614684095096,5.14312826623063,5.31257500769891,5.45018042148465,4.80349969256452,5.47590278460358,5.37517819256443,5.52930555711009,4.66072201193594,5.17606527055949,4.87375747777361,5.87417127217479,5.95685591704584,5.70330706082522,4.94058249963837,5.08657812138974,5.2982916372668,5.25680416699452,5.27485734281657,5.27212951136305,5.33094189833195,5.04953771156331,5.37548558737793,5.01610443146821,5.12582216198885,5.15929715495426,5.57888360695612,5.26071473615627,5.621477152146,5.99810269062598,5.67143718121036,5.82758046345767,5.39116506413788,5.69230824502193,5.3977147141178,5.27516953019944,4.66692721537398,NA,4.75677666520791,5.31829852847778,5.43366434700841,5.32087199023059,5.20871378087552,5.09508352957613,NA,6.04456142823123,5.91097134451353,5.59332743763252,5.493900821391,5.62227933323049,5.44199068259083,5.57573792787249,5.16328343068212,4.933404426784,4.86163588447461,4.75498795429484,5.2938940099524,4.69971991746415,4.29637499559433,4.4348071837371,NA,4.17282880924706,NA,4.78919919359646,5.05508330803585,4.64385725511873,4.1960678494334,4.38877893855784,4.08454546617267,4.56060378841715,4.37130990744035,4.33664752677065,4.45046625612205,4.10703161598344,4.75530899607384,4.19129526825065,4.48763497351927,4.6521130725197,4.64362606602533,4.64071793122152,4.55769940354278,5.34511840556351,5.10192158124417,4.66103979711547,4.4919688586841,4.81933892435113,4.58916975914369,4.1491941178521,4.82381527410231,NA,4.02865810771867,NA,6.25183991019708,5.40319260883345,6.65982664177667,6.76570584428615,4.29986271036209,5.92889549172281,NA,3.02583992992914,0,3.60715969505255,4.10362645225165,NA,NA,NA,4.7592634426381,4.53585066861206,4.33847519109386,4.31029555277207,NA,4.11659708693501,4.77927338757889,4.32488828454899,4.77195300288369,4.7087639515143,4.328150003629,4.65705427336248,4.29650590369719,5.03135984110668,5.80014524256605,4.42239285254595,4.59691980354446,5.1954802783642,NA,4.56878243128825,4.74372573253445,4.88062145601596,NA,4.5557500212023,4.86997986710557,4.62211856435748,4.81319373891806,5.15896453552765,NA,NA,4.95390146349592,5.22411740064635,5.14016439782127,5.32003936244068,5.09245717185417,5.5973126602805,5.22972424246817,4.74081187553731,5.4545954386162,4.95861572966774,4.7018946360113,5.01330853039421,4.36568452919009,3.86844750170592,5.45075383331326,4.32187121641446,4.09869898403467,4.12621318736243,4.02244511013819,4.44755674819869,4.09596219302734,3.77769899722237,3.6806571476483,3.95986348735824,3.68129330714268,4.01299358550733,3.78268094008391,3.69132215670659,3.7255047499543,4.15777814287788,4.42141522588857,3.95904964589106,4.45726389503691,4.53626226520933,4.0116061329953,4.22042343220112,4.15867212386116,NA,5.33325509584235,4.73675039967526,5.1899379548549,4.26353061578745,4.54952549536758,NA,4.6676221956358,4.19319464131838,4.13592826107406,5.15264172661114,5.11469520793873,5.11839102268819,4.08552569712683,NA,4.9377894340212,4.88962448736954,5.12807669774199,6.30000956418257,4.57288917736788,4.87531143735312,5.7445895332758,4.97354001422796,6.22195619899389,5.52551169348798,3.72902090321958,5.02125212077357,4.92592860644326,4.65861600267296,4.48103474600702,5.06722932813336,5.42805555005016,5.12628050470652,4.83914059748821,4.5492123058104,4.88353824379662,5.16147157915935,4.87169084266052,4.60113303947771,4.44594549607562,4.42749438948681,4.49321919525776,4.70131907607194,4.2808746204428,4.49325052069313,4.79407722646917,NA,4.67071975370732,4.49957216089964,5.33660611653527,4.80091853216296,4.48247556257106,4.73485868645075,4.61044303088006,4.75547245078973,NA,4.65522733804437,5.18960158756766,NA,4.89488057794932,5.290932424674,5.11491764734519,4.17747166842848,4.59509687817249,4.83667872674434,4.61266383382604,4.17772466808334,4.1721961652452,4.49473326658331,4.54067667471751,4.01801688405461,3.784911394075,4.25743817268188,3.42142922704933,3.46159868452528,3.7998379175127,3.97202481912695,4.10834732558674,3.79891940282037,NA,4.93864339339696,3.77185341665504,3.69700450189231,4.18875595290541,5.01861879770522,3.54114642941861,3.66870813556637,4.27567042715359,NA,3.60416916741658,4.48621053791439,4.45589887308354,4.19564516988121,3.89974353324843,NA,4.74493669200072,4.39229811288005,NA,4.29340053495735,4.06436962030082,3.846368327105,3.90803184389842,3.34931933951106,4.73265608638509,4.56412630206213,3.7537510944369,4.31401888462519,4.51706340845903,4.25554563214888,4.49166267182212,4.34550309175966,4.31891944259859,4.39269467514718,4.62778123271859,3.60466539779044,3.82822367666365,4.60588783373935,4.53582940713998,4.6918107240101,4.98430650973887,5.24442501914609,4.7606555679836,4.64843255091132,3.95376338588989,4.81726399559673,4.78284491475345,4.25942465236174,4.11098179750726,4.0241240878717,4.29363250132189,4.29169297278449,4.10513709387193,4.2435746394563,3.79627478767883,4.39037716437791,4.67560758961847,4.33147634029946,NA,4.19728324967608,4.41428387741544,4.73703404693541,4.82306767429971,4.49424397541903,4.2965903645089
NA,NA,3.78876182048842,NA,3.74634371347557,3.96305918168557,3.70693315844936,4.45170780726307,4.71346323327789,3.45745349833591,4.0023521741077,4.17134192245636,3.21530850714952,3.6600077394705,NA,3.56768201480223,4.03476722890446,3.85889854928954,3.69829646928798,3.45640320078412,3.12316630376908,3.68368484679991,3.96613070378447,3.41653508608829,3.65332332638078,3.59951210106116,NA,3.53368422401058,3.58132407914759,3.63106378272746,3.03933753158706,3.46702036733227,3.53375580138256,3.58077825808639,3.25543152445285,NA,NA,3.09588736465525,3.36454241069652,3.39321993377277,2.9712412866869,2.82960801708042,2.79933548394353,2.83568986836931,2.56269279471188,2.79652138478403,3.97522485310597,3.08769202451238,NA,3.44436555957943,4.11960812468742,3.48527350992025,3.4813380603984,4.98571625052682,6.52633116650189,7.14953138931445,4.40744655378167,5.57109616842161,4.52182040004675,4.66791856623429,5.14595252774425,5.28240020684932,4.54927829009941,3.9985392048345,4.40086594718709,3.98609658906106,4.97436106307538,3.7354202343405,3.89216306763978,3.41716592090541,3.5258525383216,3.94813519316495,2.98737140602145,3.35784781529096,3.0696854662258,3.12727912992278,3.15660014351126,3.60525709147018,3.377142282137,3.27462444007151,NA,3.10222347659886,3.34513700535891,NA,3.62584582981694,3.9547787108034,3.75293337987344,2.93696846956225,3.68462387656444,3.3005742198116,3.9370534316595,3.74120835719093,NA,3.89346327928279,3.66039922043079,2.90783464340032,4.33551993011568,4.21854112239837,4.20582943251902,4.25424448942287,4.34538214088829,3.86719604567437,3.16271986497517,3.68424678618705,NA,NA,4.3827757352724,4.5099255336714,4.04667388075846,3.71930779784447,2.93430795427079,4.10280896828235,3.88866272552806,4.36861929063959,3.21863790412055,3.81419272083783,3.59855671554287,3.37716991706474,3.7674291437699,3.97683750478554,NA,3.57034148030383,3.40637112514258,3.68201276254255,4.12589188809725,3.2467889814015,3.73346861961651,3.31491108922871,3.64196981177886,NA,3.38185582970967,3.67080395042492,4.03298227235146,3.1963694115177,2.73785962801315,4.6834047549467,3.52405217500562,3.02671700860308,NA,NA,3.44606421389553,2.93191544972836,3.83503462716681,NA,3.21480701710861,3.4842842943664,3.78039213497612,3.43370503829256,3.58169838568132,3.462802953865,3.32549065568082,2.93537119974093,3.90303385717698,3.4231568638696,5.29934687108258,4.15785876410131,3.40636817930082,4.02470306952834,3.55570334487081,3.44682192599428,4.19487100365254,3.68058072245786,3.71606219100553,3.63279608653506,3.48292382526396,3.83696337757495,3.91390291472578,NA,3.54214241104107,3.58002884675774,3.28886805018671,NA,3.77669259052166,4.20774435266273,3.61072864116754,4.44578172495633,NA,3.89125684157199,3.78999402944133,4.54050965332363,4.20911159689177,4.66382105232944,4.2050251834019,NA,4.80517860265611,4.14766721089165,4.16410762149309,4.06951779457438,3.8140014221463,4.04096151535956,4.16896611053194,3.93185980727436,4.0575841537759,4.42722971085101,4.00668361741966,3.85593280027493,4.24963107459473,4.33993266758574,4.28258142154571,3.93762893967712,3.98123060213751,3.73683607812099,3.79518530213903,3.82623550915589,3.32175129411437,3.88128333490996,3.52910818391337,3.93229594053751,NA,3.90942169067563,3.22895189925749,3.62285077826594,3.99387599915706,4.33115028485753,4.33187183395846,3.85725901857068,3.54504626822198,4.1627626418045,4.69207464029207,5.21741724619064,NA,4.19707740195348,3.39563965695804,4.19119284240506,3.18547819209336,3.24365874946614,2.97262424535868,3.11690807036501,3.16664599290958,3.39605754688898,3.43252996288064,3.40038224522913,3.66583339535247,3.67380954316887,3.63977707271882,4.09136167221143,3.85490921682508,4.49047008125689,3.39727781368273,3.6166739011312,3.53238988122235,4.54108471189351,4.06513871539874,3.84234481042257,3.665137823245,3.76399020966593,3.80399064997773,3.64808186742612,3.5386535216015,3.4539961594696,3.57548813666396,3.58250487223854,3.77817898067323,3.37743412622064,3.52868582103509,3.52861983128579,4.07810767747169,3.57507329780593,3.98042627621088,4.53065553801011,4.48989337429355,4.57756342981389,4.02814720890069,4.51973497485365,4.32976087798306,4.24533626815806,3.77803584721998,NA,3.57721574612087,4.0234763473695,4.32037550749211,4.23757209172344,4.07664248705064,4.06136651735124,NA,4.88743203686991,4.89740272406544,4.64030649014671,4.46187527566882,4.62185789354312,4.45075834990189,4.43572349258548,4.10960951914254,4.0571005166544,4.13775400251658,4.22529430697354,4.55509680438475,4.10960897930951,3.55884324528814,3.5924011058559,NA,3.42991417592089,NA,3.95954951939867,3.95180834512986,3.58747826545887,3.62363512684519,3.84643221167566,3.55992556310538,3.59112257945736,3.27503244015232,3.26667391094009,3.28730007457517,3.07458506366268,3.60592194667887,3.21386517003545,3.41189792816309,3.45952472476998,3.36836070235961,3.56619407046202,3.30306450295887,3.91013255392274,3.7022925987383,2.86446711624815,2.96297049645007,3.13460061811144,3.0353483557749,2.50164603111591,3.04176561266515,NA,2.81638456758,NA,4.22045900289748,3.3732014142878,4.64096784369353,4.62029235820978,2.54258720720026,3.75874228724562,NA,2.94612687278151,3.60715969505255,0,2.07251775183969,NA,NA,NA,2.84366741868775,3.09123354322735,2.84232995282811,2.95705884535582,NA,2.60708542871778,3.16321733705812,2.7367611639107,3.26132337248999,3.22847240617616,2.71352132981888,2.91492277931134,2.70729960500797,3.30610683495771,4.51323937232197,3.34876368570622,3.47749946986564,4.0014036318793,NA,3.33619939831769,3.98730461915722,3.56679720429966,NA,3.46898455154693,3.96031141861626,3.80493260810909,3.95007154197263,4.29046150818845,NA,NA,4.044617994728,4.44530592497093,4.41361213448525,4.34153965374182,4.20661490317785,4.40225465063373,4.1140481215996,3.57679289849155,4.21079434397972,3.89456965936886,3.82614536526997,3.95390387757754,3.65498782236581,3.61189863323627,4.31590506059497,3.4792969756368,3.44762652239692,3.5105756961045,3.52556127358825,3.57432872025811,3.18544785298529,3.16386983863784,3.52894315951498,3.1540963847749,3.19866488936611,3.23437331869355,3.12488897154051,3.4809101470835,3.31654097075784,3.74740900589035,3.64318137197835,3.48548285659893,3.79889342152135,3.56852923176967,2.85712547229253,3.30475216432199,3.09231739423291,NA,4.43637648829192,3.46145789891774,3.91921297319916,3.00345617026908,2.76407398143573,NA,2.77519943065447,2.47340655771538,2.35112775682154,2.95044696287458,3.43409853278433,3.02398107359405,2.4920945625597,NA,2.87594611952098,3.03001161949919,2.81890112193533,4.56007376727503,2.83111816385245,2.66409585900529,3.57808196722434,2.7675406313679,4.23085070052368,3.74647334608035,2.36512747187222,3.37626627681348,3.41423767176072,3.03540369375497,2.79310882416557,3.37641448254928,3.87957760534311,3.3738109967748,3.37871424314435,3.5816204427742,3.62319794065219,3.80464434693957,3.36895507977592,3.05994993343352,2.78913018798725,2.86447040470303,3.2715937546614,3.46043843574306,3.07235625967963,3.34370539294977,3.52194640187684,NA,3.41830674630727,3.40086373549382,4.38999255621448,3.76152731143762,3.45748353174995,3.5364334178279,3.43599119040522,3.7513335289581,NA,3.74462141942365,4.23406829380574,NA,4.12987917659131,4.43817731482347,4.30068935489042,3.84752914062733,3.99863124314118,4.04429143076014,4.09808678464817,3.68248521260713,3.52491549212073,3.926167523838,3.7511534158986,3.40248196082055,3.69988025905916,3.93977453060759,3.52415057874641,3.60443064555623,3.73021385920672,4.06000603208814,4.08437987458671,3.54241566059174,NA,4.10543436294077,4.06041469047701,3.60923244889568,4.62901968770361,5.53265828613644,3.7840716513031,4.53639813360798,4.66245315450473,NA,3.54508677036891,4.18106090719568,4.22677021096591,3.84860902837731,3.37691295850159,NA,4.58733872513336,4.18354672622541,NA,3.96241354417816,3.40012376599626,3.12909711192213,3.90878848597788,3.15029526262443,3.85563786581557,2.94230740946308,2.53496991998729,3.00999075142827,3.14468907568543,2.98353507797724,3.02402458126073,2.87812023097248,2.78213554765645,3.04099733128242,3.36992568568069,3.59372340272169,2.88169836378133,3.06036811450482,3.31274788697441,3.85339927501261,3.03341362815093,3.4484195957263,3.04337111501842,3.35464303548038,2.5799019123911,3.04391668213583,2.96119481894843,2.6029107873848,2.84516451118058,2.53887236704343,2.77660583842614,2.81498867159538,2.80340337231645,3.19784923760275,2.8476382989336,3.25145063766207,3.32273467176381,3.19778539301142,NA,3.16688277246773,3.44740352477831,3.69268910593688,3.74230121893538,3.47841953600998,3.30811960010315
NA,NA,3.80289116475608,NA,3.59278982235077,4.01453917471096,3.73609726448446,4.48793809338832,4.70843623601819,3.53800291705757,4.08839718091025,4.15596613764733,3.07062969361335,3.60336541645723,NA,3.612994437519,4.18414212095978,3.78238527746687,3.59156962390156,3.49396475113261,3.2288794022103,3.67994676315957,3.92469157638328,3.19542779824947,3.43906802332553,3.46478467453614,NA,2.87671874219765,3.04110542033576,3.09061363218094,2.77554950045569,2.96749591680202,2.94306037198958,3.05298186776484,2.66848570100347,NA,NA,2.70295330122239,3.01482271374655,3.04712548314619,2.51755574089034,2.39111480905573,2.1982638972846,2.60761534858025,2.38607877359701,2.70422564083485,3.71602107406476,3.02765533255189,NA,3.42523566403746,4.04452151695492,3.13804152059057,3.11553054413837,4.75383870053427,6.59812426045527,7.05097010641862,4.27662044808033,5.37274804479395,4.33140629542941,4.35067456150661,4.99383582559074,5.38366345819357,4.67291983106966,4.22303973373169,4.63613845205409,4.099846471783,5.0903953651669,3.66016329707294,4.11336457985841,3.43145418969699,3.36121455504585,3.89054746298065,2.87376413498406,3.22969748942041,3.01628538110959,3.18476130507034,3.26618100578618,3.65770749904593,3.33882893882738,3.17644593652694,NA,3.00599275321347,3.20428089580227,NA,3.5907829711357,3.8760171160217,3.76041608275444,2.74597778560358,3.70353290866217,3.29323866170374,3.9420483668831,3.69474918479127,NA,3.73378562355579,3.62972469391115,2.73437814518301,4.3163423608718,4.20747428456606,4.22308081352108,4.27046711132533,4.39271844077664,3.84793491346082,2.82273835097144,3.69371379745065,NA,NA,4.38464724252238,4.63231810311093,4.35226866417432,4.04235638002226,2.72113333163494,4.07576342076018,3.85034659468076,4.53035595784241,3.12863984078134,3.79081685193756,3.46854673470687,3.28996830934459,3.67503410219284,3.74719748167811,NA,3.28785358792861,3.25184605498099,3.4880880696848,3.89730125669242,3.02830656641296,3.54127631749051,3.05267955871783,3.24289827458103,NA,3.25326629833065,3.36819571619852,3.76876388648582,2.86322785541975,2.45298722516244,4.66784966708117,3.56962816057914,2.62889283127186,NA,NA,3.13957205671011,2.64809779996855,3.66579478218764,NA,3.17176692702537,3.31544570408747,3.60237069631502,3.3080747690012,3.4425939826177,3.23106413504287,3.35987414551162,2.63217315315601,4.03630218031676,3.51232783402718,5.22740748706967,4.33663292888988,3.33822057144486,3.94589208426174,3.34437412693117,3.30188213970495,4.0748551210884,3.56297619697095,3.70104403787068,3.45047867787764,3.3083896573557,3.79744491945507,3.79714340575017,NA,3.56024543504609,3.5103086002327,3.15147385886587,NA,3.72674201383693,4.12153633167037,3.55621007066336,4.45211970018427,NA,3.68846260858203,3.60028514898852,4.42884521276811,4.15924257700172,4.5268610935472,4.07383583983603,NA,4.72215449699659,4.10236984223496,4.20049617646186,4.01391529666561,3.77275637010358,4.00832626970723,4.10784624501095,3.83247253675249,4.05068437226603,4.33505469696567,3.94713167253412,3.71213752836398,4.24170173457217,4.1841127824844,4.23748250483312,3.88375428458539,4.06144727709065,3.67717734988153,3.75146399615001,3.77012259546869,3.29412191537165,3.76437166873463,3.2477278973788,3.70061476069193,NA,3.64038110686996,3.14783005391712,3.68628805699433,4.11139058228981,4.49401290640732,4.13824366839863,3.66615607681997,3.26693964797649,3.81699004540677,4.65692979685297,5.18927221996739,NA,4.05111319414055,3.16820552091417,3.95962071334781,3.07854273063513,3.26034472366154,3.01435414259063,2.99004820202759,2.86839578007293,3.20848940198801,3.2482693340208,3.10507044704554,3.51466331832124,3.44736045272173,3.28727394559056,3.61810830772791,3.38701488221675,4.18952175974275,3.10369797984872,3.2464742198429,3.08224348201665,4.34616614976653,3.83503879654739,3.61116244794262,3.26316685937727,3.44756135878583,3.36276134301376,3.45610946271815,3.2791812299031,3.35767992636617,3.45322760892846,3.29878494164864,3.45314906990897,3.13287625031543,3.35588081211269,3.37368012720449,4.14332236149817,3.49867718051444,3.99741442207665,4.36613513601663,4.23063655959553,4.34640279510679,3.9307400635792,4.30040068676058,4.09749173468349,3.97323329909542,3.68248051770262,NA,3.52712834434088,3.95256656020796,4.16395152063299,4.03484442548387,3.87861639163723,3.9495874127191,NA,4.68058679014866,4.86152521753665,4.67812712151591,4.41690992708273,4.52112522971344,4.26620570714579,4.25458605752859,3.99863962173823,3.9372146092976,4.10203471677165,4.08429856637264,4.17184372776877,3.8473453916648,3.39843575569381,3.42598788252249,NA,3.18106842230623,NA,3.73711451120395,3.68554034001654,3.33182468044646,3.45931812716708,3.61125764375843,3.52439336890288,3.46655742585816,3.21492153690612,2.9190992871201,2.94118094658667,2.7500943102469,3.3176603099848,3.02622550558224,3.04663902286489,3.22662614553289,3.01362274578257,3.06954817581959,2.80420933773161,3.6695892931094,3.72900169587928,2.87128034508872,3.09455296019314,2.9792860474847,2.84795781699062,2.48697880488967,2.71266633485243,NA,2.50552512792238,NA,4.50943815977569,3.50598928964209,4.82916146026708,4.71415969194884,2.16868713540694,3.62329571143121,NA,3.49159135404011,4.10362645225165,2.07251775183969,0,NA,NA,NA,2.29158364012345,3.12218072447549,2.70497340173169,2.61362211054025,NA,2.21025384043312,2.98166691384856,2.35859417015563,2.85164330177168,2.97001909885142,2.53885452400601,2.8278014680248,2.5048207500183,3.15531442880428,4.57931983000383,3.52686075901379,3.27430432985494,3.73790881734037,NA,2.92677528353751,3.78344042223434,3.30952876213824,NA,3.30810532335505,3.6833957397061,3.66103515011665,3.80369513536089,4.20598159357512,NA,NA,3.87537000645583,4.36548039480263,4.2885789613382,4.16970959585529,4.11683093005887,4.26656749668242,3.99484930143418,3.5501943665983,4.07326198828317,3.87405385867237,3.73125865598979,3.88367760613125,3.68524482439314,3.7368401541796,4.20320908595974,3.49691902968786,3.36004010714815,3.46756571733436,3.50497245417559,3.64530536392467,3.2280860245206,3.26694723010314,3.88752505409983,3.4574383488817,3.45218814589526,3.44374268853677,3.32305816746599,3.48427578753517,3.34068874246941,3.64897526250724,3.77908487831146,3.4431786151922,4.01382271360683,3.74795400138395,2.7789453037946,3.21789428407848,3.0290403758598,NA,4.3391448392338,3.41611491255674,3.80426868182924,3.04413807265668,2.71747072027051,NA,2.81301963271109,2.26067882783945,2.18914855947382,3.12826339376498,3.43192871295671,2.9158473009259,2.32550760635331,NA,3.07053265463594,3.18541256331074,3.06439616982784,4.79603291461868,2.82821661630779,3.01466064996394,3.8627851088398,3.08720480408007,4.44993254024311,4.08957725670616,2.29570349652519,3.54196435001622,3.52668323223931,3.07807566951966,2.97586024421358,3.45667853517127,3.92478544484428,3.56134311408362,3.56116325261956,3.72876510740464,3.49918680217173,3.55013223513971,3.13177008784586,2.94777145631713,2.63295166272332,2.71751445622142,3.19302325543067,3.37024566898255,2.91245685251777,3.19165279949852,3.41535012588609,NA,3.43616818726072,3.40318347004002,4.45743732845274,3.70448654991676,3.43577439375159,3.56316397821575,3.53615635282939,3.6254006943535,NA,3.69978174598487,4.16831995135865,NA,3.97575615649299,4.30189019372023,4.14557230003214,3.8803328094394,3.88624391134228,4.00308607341448,4.06575853034834,3.77928135158627,3.56695234946213,4.20373132709499,3.98602580973168,3.6629106547405,3.96769661010572,4.11760806564086,3.72201058347584,3.85069717047467,3.98411237797173,4.28845267159095,4.34232496855157,3.70562319634693,NA,3.97623140666028,4.11787527484396,3.72586035616488,4.69122528963485,5.55653137100486,3.80887344318489,4.71685008692823,4.77913906404496,NA,3.52947337458389,4.14447632747204,4.29423496990595,3.88492853954789,3.342804742703,NA,4.64516742358975,4.35493593402109,NA,4.01007226671346,3.41070079302688,3.28508267230686,4.06789654809238,3.30079528181628,3.98943940705068,2.88926092619045,2.57918709769806,3.01416317129436,3.20563005704825,2.97191844834756,3.06433226841609,3.07727513586437,2.83882088325758,3.03320315802074,3.26148668592226,3.61984787734753,2.96147717631499,3.08613201677852,3.45187914804245,3.89847443101054,3.56603618220886,3.45459475065517,2.89231473735477,3.40527899686929,2.50547506784989,3.14271714422968,2.9823770591988,2.45514064529613,2.77491708346093,2.51367627101161,2.74586156968372,2.8643519013245,2.71709278789474,3.12855449789224,2.85641537137944,3.19256211653934,3.2792135335576,3.07065288153654,NA,3.0713219869236,3.27976875211823,3.51740212857616,3.56759654861317,3.37154275049376,3.11804521290558
NA,NA,NA,NA,NA,NA,NA,NA,NA,NA,NA,NA,NA,NA,NA,NA,NA,NA,NA,NA,NA,NA,NA,NA,NA,NA,NA,NA,NA,NA,NA,NA,NA,NA,NA,NA,NA,NA,NA,NA,NA,NA,NA,NA,NA,NA,NA,NA,NA,NA,NA,NA,NA,NA,NA,NA,NA,NA,NA,NA,NA,NA,NA,NA,NA,NA,NA,NA,NA,NA,NA,NA,NA,NA,NA,NA,NA,NA,NA,NA,NA,NA,NA,NA,NA,NA,NA,NA,NA,NA,NA,NA,NA,NA,NA,NA,NA,NA,NA,NA,NA,NA,NA,NA,NA,NA,NA,NA,NA,NA,NA,NA,NA,NA,NA,NA,NA,NA,NA,NA,NA,NA,NA,NA,NA,NA,NA,NA,NA,NA,NA,NA,NA,NA,NA,NA,NA,NA,NA,NA,NA,NA,NA,NA,NA,NA,NA,NA,NA,NA,NA,NA,NA,NA,NA,NA,NA,NA,NA,NA,NA,NA,NA,NA,NA,NA,NA,NA,NA,NA,NA,NA,NA,NA,NA,NA,NA,NA,NA,NA,NA,NA,NA,NA,NA,NA,NA,NA,NA,NA,NA,NA,NA,NA,NA,NA,NA,NA,NA,NA,NA,NA,NA,NA,NA,NA,NA,NA,NA,NA,NA,NA,NA,NA,NA,NA,NA,NA,NA,NA,NA,NA,NA,NA,NA,NA,NA,NA,NA,NA,NA,NA,NA,NA,NA,NA,NA,NA,NA,NA,NA,NA,NA,NA,NA,NA,NA,NA,NA,NA,NA,NA,NA,NA,NA,NA,NA,NA,NA,NA,NA,NA,NA,NA,NA,NA,NA,NA,NA,NA,NA,NA,NA,NA,NA,NA,NA,NA,NA,NA,NA,NA,NA,NA,NA,NA,NA,NA,NA,NA,NA,NA,NA,NA,NA,NA,NA,NA,NA,NA,NA,NA,NA,NA,NA,NA,NA,NA,NA,NA,NA,NA,NA,NA,NA,NA,NA,NA,NA,NA,NA,NA,NA,NA,NA,NA,NA,NA,NA,NA,NA,NA,NA,0,NA,NA,NA,NA,NA,NA,NA,NA,NA,NA,NA,NA,NA,NA,NA,NA,NA,NA,NA,NA,NA,NA,NA,NA,NA,NA,NA,NA,NA,NA,NA,NA,NA,NA,NA,NA,NA,NA,NA,NA,NA,NA,NA,NA,NA,NA,NA,NA,NA,NA,NA,NA,NA,NA,NA,NA,NA,NA,NA,NA,NA,NA,NA,NA,NA,NA,NA,NA,NA,NA,NA,NA,NA,NA,NA,NA,NA,NA,NA,NA,NA,NA,NA,NA,NA,NA,NA,NA,NA,NA,NA,NA,NA,NA,NA,NA,NA,NA,NA,NA,NA,NA,NA,NA,NA,NA,NA,NA,NA,NA,NA,NA,NA,NA,NA,NA,NA,NA,NA,NA,NA,NA,NA,NA,NA,NA,NA,NA,NA,NA,NA,NA,NA,NA,NA,NA,NA,NA,NA,NA,NA,NA,NA,NA,NA,NA,NA,NA,NA,NA,NA,NA,NA,NA,NA,NA,NA,NA,NA,NA,NA,NA,NA,NA,NA,NA,NA,NA,NA,NA,NA,NA,NA,NA,NA,NA,NA,NA,NA,NA,NA,NA,NA,NA,NA,NA,NA,NA,NA,NA,NA,NA,NA,NA,NA,NA,NA,NA,NA,NA,NA,NA,NA,NA,NA,NA,NA,NA,NA,NA,NA,NA,NA
NA,NA,NA,NA,NA,NA,NA,NA,NA,NA,NA,NA,NA,NA,NA,NA,NA,NA,NA,NA,NA,NA,NA,NA,NA,NA,NA,NA,NA,NA,NA,NA,NA,NA,NA,NA,NA,NA,NA,NA,NA,NA,NA,NA,NA,NA,NA,NA,NA,NA,NA,NA,NA,NA,NA,NA,NA,NA,NA,NA,NA,NA,NA,NA,NA,NA,NA,NA,NA,NA,NA,NA,NA,NA,NA,NA,NA,NA,NA,NA,NA,NA,NA,NA,NA,NA,NA,NA,NA,NA,NA,NA,NA,NA,NA,NA,NA,NA,NA,NA,NA,NA,NA,NA,NA,NA,NA,NA,NA,NA,NA,NA,NA,NA,NA,NA,NA,NA,NA,NA,NA,NA,NA,NA,NA,NA,NA,NA,NA,NA,NA,NA,NA,NA,NA,NA,NA,NA,NA,NA,NA,NA,NA,NA,NA,NA,NA,NA,NA,NA,NA,NA,NA,NA,NA,NA,NA,NA,NA,NA,NA,NA,NA,NA,NA,NA,NA,NA,NA,NA,NA,NA,NA,NA,NA,NA,NA,NA,NA,NA,NA,NA,NA,NA,NA,NA,NA,NA,NA,NA,NA,NA,NA,NA,NA,NA,NA,NA,NA,NA,NA,NA,NA,NA,NA,NA,NA,NA,NA,NA,NA,NA,NA,NA,NA,NA,NA,NA,NA,NA,NA,NA,NA,NA,NA,NA,NA,NA,NA,NA,NA,NA,NA,NA,NA,NA,NA,NA,NA,NA,NA,NA,NA,NA,NA,NA,NA,NA,NA,NA,NA,NA,NA,NA,NA,NA,NA,NA,NA,NA,NA,NA,NA,NA,NA,NA,NA,NA,NA,NA,NA,NA,NA,NA,NA,NA,NA,NA,NA,NA,NA,NA,NA,NA,NA,NA,NA,NA,NA,NA,NA,NA,NA,NA,NA,NA,NA,NA,NA,NA,NA,NA,NA,NA,NA,NA,NA,NA,NA,NA,NA,NA,NA,NA,NA,NA,NA,NA,NA,NA,NA,NA,NA,NA,NA,NA,NA,NA,NA,NA,NA,NA,NA,NA,0,NA,NA,NA,NA,NA,NA,NA,NA,NA,NA,NA,NA,NA,NA,NA,NA,NA,NA,NA,NA,NA,NA,NA,NA,NA,NA,NA,NA,NA,NA,NA,NA,NA,NA,NA,NA,NA,NA,NA,NA,NA,NA,NA,NA,NA,NA,NA,NA,NA,NA,NA,NA,NA,NA,NA,NA,NA,NA,NA,NA,NA,NA,NA,NA,NA,NA,NA,NA,NA,NA,NA,NA,NA,NA,NA,NA,NA,NA,NA,NA,NA,NA,NA,NA,NA,NA,NA,NA,NA,NA,NA,NA,NA,NA,NA,NA,NA,NA,NA,NA,NA,NA,NA,NA,NA,NA,NA,NA,NA,NA,NA,NA,NA,NA,NA,NA,NA,NA,NA,NA,NA,NA,NA,NA,NA,NA,NA,NA,NA,NA,NA,NA,NA,NA,NA,NA,NA,NA,NA,NA,NA,NA,NA,NA,NA,NA,NA,NA,NA,NA,NA,NA,NA,NA,NA,NA,NA,NA,NA,NA,NA,NA,NA,NA,NA,NA,NA,NA,NA,NA,NA,NA,NA,NA,NA,NA,NA,NA,NA,NA,NA,NA,NA,NA,NA,NA,NA,NA,NA,NA,NA,NA,NA,NA,NA,NA,NA,NA,NA,NA,NA,NA,NA,NA,NA,NA,NA,NA,NA,NA,NA,NA
NA,NA,NA,NA,NA,NA,NA,NA,NA,NA,NA,NA,NA,NA,NA,NA,NA,NA,NA,NA,NA,NA,NA,NA,NA,NA,NA,NA,NA,NA,NA,NA,NA,NA,NA,NA,NA,NA,NA,NA,NA,NA,NA,NA,NA,NA,NA,NA,NA,NA,NA,NA,NA,NA,NA,NA,NA,NA,NA,NA,NA,NA,NA,NA,NA,NA,NA,NA,NA,NA,NA,NA,NA,NA,NA,NA,NA,NA,NA,NA,NA,NA,NA,NA,NA,NA,NA,NA,NA,NA,NA,NA,NA,NA,NA,NA,NA,NA,NA,NA,NA,NA,NA,NA,NA,NA,NA,NA,NA,NA,NA,NA,NA,NA,NA,NA,NA,NA,NA,NA,NA,NA,NA,NA,NA,NA,NA,NA,NA,NA,NA,NA,NA,NA,NA,NA,NA,NA,NA,NA,NA,NA,NA,NA,NA,NA,NA,NA,NA,NA,NA,NA,NA,NA,NA,NA,NA,NA,NA,NA,NA,NA,NA,NA,NA,NA,NA,NA,NA,NA,NA,NA,NA,NA,NA,NA,NA,NA,NA,NA,NA,NA,NA,NA,NA,NA,NA,NA,NA,NA,NA,NA,NA,NA,NA,NA,NA,NA,NA,NA,NA,NA,NA,NA,NA,NA,NA,NA,NA,NA,NA,NA,NA,NA,NA,NA,NA,NA,NA,NA,NA,NA,NA,NA,NA,NA,NA,NA,NA,NA,NA,NA,NA,NA,NA,NA,NA,NA,NA,NA,NA,NA,NA,NA,NA,NA,NA,NA,NA,NA,NA,NA,NA,NA,NA,NA,NA,NA,NA,NA,NA,NA,NA,NA,NA,NA,NA,NA,NA,NA,NA,NA,NA,NA,NA,NA,NA,NA,NA,NA,NA,NA,NA,NA,NA,NA,NA,NA,NA,NA,NA,NA,NA,NA,NA,NA,NA,NA,NA,NA,NA,NA,NA,NA,NA,NA,NA,NA,NA,NA,NA,NA,NA,NA,NA,NA,NA,NA,NA,NA,NA,NA,NA,NA,NA,NA,NA,NA,NA,NA,NA,NA,NA,NA,NA,0,NA,NA,NA,NA,NA,NA,NA,NA,NA,NA,NA,NA,NA,NA,NA,NA,NA,NA,NA,NA,NA,NA,NA,NA,NA,NA,NA,NA,NA,NA,NA,NA,NA,NA,NA,NA,NA,NA,NA,NA,NA,NA,NA,NA,NA,NA,NA,NA,NA,NA,NA,NA,NA,NA,NA,NA,NA,NA,NA,NA,NA,NA,NA,NA,NA,NA,NA,NA,NA,NA,NA,NA,NA,NA,NA,NA,NA,NA,NA,NA,NA,NA,NA,NA,NA,NA,NA,NA,NA,NA,NA,NA,NA,NA,NA,NA,NA,NA,NA,NA,NA,NA,NA,NA,NA,NA,NA,NA,NA,NA,NA,NA,NA,NA,NA,NA,NA,NA,NA,NA,NA,NA,NA,NA,NA,NA,NA,NA,NA,NA,NA,NA,NA,NA,NA,NA,NA,NA,NA,NA,NA,NA,NA,NA,NA,NA,NA,NA,NA,NA,NA,NA,NA,NA,NA,NA,NA,NA,NA,NA,NA,NA,NA,NA,NA,NA,NA,NA,NA,NA,NA,NA,NA,NA,NA,NA,NA,NA,NA,NA,NA,NA,NA,NA,NA,NA,NA,NA,NA,NA,NA,NA,NA,NA,NA,NA,NA,NA,NA,NA,NA,NA,NA,NA,NA,NA,NA,NA,NA,NA,NA
NA,NA,4.42520859370273,NA,4.14195634234418,4.4841776502452,4.19079265199015,4.94263340539176,5.26920758695747,4.24714989151653,4.78187209401627,4.94415579466035,3.78521982077006,4.55769926131362,NA,4.25278308827073,4.70408037079941,4.46668143230381,4.25879809550531,4.02688673667502,3.75833729742387,4.42150212725796,4.58439325025552,3.72519511761344,3.96419153826063,4.04115205760588,NA,3.14072399565492,3.22061586875019,3.43843685221192,3.371791308151,3.50616630736165,3.30458143400419,3.28637071872107,2.88422106892499,NA,NA,2.97037443074956,3.23930317448533,3.39241190002992,2.74359118211589,2.60343725507696,2.28002872774033,3.09714501626933,2.29704552578715,2.84612639568619,4.08270593188774,3.06596035316779,NA,3.17873482649706,3.91616650507746,3.21560314716979,2.86927530252825,4.29479091632832,6.06016225551182,6.80590211114349,3.85142367489895,5.2205236733385,4.36691512852281,4.18501343877818,4.55957433133206,4.96984708627496,4.28072036054621,3.64611803586362,4.21902068375493,3.85974575423597,5.12427690458369,3.84199835718285,4.11272298405628,3.25184002431517,3.57330162581283,4.06876130707648,3.46152418765393,3.71846580096949,3.52233768360461,3.5357726514684,3.48964536667508,3.97453792116682,3.7777981387154,3.59517122086067,NA,3.50762093581156,3.61063579616393,NA,4.06643358305014,4.14168384179011,4.11865871797128,3.33816130517673,4.044719643637,3.75922205451362,4.35985740838523,4.02454019793618,NA,4.11039551093424,3.99562116027708,3.32988136192299,4.71880074355376,4.63180616663994,4.65139567453954,4.66211210673059,4.91045985769592,4.21950731899889,3.46923295077744,4.32162177993874,NA,NA,4.87678748967331,5.25701530605627,4.97635392680936,4.61685895863681,3.39443134747655,4.74484687227263,4.75005165200377,5.12079754236895,3.91725545813994,4.38384527144603,4.18465164292546,3.88168693026589,4.30435304561339,4.54506740612543,NA,3.94409233813218,3.98555583686742,4.06076365643464,4.50654305813574,3.61386617694479,4.0006215887574,3.70763256837717,3.6856671153912,NA,3.55260886695954,3.80481093033021,4.17374600903084,3.48648211213533,2.93529521835912,4.68042812770728,3.8494708167578,3.0889414475207,NA,NA,3.30580376862735,2.72924622355481,3.52034627071853,NA,2.75441712444463,3.194559149875,3.33380334167411,3.13116839423689,3.13585500439685,2.97979670576003,3.22669439715091,2.89090993948877,4.07519749599676,3.16725723265083,4.84732747216576,4.10316620457644,3.03697331327412,3.75472240830327,3.34316735467853,3.10691403793232,4.08550257011168,3.57823637460978,3.71005403765239,3.52155992470405,3.40372433752875,3.92928024013207,4.03405307378025,NA,3.69112763573183,3.6737481619333,3.54225957178454,NA,3.95063314716301,4.34225441987447,3.78853728607611,4.72261160728327,NA,4.0817060527172,3.86808448640504,4.51357496914956,4.44622792053627,4.8459717307565,4.20580856358416,NA,4.94081374816783,4.47915294691599,4.29454201124795,4.28706647958815,4.05063641034443,4.22924341640823,4.36276371642532,4.15811244112318,4.32403461909937,4.76411905105482,4.30559615692528,4.21721775166343,4.69533392425966,4.70339983672277,4.73709887355545,4.22820589864256,4.52466483425742,4.18968534740276,4.29480173363336,4.31236252781912,3.62786051029645,4.14394730336627,3.85968873411467,4.1527718107297,NA,4.22407335343713,3.79721349361089,4.13163501277664,4.44634815525676,4.55161358992349,4.17599799670707,3.77420055564237,3.48131545395531,3.92009916035704,4.44486178432571,5.08349894683651,NA,3.94884000762225,3.45454884716409,4.07937451664246,3.21960834450269,3.26409356170589,3.05615183940997,2.93939309405268,2.87705171270702,3.20311993289905,3.23953059371468,3.1059476509269,3.3186400140977,3.03840548038681,3.54681415870079,4.13491373181003,3.67542093611137,4.62487107454212,3.55448750041958,3.74140029432489,3.5790702461072,4.19320351531977,3.9069044944351,3.44156330125977,3.28211077143518,3.77276139716132,3.73748916596898,3.5855720593694,3.22534133402678,3.35956328823059,3.24365796121308,3.51412615437739,3.78913361271423,3.41370439020224,3.42732224490337,3.51810000744081,4.2024863960677,3.60949385325739,4.01752182630892,4.44679819438803,4.3569026155434,4.49473792600372,4.06989190363147,4.51048898405366,4.44861267203674,4.30602256558558,4.11534318567273,NA,4.01538297566718,4.26320635689261,4.47302871751615,4.48444228340703,4.43147383740718,4.4300815654777,NA,5.01624500904686,5.18021840492663,5.05135715508891,4.80256180012938,4.96251022665998,4.714448465274,4.5853600347611,4.41333260761456,4.45027394708133,4.55622718311218,4.55493753685341,4.8007467113573,4.39677893508302,3.88840581670313,3.83990676541014,NA,3.77840499996756,NA,4.1314610456236,4.15465908727128,3.54013301054954,3.74532770552331,4.25270483191077,3.99725720445354,3.81702102379888,3.86820898726883,3.23761216234351,3.16267005101778,3.05567406839981,3.79259418580638,3.58644794207178,3.61615770749719,3.41047219638219,3.5059683800545,3.63496057535295,3.15231441877028,3.98116448787628,3.93876334797768,2.75451735684726,2.8685457049851,2.91415966369466,3.10305942226359,2.7572438383836,3.24439911956156,NA,2.64068950450127,NA,4.49310902367874,3.75003260378654,4.54988555852012,4.39594027421017,2.88514422535243,3.48115919227831,NA,3.92038977018331,4.7592634426381,2.84366741868775,2.29158364012345,NA,NA,NA,0,3.53437616521818,2.88884429746735,2.64296190811573,NA,2.75405931087692,3.2473608347271,2.67290879324019,3.22385832292031,3.29338172770617,3.0099615504588,3.03465711290466,2.51757994037834,3.27168186899059,4.84039663982596,3.95010199928222,3.6229309996071,3.78800665271563,NA,3.18842497113864,3.99680761014831,3.58824369365081,NA,3.52545709242069,3.95686486298611,4.03108318968794,4.23297149228785,4.58478741677702,NA,NA,4.37115346900344,4.66012450160218,4.72070203764255,4.59451113149329,4.53001957306776,4.59824744857274,4.41528912531871,4.08721046874742,4.3658954910482,4.25337981411644,4.21408620670189,4.21039824705958,4.23650533856021,4.33618349981415,4.84202281720422,4.05307872834557,3.98818449509861,3.94206667818584,4.06638385269279,4.16007287790681,3.81792869446112,3.79759207131492,4.30537749074253,3.88028358999286,4.0154422002099,4.0550736180789,3.90217605965149,4.00747684110429,3.91233285104056,4.13372925913165,3.98491253773366,3.90595664989137,4.13722072896277,3.69460452691758,2.66008662950126,3.05263663011478,2.96185609583942,NA,4.45141144164443,3.49094117587845,3.92722380862172,3.17889092859397,2.85866149363191,NA,2.78229694211286,2.52078062342795,2.29737734142493,2.94071018737354,2.8864574116668,2.65376876783246,2.42870652291672,NA,2.80508885761978,3.01875862599843,2.7260767243682,4.37074824173242,2.89481139928839,2.62183776830627,3.49883495329236,2.69039361993648,4.03274317139081,3.6874960134808,2.61958374318759,3.50636863817955,3.53019815540371,3.13808068147615,2.95991325160276,3.39416099882755,3.58106245062279,3.24686883752745,3.42957707853372,3.63356805576759,3.41760867802916,3.49761115650376,3.04097070989994,3.09013438159101,2.96119558342494,2.96096507315319,3.41889822678913,3.5715250957253,3.27345904483137,3.5048012401738,3.75940379070395,NA,3.77055723396927,3.79238558566923,4.31678064132535,4.01088570098627,3.80839747915789,3.96475276694068,3.98196086072248,3.95950657705011,NA,4.06053848798466,4.4963504161025,NA,4.26733968532811,4.54000117404303,4.42979593216007,4.28663162414584,4.29881504168438,4.49300807133443,4.51292878099698,4.22154434354272,3.96620999362092,4.57484529928254,4.3737297340052,4.07286416845659,4.34797906990562,4.55877988060122,4.13864955434482,4.24503680847079,4.32266739936603,4.66558429528606,4.88173417331215,4.20982873630041,NA,4.40674437771081,4.54806900456138,4.22072495282284,5.14517551323898,5.93937243051305,4.29584059094125,5.08390646358624,5.14019582042159,NA,3.74490807968415,4.47714328206081,4.63480845106232,4.21850557349428,3.6372286889213,NA,5.01399122596775,4.54149379335919,NA,4.55147827853815,3.7892527314963,3.69761008813274,4.46192045669278,3.83891940581475,4.32044751786414,3.50206240031649,3.02628754427765,3.60814942045256,3.58873937834693,3.06550025732289,3.17737649261936,2.98560078237058,2.6750433713172,2.99723580761899,3.42667940769397,3.84712906592637,3.36808743529872,3.03057324730763,3.20731617186838,3.92488595412066,3.20857307705101,2.76505429025832,2.23978929423435,3.20839641501945,2.47078420109735,2.87072617302455,2.82629471495414,2.54916942760682,2.83098225476061,2.60736092527237,2.81607108008455,2.80988895101868,3.01227738139987,3.51807887632993,3.22606413212899,3.55266690664579,3.46282290980073,3.41667228089677,NA,3.40059204936655,3.59789423517923,3.77356739701295,3.84033734230074,3.68140463152682,3.41787601395838
NA,NA,3.67087966128475,NA,3.47685299773161,3.79503410482318,3.5700528987298,4.3336775971177,4.46385093385376,3.58974669951736,4.48289692784083,4.64541498049372,3.23743232246302,3.84928170232397,NA,3.23372103244338,4.41153086443519,4.0038202277987,3.9688879654066,4.02632171471879,3.57653865706027,3.72847435503557,3.88680657020663,3.15319509101749,3.47763401302134,3.5466589085948,NA,3.19740591264941,3.36553663967075,3.49025307310737,3.13713960585736,3.49781261716967,3.44583863658045,3.63809318832222,3.23538756934737,NA,NA,3.33080339599154,3.55688687540842,3.68101830189272,3.20018800273586,3.25398788804327,3.28703817805931,3.02130369451724,3.62714598022631,3.42406289167828,4.58669384809037,3.43163159259732,NA,3.44278129381486,4.57767743646991,4.06485068019983,3.83055161855146,5.56013198315564,7.36875274846531,7.85862508104715,4.89263375814605,6.35415203522588,5.12389309449436,5.41046422631249,5.97405826887644,6.15549204154054,5.38099597322335,4.41681391830054,5.07720639531649,4.52246684244091,5.43017379555332,3.78640343510262,4.41000916126775,3.49870399241983,3.46685810305352,3.39152803917292,2.96280043998806,3.06805283162578,2.91268579063513,3.06760056352505,3.15302602414742,3.30201103339107,3.02179579671109,2.81115480301676,NA,2.87708490741378,2.93162730601659,NA,3.17159162279022,3.5449042875873,3.18843487014916,2.89491843934831,3.42961313673119,3.15147297965847,3.60826114822896,3.42369428134525,NA,3.643064882993,3.31161496055636,2.95927963906166,3.76721331955061,3.60872059218107,3.95463554258714,4.06030688784446,4.39813853449782,3.68104034782753,3.33556839286799,3.74611999823293,NA,NA,4.00691438747946,4.68216104246444,4.58412395390354,4.24657660200627,3.18879735096457,4.01694950183442,4.07468005720524,4.66213259315889,3.53739333406573,4.02093230952939,3.6943271354032,3.5986400227555,3.90579017383652,4.03214198181762,NA,3.39385738789008,3.46436436944289,3.43564174740495,3.75207598860501,3.10117931564049,3.58462636633295,3.44282096512005,3.46668323334691,NA,3.85148920155277,4.05886711525961,4.37811504477545,3.7123711874038,3.45892553926489,5.71533213538816,4.57438910988729,3.06922344913554,NA,NA,3.4725942938042,3.33305424800364,3.56364145556668,NA,3.75319142197777,3.69704794514079,3.51058075093376,3.25238151271301,3.83644727749412,3.73752362101075,3.79450764974376,3.28835777773389,4.55427669387988,3.97252863601619,6.13839344686321,4.89758712697027,3.76192192105969,4.25208479900366,3.64597212238089,3.50800135296688,3.79473469673071,3.48445842807486,3.70589810287716,3.47413961784398,3.53911480332228,3.85684710073347,3.83128130778034,NA,3.62720076294863,3.64919933482607,3.53117333041555,NA,3.52992522453908,3.91400248264142,3.68884645584013,4.27166408393935,NA,3.75130496296108,3.79705098630036,4.30615983146706,4.18933717440871,4.31451987135692,3.98341624513461,NA,4.83660504195783,3.87463015642981,3.82005540882033,3.63807802528399,3.64050677324168,4.00131794955017,4.09613700331215,3.64669531802072,3.75549730220232,4.06209104409657,3.93487266325288,3.69290743673822,4.05200328855749,3.96648253802413,3.96413162869329,3.69829977173823,4.05627504232061,3.91264893969834,3.95816172038774,4.05254127528169,3.76041036043248,3.87537694406356,3.59880780289398,3.87851261795546,NA,4.29537435698393,3.78316000943536,4.19161971876833,4.5393749496977,4.97558210048765,4.59823475098152,3.48717244866435,3.32360043874734,4.81074975296681,5.26194353334363,5.4957147025475,NA,4.26294866197191,3.53160455320281,4.34383556386264,3.46171270017607,3.31569291337538,3.1099027546451,3.48376852529393,3.37583824190715,3.45798910294813,3.49860412073095,3.5381496852513,3.66756341410943,3.94293863635439,3.63648290763676,4.08514634205671,3.8511283243109,4.66920110162925,3.34210964456347,3.717809290806,3.40785456753279,4.31823954500673,4.05996002071064,4.07127017093382,3.55362783834732,3.55325024138783,3.71122165298533,3.7037280524176,3.98955369340225,3.84391949726181,3.73454054868865,3.53146874575183,3.99954946397603,3.88555225018528,3.71022392177583,3.49981784046504,3.61928108280689,3.41681035688767,3.90298028828371,4.44249799267684,4.29275616407274,4.40926732407626,4.17844465671029,4.48394283299392,4.50508223830459,4.26432578855154,3.9653438102685,NA,3.70559609377605,3.97514107600612,3.87329931953792,4.04183926168312,4.08781056710036,4.32897235692946,NA,4.66360287738407,5.08468789711017,4.83541066884328,4.59166658293766,4.70138614474907,4.4112522385735,4.33393753061708,4.07649872355751,4.12168304909939,4.24694660354658,4.16009429515116,4.44157040759216,4.24738219036687,3.83601807395777,3.62501118791259,NA,3.6386999738481,NA,4.23781465644975,4.31821410000731,3.8517930303923,3.86985580923225,3.99626029401495,4.10070596111996,3.99670713089133,3.66181447821387,3.35241111353253,3.21385487084765,3.00441488313858,3.43413703327981,3.28096688158731,3.52856079544547,3.72955545046199,3.38113459959937,3.5723745628975,3.18067191264743,3.77120844734378,3.91828486968313,3.46482601669844,3.68387564128556,3.92470606561752,3.51055886758412,2.88392385055755,3.30357501394451,NA,3.19538194706121,NA,5.40788667895399,3.85538632117707,5.73645654969116,5.64090973023141,2.83996162917393,4.41630732101124,NA,3.61314024524004,4.53585066861206,3.09123354322735,3.12218072447549,NA,NA,NA,3.53437616521818,0,2.47242862342735,3.01970671284227,NA,2.839058798858,3.56447925056512,2.91717737745727,3.19795773391396,3.11444508572074,3.47196363741011,3.67456034192746,3.55006302441965,4.34712589525468,5.07740137694995,3.93418329397586,3.65121641528745,4.3803851578366,NA,3.35623768464927,3.91086525512951,3.38601606133714,NA,3.31545929425099,3.87704382164895,3.56187512026788,3.57991638852078,3.99673416342147,NA,NA,3.87011197192068,4.37546863128478,4.34664429940409,4.28969088876531,4.18310527925986,4.10477549201002,3.93934369060189,3.55496237827609,3.80211446900125,3.75756797097502,3.70660271591894,3.7228234752391,3.83004216392014,3.55680624751861,3.8243135594633,3.71398860330275,3.81868881990186,3.67607823634835,3.90987354963246,4.11741663240977,3.80428822523293,3.80606771601224,4.09475864364711,3.72679489290632,3.84015025803057,3.85563920334587,3.80824125314592,4.00598469901042,3.77100959536298,4.16818109682712,3.99320395520396,3.73303038389518,4.53025853220473,4.02970738376515,3.32619688513996,3.32405724177486,3.76608903205645,NA,4.40234227413301,4.3342151510127,4.67916059186602,3.76033521786413,3.48330899878114,NA,3.84937244518607,3.4060813795783,3.34319508056447,3.96839570391706,4.27293910059901,3.8905790414825,3.0703022111684,NA,3.96779177930868,4.17572265721115,3.66591277014044,5.74000274989799,3.75975695384469,3.56406501217642,4.66859654020474,3.6282777666677,5.1116655540423,4.74031925682822,3.08317760491937,4.04707675583987,4.03978643354819,3.74984595545706,3.59479230543604,3.97323064088089,4.87041435602803,4.33205468815,4.41063007372813,4.73123521210375,4.72445526897986,4.51806481578238,4.10752862412347,3.29267783014576,3.34800488023467,3.44560445308052,3.53653239269669,3.41902570749165,3.47301646219531,3.51810945986829,3.47248082503455,NA,3.69420780098391,3.77890454360529,5.52067254005884,3.74344091439337,3.55049246592648,3.6216506981598,3.64862659701714,3.82477164805718,NA,3.72527189905288,4.26879142263597,NA,4.07359798064175,4.21523694371955,4.1492526755744,4.08738034433839,4.14870025776666,4.05606793875533,4.2416436177715,3.95242112452067,3.7340081615941,4.488795056567,4.23197555312977,3.8905415758072,4.1619007641125,4.33556002059433,3.89567018757874,4.03465300901536,4.28794864151516,4.64748085449815,4.61160594887207,4.03565751057227,NA,3.99049811640133,4.3307888347846,4.11912056289337,5.14586523111509,5.81669766888729,3.98677102144603,4.78639552764383,4.805111020322,NA,3.50614287739634,4.05026548680624,4.15647773953528,3.91075838157972,3.17788220018103,NA,4.54673242761923,4.13606639386449,NA,4.43148842675742,3.8810711387745,3.80050639161662,4.48805725258011,3.84856990874404,4.6055368577468,3.30568424434744,3.26793781220307,3.78383612392542,4.01819496226803,3.58320794725189,3.6185702387859,3.61963611854447,3.39523582914907,3.51106860640232,2.88140954477027,3.67507291577803,2.80120136918082,2.78640783827335,4.2280907426315,4.3617072617348,4.31165208098486,4.34581351274053,3.67969573809391,4.1889702552878,3.33239757020732,3.9869419756155,3.51876756175868,3.08882458144295,3.76851781612579,3.25056308493774,3.10887441197048,3.29709078831417,2.98728767861199,3.29167170478227,3.25739314638066,3.38549692478335,3.13604878134566,3.02802712415274,NA,3.05361168128958,3.35721314889901,3.57011814472041,3.58520230577662,3.24892915243826,3.13118552646604
NA,NA,3.77391279111087,NA,3.65231960391974,3.98501278914996,3.61157547919863,4.61130822297632,4.83434674289417,3.86853645130377,4.61874890961268,4.78139001893266,3.2693776170723,3.9314472486099,NA,3.35330874092644,4.48332893437323,4.01750731489675,4.0405865907758,4.16498486579707,3.40186419253348,4.04056128554138,4.23392033088175,3.24116113793906,3.54640671627111,3.41037811531686,NA,3.01816931314807,3.11707647188458,3.48127616265666,3.0190379092549,3.1730163503798,3.01254233360588,3.30374316163203,2.84202753365468,NA,NA,2.845544876867,3.17790594014813,3.39730432719124,2.97248920647092,2.7590117906726,2.68081840996928,2.73845167224654,3.07761946477027,2.95394320685056,4.37860705740614,2.97962190268403,NA,2.92042406881817,4.20956272568256,3.55526455101134,3.23783727713474,5.3165372562422,7.00641185225965,7.66964131191697,4.59472048007277,6.02713903786401,4.90650736185471,5.03759026543397,5.61385238395226,5.69433871524044,4.88490866369225,3.90328888451104,4.58342410169409,3.95112873076258,4.94471380305308,3.34419399354649,3.69570914445237,2.62925708865779,2.96349947902761,2.90608365284346,2.57530699373436,2.88541496566314,2.76207186148363,2.81990816376469,2.82017200755975,3.17206660783665,2.89921271993864,2.62126673485198,NA,2.724692374369,2.8193404877608,NA,3.17253830436146,3.36578421902862,3.33610478043398,2.70223949020325,3.31831583572654,3.06263984822397,3.57556851393695,3.29899559889873,NA,3.69549939209074,3.28151247009717,2.76673946759492,4.05198058353468,3.85811813371954,3.95487854795658,3.96818367598464,4.36488631364768,3.50652147069191,2.99073722117726,3.66307245291421,NA,NA,4.18037925223024,4.75184054042599,4.62094758581842,4.34993332746484,3.07589687516862,4.2719964348035,4.00213265228,4.78399326411484,3.39382952527889,3.86842923304302,3.55737633654104,3.32469863114309,3.80991502135288,3.8940755565215,NA,3.12042158118371,3.09183578371078,3.06019611605306,3.26462281824068,2.85862974320575,3.36435721924185,3.20633181545969,3.23593257232703,NA,3.76620857864396,3.91324428283322,4.23799287438682,3.50886880138946,3.08882052603318,5.47962638591603,4.38575491612888,2.76439687228714,NA,NA,2.68285987373459,2.49336938813829,2.77450470680115,NA,3.09241283347051,3.41612469898657,3.38996660083741,3.04936348610591,3.50551552814605,3.50564980207892,3.55086528946938,2.82474596057047,4.39499813663711,3.3361128508835,5.79073279559612,4.70397906590015,3.4249497739437,3.93215207128852,3.19716204897587,2.76288593574477,3.31774978249001,2.89054201968218,3.38826690432708,2.87931871204937,3.10951234722004,3.28539981456957,3.25979307941788,NA,3.17205318054897,3.19195332564827,3.29005033307417,NA,3.12121773390808,3.36129849305649,3.17447920378933,3.84486596548589,NA,3.39122582484899,3.34671605027297,3.84331636747385,3.77396737063804,4.06094395082553,3.59146070868473,NA,4.38679299327364,3.61358818284192,3.60517967831845,3.43962139144741,3.44718047561958,3.71387632221717,3.84232432408909,3.43035611839705,3.53233823136631,3.99232030252591,3.72235549667858,3.5091854540984,3.97124912418129,3.63593196940241,3.69378419174974,3.26460487161509,3.71309626238596,3.51515395757255,3.71128420666639,3.91710004628476,3.30756207919525,3.49638201166353,3.3609141879731,3.60220772512242,NA,4.23907464294459,3.74885740669885,4.16211045119173,4.48333153418712,5.11089521601875,4.77892516242988,3.80158208904351,3.52679253038951,4.57206272299907,5.11016623273117,5.47213439864691,NA,4.08173283605503,3.2283669348606,4.40084138891533,3.21001479144719,3.10311446845014,2.75453888314216,3.1062922851845,2.91465779084448,2.88160474802036,2.96523925236763,3.11565951415728,3.19472346177218,3.49539116026652,2.98523958248096,3.71640289819931,3.50522838792986,4.1246443831567,2.72914492496492,3.2085661877088,2.95786549944866,3.53465037319237,3.76736575247542,3.7244211347248,2.8722940432589,2.99708512930263,3.11790757504161,3.30596565155334,3.37299604747644,3.16554001341939,2.98650882492418,2.88218580629039,3.59413977011189,3.2683611890978,3.05710294098865,2.77284947108204,3.14436181720317,2.82636076174646,3.39529021854833,4.03343399140853,3.9875050120434,4.0179759520152,3.72866936059084,4.21869519867706,4.23380634806526,3.79702252111323,3.53499023213609,NA,3.40797353164387,3.66961966355293,3.63248542552085,3.87606238234667,3.86963441002938,3.99869810146585,NA,4.38041085882672,4.61488940224398,4.39870683605392,4.16975489210453,4.34960477696796,4.05527361878917,3.76985804456663,3.66313400746383,3.67960315339927,3.98321725253247,3.75521208665103,3.95330448252026,3.71956390677523,3.36525549926193,3.06973701207827,NA,3.16080607581205,NA,3.8483151796503,3.81320959170516,3.30515782187564,3.47540735894883,3.8572885469901,3.8974005599138,3.56693571222054,3.40172019887014,2.8405924798524,2.74281376346643,2.62978025701454,2.97454314723684,2.9168922220761,3.09809920274007,3.25868537472107,2.92231068224525,3.14105125298611,2.62219786357528,3.4163918141731,3.4209579770497,2.97790923502808,3.23691552508834,3.30725837095847,2.84218085577464,2.44499281720518,2.97842892418738,NA,2.64887968165508,NA,5.14179699204781,3.76607043580039,5.24331458427118,5.26948754126673,2.44327910943701,4.00130074483431,NA,3.43014619000565,4.33847519109386,2.84232995282811,2.70497340173169,NA,NA,NA,2.88884429746735,2.47242862342735,0,1.90746773785304,NA,2.20772220621057,2.79311003434141,2.21613330141549,2.53892447368566,2.45116199925112,2.83643390430744,2.97505531954305,2.8692211141198,3.8741234064719,4.72270789754451,3.40883724574243,3.56306379770475,3.79657409354701,NA,2.68280527939075,3.972962086554,2.85173388691025,NA,2.73533659325404,3.23557956770579,3.17201792536898,3.18720724476669,3.68952711777364,NA,NA,3.59652823992774,3.83090562261262,3.86713328496363,3.81606084318811,3.78797403661343,3.68850158121609,3.62200874273269,3.32259578110816,3.41505542030584,3.4987282104891,3.34512241976356,3.38478777498443,3.66212822807407,3.36245984098213,3.65514191179698,3.23710440550049,3.34716192300972,3.3703878395634,3.68814734881883,3.7714332682414,3.59080386751294,3.70159240285401,4.00049391192309,3.46758595156511,3.63858677826854,3.74846975465403,3.64197348126517,3.84130865627781,3.71018921305259,4.13085780637654,3.70074904710685,3.69191125525362,4.28573692235959,3.62450652445115,2.89866373630288,3.11725497235523,3.44118583004386,NA,4.5011800966546,3.97636736621839,4.41839317720053,3.41198773509226,3.00035787560073,NA,3.22616136801607,2.74712417553261,2.70993449410021,3.49268404144073,3.68167613661993,3.37485685055862,2.39832059371273,NA,3.52419091231248,3.72146216281199,3.2721437434588,5.36088909832163,3.42350830315759,3.09354141046472,4.15892629744944,3.04971995968599,4.63629490362176,4.23836420703183,2.57288059950825,3.73961936046804,3.57035475681931,3.07025047689713,2.99644102332208,3.31970402634002,4.29468873009747,3.71589085900753,3.91002774506415,4.2600681445269,4.09251259384389,3.94365470561049,3.44306703182278,2.76172719251916,2.77692643091274,2.9032142378031,3.09133867279767,2.98264485648919,3.04221507458606,3.07595069003237,3.19535596151446,NA,3.23441599019801,3.34204763676092,5.07099364145766,3.49547937111313,3.31016707180313,3.34989253274598,3.46882523196332,3.41509734707519,NA,3.46115389128514,3.93657423927827,NA,3.71161751894839,3.9215601281918,3.81235327210541,3.62873631697296,3.69638896086914,3.76128623747528,3.86844024494718,3.6614667151636,3.52993438458883,4.37333654827636,3.98569163707795,3.74988858363272,4.02197941190699,4.20933903997573,3.93065211649135,4.17615560896585,4.33674842999953,4.63006126593911,4.58558852966582,3.89450013800039,NA,3.79979696129695,4.41115525363743,4.23752584367038,5.1494470842756,5.89541989350418,4.13364296572694,4.89326466542796,4.80159450619427,NA,3.68430005518663,4.29437334898962,4.25477017042136,4.02970187740119,3.40111733176705,NA,4.84533286992305,4.44080389566089,NA,4.19403945574244,3.68477033636659,3.61257417788667,4.41744522598171,3.5949314047718,4.28159656299145,3.27480312098512,3.0234053486222,3.62498611719001,3.77743851970179,3.28321892841528,3.33140675040481,3.22104847227083,3.00866546449575,3.33615126113876,2.51437751047671,3.84536410454519,2.65393028390638,2.31170397030329,3.82719094150448,4.24854828221818,3.77776000040032,3.82882168080473,3.14878302399411,3.74590452194516,2.79045780392268,3.37235757494174,2.88014050044285,2.40696946133454,3.21403482820006,2.57881272903475,2.47269412793842,2.47964618718754,2.34949339667962,2.73063476008808,2.72961244387405,2.756427455905,2.62726799958844,2.49196004432323,NA,2.57225955151457,2.86760502895956,3.10085022916673,3.13821632173098,3.01455202497873,2.78252838579508
NA,NA,3.86760829382342,NA,3.60043932553598,3.97675257274927,3.54242433716753,4.56497669224161,4.82219427459462,3.80093279352263,4.55794512748658,4.74946489030787,3.24105587096761,3.94450951350223,NA,3.46069782818789,4.31652635125716,4.02774558784095,3.85845389956726,3.85714246409094,3.15145565011932,3.81074470777065,4.247313898361,3.21759286013708,3.41150529954159,3.4386046474425,NA,3.15537254662649,3.1469349074295,3.36297070157971,2.88173237998175,3.13699600945837,3.10076142567656,3.34240171566731,2.84837439440692,NA,NA,2.81980592954038,2.99763369982581,3.09852172419005,2.82077937231747,2.55997601101848,2.58434784670586,2.50634264361614,2.78750955474061,2.78222458935179,4.15839100660796,2.85183667026821,NA,2.93147861706173,4.10610016178635,3.37133345052142,3.20395536593392,5.05505472435023,6.74743023434883,7.51976060266828,4.52458816140228,5.91800445388612,4.88785376230792,4.97356644059271,5.58086448081253,5.66869544850985,4.87839826894302,4.13444369481532,4.70506340515549,4.07485253452281,5.19807432476514,3.44241806801428,3.96400040732914,2.89937706216489,3.08044725026075,3.31285773435564,2.65332576718176,2.71242735309512,2.66643562578228,2.95793599312166,2.98550770631304,3.24995932577197,3.08299336112723,2.72771993354012,NA,2.74771815141065,2.99212737893154,NA,3.31053192608177,3.57174801652522,3.3836920897483,2.48467781679796,3.54507406665549,3.0694316316038,3.63801773131916,3.40611950840537,NA,3.6561841213495,3.343618632395,2.53526355768072,4.13388091203481,4.00608263748997,4.02743389135378,4.07114075850747,4.39601604525017,3.62586146358506,2.6658145527084,3.53747023098773,NA,NA,4.11974137184262,4.7696993605074,4.46533538328768,3.96982271181271,2.59719889797146,4.01808772937481,4.04621290344717,4.83787145973136,3.20528800525654,3.92400244226376,3.43367869226896,3.23771215509884,3.61119069064027,3.80601338244444,NA,2.93650607720324,2.81626339725798,2.99473138413488,3.32237491452783,2.70225942237744,2.85872916894833,2.74857934140831,2.72641645290935,NA,3.3222877203703,3.42445777464325,3.67466415974618,3.06853032485583,2.7738647907434,5.28275326801129,4.12658767148659,2.68898692540401,NA,NA,2.61696737790195,2.4880956881537,3.00590831477948,NA,3.09688097293107,3.34722582958141,3.45193198888134,2.93577709157796,3.4994060406666,3.361923549649,3.52285889852538,2.68567772774232,4.44585601291977,3.38432674722847,5.58878087396045,4.57112084241117,3.24795584090947,3.93083409257488,3.18044785595482,2.76736353007518,3.24070785589687,3.00267772492847,3.3617654422346,2.76040418349652,2.91155837716451,3.23412865762194,3.26539316784821,NA,3.24565547249573,3.2839158423272,3.07461906376792,NA,2.88117968815719,3.36985625486758,3.03198400867156,3.78323640751591,NA,3.36142849262643,3.26087568661726,3.71671096338446,3.67337081692969,3.84777874903023,3.64313664072317,NA,4.34011192371718,3.51431571400558,3.73981185418412,3.55276129717295,3.41967654284248,3.67825203600718,3.71091489613945,3.44174359940383,3.64064162976328,3.9938882497638,3.66918392063473,3.38672400071802,3.92835811033086,3.67506818290559,3.74180974385867,3.1313163054934,3.65227223423727,3.37018245963068,3.56147776857488,3.71309052195022,3.1154611122911,3.40504673376044,3.06842278584284,3.46418300349362,NA,4.03299366358569,3.47484501496697,3.92077474959448,4.29957109962806,4.9278017070783,4.66868850725512,3.92488738333988,3.69295526292951,4.29126069209673,5.03520155349514,5.3893322867371,NA,3.83469067654347,3.05408182271382,4.0832975453624,2.90888335914671,2.86382053939597,2.67983964113154,3.04766622231194,2.87337163761995,2.70610940362147,2.87090083539823,2.81308036659153,3.14780765666573,3.32595802559167,2.6502517441208,3.31259925188607,3.22165131173661,3.87906617394845,2.64149957528683,3.21311857546547,2.95058065793206,3.69341435984467,3.97276521805502,3.84840091957333,2.61656864862622,2.86856170911713,3.04885741498977,3.14509401184602,3.31276506260377,3.2403937045546,3.16967264647712,2.83653634376683,3.29620322304075,2.9390485476756,2.77059906883062,2.97495434650507,3.53437540112349,3.02594871100814,3.44838396392735,3.97852317607932,3.66921572375831,3.84830628116634,3.56451372104668,4.01450077058413,3.9565457198964,3.58560726949896,3.31076855758207,NA,3.3247789029415,3.55597077182553,3.52283786792249,3.71910283347885,3.67469046878685,3.78901701638434,NA,4.18519868937113,4.37870305443072,4.19207533966187,3.98998261350954,4.07955563726258,3.84615762632509,3.60594214703042,3.49409003820672,3.4888596706917,3.73313804605039,3.58955229335671,3.97240428916583,3.32161460799949,3.10694908438602,2.88134776177796,NA,3.04941910756281,NA,3.61025162972287,3.56000443062023,3.16036030377453,3.40634270066444,3.62484217692202,3.76271983916972,3.39073444825363,3.24639152797763,2.7270034668448,2.50910425508695,2.42902051382342,2.87652731303055,2.79647131388561,2.88843650001729,2.98271670086039,2.54809254497772,2.9549553524977,2.55470377113827,3.26959610996803,3.22415926610728,2.88740482402035,3.1135892423342,2.97654523047576,2.55099359086131,2.39983730446663,2.72156367938659,NA,2.5821585143164,NA,5.14284750157026,3.89282614978288,5.11676199728659,5.30366368143218,2.68694813413975,3.96937298805681,NA,3.65286651021455,4.31029555277207,2.95705884535582,2.61362211054025,NA,NA,NA,2.64296190811573,3.01970671284227,1.90746773785304,0,NA,2.06610709130987,2.80802810079205,2.05103622177874,2.51532770149085,2.64236050574764,2.70861646905611,3.01874464157106,2.77476224628271,3.73723201164509,4.61404114429151,3.58965728501155,3.62605635613273,3.74189048384837,NA,2.83804716092276,3.9096783548979,3.03587194061852,NA,2.90801994060059,3.31126541714692,3.27427779887276,3.38497459023667,3.80122554367733,NA,NA,3.52303500311784,4.03814653789734,3.88367618386515,3.81099659345366,3.80473309052022,3.9085982185844,3.65650120313833,3.20975631416306,3.46082716443001,3.51541209853545,3.38746981021822,3.51784611232257,3.70617632981042,3.35734439678651,3.69512006282104,3.22785547064734,3.14728735572133,3.24540470185423,3.58203786711291,3.71330813265567,3.49663731283886,3.57073898082907,4.06826288446015,3.40810067872352,3.55636237925115,3.65421926714245,3.58866395647929,3.84591145411762,3.62450470574721,4.09657785970759,3.62552571515222,3.64267988872251,4.12715677474027,3.49343143926774,2.74398091539352,3.05156292712362,3.31657262193985,NA,4.5639439318989,3.94413795718711,4.3738401539682,3.34842696390432,2.96351879941401,NA,3.29518461807123,2.82117747391381,2.72572293899946,3.47515594382324,3.68394660980788,3.27728518553328,2.25827312762076,NA,3.47157113059418,3.66089078787252,3.38464845253977,5.26765489468729,3.32496977440308,3.25258597673221,4.22277968395318,3.2332374352144,4.80754276741789,4.34826807900642,2.56314133181003,3.87029696847761,3.71343656103138,3.17479435287029,3.09439083146335,3.51845309262932,4.24598449449208,3.80801210040892,3.93978087438524,4.16478233758628,3.90106672303661,3.79208281924155,3.32105100304291,2.86857360532986,2.77338985016285,2.90558698059267,3.17473481081721,3.11146094323263,3.05384048913916,3.08967255927381,3.309272068661,NA,3.19575530116078,3.31090574655518,4.86094332332851,3.50635469267857,3.36719617702468,3.43267535702657,3.50446798163386,3.40952806376326,NA,3.49771751761615,3.9136389687977,NA,3.72189456735162,3.94694379507184,3.8845587365588,3.68955520927665,3.68728958342789,3.68530652536378,3.72900717814161,3.53040207890584,3.44652212667991,4.30423610402525,3.94344914751897,3.7135734833773,4.05189628163097,4.2311844048298,3.91532120938834,4.1137402654858,4.2891593031847,4.58753791439067,4.60590829514002,3.93206599415975,NA,3.6877000751684,4.45381479489787,4.16973777828141,5.14003116445397,5.93638935842677,4.23902515505048,4.98801728337096,4.99716486584676,NA,3.86495726368538,4.48685849983375,4.46963188592755,4.15172923485261,3.57114367094382,NA,5.00032471631098,4.60173279783089,NA,4.30865468562612,3.71405468981093,3.67951616397225,4.46825006687453,3.55955200825014,4.33651365240856,3.44964191293371,3.10699877515168,3.61811368098357,3.79079195033719,3.45009451686988,3.4874619721319,3.44807836885663,3.17067733672918,3.43043870255202,2.83321918283523,3.95668593934712,2.9669830802972,2.6590467767907,3.82772717430358,4.22674954410982,3.9756666849676,3.81727571976523,3.15780527363248,3.73439313586989,2.80587727778922,3.33656109476641,3.07619926495219,2.49220119693075,3.13018153255178,2.59697556984637,2.57529767101239,2.61486675482163,2.59430376633872,2.90117399435281,2.80059932129745,3.00325011974265,2.85390213116459,2.82487948808822,NA,2.79005107087378,2.97873814243143,3.18853093242944,3.23450931077012,3.30049125411642,2.98414343167651
NA,NA,NA,NA,NA,NA,NA,NA,NA,NA,NA,NA,NA,NA,NA,NA,NA,NA,NA,NA,NA,NA,NA,NA,NA,NA,NA,NA,NA,NA,NA,NA,NA,NA,NA,NA,NA,NA,NA,NA,NA,NA,NA,NA,NA,NA,NA,NA,NA,NA,NA,NA,NA,NA,NA,NA,NA,NA,NA,NA,NA,NA,NA,NA,NA,NA,NA,NA,NA,NA,NA,NA,NA,NA,NA,NA,NA,NA,NA,NA,NA,NA,NA,NA,NA,NA,NA,NA,NA,NA,NA,NA,NA,NA,NA,NA,NA,NA,NA,NA,NA,NA,NA,NA,NA,NA,NA,NA,NA,NA,NA,NA,NA,NA,NA,NA,NA,NA,NA,NA,NA,NA,NA,NA,NA,NA,NA,NA,NA,NA,NA,NA,NA,NA,NA,NA,NA,NA,NA,NA,NA,NA,NA,NA,NA,NA,NA,NA,NA,NA,NA,NA,NA,NA,NA,NA,NA,NA,NA,NA,NA,NA,NA,NA,NA,NA,NA,NA,NA,NA,NA,NA,NA,NA,NA,NA,NA,NA,NA,NA,NA,NA,NA,NA,NA,NA,NA,NA,NA,NA,NA,NA,NA,NA,NA,NA,NA,NA,NA,NA,NA,NA,NA,NA,NA,NA,NA,NA,NA,NA,NA,NA,NA,NA,NA,NA,NA,NA,NA,NA,NA,NA,NA,NA,NA,NA,NA,NA,NA,NA,NA,NA,NA,NA,NA,NA,NA,NA,NA,NA,NA,NA,NA,NA,NA,NA,NA,NA,NA,NA,NA,NA,NA,NA,NA,NA,NA,NA,NA,NA,NA,NA,NA,NA,NA,NA,NA,NA,NA,NA,NA,NA,NA,NA,NA,NA,NA,NA,NA,NA,NA,NA,NA,NA,NA,NA,NA,NA,NA,NA,NA,NA,NA,NA,NA,NA,NA,NA,NA,NA,NA,NA,NA,NA,NA,NA,NA,NA,NA,NA,NA,NA,NA,NA,NA,NA,NA,NA,NA,NA,NA,NA,NA,NA,NA,NA,NA,NA,NA,NA,NA,NA,NA,NA,NA,NA,NA,NA,NA,NA,0,NA,NA,NA,NA,NA,NA,NA,NA,NA,NA,NA,NA,NA,NA,NA,NA,NA,NA,NA,NA,NA,NA,NA,NA,NA,NA,NA,NA,NA,NA,NA,NA,NA,NA,NA,NA,NA,NA,NA,NA,NA,NA,NA,NA,NA,NA,NA,NA,NA,NA,NA,NA,NA,NA,NA,NA,NA,NA,NA,NA,NA,NA,NA,NA,NA,NA,NA,NA,NA,NA,NA,NA,NA,NA,NA,NA,NA,NA,NA,NA,NA,NA,NA,NA,NA,NA,NA,NA,NA,NA,NA,NA,NA,NA,NA,NA,NA,NA,NA,NA,NA,NA,NA,NA,NA,NA,NA,NA,NA,NA,NA,NA,NA,NA,NA,NA,NA,NA,NA,NA,NA,NA,NA,NA,NA,NA,NA,NA,NA,NA,NA,NA,NA,NA,NA,NA,NA,NA,NA,NA,NA,NA,NA,NA,NA,NA,NA,NA,NA,NA,NA,NA,NA,NA,NA,NA,NA,NA,NA,NA,NA,NA,NA,NA,NA,NA,NA,NA,NA,NA,NA,NA,NA,NA,NA,NA,NA,NA,NA,NA,NA,NA,NA,NA,NA,NA,NA,NA,NA,NA,NA,NA,NA,NA,NA,NA,NA,NA,NA,NA,NA,NA,NA,NA,NA,NA
NA,NA,3.58552214514612,NA,3.35055008980434,3.58142780733983,3.30009513655684,4.17272839887807,4.48550843958663,3.43374517636495,4.30452964035717,4.41547599871801,2.96765274856503,3.47199523818579,NA,3.23052934756954,3.97593665838993,3.68947962041389,3.69230970019874,3.70589378225527,3.11617398932405,3.54140449729105,4.087722828381,2.92777276643289,3.29867180844056,3.26170114927055,NA,2.83125298427889,2.73665371212973,3.06720789774685,2.50824410948633,2.80461939402745,2.7830630893834,2.97444650649176,2.59417549689268,NA,NA,2.54968566614601,2.88658988173204,2.96757082978275,2.44173704529307,2.42293901617798,2.36553158120247,2.40204008397371,2.72756830989336,2.73960530161784,3.99779341646211,3.03841834964751,NA,3.13938948922679,4.13553361061539,3.29363366300188,3.14081837717011,5.08723647798969,6.83987871209319,7.19111489682002,4.5202415194665,5.76749324491049,4.6295404023888,4.79823338324988,5.53098989428275,5.5348922463542,4.7315062005311,4.22953169423174,4.5639885231677,4.02137755003108,4.76517082946194,3.15393115659458,3.78974386046375,3.02771856919554,2.93354611809168,3.40325636604813,2.3391673324878,2.54675878486194,2.41857238240894,2.73218716274212,2.83116831969018,3.05297154408236,2.64910791141821,2.58582996292285,NA,2.51156901232855,2.80953638309967,NA,3.07454453284157,3.44773681625722,3.17156914371242,2.29199632560545,3.29756936810923,2.75856180384644,3.36349999584872,3.09747467756266,NA,3.3376855661538,3.08278821282088,2.27115089396035,3.8851911814399,3.79054891143137,3.75894665071894,3.71291749192611,4.13379694959455,3.46672061823645,2.52955038776879,3.25366562146391,NA,NA,3.79997442010303,4.26861536918544,4.23293281699746,3.94028994654417,2.46232165884687,3.79615964723066,3.52289286515822,4.5322650329309,3.00437572048474,3.49941631918404,3.30280553572997,2.86877947960099,3.39705589206214,3.3271879816722,NA,2.85101925753529,2.9716201448727,3.10344772623724,3.27569059062367,2.47739911580774,3.01328983149297,2.78286061178423,2.79009144258114,NA,3.26739968610504,3.39592178948533,3.74043295907303,2.83955965685634,2.58491171414329,4.93442253468131,3.81561831163467,2.39317807541556,NA,NA,2.74395465076572,2.3949830282429,3.14956196985968,NA,3.15049539971649,3.31465211956065,3.34176663140498,2.84604949967749,3.22879006476354,3.08142447047314,3.17921986434867,2.3742917444859,4.27555551784732,3.55942883594803,5.46461451228463,4.4161507019167,3.34482585180283,3.68623658432208,2.96264828408025,2.81904858791278,3.52794552351217,3.09015690518143,3.22474700432069,2.89294579473792,2.89047924203474,3.18748648101945,3.28458632235028,NA,3.37306712943303,3.259359183294,2.93136504204125,NA,2.97911902543575,3.33158266797076,3.02058542774489,3.82681041585621,NA,3.24825613417404,3.12721664571006,3.63919569453807,3.54132429047446,3.86383113112037,3.54339443222407,NA,4.14962518609913,3.48215442097178,3.71808333329998,3.40605112021375,3.21719432357744,3.53179390706927,3.6084843469509,3.33732383601952,3.52660479446563,3.79992261842673,3.48455227282364,3.26783529497588,3.83272162215596,3.78412785327239,3.69795485355617,3.35316255764845,3.77598288179947,3.29441143309824,3.57501579597905,3.65206040705561,3.12213341655734,3.57949080562946,2.9718280477407,3.27890839186248,NA,3.92275516143034,3.30966784021406,3.75533060711387,4.0701427153806,4.78268028515121,4.42534988641823,3.66878945737943,3.32103500968666,4.02703065886703,4.69492151297118,5.08543426568573,NA,3.92733528002164,3.01401969020546,4.2486227004232,3.0857140135959,3.11327246935636,2.89918512930013,2.97267173680822,2.74753735392485,2.84524805997268,2.91168705500909,2.99860898138534,3.01724173368459,3.18765140953253,2.68335725613026,3.11912783910786,3.00742851562086,3.54207595076704,2.53262622214827,3.06006591662544,2.40785528018974,3.91616834377083,3.90218361372747,3.76038655747613,2.50363638438123,2.69640878663837,2.92436536494826,3.33971818017622,3.29337381023248,3.09512949040122,3.0761971108221,2.65778581506269,3.27658363596328,2.64142092937189,2.83725664993476,2.83078556465298,3.46457491704761,2.84059160520911,3.38909947651819,3.94966165765524,3.40747291360352,3.59022072196757,3.45091749187773,3.79847361990046,3.75488680800588,3.43297058756437,3.22122619403999,NA,2.86486852666039,3.34195619867083,3.51100717529648,3.39165856811126,3.45182819621783,3.6812787202208,NA,4.23301494687688,4.38887693664242,4.16312474831815,3.92111650698375,3.93963696399336,3.78360261536388,3.74493979773185,3.3606017586327,3.40340606384524,3.54204263636618,3.43458175776647,3.73075383984604,3.49967042935328,3.09008606079408,2.71598549919246,NA,2.72715971543248,NA,3.44658871663798,3.39285037274606,2.82242071560448,3.04657651804947,3.40319930744188,3.47074088456321,3.16390680241987,2.91492832122554,2.47730269875684,2.47740661198234,2.31704369188955,2.73154115550767,2.5338295103485,2.88653175714387,3.11685526625948,2.46552126675866,2.72626774943451,2.39062754647819,3.1516201631678,3.32859790517031,2.69419048370291,3.00972486306015,2.88766609523473,2.46955861371513,2.15593409623548,2.57569268388489,NA,2.56324817161927,NA,4.85103182250646,3.44321429763801,4.98011427676964,4.94203912690998,2.25120401546193,4.05345526339512,NA,3.27484762725982,4.11659708693501,2.60708542871778,2.21025384043312,NA,NA,NA,2.75405931087692,2.839058798858,2.20772220621057,2.06610709130987,NA,0,2.23881437244919,1.66999794347684,1.98890037668618,2.38213066161363,2.28595910959035,2.67636982050922,2.51647195783829,3.21480474893423,4.58433949321739,3.21267179113055,3.35493563498908,3.50197615102715,NA,2.6141926447857,3.84968635863922,2.58428290653378,NA,2.74207574280238,3.14949156295109,3.2074385310557,3.25959651185443,3.61768944365265,NA,NA,3.30556462935513,3.77380741864818,3.67566562359617,3.58969317954701,3.59810278275325,3.88151881774995,3.541124977641,3.10457338493733,3.41086777379987,3.37937965469542,3.21600868497552,3.3014593537122,3.45501020121828,3.46509658710678,3.83663869177492,3.26704132775734,3.06642335947818,3.14207415241463,3.41190112823192,3.54134089478085,3.21034862634748,3.2195389678343,3.78341311478812,3.23541564651993,3.36822169656029,3.37786670933837,3.23627663708344,3.47010827482159,3.31029225422677,3.7032422202373,3.50359875195244,3.36805344939538,4.00398914552722,3.50790283767386,2.55043802819319,2.93548098696029,2.89715347699555,NA,4.19284692046273,3.43899136381681,3.86600369687995,2.98559153562457,2.56782013366821,NA,2.88720123602369,2.31413504345936,2.29238416887726,3.10417528912689,3.41838589331902,2.95832436905485,1.98771158421566,NA,3.25193105841695,3.33683643504687,3.32226550554412,4.93187425774545,2.69928093658705,3.21877876537031,3.99768439220653,3.12642190305965,4.46178519363248,4.16673640427448,2.1231368374508,3.67452556786405,3.52600352317045,3.08069472036759,2.91866734170941,3.14475107083065,3.98894597957484,3.58383542352559,3.6203979507782,3.79930946864072,3.62735638769774,3.439318366624,3.03017417031581,2.6273503238701,2.41618123323427,2.51015426760334,2.70143189634619,2.85182356937056,2.60330224393525,2.77023421654535,3.02947534249561,NA,2.97879305056631,2.99735906986752,4.51308267448094,3.17890683392071,3.00938240086536,3.06896675232871,3.13127152453691,3.07511085116557,NA,3.16442397093911,3.63447140219311,NA,3.3798561466056,3.59365877349831,3.47535323676206,3.4172702378488,3.34616580551396,3.52959331033015,3.52611679073027,3.32381249608777,3.18300402075812,4.00899195395159,3.65939931827455,3.37506033303725,3.67989072775795,3.78593679588243,3.55685586743826,3.81071312575839,3.99904763568696,4.28103685637051,4.16281400365146,3.55434329046081,NA,3.38413570794457,4.01009241586276,3.82272745011216,4.74443077164749,5.54276276889828,3.89591425296171,4.60950082194781,4.61737225728849,NA,3.45250018620194,4.0453194538906,4.18557934858979,3.8078260458998,3.21777433906312,NA,4.61662737455118,4.2098034363585,NA,3.85747538538216,3.28640450971091,3.25222225956376,4.05434168864178,3.21229752955046,4.0258069838925,2.90269119125029,2.72163452831443,3.26743014934462,3.47988053303506,3.25422512433735,3.28273677505519,3.23359881478906,2.92949085708805,3.15686552162171,2.71196838521144,3.71078955231303,2.63439274253703,2.8832114227721,3.60174432471189,3.97704536741769,3.76847949244205,3.52803672493494,2.88144124196086,3.31344636506367,2.51258739726408,3.0077145062701,2.74694685299619,2.12117164299603,2.71706065334032,2.24484479780713,2.23995087490497,2.43496054044123,2.315728606867,2.60284757315093,2.42709865850077,2.86980961953945,2.76797033300604,2.59692228612509,NA,2.53851876244111,2.61739211058019,2.85767369064365,2.88209246188713,2.82647979955143,2.70779586717155
NA,NA,4.42101119173902,NA,4.33728258783408,4.53550915644864,4.25412939487306,4.95734286384332,5.26497966557119,4.18527852419105,4.88979379896028,4.96708223403345,3.93532088111311,4.47447224114622,NA,4.12818664060846,4.64881370616291,4.50271107190431,4.54827757593713,4.56146369549838,3.93706204111955,4.51421566058097,4.51085454925776,3.71156679441305,3.99977392730711,3.9783125154201,NA,3.65569554498292,3.61511367290619,3.81840602498999,3.42108468357948,3.67148264476615,3.68757706815748,3.86724542730688,3.44052822810553,NA,NA,3.3456310908026,3.69554114783529,3.76109959346418,3.20663441041282,3.22909389498861,3.08283671651747,3.23704379258972,3.33496624588014,3.47290177060541,4.64914899563147,3.55304679124442,NA,3.65005776157629,4.55188650917015,3.95551587230076,3.89574370577382,5.54583802142983,7.23871766545982,7.78461589759495,5.09468086118683,6.33907747153695,5.26316988956543,5.35342761506966,5.90669305944343,5.95929523933464,5.18687964890357,4.49666929609101,4.94215454601653,4.47455113684649,5.12240451896679,3.76330895017797,3.57978412127661,3.4521509695092,3.55472193157031,4.09808297109797,3.26374876349946,3.43504095020579,3.25306558817356,3.49814668338718,3.57555368888824,3.83229248913111,3.41728899371971,3.50460771286403,NA,3.46442815547341,3.67000871135558,NA,4.03130431402125,4.3035415644815,4.14954386078702,3.22830435368199,4.1151119318325,3.72058697760529,4.34742836145222,4.10537254348008,NA,4.23398425286155,4.07595461463279,3.21634770168684,4.9323446396408,4.77033983816247,4.67213766214532,4.6954649637259,4.84051682506345,4.30738317350037,3.47794374539329,4.16492655458982,NA,NA,4.84536596877453,5.13114578798905,5.01466549719885,4.86313333356471,3.30235107384361,4.67965305321656,4.09264679180435,5.08183005420582,3.81131996433728,4.25227230983339,4.01090778854774,3.71562914931552,4.02488868085379,3.90186503040444,NA,3.85888720849855,3.69050246900181,3.98684038081365,4.10791585916811,3.47002410417803,3.8150305332746,3.52080647581179,3.55858328141628,NA,3.90413695718088,4.08005730438155,4.51941861292788,3.66714526390222,3.29955979738439,5.47655288470384,4.34333554922569,3.25712954707623,NA,NA,3.61634332621591,3.11994850863129,3.8445778412754,NA,3.54342518337315,3.85439421878646,3.96995362085916,3.62818004405916,3.95986733485382,3.64015916003019,3.89405970571584,3.18100049455126,4.55843853744461,3.88546863474927,5.91082608813444,4.75349102746372,3.73674451108523,4.4169766091272,3.78966731993333,3.47830829879397,4.1682988928781,3.66537101434589,3.92524412872751,3.55593089410208,3.70686022540923,3.97105417224871,3.94296917937459,NA,4.01166745971417,4.01378607516825,3.76220453382527,NA,3.82193022078209,4.21153288913665,3.8716235945378,4.62946696027304,NA,4.13116716127561,4.02229763668569,4.46941146192305,4.4298722609119,4.68620624966672,4.35966850264767,NA,5.12057487266143,4.37114164531301,4.43601061188467,4.27000417667662,4.14542691222973,4.4052872540886,4.55489075335645,4.22073119117016,4.41653526509996,4.73614172007495,4.43572360661013,4.30684376047078,4.71086079771968,4.72159383628419,4.66219301780502,4.226789096549,4.58013950229836,4.27707080813195,4.43169549196828,4.52282902206386,3.96652486109822,4.51074096043861,4.03651086754127,4.31344766211213,NA,4.74824608227779,4.25007750496149,4.62799819731327,4.925120649542,5.45422685426987,5.15057888400901,4.48541342167206,4.20768398450387,4.81233135443096,5.44558640402415,5.9378796273134,NA,4.58845226741597,3.84131938631918,4.8891726798004,3.78969651229914,3.77988142464752,3.35693951763903,3.55695586377888,3.33869042519852,3.47079310187686,3.53597107878442,3.55388907188188,3.69739255285947,3.7858630091515,3.69435924431318,4.24564181548366,3.99518909631685,4.61219284534805,3.74024940018343,4.02456817434945,3.42438112992818,4.63267398984214,4.36754196360078,4.40363066031754,3.53134727203961,3.6898885755163,3.99233100883269,3.8318641213371,3.85088111133188,3.69531610078092,3.70830053938705,3.68446844497915,4.01017388368299,3.52479232981975,3.70463488809899,3.54734052979827,4.21017742399667,3.67733036857147,4.13791005028083,4.68178708899222,4.51216788037628,4.74527786169587,4.34515614331566,4.77802991167476,4.62232481834258,4.48256645532846,4.06572121584651,NA,4.02951449540609,4.36116899441033,4.49832796923701,4.52988242020979,4.50860267879913,4.56996878807398,NA,5.14125893520474,5.22243394559835,4.99801874651114,4.84624059218436,4.92080074577416,4.64506281142082,4.57815007456665,4.32166185354853,4.33284769988261,4.52872293694411,4.43665516813245,4.80434854328473,4.45465777062953,4.03617968015158,3.83124145908794,NA,3.83778217217988,NA,4.42896389046031,4.36819742123134,3.90146000091828,4.03631685203128,4.37982173521052,4.48015326348174,4.21609461950589,3.77087786766852,3.48906162095439,3.40112004386906,3.21856068322088,3.75356368615266,3.46497268356923,3.63111103512124,3.73051218861228,3.4712535956637,3.60438793325584,3.28740650714712,3.96871270006581,4.20620658466446,3.30915768801443,3.55246948721099,3.63136304791366,3.41801608189353,2.94275096171721,3.40705834697482,NA,3.15057917506178,NA,5.14016648300899,3.65736981334133,5.47187389122143,4.97711648868089,2.87659316387666,4.44438786181207,NA,3.97786698979911,4.77927338757889,3.16321733705812,2.98166691384856,NA,NA,NA,3.2473608347271,3.56447925056512,2.79311003434141,2.80802810079205,NA,2.23881437244919,0,2.22592719108613,3.01073835042365,2.77665587426766,2.57984825019274,3.1353942873194,3.17231048807835,3.96092475940511,4.98788088002902,3.55651700276536,4.0790061329389,4.34254264482095,NA,3.32997090725494,4.45386630082689,3.51226503688741,NA,3.55549933244063,4.05510138622624,4.08933258809553,4.21646921534182,4.62146490910651,NA,NA,4.4209765905661,4.71722097590982,4.72565932756038,4.6778364113667,4.58340661244828,4.81174240724999,4.62676207088431,4.18106953754712,4.47645407702515,4.33734961735103,4.20439135516654,4.34023640542496,4.3277557642927,4.12151659510711,4.76605703866609,4.14226180253881,4.05157713906114,4.040380086762,4.25491946134744,4.44317157070544,4.11265839511317,4.10270890878325,4.42045305311579,4.13189000719495,4.22077722382791,4.21137506421418,4.02940755047018,4.17617998611209,4.06792752496927,4.3749509114775,4.4326125325289,4.20600100340529,4.75398583393388,4.20416255251087,3.50120968926659,3.79922578858116,3.71858134031583,NA,5.10131367480843,4.21287808029261,4.56172722557114,3.75413711033875,3.41659194126555,NA,3.50657547614262,3.05038811774853,2.96163724147297,3.71476109003648,3.92628668312056,3.58709036083194,2.86839707485084,NA,3.76987317522631,3.99065879745391,3.77536119258633,5.48846387035409,3.50259356095496,3.48096152711811,4.34124608683512,3.47047695684235,4.85229202364896,4.57213337418408,3.0048582613124,4.19322889767611,4.07233733843427,3.70331693672088,3.52114946795985,3.81690245182452,4.51140063107345,4.00167632092112,4.13492107949596,4.43659294683149,4.34489848173411,4.24447484466246,3.82396501761867,3.46170033510333,3.36401755819836,3.27233607548424,3.68887935086475,3.85884720457614,3.51953249726812,3.78292262147553,4.08150619505463,NA,4.07061998159906,4.07022657574931,5.16358354124814,4.3000151249932,4.04418968689289,4.15656032497031,4.21253710604965,4.18344113191616,NA,4.27723832099565,4.75634755793672,NA,4.46361250130624,4.72027469463336,4.5955503034397,4.31129187585014,4.38224028265813,4.600792650317,4.53925094754004,4.31570248821931,4.12137577388169,4.87900172848055,4.62902896455914,4.34784934592031,4.57618246221863,4.76481923322556,4.41624517434011,4.64385292929207,4.83540900358788,5.04974896198881,5.08127029670145,4.40931683286901,NA,4.5143029739358,4.7861422016227,4.56200377994584,5.37715463635797,6.12600492431051,4.51966186035253,5.18245443685427,5.19864853623438,NA,4.10304982298925,4.65838881967892,4.7845995078775,4.46141704286346,3.91558644244795,NA,5.11745638286489,4.74326239842377,NA,4.5722490731744,3.95152415363377,3.94201719780357,4.59874441101119,3.93838973840356,4.6673884753283,3.5650434750446,3.41186127611267,4.03587726903265,4.12529946947216,3.7564845491063,3.75986064698702,3.64126382393984,3.48344180867292,3.74202543089639,3.52534657135845,4.23651984657521,3.35268940249203,3.41081473071216,4.1731920208444,4.61928671230463,4.16334691440786,4.04486435382175,3.43123309952582,3.90916131755418,3.10391901940145,3.55195513868891,3.23392050223573,2.86477033414356,3.2775213072478,2.81203352871864,3.00820825769401,3.04794933218415,3.05276983580921,3.54689770011845,3.25833251421249,3.55720865214557,3.63147869564541,3.50466887858756,NA,3.48287556039189,3.65811640126428,3.92589799394097,3.93315602649951,3.65888320984122,3.53878942475501
NA,NA,3.68623253288162,NA,3.45686932334971,3.74848213277803,3.42182731349858,4.2542562050849,4.57857380072498,3.57130669422041,4.31581352968138,4.43198426267458,3.13073641468908,3.79033469426903,NA,3.41439365535136,3.93125165986322,3.78805570704798,3.83798557553817,3.90305933726046,3.23288186722586,3.7463772801058,3.82713470627265,2.82235099915068,3.11855005141659,3.19871789503877,NA,2.73710918424612,2.62300735947785,2.87711832427473,2.54217478185422,2.68028146408345,2.69419413931932,2.91324209218961,2.53414961633194,NA,NA,2.49816277732908,2.77321843166576,2.91706369898553,2.55400279565445,2.45826045384719,2.40196368444047,2.55991154916232,2.71431004075091,2.85940238303368,4.0012119902556,3.02735329322502,NA,3.18262947878383,4.18753986600146,3.35802148835531,3.27733930441048,5.04662397568233,6.8282238647182,7.30074623108492,4.64660423488537,5.83105973843635,4.7271941642904,4.7755998269831,5.40809732950225,5.53949151786381,4.71064932838632,4.09116934686315,4.50258106555724,4.0201134345671,4.88750047725574,3.31370097101501,3.75175386101054,2.96828614610636,3.12923556780101,3.44441207696827,2.4506041785625,2.62643901369423,2.434566003288,2.72821662576358,2.83692034736948,3.10227495415019,2.84960825479338,2.627098827666,NA,2.55060429624679,2.86142223721413,NA,3.19167096492343,3.48882245918254,3.25661785265553,2.29150889086131,3.31523352575557,2.87145141119694,3.45836954909374,3.22537345375124,NA,3.4131072819224,3.16905998294393,2.2873309288095,3.99749133173478,3.87723908459103,3.80306647805082,3.82752513346038,4.14179580249596,3.52440964331322,2.47158193259874,3.37850004303391,NA,NA,3.96553447436437,4.47585171284554,4.43476363252008,4.10438565530572,2.4056674447061,3.841911641411,3.77097880280317,4.4785760225128,3.0300973710217,3.61748387900083,3.28831466289492,2.9280487958874,3.41067285744307,3.44867886444427,NA,2.93321203361319,2.98056389131539,3.14619678797384,3.34547625934896,2.57480627513273,2.98062912561979,2.71190473076394,2.75252988651958,NA,3.18290479015648,3.43822146822518,3.76236292305131,2.9242226884106,2.53003459082599,4.90893998707612,3.8135180771912,2.4682735029461,NA,NA,2.69840581886779,2.42147565908645,3.11365154677872,NA,3.02510974232584,3.21330880015298,3.40621681414454,2.99916366152548,3.38855389743459,3.16523322623544,3.3508466496966,2.46537539275871,3.98431960349196,3.45065149573204,5.41997605703962,4.35680137083064,3.24360572185924,3.75926491209128,3.07137591022443,2.77815986236291,3.34990275115316,2.96091488146816,3.29667960629212,2.76862071955439,2.88247411924548,3.02530912279738,3.10343523168204,NA,3.30161061485573,3.22746279422078,2.97121103304837,NA,2.92140514865874,3.22382832853104,2.99597226888196,3.71711187110127,NA,3.21555636402192,3.21046907282347,3.63785529726616,3.57417667046923,3.79215044217748,3.53772498599252,NA,4.26113732988104,3.44476575845714,3.56809938224798,3.26986911453773,3.16742026403131,3.53951992825117,3.6117169033994,3.24095292205879,3.47943105826661,3.75025175833825,3.52654113450526,3.3327538371228,3.73570182935941,3.73753745710943,3.68700632467664,3.32731494621704,3.79455160780562,3.44842725012305,3.67016509886577,3.76437609109642,3.34693711144629,3.73013332128196,3.16188743657068,3.44471068743385,NA,4.04478468383239,3.44638077943285,4.00821959569061,4.32644670148114,4.97892656551805,4.61921651038515,3.81659893544496,3.47642825781025,4.09296227321579,4.80459710530006,5.24114649738487,NA,3.95773763639993,3.15930427640808,4.38445824192299,3.19800039031726,3.18168661240754,2.78741488487253,3.08137629131651,2.77725813708115,2.87906755034221,2.95758281024462,3.02640072998362,3.19127803301109,3.29050518266579,2.73580402954027,3.29232874497294,3.25375018211333,3.83461605246671,2.79561042435205,3.23472827079927,2.67057337693854,3.89915481060093,3.89645092742441,3.74850741861814,2.43203893594993,2.62733680719972,2.99235241858728,3.17282511020534,3.26000753090039,3.07082723263683,2.9803671298632,2.64667405922739,3.2388700250338,2.74643493034637,2.81954262312512,2.89157192240257,3.51558977564806,2.9989202429195,3.49592005703944,3.9780669159491,3.44811731919745,3.66944520018748,3.50853406188421,3.88302850700691,3.83419217831279,3.47739745563032,3.21826119332376,NA,3.12952824775552,3.4334094419328,3.55072389042342,3.5433065030085,3.53457024454619,3.74597796838608,NA,4.3037359099887,4.53786850742122,4.2886637100427,4.05817913905349,4.12245951492182,3.83960701887474,3.71618400898416,3.45841262759212,3.42958842318352,3.62576271634309,3.50743000247505,3.87607359685167,3.60428456123231,3.27252707814744,2.88126156037578,NA,2.89484266632635,NA,3.57244709807978,3.68003664215325,3.06231093598263,3.25927579957849,3.54754824697598,3.74886186168911,3.37275439525901,3.08834305378763,2.60031718213076,2.50109504635321,2.33004346250075,2.82022356151932,2.64345602964632,2.92017006624232,3.15383269485799,2.6135583079301,2.68516915580539,2.30698593339204,3.19219696819584,3.27090294461206,2.68268318039819,2.86479798632415,2.91280130320326,2.66068284077569,2.21550550715351,2.6802951966808,NA,2.55419685432176,NA,4.76131082005647,3.47124644158693,4.97638036247165,4.83385842319475,2.19352088794796,3.9255497928155,NA,3.38467820593804,4.32488828454899,2.7367611639107,2.35859417015563,NA,NA,NA,2.67290879324019,2.91717737745727,2.21613330141549,2.05103622177874,NA,1.66999794347684,2.22592719108613,0,1.96229611941959,2.12116940096015,2.14161673514412,2.58898043929349,2.60779106415585,3.3459112779336,4.48396947348114,3.06365243755211,3.43202235824461,3.71269794924008,NA,2.50161818576862,3.76748575333993,2.66413949262939,NA,2.71691647915412,3.15312405911105,3.12585458627111,3.24388583649796,3.69462159851516,NA,NA,3.44629832776786,3.79341865641786,3.74683246291264,3.68309571968432,3.67871572875612,3.92501230898609,3.69494886931418,3.21428711310758,3.38150764501102,3.40500129757118,3.25593617851427,3.38960182511682,3.53349077260954,3.23468474138087,3.81950358950918,3.37988797329079,3.28575555908894,3.27560368213004,3.5659204849583,3.69995329570928,3.4294636609466,3.47262264786972,3.90131389803981,3.49868229585603,3.5880691510641,3.5688614639552,3.43595190994825,3.59558743884246,3.39363990829511,3.76052032695308,3.67656237907598,3.50197668813479,4.05959953021482,3.52241936129264,2.70547676076737,3.04669029292284,3.00725429230314,NA,4.40645221081308,3.47769850076052,3.95579002777026,3.04510855885182,2.67893462540434,NA,2.9528323804511,2.39008481257508,2.31819741442494,3.29408904572421,3.42746133589063,3.11181246420889,2.22223755057369,NA,3.31692634760698,3.48420910794817,3.34958205989411,5.02631244239313,3.01035828592088,3.13677701361172,3.93454211292309,3.03810960338702,4.47629908039858,4.11035329046496,2.39036995265399,3.69690365253153,3.48321250167204,3.1591910792054,3.03448439665771,3.37243278573557,4.04880682153377,3.59141921482128,3.59505717918287,3.99883167304549,3.93162421159354,3.55438604876033,3.20495369209437,2.757283966706,2.61466164080772,2.65867246462269,2.93343012119329,2.97277441570338,2.74218755905437,2.92568538827726,3.17792643244613,NA,3.16156118089613,3.16769445822628,4.65517213273905,3.30051616530383,3.1107634056781,3.20624333791764,3.24890934838739,3.17553117637024,NA,3.32449204753708,3.78355203245959,NA,3.5460208171386,3.77792326404818,3.63308580662387,3.47904759231391,3.47865214603448,3.71070979128753,3.69337431114701,3.49405001596141,3.2971291485475,4.10496798396264,3.81102404699985,3.56076226836374,3.88887046063173,4.03599380934538,3.75116566125744,4.03599368327453,4.17496696085012,4.4893470014325,4.39293941267607,3.69298379849186,NA,3.51546691488918,4.10982237006693,3.9174471785572,4.90538143341504,5.65697291310367,3.95614439468828,4.66702398878644,4.7378224305944,NA,3.43678267785597,4.05716244398822,4.17620471049434,3.79432994083537,3.24616847779774,NA,4.52104387975769,4.14177550207001,NA,3.90930269536492,3.24213277493099,3.25671048187655,4.01894896904995,3.3654685389108,4.14446037760979,3.1531243485435,2.84350035492878,3.49153031547843,3.70958670942458,3.31716045254528,3.31988548909108,3.27263036474249,3.03992186320985,3.2513933402939,2.77369305906519,3.75158752521877,2.89299953182034,2.97920522601774,3.72434824429895,4.14759325665127,3.83590759115455,3.56366178894648,2.96154919413784,3.31563520002306,2.58987243431255,3.09493654479948,2.63293749378004,2.14001443397309,2.68722010123973,2.25716687235363,2.35931327099421,2.55602538501162,2.39189213641415,2.73131633281765,2.51778726367342,2.87510820486061,2.79652612756281,2.67333975824215,NA,2.68874035780208,2.88960849763753,3.08843430640557,3.09957330143957,2.96240861038521,2.79358765127306
NA,NA,3.92503567349869,NA,3.59544436646452,4.00203580631481,3.77087024424877,4.60398314005775,4.88606813991705,3.91189924280012,4.65842669333955,4.79921759997519,3.33936123078338,3.94953588104147,NA,3.80304103889117,4.47798964234454,4.16742424708664,4.33594114160704,4.32809561716772,3.86258603030072,3.88855429346527,4.48779215643054,3.48745502636996,3.93972433502645,3.73474292436064,NA,3.36917679307947,3.33710397551609,3.58783542112431,3.19286138518811,3.56338393711055,3.53751080363363,3.66083342903992,3.19545480677202,NA,NA,3.18565204841675,3.48217488530598,3.64139391787164,3.25330999474904,3.14852903496162,3.03600017847441,2.92466213603416,3.19603824205662,2.948690113122,4.14361368620062,3.21991964783941,NA,3.32911348945404,4.17377454229399,3.40364630630167,3.2182434151838,5.13262547259854,6.87820785909159,7.30442702439398,4.7567894253948,5.88003291941662,4.78836181617517,4.93984169507825,5.69519113498883,5.60598736134637,4.80224303755169,4.28474432372274,4.69358903591132,4.18215688630475,4.98678896755037,3.34932815518156,4.01536293475064,3.12346249149823,3.153891192008,3.59731331228639,2.75392577641609,2.87708244070405,2.82842609427108,3.06014271744786,3.11005596645287,3.31128660683189,3.18269428654253,2.93547109739155,NA,2.92974629939655,3.0644773373343,NA,3.38156030070396,3.74376210213878,3.54586223422972,2.80939106349483,3.60515053094063,3.2370745879148,3.76690141185971,3.52053570916361,NA,3.80444597646991,3.49623874024151,2.84607559183216,4.15430965728641,3.98934011698862,4.09809080794226,4.20209758268823,4.37667446068595,3.78291229441806,3.05820112902265,3.82039320275102,NA,NA,4.35226121935502,4.83004956343061,4.9065539432902,4.59198633674153,3.04779526446867,4.3306297383125,4.26104772725385,4.89232702749105,3.64325181735555,4.15248205636323,3.91859668440562,3.64184214953064,4.10220626998683,4.0232745295023,NA,3.24938930527754,3.43694512429149,3.55430509538843,3.76903895120595,3.07802625726884,3.34754430677931,3.1725313071847,3.19681710190875,NA,3.54824390165408,3.9261271700765,4.06509664562841,3.23912523718289,2.95255714093784,5.07820705247912,4.1025641413823,2.85588460025439,NA,NA,3.13790205549624,2.81436560968763,3.42447687264815,NA,3.32377260975033,3.49573084912005,3.5889917923326,3.16744257569035,3.47921782939919,3.42359648647516,3.4344382359363,2.836163016244,4.28149431564333,3.68199118738099,5.66134255919146,4.70370721794011,3.67031215800687,3.78556434581318,3.20511463269634,3.01843739474945,3.56335574216536,3.20831693550761,3.39354365269085,3.13214116157135,3.15099652032341,3.23895341125524,3.49541427249422,NA,3.50598605706736,3.4803819216983,3.14548453189404,NA,3.16654509977027,3.71617893208733,3.34414493704971,4.03704775186018,NA,3.60691946352302,3.59656354281637,4.03271728468456,4.07417055503182,4.25292409722239,3.9478581272505,NA,4.71949317081211,3.72827889053667,3.95478439712971,3.6856496485529,3.66341104658851,3.96669562605218,4.00989594365248,3.61293358336615,3.82450325243981,4.11312399123284,3.9315471390337,3.64420621840928,4.18147470909772,4.02696440844579,4.00017995723969,3.71690000443699,4.18129730289254,3.82052131299631,4.02916686518683,4.05863766070004,3.67561704197166,3.92742370943512,3.42129528510682,3.97226875508307,NA,4.47452386413813,3.85776737017518,4.46833120284255,4.77171854607645,5.37937510887803,4.92067465404491,4.10478954140378,3.84812114581283,4.28206418696839,5.06427532141549,5.56774780501777,NA,4.37866459246529,3.63103883492337,4.72230080235248,3.50183611065906,3.45140132829851,3.16339680195821,3.24197422117169,3.16752368966198,3.13700802360828,3.31731923187837,3.47336441583579,3.44618870638468,3.59796662503424,3.06843246609355,3.56145645194485,3.47771089252675,4.27869333222145,2.88505472268013,3.3129473312269,2.9187172109218,4.04814862093242,4.13625194102904,3.95084761464165,2.81034708852488,2.97771295979327,3.02586617051226,3.43334504726781,3.42910860601388,3.19771270386731,3.11880267411698,2.84355058420654,3.40755275398371,3.06932802760856,3.01512079850608,3.0445049834115,3.53057365402362,3.10322074263529,3.5655330896222,3.64831388683738,3.48761342590808,3.62195481838183,3.44526576908984,4.04728600298665,4.01502686696858,3.84992673919085,3.70724162283087,NA,3.33472216359185,3.66886820914775,3.5543837175402,3.65676271666012,3.83224555341427,3.95636505510981,NA,4.52832735003641,4.80420422415712,4.50018556328459,4.46320339042348,4.35130857431993,4.28126837358474,3.64734160108302,3.88723372520693,3.92934364064495,4.12895346242504,3.97608778820057,4.27166188140087,3.92574890734857,3.78022723066426,3.33188599740215,NA,3.35789073936761,NA,3.86670156306192,4.05086933801252,3.55550674206193,3.68829491108391,4.00586373849004,4.12157297728969,3.82815415742173,3.60316710971622,3.03201680611138,2.9293488517664,2.78727471608743,3.13131353004341,3.03972448021144,3.47414922600222,3.6681194656875,2.98342280314171,2.84841340568677,2.75284616238428,3.37257369503965,3.36389808537305,3.1068619445516,3.33063888604006,3.28191786197433,2.93561365974777,2.61525773228221,2.99354728646171,NA,2.86607892002844,NA,5.01360473868229,3.73600927766196,5.02440284443284,5.17301428423652,2.67197053444127,4.20709669056761,NA,3.72445349357738,4.77195300288369,3.26132337248999,2.85164330177168,NA,NA,NA,3.22385832292031,3.19795773391396,2.53892447368566,2.51532770149085,NA,1.98890037668618,3.01073835042365,1.96229611941959,0,2.52262820162345,2.68240834180621,3.19437124896963,2.59772538943917,3.35990196535564,4.58559411293975,3.6045845608072,3.73975638894031,4.06804631861523,NA,3.08554663043161,4.18417258362773,2.80588058596328,NA,3.01901351347999,3.69824815873617,3.52183486722558,3.68893691965375,3.96722088507558,NA,NA,3.74577758164806,4.09559253310027,4.07449650907887,4.03569505303512,3.98100689153117,4.08900901949069,3.84658135207311,3.59022161485592,3.68764339363488,3.67130929835747,3.62870871355255,3.70459448251382,3.82553018733597,3.77491225832805,4.21618273962785,3.66979133735135,3.80522734319487,3.74676978976212,4.0561360130466,4.20174241445651,3.88465412363131,3.91578103266541,4.38397186611416,3.87088538051679,3.97124405521579,3.96215221301369,3.94164682078759,4.07679941460251,3.92012734834112,4.38013362916296,4.17274127402803,3.98374133498139,4.57266581676268,3.95880958458013,2.98473721098332,3.3898771807679,3.32452969422386,NA,4.71936922545383,3.71765815593161,4.26006945828548,3.31506272688772,2.89675861652052,NA,3.18219566134646,2.77270726308747,2.77037225801945,3.54054965032983,3.71082944773971,3.36947178221761,2.65524129679084,NA,3.59772660748596,3.6201781505361,3.58348713986377,5.14036757343233,3.26956799631286,3.47677488616604,4.14175030067766,3.34915849436518,4.57166714115041,4.31605048095486,2.69443669146999,3.77528666713774,3.69292456499495,3.050876841901,3.05035272063555,3.32256583412086,4.20716781628572,3.76104652249766,3.83631213138335,4.21287543135309,4.16209280817485,3.81794926075996,3.51056538386043,2.97351089514168,2.97265486270526,3.02124786361695,3.2790225077842,3.25706407591326,3.06629467705403,3.28158710397474,3.4273099959595,NA,3.47429227684765,3.55395676604546,4.87457259063239,3.67512582921513,3.53266845254817,3.53819071623263,3.61057176767018,3.53700030157898,NA,3.71702501798743,4.17650972628922,NA,3.9193547610649,4.13438878565357,4.02938240902528,3.90203598102656,3.92692290262382,4.0140621058296,4.18531095236656,3.94367080374244,3.73539662101019,4.45211583494294,4.2484935050665,4.01303136260996,4.31698707765698,4.45335078451854,4.20216078215289,4.46388658315492,4.57210422300297,4.87691742798294,4.81972151044256,4.14409501548321,NA,3.9372923787491,4.60630516361962,4.35305872639948,5.22499255546022,5.97330608761014,4.34924649638618,5.12522198602941,5.06191655679201,NA,3.95752501591529,4.4153793378974,4.56836710380898,4.23102179813446,3.61437777079405,NA,4.74112149806446,4.42680742425393,NA,4.20428892532267,3.59633534348333,3.53104575554036,4.37323325623279,3.71661930449766,4.4223029882343,3.41460666993857,3.09323983121983,3.6603882728712,3.88730020304835,3.53694783877981,3.47778136651497,3.48123199567258,3.1846255285615,3.40047170188082,3.0339015644258,4.1858469714316,3.3018527426953,3.29987678166014,3.99904599780878,4.49619141834029,4.08582108744024,3.82774659644316,3.27476100335377,3.54319777026958,2.87195062729357,3.32653030556602,3.06621130016309,2.48237176644727,3.01077319936184,2.56254423771181,2.66986397221929,2.80586928749146,2.70307388893255,3.01712078696077,2.98643022562567,3.30794649554463,3.05870469107607,3.0143499166992,NA,3.09215790853126,3.26962296810047,3.46333500875857,3.48485469686491,3.33708686218,3.13867637619483
NA,NA,3.79223154464877,NA,3.53269481428938,3.79815186508684,3.47107200942733,4.4636824643859,4.76621062616835,3.64567565931002,4.63750680278411,4.57395912305056,3.00600900898594,3.83754467253471,NA,3.51112006953368,4.39982302044654,4.12892314921937,4.08015366187085,4.22074305944429,3.56600130013373,4.10679684798193,4.31597360683077,3.3687632570323,3.78206595200706,3.7633170706459,NA,3.35597178688531,3.28146763378537,3.58360752307804,3.06255276342237,3.40122384816968,3.36616000451607,3.55642723025513,3.08876350694768,NA,NA,3.05439929044625,3.40266954375286,3.54113553864535,3.06745232586421,2.95471676191532,2.98432849038454,3.10709363165032,3.36257226221266,3.24049526243291,4.52736895180904,3.21029776991811,NA,3.13054125794667,4.43537197967282,3.91026812950187,3.7489053824385,5.4695002329678,7.20870881324017,7.62280131284952,5.01252927155842,6.2158639255222,5.0951445548291,5.01486515651433,5.76814152766079,5.82652598727684,4.85452826515255,4.4160809015264,4.82064931778472,4.08261830915887,4.77264242488493,3.11670165357577,3.47934533617845,2.78413834216236,2.83188607119451,3.11976617205697,2.53479822151165,2.59882996790933,2.39358476367039,2.69403403905558,2.74228719063448,3.07931148914054,2.73856707549113,2.6332140170122,NA,2.63666915032986,2.77691893253788,NA,3.07213175027324,3.37297276986973,3.16116258294584,2.60647891690631,3.19196523456275,2.91942549147331,3.39991350580322,3.09695334478484,NA,3.46921224965435,3.10015755310282,2.69086437034699,3.7912968171377,3.55943763008591,3.68549347891134,3.70400818674641,4.16608898659619,3.32232743540306,3.10289495230949,3.60606891176043,NA,NA,3.99217838957414,4.69259907203384,4.70695763317057,4.42126852467451,3.07957996408589,4.28752899661081,4.10476673111775,4.88326716631349,3.57893864100583,4.22850968441903,3.8770709433394,3.64647202043445,4.04265428871504,4.13127040798443,NA,3.43106370107256,3.23809584445004,3.42899173243397,3.3394425918712,2.92981078727776,3.40249838979741,3.22527983026091,3.26240262245802,NA,3.78875002948058,4.05497228545074,4.13816419203282,3.53556491777354,3.02835541240486,5.46046010694736,4.40213417485187,2.75749758026709,NA,NA,3.08684375949072,2.92962607296375,2.92603731905706,NA,3.11846687702637,3.35705512112968,3.33925307293444,2.95556595653099,3.29089983758981,3.23687662391491,3.55364125312816,2.86680283570477,4.64201053067662,3.47820092654515,5.94027967576022,4.86331054606459,3.59150246391907,3.77506452591937,3.13828920759334,2.81447333350849,2.94290501445425,2.63275789940237,2.97326374158307,2.41523285617913,2.61669836030202,2.74534417468323,2.88953794070066,NA,2.76623025505872,2.92424930700542,2.84715253377238,NA,2.65099899987205,3.21069246041024,2.81207273333494,3.41042279340405,NA,3.08522845193992,3.00482475969847,3.39807528004857,3.4108195175147,3.47431338607574,3.24412236954635,NA,4.20818908531974,3.34107144316914,3.12813599026818,3.15161621303585,3.10007047298426,3.41292484563159,3.5338631046659,3.00952209366586,3.16985304564909,3.6347812288431,3.38568534455479,3.36254476100027,3.7501610451639,3.63130116418341,3.66054396374962,3.27518690123706,3.72278035286337,3.75497298607315,3.82378169311398,3.95198323599999,3.41168808637544,3.61454741254726,3.24200877364718,3.64837303610357,NA,4.36873373438471,3.92091456423478,4.37303849728779,4.67933264234933,5.34282065815001,5.07647183129222,4.26498344014651,4.05912108040343,4.73940501018748,5.43282771589806,5.75763726152041,NA,4.32392173361251,3.61215733877205,4.63751233248738,3.52252810631494,3.29769475449561,2.9106400081232,3.31847213894698,2.95487591043934,2.95737807384694,3.07742889400249,3.04440368036725,3.34274515499085,3.4588941022307,3.15696880340864,3.63711820707913,3.51668128011116,4.22476069281411,3.08193065151238,3.11449472737493,2.97022656042052,3.43392463896041,3.56784797203711,3.7358447628988,2.73869538934545,2.61145213103407,2.94745546572233,2.73845138386267,2.93788807914348,2.81751652823233,2.73039286904223,2.60500197803134,3.04572486045964,2.82774053653152,2.64202985073974,2.59146513896263,2.85158733168811,2.75400056494663,3.27047462492526,3.83775299286856,3.62106190348535,3.76221916819589,3.39045408322476,3.7977716490831,3.87279370971395,3.7572166322074,3.30407943653971,NA,3.28496453933397,3.26787504881004,3.39156424563943,3.50273773247077,3.62114801701352,3.75593017119114,NA,4.27125702118362,4.53491303438707,4.2593831268443,4.18248179343935,4.27888811041615,3.93679250388222,3.59711757881289,3.45518604534361,3.43065453487519,3.70732492297736,3.71129130994339,4.18917194497856,3.84210137302695,3.59076729992051,3.19623433138483,NA,3.44002313037404,NA,4.01058511555819,3.97373055801166,3.65409918529072,3.79816453416651,4.17584555989171,4.26198531392137,3.92733227910057,3.49913825605757,3.22957903714525,3.04443579689448,2.85884218413288,3.13221951286379,3.03233255469103,3.2937375323934,3.4872984869745,3.15416965181024,3.39066974122747,2.91559445187792,3.40941824014943,3.52636098635947,2.98769996866093,3.3468439770896,3.5429333659004,3.27462660956407,2.81997320151613,3.09841546938343,NA,3.10560158761791,NA,5.31036682569314,3.77616046752216,5.45060698829788,5.29069063320533,2.5964502403883,4.31930594622313,NA,3.80894217362416,4.7087639515143,3.22847240617616,2.97001909885142,NA,NA,NA,3.29338172770617,3.11444508572074,2.45116199925112,2.64236050574764,NA,2.38213066161363,2.77665587426766,2.12116940096015,2.52262820162345,0,1.9412278707227,3.03846758454249,2.94202848681969,3.86865356664037,4.64301700920766,3.21354539825765,3.53235758878299,3.91172428108378,NA,2.72833960755661,3.82118998465008,2.73176167814821,NA,2.78276719279025,3.44596878025617,3.29968599949459,3.37715534527517,3.69286556134849,NA,NA,3.61010063674143,3.88978535882523,3.8270284591844,3.82164965619663,3.701833360597,3.85515412080449,3.76752810832801,3.40956498947014,3.29361343155429,3.37468427208081,3.35016141915497,3.4135939716484,3.76101190665028,3.61926513443678,4.11422159641492,3.65363216394349,3.73984543809464,3.85447023263426,4.13690394210183,4.25901973342885,3.98929864740085,3.94320408466426,4.36893122446485,3.94154522817816,4.07347921835221,4.16444792871225,3.97559674762134,4.14272013592044,4.01054414384076,4.38116425286857,4.36918610211633,4.15528669241003,4.70955303239415,4.16330315860544,3.35303839943415,3.59933040882275,3.79135904613331,NA,5.01141682433979,4.29871775399239,4.619312591296,3.67861185455356,3.25776291925269,NA,3.54850222667345,3.13922633700319,3.06365733769081,3.95763212725525,4.19567022563839,3.74958558842899,2.91713646154572,NA,3.7232325512911,4.0628363163536,3.77988607524148,5.49771232857577,3.59560946841699,3.59965026275469,4.57934435459765,3.53408194384416,4.72095255393921,4.38053769521209,2.99120339329424,3.7060729269532,3.21940754718984,3.31117896676993,3.12173294632466,3.4208374198399,4.46441390604416,3.93294059890271,3.97481219686901,4.52872872274667,4.27625244615407,4.19309414091491,3.78013618359763,2.69717211531017,2.96362670415092,2.99029672110688,3.06193215138046,2.9659178703062,3.03445558730256,3.12824515303611,3.19559356803402,NA,3.33486290333721,3.51943992233546,5.20372436419525,3.56042360333065,3.44568463232352,3.43379031718855,3.64502525047928,3.49891842420873,NA,3.6399596109912,4.08346132580429,NA,3.82286074351999,3.93934151242714,3.90755588390866,3.85713226534261,3.91880034573825,4.04558710495132,4.17905608829692,3.92167572251127,3.72207161418657,4.55273773717541,4.27131905579159,4.0164633732865,4.34271170682507,4.50652945259593,4.29995193488033,4.49975170720135,4.60948872339572,4.86878380326795,4.75419318853413,4.19338376227947,NA,3.83113397951795,4.61891154923999,4.4279216030875,5.31402139872919,6.09451995749434,4.36894120484417,5.1156755137786,5.15414201012475,NA,3.98866389289614,4.58078085238252,4.62700190195376,4.31547599097818,3.7522408136836,NA,4.9850746810288,4.63963979214733,NA,4.51596660118363,3.95282259901149,3.8553813719767,4.60593725591948,4.02087704199781,4.62594970928327,3.41984380644353,3.30222716814282,3.89254540566727,4.15949071998164,3.66898869652022,3.63974345781568,3.48218961079923,3.2666576181759,3.50641930215968,2.41681355515225,4.08623877504476,3.19989679730317,3.16566796173992,4.26958042721067,4.73115854331892,4.3744222409778,4.28856460789527,3.64276286321211,4.01804225328011,3.11133457439687,3.56710156927884,3.02854077926498,2.54060784235379,3.29503953451483,2.65219896613417,2.36898617627955,2.49091422066867,2.37625289166892,2.73904308384831,2.9247684269614,3.10878144648367,2.47061031821631,2.72889821005055,NA,2.85918825283743,3.01248766895204,3.12448996486585,3.03227588438061,2.87339790900169,2.69180414400394
NA,NA,3.85331290958985,NA,3.57724882943197,3.9543418828872,3.65451092612564,4.46103187245672,4.77630997455411,3.54081221668155,4.2656392746142,4.40726449219458,3.27543434267791,4.06746129765444,NA,3.9168998424133,4.1647460989811,4.12205161129577,3.9836636002376,4.09746274426411,3.57276867759189,4.11477190713214,4.41839028281148,3.53472563142096,3.64110784293709,3.80968077553841,NA,3.43720340242733,3.35015464512964,3.55769476254494,3.02787464066241,3.33707875924732,3.39214240151341,3.48777944549393,3.12824649586071,NA,NA,2.97004033640211,3.382147897617,3.43044724777713,2.92367811983657,2.8320592754658,2.749741085558,2.83959791633452,2.75994539266584,2.94512138178443,4.07005803172729,3.19350432941615,NA,3.50373948152301,4.14854324054481,3.51806747261012,3.58785527068691,5.18141282188421,6.6760849318197,7.30091201346406,4.78910683748704,5.68782900954461,4.52630018795434,4.59027706835529,5.19795830414823,5.26771642634548,4.38964079900466,4.26720822985546,4.54741359685864,3.96077331076917,4.87837409021909,3.41135182981628,3.47804159389364,3.16057794684685,3.25577242325155,3.85333581570591,2.79620983188647,2.98687992899588,2.77849736742961,3.05265336018235,3.07724940852596,3.39826222664569,3.08319455878802,3.06399245725363,NA,2.97061248701156,3.1691727532495,NA,3.54788452963288,3.84730602650903,3.65963097397825,2.74311901134259,3.57282772864006,3.17584385650963,3.76042019231764,3.57343387206809,NA,3.72658279059174,3.49926376880998,2.75720138074797,4.24172288123414,3.99342970442867,3.99542213460524,4.11347813711507,4.2667460790779,3.75184425600164,3.11308829711193,3.61590636811588,NA,NA,4.22074234785445,4.60061033774383,4.4514839992125,4.29903169736106,2.87175287685678,4.24608320801285,4.01742807584419,4.65534130648575,3.41660127405388,4.08121602029527,3.78009413194077,3.55918234978164,3.80833938321495,3.86563042762805,NA,3.54970045195122,3.35940352021061,3.65482438560558,3.81386835665276,3.154477831242,3.50926107772555,3.16470134033684,3.28638464901386,NA,3.44637936808943,3.69550993640686,4.04935713667705,3.17298858775422,2.70798862901854,4.67606049084273,3.56946653811225,2.81067985193724,NA,NA,3.31569994241534,2.80865347152698,3.47888777208529,NA,3.0583738981379,3.47725042640495,3.75806858007984,3.35735723146772,3.5011584812727,3.43710418044627,3.58091963768107,2.76926895051237,4.17963756464241,3.33141030967799,5.62894171268616,4.58438530737492,3.58925353893199,4.0586499234502,3.40519479512637,3.18950327055258,3.62113627158222,3.2349274210524,3.41874984544304,2.95389080733632,2.99116979431637,3.13523397528118,3.19916802392843,NA,3.19352927585444,3.21047063229326,2.94271063272439,NA,3.1234518808512,3.59739997939194,3.11489399247068,3.86437432812782,NA,3.44782373832381,3.40325812197005,3.94722113274073,3.71027232529407,3.97093138599446,3.71558484617321,NA,4.4591223233061,3.68437326519807,3.70235520830529,3.65918211928034,3.45660212495373,3.72372205052399,3.82988915317595,3.48563168654049,3.71775186789724,4.08591173220039,3.72199330706295,3.62423614662861,4.10701378849389,4.12627839422276,4.18232222995852,3.71462568342197,3.92790004982934,3.86142299959629,3.99098761580674,4.05983230012159,3.48106421593471,3.88957148716536,3.40338887277782,3.79541551820062,NA,4.23164383971508,3.67830954041054,4.156923833623,4.51767875915746,5.10013367522601,4.68690456386072,4.12809041337769,3.85941118136272,4.19487126217859,4.98859594273453,5.53420386782733,NA,4.2709170903612,3.57591146939727,4.53176396676064,3.45741375153753,3.41661257768348,3.02600557630443,3.19549240196722,3.04475179858113,3.24393072558033,3.37081491022622,3.29981919145474,3.7166979610229,3.67413285318097,3.3289616460284,3.95010020331027,3.82108199555725,4.29361152427134,3.42890220706229,3.57109287362382,3.31719632024728,4.11651627504993,4.18809717534337,3.9909032668585,3.04191275448202,3.11441418771559,3.34822969466059,3.07150998448432,3.03076262928624,3.02847093727505,3.11198194012355,3.0558464217598,3.21780906293594,2.62674709364324,3.01038805141109,3.2184865674494,3.79193626069906,3.36841132209692,3.74916355923482,4.21468587425648,3.99516656015477,4.13015758694935,3.75564837915037,4.16614392542672,4.00519852038774,3.88920154991236,3.32175426926909,NA,3.559810151302,3.74969111757828,3.9795252249854,3.93743885365528,3.9287012374507,3.94687637301476,NA,4.65904240236037,4.82422097745136,4.46380624957386,4.4145667254882,4.56944636794863,4.29137842701407,4.03785550936515,3.81550994554509,3.78873662558093,3.84092288302702,3.86795539715798,4.36525466528434,3.98941525740305,3.67214452280598,3.43297858498999,NA,3.48722906010751,NA,4.10293700045793,4.10117772639169,3.65894159772323,3.78020007838614,3.96272451373716,4.10093578256843,3.92483153030647,3.4754502490846,3.31603986520394,3.1991343234112,2.95571637419455,3.53404753495465,3.1862818385835,3.38768753470828,3.46804794911462,3.25061668719341,3.27993426433445,2.9392739337405,3.64211685286876,3.58489543799656,2.81479775160487,2.93729534530879,3.13194303524273,3.08077931574091,2.79005558404149,3.08465905509882,NA,2.8984619114167,NA,4.70467810182814,3.54354808718797,5.0308726925927,4.84732403693659,2.68381186035164,4.14251247563378,NA,3.67455994221798,4.328150003629,2.71352132981888,2.53885452400601,NA,NA,NA,3.0099615504588,3.47196363741011,2.83643390430744,2.70861646905611,NA,2.28595910959035,2.57984825019274,2.14161673514412,2.68240834180621,1.9412278707227,0,2.52870931575544,2.46729535030109,3.24734631301818,4.4722048930661,3.10045757460508,3.66262391395701,3.98526593029534,NA,2.93187999902006,3.9409032269118,3.24781158496631,NA,3.06886109565931,3.75229247996087,3.60254260295276,3.8003943907941,4.10512219013949,NA,NA,3.8425013266773,4.19500711316796,4.1084152280846,4.13311448011963,4.01694518374108,4.30940893553826,4.12720761015005,3.63573180784623,3.85629818786466,3.71271965911068,3.65770866973428,3.8431681226271,3.85982646213552,3.67717132554958,4.46090445641473,3.80399983873272,3.75228281348453,3.80224049620321,3.9415751849981,4.08746035104975,3.7667896571484,3.73481135152357,4.02467014862038,3.73407267613544,3.79642809162244,3.86401825964026,3.64152728234642,3.78695591259517,3.67357689927402,3.99741544440001,4.23813222848556,3.93373109250622,4.29921003485824,4.02210765321464,3.25952884751836,3.63553117414887,3.33748227243205,NA,4.8391212909297,3.68390016459828,3.96803705130689,3.0966110761049,2.9649204617164,NA,3.06087650718119,2.82240323071289,2.71607436936808,3.67919736265335,3.71527893487939,3.46022693466808,2.8043471285304,NA,3.27646337879611,3.46515079763943,3.56195850248119,4.99909142564168,3.3451792178123,3.28751588067645,4.08224896926646,3.15308860232567,4.34634882957207,3.80366237932696,2.64184724929912,3.38502562559881,3.04837092714249,3.00120773300574,2.72049704312138,3.252592382171,3.8867511513602,3.40487340399659,3.30400905206981,3.79501114384523,3.77242305356455,3.80236651270611,3.407484874082,2.87076018391575,2.79084577757722,2.8322777047254,3.26985381801876,3.29181624908336,3.08360063103946,3.27555191357157,3.51856115155053,NA,3.6337743633625,3.62569403505326,4.54369337559932,3.83230805035361,3.6249757144543,3.70425467947376,3.81072503641979,3.71395248091887,NA,3.80177113799437,4.27522486681171,NA,4.00447438605387,4.24152623666162,4.15451138779909,3.9119494218125,3.98474007002068,4.28589811712549,4.31995744134225,3.99095756394117,3.80086516696987,4.49163391863759,4.28831689178074,3.95632391264299,4.18452934339706,4.47452005814578,4.10064953401645,4.29680984369922,4.41344653544189,4.6180829254569,4.65173476063687,4.06289404558599,NA,4.00078373080479,4.36923801950979,4.10473259393152,4.96701823547163,5.78880483057653,4.04061899489058,4.81000614683004,4.98428780900603,NA,3.77735616183564,4.4649869618662,4.47434664253713,4.10935459971197,3.69170980182013,NA,4.82030533773827,4.47608939369084,NA,4.23268165642121,3.68908154438945,3.49751788427233,4.11895523897501,3.63453769299601,4.31882880217246,3.38904137666006,2.92983500074378,3.61993655038516,3.79504068764253,3.36318831108865,3.25708564366906,3.20967929706613,3.04740105388781,3.25582434594088,3.12106375736321,3.87258611301576,3.31788852643753,3.37480319731719,3.64237277423865,4.23237014343304,3.79498932174819,3.79543669519993,3.28540391887414,3.4366526877926,2.65904448800283,3.15620727312417,2.91390277624721,2.42673842259111,2.83585313869709,2.45895217785526,2.55063303873293,2.54673580048447,2.60480096307784,2.995615926216,2.80635100629189,3.2591701775206,3.01910434033453,3.1264330149012,NA,3.12066067407156,3.30445645989807,3.45617590902477,3.45251036138295,3.26730065880857,2.97367898720013
NA,NA,4.12628119980548,NA,3.84603838008117,4.24588475044119,3.85576917677825,4.68944757999699,5.00808903364056,3.9646670885207,4.63725681111955,4.82394079436975,3.74545770651048,4.31084974299362,NA,3.99632135869973,4.56236708068615,4.35930164224909,4.15072257221049,4.14791439068271,3.6117975189921,4.38919955857565,4.41864227880772,3.57051666110133,3.85782386940797,4.03034405409947,NA,3.84744730656444,3.63949895492191,3.74172487246624,3.343040595236,3.58189192786846,3.65220000508034,3.70115137525117,3.52151474801602,NA,NA,3.31966463960937,3.64091378907238,3.74466142306572,3.23048141360483,3.28060547143973,3.02649199065784,3.22357729456042,2.69558797502923,3.14465723216717,3.63560629688231,3.24813837278462,NA,3.56262260826061,3.87176436497687,3.27629733864573,3.32844407987595,4.84702677437035,6.52097955071534,6.97667556511318,4.69374831478018,5.44657858903782,4.33032379652372,4.36622141110399,5.03846842235496,5.07292585128663,4.38022162357129,3.9933478310185,3.99998081309259,3.62971480189803,4.7053470872418,3.27174303788289,3.62676615379763,3.15768723200977,3.4463918319062,3.9159801785861,3.04094107275373,3.32428868048391,3.10901041278832,3.237254147801,3.2463696436605,3.58859521403401,3.2814803732953,3.23872840993262,NA,3.08064226047263,3.41690739064558,NA,3.61720748685339,3.86860120322003,3.57384883067409,2.92674092962916,3.69992606679263,3.35763709620972,3.81276483882276,3.67531291722013,NA,3.63980748191481,3.5609276467706,2.89855539075554,4.43490773913318,4.20760735019671,3.94510999785335,4.09780802948869,4.41861005140479,3.76016927424108,3.10564812466852,3.60853181009268,NA,NA,4.28030715454983,4.76861851805554,4.55158987331387,4.33033308512936,3.01730400744846,4.21999251231224,4.11205945442362,4.70047546001485,3.43042707896329,3.87367226648208,3.68989638419039,3.45427842240687,3.68670917657742,3.91979100633243,NA,3.88550544252826,3.91547238692705,3.92399235555894,4.13560237246845,3.34170582748468,3.85916614537495,3.57207747976814,3.40537221814658,NA,3.65765187673041,3.74557673635803,4.39229162964,3.32442901167642,2.88363277153888,4.32805828687353,3.35365946287539,2.93604052226803,NA,NA,3.47255482804651,2.82069050350765,3.79100848700201,NA,3.15239113532104,3.35767648119062,3.76408127790168,3.51186396782252,3.44180669810779,3.49142202436656,3.31667885483117,2.99488823151532,4.15095540041998,3.54368697174644,5.30269048667245,4.53177473009823,3.63459280498525,3.95141159144465,3.3176681230165,3.24095016418447,3.93335313241842,3.46181696441385,3.66631742838959,3.32401784363244,3.41875837561599,3.48234878275131,3.39304169322187,NA,3.64407692110934,3.40409751008389,3.19143376206117,NA,3.56478229348275,3.5051695743287,3.18923975615254,3.97341288566212,NA,3.49594770597247,3.6587318759758,4.1403298663375,3.82405627746319,4.10975989906636,3.78768473458754,NA,4.65519494703124,3.89784208827992,4.07072372133401,3.81967178317975,3.7035930541935,3.87517783199248,3.95640433874496,3.7533273078196,3.88014335264912,4.03428928807948,3.932047138779,3.84250255002848,4.24574051939026,4.19190685962546,4.34091955984353,4.00351517238373,4.29692256491479,4.02877115165884,4.23645084252989,4.16954381791644,3.66331985219159,4.31688231293559,3.7201190749431,3.89436698569161,NA,4.33841280564814,3.83838992865467,4.24605125063246,4.47216876586082,4.94875419568948,4.46539839786438,4.07860886130454,3.83048852345291,3.9983208618237,4.65380208444477,5.48583393617951,NA,4.26106250638817,3.58251725585809,4.58800333898021,3.62808092838011,3.82139487967113,3.12279870692624,3.15448206186127,2.98044926457468,3.29970842940824,3.38092162743591,3.44210167460302,3.79006917433488,3.67345511097721,3.35129750541871,3.99564334407041,3.94313990263176,4.50683215894748,3.56969391817774,3.82473589969215,3.55969851052244,4.48552037042349,4.17579808864857,3.86635490393566,3.26037811266045,3.43468327049414,3.70582407398141,3.69032351243511,3.42174398980188,3.47834882005463,3.37861414075582,3.40011821084377,3.60066220317996,3.11634395974999,3.38807955726442,3.38677094600543,4.1339634842825,3.56323136233372,3.86885702963762,4.30145329365433,4.21157594189077,4.31159515000376,3.87425472977132,4.11468188090144,3.9948135930957,3.77372598278691,3.61964755211954,NA,3.65422951660976,4.00158510144857,4.20746038141728,4.07514255375696,3.86037863126078,3.95339075468564,NA,4.78258725499251,4.79332637138036,4.56258599312295,4.39866316777403,4.5543464060408,4.27860226572116,4.42377401690306,3.91725651210688,3.84333810714186,4.05904489345582,3.97309646367478,4.44260255782318,4.26682785887782,3.87961081166194,3.65373617662603,NA,3.58787295159211,NA,4.15273611240547,4.18406120398759,3.67444241217366,3.69023983195729,4.02756119583207,4.00791801297613,3.89254382200098,3.65939650941953,3.4473403908077,3.40041835040876,3.28311322188815,3.74408205466973,3.40981762166651,3.64983313191881,3.84760912243083,3.68137843767217,3.71835971088767,3.4034955948859,4.1854559068146,4.07216965739956,3.33193965295771,3.34519597034569,3.34414336947149,3.43946598965707,2.99167529032665,3.54586772837367,NA,3.01114141974945,NA,4.40447026485632,3.51790972155865,4.64105810248568,4.67185769116339,3.06185069753006,4.08423742709226,NA,3.8859479246656,4.65705427336248,2.91492277931134,2.8278014680248,NA,NA,NA,3.03465711290466,3.67456034192746,2.97505531954305,3.01874464157106,NA,2.67636982050922,3.1353942873194,2.58898043929349,3.19437124896963,3.03846758454249,2.52870931575544,0,2.38509210378623,2.97516086431468,4.49446021219352,2.98899650598829,3.56667871768313,3.95530854998829,NA,2.95930857809692,4.38543120561875,3.28142965555226,NA,3.15115567563789,3.68037041442372,3.59611562158787,3.70998911562212,4.15604061892367,NA,NA,3.96129259554287,4.20260962905906,4.20226586956611,4.11958787745908,4.11831126113458,4.23610367419642,4.06748375079618,3.77253545923238,4.20066695217379,3.86317951278502,3.74751500364592,3.97534293774535,3.94597570237,3.87424953530216,4.49314563283061,4.03763237964795,3.79069936945887,3.85361275777429,3.96395227004596,4.0863049073926,3.77361748717961,3.70351425591054,4.19140348691214,3.73779876513291,3.8714521789059,3.90773299326352,3.7714884142305,3.83435487626161,3.79072954863832,4.13814187472126,4.3426675348968,3.89012564220787,4.66857935462297,4.24394066372513,3.19076321613661,3.56692329821966,2.97134303836723,NA,4.71572414285664,3.30235274363829,3.90339961455263,3.17065850134797,3.06469642261496,NA,2.91901786874534,2.81932295884989,2.79172611064225,3.43415308367184,3.43002306181466,3.26394572180938,2.93748198927258,NA,3.1278728533205,3.1061268945583,3.27767678211677,4.51683766618973,3.24876779834176,3.07971691375077,3.67187450594684,3.06205891671574,4.10236403536288,3.68105310650332,2.84381566495247,3.52959144693577,3.51859707669227,3.04200420272085,2.90262749755915,3.38180221735331,3.62214783934959,3.22260041868303,3.15739430066325,3.44053206169914,3.48432562289556,3.50518587231691,3.02785077455,2.89370485339724,2.60940024610464,2.6104037300587,3.0661976373077,3.29636769275235,2.85172092337982,3.15042642870855,3.50644045066299,NA,3.5827737204464,3.6056107354367,3.99206256424002,3.72453835693599,3.57410601252024,3.66510852120046,3.81419112614295,3.74339956007133,NA,3.796741709961,4.25985199099212,NA,4.01722168145402,4.29989448775047,4.14803017229236,3.9700847230871,4.01654838570623,4.18986136941349,4.28116659544735,4.00683478639846,3.83722184266731,4.43319397868974,4.19328228516498,3.86561575493942,4.17792049638094,4.39783431552851,4.07145784194671,4.24823596378037,4.41987146052772,4.71438286111478,4.66964216795484,4.08408609254072,NA,4.0391564439665,4.37274698953244,4.25501329351817,5.13332379815293,5.86884958030823,4.38332471566831,5.05953975943656,5.25719938046173,NA,4.02065011888526,4.69299538755714,4.68921127178642,4.34095369547651,3.90149284137902,NA,5.15926943244935,4.73408985624674,NA,4.50552513484739,3.95342765428193,3.8194533686143,4.42962504964737,3.89744316696779,4.6304230487022,3.71466105369839,3.12610180819894,3.75165214163986,3.82805419399371,3.64839127556975,3.3266393771038,3.250725832979,3.05076511848908,3.21854517559398,3.68026571772324,4.1318510942676,3.59834851377377,3.61139218857508,3.48734929195337,4.12493431150765,3.40518689880426,3.35126205170182,3.02021302899572,3.03088597405117,2.82142078545621,3.1899853727852,3.21139470164647,2.63959805919622,2.96350218717485,2.62813179385409,2.80480100967143,2.99770822063548,2.93136705966985,3.27506022150423,3.00902489387903,3.53937189343473,3.54798176949781,3.29637791152935,NA,3.30935250784589,3.47059646224478,3.58349135602711,3.59513069611228,3.6761510629521,3.43935349684247
NA,NA,3.71467275140048,NA,3.44976018502207,3.89419052071586,3.61890834506581,4.36001506018256,4.69758900084282,3.71270913530169,4.08318956687364,4.29251664298665,3.2250166861224,3.86000408293059,NA,3.92282644114751,4.32568815988383,4.0691526286931,3.86853163591739,3.75578700578123,3.5031372284135,4.0209124296403,4.45698488316334,3.58758069731069,3.98457537991454,3.85025739262466,NA,3.71064217834947,3.67822762721574,3.67210801086217,3.27687252607397,3.72551716390734,3.73985838314003,3.67257198293125,3.36239438448007,NA,NA,3.16069367648784,3.48692432432747,3.60485058561024,3.20589075141492,3.01583091123,2.74523706918853,3.08734143551057,2.4863942343586,2.51811803009985,3.534649711042,3.00750864760628,NA,3.37203080488243,3.70059946947451,2.83141588166044,2.93868814620896,4.49006218510706,6.16107295097231,6.66145794503791,4.14533652070658,4.96713355297774,3.8829902928138,3.95868352877964,4.62204409278251,4.65891577096225,3.97875727673046,3.63613344762054,3.7896739076823,3.39077366704808,4.59271690155441,3.27937733211187,3.68686279912141,2.94689430308849,3.19820270409271,3.72396977342352,2.92930441519529,3.26568546255849,3.07578075206597,3.1051564230255,3.05439314315388,3.55992011266627,3.36825874790621,3.22788643899057,NA,3.01841127487794,3.03339009640656,NA,3.5001148891262,3.68321620884223,3.62564802812526,2.89633236967607,3.4700297193641,3.2356353991682,3.83403524961751,3.57105607055284,NA,3.59523135788965,3.4542873360134,2.85087571176967,4.11955550515183,3.92923995073823,4.12181921928764,4.20615150397077,4.3303225541199,3.72302553695519,3.11440146944745,3.79641562714442,NA,NA,4.47949733531421,4.69743461357011,4.48163076294936,4.31362853848518,2.97253081554201,4.41162041494208,4.38409835609433,4.55474652019148,3.53483555933039,4.08834643238505,4.04620788680613,3.63654132842259,4.02562626937161,4.24907053977279,NA,3.81908739721923,3.77239474033155,3.75105441916761,4.30666753216312,3.44325723106039,3.73137092101608,3.35602122241467,3.47362031416551,NA,3.21076674809903,3.52896877051023,4.05651697122375,3.03947880211492,2.52354954417786,3.99239148585346,3.18159728470357,2.90592477085977,NA,NA,3.3725452886788,2.62754793486939,3.64900743248984,NA,2.81760830648652,3.24663967514527,3.55218621717684,3.30116629340041,3.13295523212848,3.12971515541832,3.09490357719338,2.65307949608926,3.90782975285211,3.07466887367336,4.89981204936537,4.27405006649382,3.47422935414888,3.83054784828965,3.24076160436944,3.16260592247517,3.95970272710231,3.39580020356581,3.41787805969296,3.28248358800731,3.14797079550038,3.44354457126805,3.5291903934109,NA,3.37644932385272,3.09977259254568,3.00166763525648,NA,3.52062217240634,3.92109591314814,3.25427892634844,4.18425855937467,NA,3.51917015412832,3.49974375207015,4.18958340577718,4.08672659063608,4.39991301451213,3.73741645135458,NA,4.66121076911225,3.88446693894218,3.95721721433718,3.78089204010226,3.56227198007966,3.72423656327345,3.88542467088034,3.58184032811623,3.73800301638669,4.21881696883953,3.74214856668914,3.69072082757003,4.23263817180193,4.24430844476735,4.27023585061212,3.92313221452414,4.14278176043775,3.81250495235835,3.96042105397779,3.96191122618504,3.35109903275499,3.84526438075808,3.52643413685492,3.86846488973344,NA,3.81455070427121,3.42445355570482,3.9640968703078,4.26645872984036,4.54578888940027,3.99374114314481,3.79882386748804,3.51119126389358,3.6179285788953,4.26735064378721,5.09466193344511,NA,3.92106352546463,3.39571131062978,4.38908647028907,3.39147165564739,3.57393679669157,3.13629068630227,2.76606918052967,2.73230424292454,3.24008031602112,3.37219234499488,3.41493177124663,3.55527438153006,3.34610992056634,3.32813450955489,3.94393339678873,3.51409131987387,4.46688206211912,3.18563032846823,3.36561948524143,3.39770808816644,4.08101268548465,4.03249821179215,3.5149022040095,3.17868811560682,3.42916024657246,3.37903707534951,3.33671279137816,2.919979273303,3.0096215041801,3.02952349611053,3.17712460567887,3.35878577858097,3.09301563778341,3.1904463211071,3.3277923268834,3.99914939388553,3.37899746266182,3.76546458663264,4.03998888722456,4.08042107734388,4.11517902442625,3.6120153266606,3.8347128200153,3.75368565593723,3.84768116663086,3.71636890162741,NA,3.46676495670865,3.78967998650615,4.03125833229819,3.89944427981152,3.84859662600352,3.86839218652222,NA,4.58106433767497,4.92086641567601,4.72371617847468,4.51847841560193,4.55307835409023,4.29851068661586,4.05520820163161,4.02392339856137,3.96362399499614,4.14380470903727,4.07545436901307,4.37336547736586,3.87997771018702,3.47547755792963,3.53440431220523,NA,3.40695925006009,NA,3.69570805084253,3.87143738916678,3.36246006125221,3.41303987740353,3.85363002460833,3.66082238076303,3.56516018686975,3.58517734583268,3.13177934291719,3.18336338052247,3.08307057138903,3.66283287940687,3.38088292842146,3.62310942064506,3.55468338120999,3.48993696529971,3.48798098836017,3.31626675755571,3.99230009343935,3.7930426311994,2.92305320593368,2.97908833389481,2.99690782831152,3.04810730881398,2.69645671943894,3.36161016707645,NA,2.5412561705763,NA,4.3088230555941,3.64506286532304,4.40203294072843,4.7316532030634,2.96616722400043,3.93201440858664,NA,3.45888956554018,4.29650590369719,2.70729960500797,2.5048207500183,NA,NA,NA,2.51757994037834,3.55006302441965,2.8692211141198,2.77476224628271,NA,2.51647195783829,3.17231048807835,2.60779106415585,2.59772538943917,2.94202848681969,2.46729535030109,2.38509210378623,0,1.96152162859012,4.00442392334337,3.14611844378749,2.92755161269252,3.42200478110883,NA,3.04421611387138,3.89313770370506,2.97225715514702,NA,2.92577458779935,3.66770096253724,3.44226094635461,3.73988782729881,3.99698376948791,NA,NA,3.91780931229809,4.13565980953265,4.15203188782717,4.13408942716576,3.95830521647187,4.07892076420746,3.95610622072423,3.69378538628487,4.02628810592262,3.68517323269268,3.62255712271318,3.83083743851403,3.55196584486331,3.72013822449028,4.47807904182974,3.73066414208926,3.67565847286865,3.65173226883146,3.57543203541122,3.87600286487231,3.48039527005054,3.44572534419796,3.81689014058045,3.42744933150105,3.4146905126606,3.53112919042002,3.463836897784,3.55718546873511,3.44860676807683,3.8982247290441,3.93509637898532,3.53913232497634,4.13591733908732,3.80365222716801,2.8621268912389,3.33416185595179,2.51140641439689,NA,4.28672958953806,2.87287132307172,3.56626877667099,2.59159114421742,2.36008518726933,NA,2.45681011359479,2.33622385992703,2.29119598677218,3.00563717836574,2.95854412128152,2.79733743765799,2.4930566722106,NA,2.49808356040997,2.40484268105134,2.86734934229011,4.23975749559118,2.751239582721,2.63930649996261,3.37651315578292,2.54574384646946,3.78260244971035,3.23877562765141,2.10366132885784,2.86464080594889,2.88309060103898,2.30895331303296,2.11731494536691,2.73851551913812,3.05500772089108,2.68829865181053,2.57177867732156,2.84015840663946,2.77316494692208,3.12356147049509,2.62724208931736,2.50255731909772,2.3923953989268,2.42335444463494,2.89920220055113,3.00880195957158,2.54758497677101,2.92398250626323,3.18616180114441,NA,3.35078728793193,3.36434766754809,3.45027136131081,3.6202947795284,3.39388134544256,3.49106978280334,3.57466319025788,3.58929445659804,NA,3.63632813728214,4.16353429081078,NA,3.90270753949024,4.20570495547548,4.09957681168972,3.74694427230172,3.91394240106115,4.12946843231329,4.18345053602711,3.82460555457773,3.60557305954728,4.24443182662381,4.0380157235682,3.7200765435661,3.88994876554552,4.13056666299892,3.68924895901782,3.8612426872897,3.94780858435167,4.21313215742138,4.39716480535933,3.72527070429756,NA,4.06033153586248,4.14297241265578,3.75629353693275,4.60861610732406,5.4328337697704,3.87525913929781,4.67603046214716,4.82341574053481,NA,3.67089179190364,4.24740433525655,4.30247921951259,3.91681751251754,3.40752288518415,NA,4.71994727530477,4.26756265121523,NA,4.06966871277012,3.44169655791312,3.24454019683654,3.85576841692499,3.28551358619885,3.88344923319655,3.30024518100666,2.45020218452273,2.971201167514,3.12900708784804,2.86430049627846,2.66513053115967,2.74229572704848,2.55330691531493,2.75011231723658,3.2832035164317,3.58311810023312,3.21787903064973,3.11479918668269,2.8000006833514,3.48271240859583,2.97264882068129,3.03719352965122,2.60589063811149,2.53021838245678,2.12610003809492,2.65818156292992,2.77314398460301,2.0892706062131,2.24002748342526,2.00981795440998,2.39576276737709,2.44216788542065,2.56879761566951,2.92880722551158,2.6625147824612,3.22276162052429,3.08673950901415,3.03304584612423,NA,3.03622846711192,3.28171689275891,3.45552041886378,3.49883739878884,3.30702055324465,2.97225193267587
NA,NA,4.67920980247051,NA,4.56782632405797,4.75634892326195,4.60500250550596,5.09402493025607,5.37710486367207,4.38955622132848,4.748206819089,4.80288559946402,4.2268829857552,4.57483008222104,NA,4.56425022748697,5.06834100029112,4.71159806322669,4.38516239163853,4.3826020679071,4.2984694003161,4.60478045767622,5.21714756184213,4.54319910949838,4.79782766382281,4.77273189860722,NA,4.66807154300801,4.56157986295107,4.49262355285278,4.08452443295803,4.57647262802291,4.66805533481114,4.61546811829641,4.36817121474877,NA,NA,4.10612093981602,4.31192783205108,4.38275367778795,3.98333265427129,3.9153023629531,3.61990008223094,3.76347516823714,2.85614984350608,3.1858808548832,3.83090402658331,3.7261391150385,NA,4.17413198704849,3.86240318611903,3.19599753118402,3.40699504029014,4.54822971101501,6.10243603123857,6.29069441172886,4.65278179261489,5.08538177106516,4.01785494348651,4.12412166622258,4.77447448721013,4.75648601463919,4.26069137239352,4.48774587985742,4.09830613594964,3.9576943611139,4.87768772712745,3.94967047034688,4.3723786360226,3.96901809658133,3.94102143204231,4.68968525043874,3.87107350639128,4.09116480453925,4.01287788662552,4.11595171428778,4.07326187593545,4.34162663545576,4.27426476149419,4.25177521818313,NA,4.05617283418206,4.14068699392248,NA,4.4654843269631,4.86134493601584,4.59288642361467,3.88154450630713,4.53965148676658,4.21213669032992,4.79498118462164,4.61073212756186,NA,4.47061031186132,4.51227147487219,3.77228428937925,5.0717567158629,4.96354770637302,5.03020293291311,5.1702645583179,5.23062354557911,4.76114092401916,3.94408269872587,4.57810573779718,NA,NA,5.26662031565284,5.34774865146778,5.08372835732185,4.84119636354218,3.70823758856476,5.05935666448875,5.05578590406741,5.20975973028574,4.31544953380306,4.80842537332756,4.83261333147453,4.50485946316158,4.83352690868367,4.92887285557905,NA,4.60994021813617,4.58018681101597,4.70796929869578,5.1158065716069,4.30550858563857,4.44918883538895,4.06448608279581,4.17057692744587,NA,3.7965695716364,4.18298396200153,4.56939152753265,3.4956765332474,3.09305922974283,3.8479277992162,3.44980674866535,3.7386152944936,NA,NA,4.37722657217637,3.56024230724547,4.7061732139164,NA,3.61049123569412,3.92391078257966,4.31827853322905,4.03545712635666,3.6156566247555,3.48024291848095,3.33986820932043,3.37629230268247,4.4887094993511,3.79966238585286,4.88762811940917,4.50815175088808,4.1480825906176,4.39949311739218,4.05542625340929,4.13035592564249,4.99445972367882,4.38120912587587,4.30213103522309,4.24479155664663,4.10763818376825,4.42788712458931,4.40628099633123,NA,4.38845713428166,4.13804925029424,3.88370558482449,NA,4.56452776704759,4.94717742252546,4.31853972358083,5.17476074416292,NA,4.58335098407785,4.53016766450883,5.1936546349592,4.98907133547338,5.31910726488425,4.6980133234687,NA,5.54486832217359,4.86326699910892,5.08030857234669,4.82591694102394,4.61921006957709,4.75712549740147,4.9022596200708,4.65717829969981,4.86647381354445,5.23663843671705,4.77999407712262,4.72486855156586,5.2496098181617,5.27806673122639,5.17350869717843,4.91754709351272,5.04451112558473,4.66995971253469,4.78521693133573,4.70276371566816,4.28595145882847,4.75961092282472,4.46609967569255,4.70010314497319,NA,4.53848315286661,4.30649636209259,4.79062520541758,5.08852801440141,5.20760622708805,4.70648149323721,4.76486585705684,4.48964889821051,4.04527155616379,4.8099322130243,5.92377485666637,NA,4.89854721493604,4.41315906051349,5.19472829896884,4.30199261956313,4.40989559699734,3.97954317794683,3.47207877195336,3.35271609311615,4.07068448846151,4.14179734763709,4.20212437625222,4.34457208718378,3.97015060988565,4.23929010116614,4.60410444465202,4.08292286530361,5.12093598490296,4.19268245086452,4.21275810464607,4.13827115985088,5.18802517222113,4.8349402298413,4.28155918045,4.07251415357781,4.32678111040687,4.27479294140543,4.27495168715557,3.74387570967868,3.89653209540355,4.04008916891248,4.14166687685758,4.2817643156428,3.81753564235454,4.13140332380023,4.32483448925959,4.94934668203418,4.26460514448976,4.65330574277875,4.7575497736471,5.03400644775714,5.08730669915668,4.64167618114382,4.54549779721256,4.27867872568975,4.75493969491546,4.72959924287484,NA,4.4739275937034,4.87870416556408,5.12871096910696,4.89969893837848,4.87163841019757,4.86709844647268,NA,5.2499848690838,5.68686045126482,5.57919342692451,5.38155257787973,5.26297348420953,4.96713320746333,4.89526842749525,4.90816043377264,4.81938020433819,4.99535207481031,4.93092364326587,5.11311827300676,4.63521931362314,4.28764762594662,4.49256967329976,NA,4.36813332082363,NA,4.35996684951336,4.46358100999642,4.22971557483864,4.32683290758783,4.63229565873358,4.42340439523004,4.40206348867067,4.39391607930758,4.11952949542049,4.13386423966956,4.09112784604252,4.62281107840681,4.33838597871585,4.56593487808836,4.54835714512335,4.27673344431175,4.24991691559155,4.12699630808622,4.73463855329232,4.49828335597252,3.6998807721148,3.69116083492997,3.51990563594668,3.79280227641379,3.60334191824206,4.07971499078187,NA,3.3297274144541,NA,4.16775024087043,3.74673652906255,4.14986268753512,4.60566667693669,3.60863829597948,4.35544897872596,NA,4.24130177129451,5.03135984110668,3.30610683495771,3.15531442880428,NA,NA,NA,3.27168186899059,4.34712589525468,3.8741234064719,3.73723201164509,NA,3.21480474893423,3.96092475940511,3.3459112779336,3.35990196535564,3.86865356664037,3.24734631301818,2.97516086431468,1.96152162859012,0,4.97588663503898,3.89312432774292,3.72981562998829,4.39786520720815,NA,4.02626248689446,4.764385040118,3.95207341873809,NA,4.11262554287404,4.67927944277748,4.55099698949645,4.76554208684505,5.07740328676879,NA,NA,4.89033212327424,5.15600917743735,5.16343892837229,5.16561902410626,5.06248302215012,5.20706437347451,5.01334121314506,4.67092736184155,5.08897321991981,4.82058643392641,4.74608419836262,4.91826899802092,4.63143866926038,4.75907375666759,5.30835506454644,4.65199231784523,4.56182668086126,4.60272122943883,4.52211635760866,4.73294148490689,4.35810414440445,4.28578536541568,4.82441947452278,4.41723423605359,4.37969875610357,4.4188389462115,4.39427414361304,4.45383886575569,4.34872769848613,4.73494019622023,4.85089817236796,4.45658635384231,5.01862983498098,4.80108501445204,3.6121472594864,4.15651550483502,3.2382872700094,NA,5.21358865968982,2.99466348120601,3.87986942161883,3.2386346810648,2.95539561309814,NA,2.71710321972747,2.87107341994502,2.9430257603872,3.28587924840422,3.45401576672379,2.98158864735833,3.41664016161097,NA,2.7473292300141,2.62068461569561,3.40154326847661,3.94960425537247,3.16137493677854,3.39814474352658,3.51771940895539,3.25423548172719,3.68905333657014,3.54700788321241,3.1825478138952,3.63673478183896,3.74400557250457,2.93206619603844,2.91142877547324,3.41876043065638,3.38892828920254,3.3115639256782,2.9001647816697,3.06064793489051,2.87369593704511,3.80961808214756,3.38648944708471,3.67311087993434,3.34103780138424,3.37614527407043,3.85368736308716,4.16574740690992,3.52873182183407,4.06451497315844,4.31661445186469,NA,4.41285105349658,4.37856362936565,3.38663409194407,4.65767132217007,4.44787462687754,4.4834611854686,4.42367909596769,4.63514597488296,NA,4.61722837535718,5.07642468967536,NA,4.90711435148802,5.19695928580089,5.05277210377664,4.69252547568445,4.83864912069274,4.96881020754987,5.01455038839277,4.70807584583428,4.5560227960629,5.0380225674745,4.94243419338811,4.60693720919877,4.77244183566177,4.93208585405106,4.56449507207708,4.68983595216257,4.76047335821635,4.98121527239556,5.03394435670732,4.62732976909683,NA,4.96760857033783,5.00746679985399,4.61669057486578,5.43766529988923,6.25942283501005,4.78486341499351,5.52292405516993,5.71854298485194,NA,4.65318911502624,5.14064545260292,5.21764429472353,4.82431146432402,4.39561585519869,NA,5.50995314005931,5.12759740487666,NA,4.92766448010711,4.28929339591882,4.09060733423937,4.64924130163438,4.14629639172528,4.74471426074017,4.07983649490189,3.3083287198355,3.53587037556277,3.7645923837203,3.68823109830654,3.40728331563886,3.43023988296332,3.21006755748003,3.38145324784798,4.37073221591958,4.52302019576455,4.11009975058752,4.1393355997859,3.37478539414632,4.32822900223016,3.35841698503658,3.5266122379816,3.38346680326411,2.92134109632487,3.00090697892151,3.07916637485907,3.58431114778311,3.06697221276083,3.04972447343719,3.00840590157044,3.52558182882324,3.43748071822543,3.59168975484455,4.02685010898982,3.69222527906829,4.20368853169061,4.25723378870008,4.18833654825017,NA,4.17253241199778,4.35321161205296,4.55243252601079,4.56160691075262,4.32216168615855,4.12200170407869
NA,NA,5.25932793302271,NA,4.84268211855288,5.33290999755026,5.075115097555,5.83915095815605,6.1163202131332,4.82199798337652,5.33499328928523,5.58754817807091,4.57990844709311,5.35609252643613,NA,5.15726493031492,5.46224059365333,5.35112051141866,5.12927557270053,5.1037194629658,4.75932717897931,5.25915470647231,5.63863419278304,4.97551691995874,5.36058962028534,5.36481332013286,NA,5.45789581177885,5.39103058225737,5.36692495339602,4.69883358872693,5.31816079315146,5.39323668887136,5.40282070515769,5.08408352529202,NA,NA,4.96081479819566,5.02606390194097,5.13746683279528,4.91974119603751,4.70382089255426,4.78345631416667,4.77877491652676,4.74907794554167,4.56818262492732,5.62727830919789,4.8444310400521,NA,5.11702750298888,5.67160087601351,4.90252114116108,4.9306703516266,6.31546504552698,7.63252483417329,8.31534514018747,5.7589448599027,6.66667990491095,5.85188331899316,5.85440798538218,6.28198671506654,6.32483455935569,5.46617882990644,4.9332690997879,5.32444379208146,4.75889425082853,5.70536170690777,4.34935256173345,4.89947967985543,4.39751968074561,4.35179485256744,4.9390360478989,4.4374900146943,4.57111493343113,4.40651685950345,4.47170439928233,4.34349649617922,4.8668632402563,4.75541713584351,4.55532090997891,NA,4.47173070637179,4.63927701856011,NA,4.89183346399294,5.10901005415267,4.96988215874514,4.38582891154051,5.02460433797412,4.69416707103645,5.1776655366611,4.99137652055499,NA,5.24012829683386,4.86545850452952,4.41448822503452,5.55193613872483,5.2784425931779,5.41020311489794,5.52891185368586,5.8136017510176,5.07920461968507,4.60576430408074,5.16369200339273,NA,NA,5.66020104279315,6.00714231212243,5.75595126698583,5.65972404313224,4.52372756288437,5.57362998589819,5.64986827577818,6.07403756497056,4.77556764293582,5.59813750107472,5.37274363901368,4.97324073976084,5.4982766308575,5.64960953691402,NA,5.08844724401397,5.0276191665734,5.24753887318509,5.54921184110266,4.85049033454492,5.20580545547749,4.78014299933508,5.02383071262915,NA,4.89075982512895,5.15421162115871,5.48121532348002,4.85313616841574,4.34996165140409,6.08855322676336,5.03971240328731,4.73199773405064,NA,NA,5.16459464222062,4.70409981689105,5.40177698360471,NA,4.86367176342052,4.87711330041088,5.0368491978681,4.85375189278597,5.11385336336207,4.87159709564628,4.87935398342719,4.33171038521814,5.80395915368034,4.58837781306701,6.51937969757363,5.50016055374119,4.91473363499539,5.48390782327054,5.01931075240972,4.85592036773275,5.39272872837723,4.90733962609295,4.96384411759347,4.7144591496987,4.37988446979656,4.71326007447459,4.8855318954625,NA,4.60522820708234,4.37424218564146,4.26068601338659,NA,4.66220150109541,5.20438837347032,4.66871595285683,5.21892457837543,NA,4.80561419503805,4.86615970359422,5.30786189872903,5.24768592290947,5.4732618496398,5.15227964843731,NA,6.02186081243037,4.94744171256357,5.1870490105226,4.93917460744694,4.81697233370918,5.08856393376873,5.02548819407609,4.71214070283777,4.95265659675085,5.25552158629964,4.96210881877157,4.82907164935646,5.25117090997704,5.34694693909698,5.33892579007893,5.06831070718244,5.27665438866336,5.07369226972418,5.17407718908005,5.13766953358369,4.76496432393289,5.10038410647199,4.72620416136221,5.14093852654076,NA,5.28444241256549,4.91647457911968,5.43859351114426,5.80136319087939,6.28299828009747,5.95878205002067,5.09196204422969,5.22233536792004,5.53634714164733,6.2577841119552,6.67447359976656,NA,5.57053748725851,5.22925222042071,5.99304221577862,4.98806128459072,4.94745458212028,4.6213134904951,4.49444046135106,4.61929355784677,4.71998322445074,4.79196066471459,4.74593197251355,4.92381914082368,5.02584488217944,4.89350143151734,5.1657041251274,4.85761856405273,5.76360183313731,4.67451175832446,4.76644456859738,4.73088783957541,5.25401299473902,5.04805347934174,4.70965656932362,4.90388171904418,4.93988659205339,5.00759742466111,4.7058024565931,4.62064858310924,4.48484437255769,4.60390446567834,4.52650055438784,4.63356279274293,4.47780764782958,4.5974799597308,4.81924085145538,5.22775659751332,4.79850389645199,5.15202606327061,5.4818319232505,5.22662992393965,5.05143787497516,4.91437841863718,5.16675808789565,5.017759684177,5.01655165486288,4.89370428488299,NA,4.60936953887139,5.01967720460325,5.22301006245214,5.05973779227804,5.10605232629401,5.20568770951392,NA,5.90604034833962,6.0252480076053,5.81828975952122,5.80703056431327,5.69064122027145,5.48146945995592,5.19551176604184,5.09972653519807,5.18898259882144,5.3709990655264,5.2847007656865,5.52184561126543,5.23851049604664,4.88314483589335,4.79250097380701,NA,4.83244163897054,NA,5.18782848676475,5.35536296663405,5.06992960173017,5.11548780111318,5.28216683826467,4.99412246163304,4.84018792528987,4.67518130270254,4.55206104349839,4.64442080082447,4.51430631431346,4.84374243569444,4.68199628342961,4.91505893852369,5.03253857493393,4.83052866931287,4.89128367404651,4.94203256082162,5.24814489658378,5.09975654024546,4.70246896705659,4.63294384888789,4.91795104741005,4.73872385432413,4.35098497475647,4.72677868508671,NA,4.56430564300001,NA,6.32884490824389,5.6425046390811,6.58546941926061,6.24197745212143,4.73656171282077,5.71641364687968,NA,5.04519742756688,5.80014524256605,4.51323937232197,4.57931983000383,NA,NA,NA,4.84039663982596,5.07740137694995,4.72270789754451,4.61404114429151,NA,4.58433949321739,4.98788088002902,4.48396947348114,4.58559411293975,4.64301700920766,4.4722048930661,4.49446021219352,4.00442392334337,4.97588663503898,0,4.52945664897879,4.49261834972758,5.12273777905498,NA,4.7302288843513,5.01971322395174,4.69013414604126,NA,4.64138358086738,5.23773704316317,5.0925759979363,5.32164770960379,5.4370825147416,NA,NA,5.3003063854757,5.54486926060519,5.51509496654798,5.64868970358444,5.4407620966051,5.36615117343039,5.29248136751241,5.1046547749788,5.36249450752541,5.13163090962824,5.10248687424668,5.26927495562992,5.13806202435137,5.08852073907707,5.68508870477087,5.12380696024218,5.22064612641133,5.11257003765445,5.32979816180889,5.45232306212794,5.09298785503052,4.99390415270783,5.39923884310515,4.94154277660328,5.08587569298209,5.16888613992984,5.04706430442913,5.30204538595735,5.11167946625626,5.48750505842156,5.49701360329833,5.14305450286375,5.76515361170267,5.36473113629159,4.76572322458356,5.03952860597429,4.76457502983239,NA,6.2103797718552,5.0889223890834,5.55894254427008,4.77016687003893,4.53501493327517,NA,4.80619764332635,4.65286334167872,4.54439933784794,5.14732839259706,5.10785866266885,5.00187529725846,4.39332679346896,NA,4.77492002256093,4.80839527485921,4.88170082076807,6.23951230933579,4.76698913985294,4.55379810818299,5.34066698515742,4.71464900741056,5.82671916279368,5.3412843638245,4.25837762425417,4.60132010001119,4.76299958609183,4.477020801935,4.2622132980069,4.5135878434309,5.22573013128395,4.77017909536109,4.857199332069,5.19144631829465,5.09599559908698,5.2607081200302,4.81569923671158,4.21027107660372,4.40716751469911,4.21744774436741,4.55731559272419,4.46810323117949,4.22133185419637,4.56744778463673,4.65182561398063,NA,4.7492030057404,4.81258679750606,5.8033881965203,5.01446356487521,4.82867286315861,4.85428079813549,4.87848030201601,5.02858093736769,NA,5.12893757841794,5.55178425588031,NA,5.2680891267813,5.59800702862498,5.61741801586908,5.43129373027578,5.50914211232753,5.5121473988469,5.6417784027246,5.36492523528111,5.24161789549493,5.59371480455978,5.37070972834814,5.18152964562389,5.43359988081595,5.60028930226604,5.31800745605219,5.50912742394487,5.4261369526192,5.7297959891241,5.87109507026262,5.33385507796877,NA,5.44264829217898,5.81992206250132,5.43206369475009,6.33871142366209,7.11885627005325,5.48758811014822,6.25024556829196,6.46922951004783,NA,5.39644368948554,5.98667421717733,5.95778097331563,5.60897073169859,5.16118974687411,NA,6.29686820458938,5.91901954670435,NA,5.88819478426275,5.21794504124329,5.01253686741266,5.55018751487472,5.01663336209379,5.85875201671999,4.82542006803478,4.29153359166011,4.79006532224665,5.05714162013596,4.70625003005035,4.69450681458772,4.75694733275684,4.74474288549759,4.88908752635478,4.83134349396191,5.42019351867447,4.78548637055285,4.96404425219628,4.99063392870262,5.59057178717248,5.07330766541888,5.2562417382856,4.80973484607527,4.95200077157333,4.49165318446766,4.69099677076877,4.76012387360467,4.29688953235048,4.63760816292346,4.20124586493718,4.30326405538915,4.50079938304055,4.47897565309655,4.65205214298568,4.59589328345105,5.04155232163256,4.61195634647167,4.68738086460239,NA,4.75120163461088,4.98039953355737,5.06254970687065,5.07595780820415,4.97326582736861,4.72061808829832
NA,NA,3.70598529383949,NA,3.86943580459925,3.52941490969041,3.4269407303594,4.05862472186164,4.34073454424832,3.68655363283751,4.30464479328318,4.54216332206557,3.66590537194788,4.01622909835909,NA,3.8783131684879,4.20682613755382,3.9956574265987,4.23366875861956,4.48105925872706,3.83215285896516,4.51793099779671,4.70285472911535,3.73020981495029,3.97687928753696,4.10595615613181,NA,3.97958299488092,3.7181772954082,3.84591659829377,3.28824850161566,3.6407829793484,3.76305657320897,3.83244743955213,3.71141459211917,NA,NA,3.43643750342049,3.8560948186373,3.94659082604409,3.45430344037383,3.49519672916261,3.41708994526594,3.48163097761672,3.64043141521663,3.82171769751845,4.66103670549891,3.87180320394131,NA,4.17450148554597,4.74966936778169,4.25029291008891,4.1466311220065,5.68039544793932,7.11899112661046,7.63017777422086,5.07562065265304,6.08881377486865,5.10598168251881,5.06777687737926,5.64072232980166,5.70252344890635,4.98500558454007,4.50106793014385,4.72087278231514,4.23178818778745,5.02824058900321,3.62515211149918,4.00253563958455,3.59341389250029,3.79630013388118,4.2137896500208,3.17331565002178,3.33210717106879,3.03424148451369,3.2322003398123,3.28020640344675,3.40309187789164,3.25026136310776,3.29773731739914,NA,3.13285245576974,3.40692289382611,NA,3.52358545923453,3.94772948695491,3.55294265391463,3.00061619616582,3.54373959705348,3.17560244316464,3.61564402554575,3.51041629371563,NA,3.65840060480718,3.54796331854476,3.02162099074083,4.42812311113762,4.24311637402054,3.88580832284187,3.98193241854708,4.0564265475424,3.76318618752278,3.33264075817454,3.596472449562,NA,NA,4.3050147935798,4.32483788246009,4.51914396435854,4.35841835354617,3.23664219878817,4.2686009499989,4.085925211253,4.42856760596124,3.48492601630366,3.85910355368541,3.95958228375583,3.71338374656733,3.96592508599714,4.03304336258747,NA,3.94413018540738,3.80529509517961,4.01481852852988,3.96194171288237,3.32745048125991,3.76790956525312,3.5348341082912,3.54018372884501,NA,4.00183601502123,4.27161743042649,4.79330593091628,3.80596859649062,3.39055722521711,4.9837576245958,3.7712935321006,3.25462072509381,NA,NA,3.74012247237199,3.35668649002539,4.24326105754303,NA,3.88811445861699,3.92489198779266,3.9319813280414,3.8594519658224,4.32358827264249,3.86395276464595,4.03760194179963,3.36497020409664,4.61323537123134,3.92427250959177,5.85014970800636,4.80716668188647,4.08236757784584,4.43171935916371,3.7699158529685,3.6342330438201,4.10132338518631,3.72282038584009,3.98561348533515,3.50283980913798,3.74906537502739,3.55935971684329,3.75038763988115,NA,3.84034830574436,3.73789600644732,3.53956820363092,NA,3.53312055813656,3.84273265191681,3.63047927711348,4.16495011816639,NA,3.8337259203585,3.89454736635831,4.06175497165237,3.98968879860146,4.16285391813595,3.92129642447222,NA,4.81212853639644,3.87425971241615,4.21830271093469,3.87148860717473,3.81867959088878,4.00498693623213,4.17438924923994,3.90140994907181,4.00881930561331,4.30078125950807,4.09674891859163,4.08152318438432,4.27209956240459,4.41731922962794,4.4942485457698,4.13985853587075,4.47304521155657,4.29458727407744,4.43671992062434,4.40800656207488,3.89663886859618,4.58791654198629,3.88336773202762,4.200999417936,NA,4.51146857109417,4.02030154639721,4.40599434670238,4.53279724996189,5.33860191448435,5.03394271019569,4.34461785343042,4.1395037739373,4.3820743898139,5.15631577912431,5.56017929853026,NA,4.53931199494928,3.8574045418049,5.12652538458472,4.0344727635003,4.20789103286553,3.67270516775977,3.65253866545847,3.55280411435281,3.73449357179539,3.91168235273572,3.85353480802578,4.04084033919856,4.01344899980263,3.79223021101433,4.30347009817063,4.09701759646199,4.37616939675076,3.7430858555466,3.94842912206701,3.38731059842247,4.78311862493041,4.57457969387908,4.24491580561949,3.70810078897323,3.68504523886639,4.08914402786744,3.61237356093343,3.47207959552703,3.54521769827594,3.71403818754967,3.6981220307066,3.47567594741921,3.41638933880207,3.69815637952027,3.72091638193227,4.27696731111756,3.96701816266655,4.1323095620828,4.46483418630023,4.44415034791349,4.66446812928154,4.07937535600935,4.40773985472517,4.05845694904831,4.08588971027523,3.30842273018832,NA,3.57541038571753,4.11562830254391,4.19638094068295,4.08503068670145,4.04441524706896,4.02852467109201,NA,4.91226671493745,4.84491710393078,4.50362371514664,4.47551224164028,4.66602065613029,4.40050699360686,4.52112729279326,3.9454080840174,3.85892193461321,4.02845237788432,3.87058363009536,4.69125638123588,4.28577353866345,3.83559590194232,3.77887343110776,NA,3.69961198375555,NA,4.25013301664825,4.26874984523249,3.86357148967438,3.72566314089253,4.10127710321361,4.09179318774818,3.96421843970246,3.62831749158915,3.63826943056347,3.61980852673036,3.43389053961849,3.74999455446589,3.2974121277042,3.70579478240915,4.00618677472895,3.91901269416553,3.78241406634802,3.45933875148859,4.03752032374226,4.4114889745872,3.70957248717289,3.71288084694041,3.77152603026324,3.81504413601839,3.22171459478789,3.76452108099934,NA,3.40406323378343,NA,5.18292745500541,4.00559103579062,5.50585026038179,5.52220424529896,3.41239533703805,4.73225896393601,NA,3.59442207683873,4.42239285254595,3.34876368570622,3.52686075901379,NA,NA,NA,3.95010199928222,3.93418329397586,3.40883724574243,3.58965728501155,NA,3.21267179113055,3.55651700276536,3.06365243755211,3.6045845608072,3.21354539825765,3.10045757460508,2.98899650598829,3.14611844378749,3.89312432774292,4.52945664897879,0,3.40415858462335,4.14010710135186,NA,3.09734482331125,3.99840561419756,3.36734058002624,NA,3.28799040905558,3.69822652977679,3.62310546434932,3.7923899107654,4.14704288552083,NA,NA,3.97769333773865,3.95477032251305,4.08910757028826,4.09400255636395,3.90976746147356,4.43554027565178,4.19092103644481,3.81044523910652,4.26414866918837,3.8699630532058,3.57025562957813,3.9960103768883,3.76465511498262,3.62729915820051,4.62062405494585,4.01614063432516,3.89269449277034,3.85441989468682,3.95046623678173,4.14074048494172,3.82597695160847,3.72667572769919,4.27180309865155,3.84716902779897,3.88242895626082,3.80269076054173,3.53612514937409,3.67322796888488,3.58986231815071,3.96074838911454,4.32783482921778,3.85907608734504,4.77590573506898,4.30277604942237,3.74891248989475,3.96484541723553,3.59431946419534,NA,5.00477249468859,3.81888032891423,4.24165905742862,3.54011964447227,3.5456293601169,NA,3.61124289910157,3.39465411037101,3.27443836499705,4.00097305385485,4.06534899549515,4.01033324978502,3.30842990273318,NA,3.93718647449694,3.91703300705079,3.79835463112302,5.29801495782264,3.48986831540172,3.43965980152106,4.32846732383049,3.64447912982149,4.87503252881871,4.2486521098299,2.88801725166324,3.82351679374795,3.59105773801106,3.34333829311087,3.35719554968221,3.56869834637343,4.14461673251967,3.61971767545223,3.52897240833141,3.81962461456124,3.98406419162179,4.03470195790275,3.65979930133399,3.11942534578435,2.94860170612665,2.59844211312854,2.87201758739326,3.31466797169993,2.7544758849634,3.12433147159697,3.41479751881025,NA,3.57069901678872,3.48039112447923,4.58795543391139,3.80156711936672,3.52319576139988,3.56226287623585,3.65097920528576,3.69899595542914,NA,3.78529152184523,4.2835419235192,NA,4.0384518776737,4.36143398065523,4.22068818161497,3.60362074503604,3.89496656593234,4.27583335366163,4.20445886940257,3.94097607610998,3.78336571858794,4.68457586040483,4.31169586049667,4.05228514125526,4.07351329307014,4.22772704805596,3.99084480943442,4.25022177222681,4.32676355376302,4.59725902912235,4.25543863451224,3.76109507031784,NA,3.94131100470606,4.11574090672127,4.15311532316694,4.89689248741552,5.62833118142057,4.08919036897028,4.6690368736156,5.01578672664527,NA,3.86225171334255,4.5218337110686,4.5369092988943,4.21230249683459,3.78485735927936,NA,4.81312490584503,4.49936712916761,NA,4.21861935721273,3.82489858400586,3.65592171082921,4.30306181492147,3.80656433427085,4.61464208300077,3.42285705321235,3.04022582789683,3.68471262270772,3.989165504807,3.79558937129505,3.58284056959684,3.58000404645473,3.54586350376127,3.63965840552657,3.7516282277326,3.94385458893282,3.4895184383223,3.84516140119437,4.06379484210352,4.51153089341129,4.15582670328418,4.11097469239302,3.72964006217888,3.63661679388135,3.12484081626125,3.52662128523014,3.29599022425046,2.80087836541984,3.00827539823364,2.65257400963507,2.79844826177926,3.07156187993863,2.81923291751509,3.07626255566717,2.84847431191386,3.41450441277819,3.54147464316903,3.2394558140928,NA,3.24718683459192,3.37776924472772,3.62868345252457,3.5955979917275,3.34926711507386,3.3237134811885
NA,NA,3.90298440199974,NA,3.58971211371004,3.74384509367621,3.49634998722808,4.17134204481366,4.46589843431738,3.33676299636458,4.22482714640281,4.37927797764897,3.03677770355995,3.882722096246,NA,3.54201792018876,4.37878197849409,4.01985842628402,3.22132414109113,3.43018868523377,3.24970716480079,4.15343742174579,4.53174159994853,3.55035992780723,4.01667393077918,4.07684504729974,NA,3.88234477758225,3.80637719704336,3.69806911620178,3.08767074947493,3.83111789314719,3.7961657986379,3.78416031761655,3.47267946901849,NA,NA,3.45033483977502,3.72575353637286,3.76145709902708,3.34327271158801,3.17420066288527,3.33961265520615,3.61371958840333,3.75830307772651,3.69486433217756,4.82713200050168,3.89364503248866,NA,4.25509911421929,5.11390285547971,4.26277513409314,4.08830104646282,5.7356042143512,7.51002571550861,7.96120636142851,5.24975899560799,6.46552123350794,5.3843960579034,5.32109230896638,5.92974754047256,6.08516482294641,5.26712469643163,4.70108687748865,5.13266874421179,4.58575461707258,5.49372216270758,3.9632076888911,4.58060998811091,3.69963258017988,3.75994666305914,3.88569850845329,3.09764979145886,3.3974965989041,3.07992020455455,3.13223631115055,3.1256430391351,3.62248464702564,3.42747906451582,3.22418198671122,NA,2.99979484166048,3.26690619830916,NA,3.40874592045916,3.29314230470163,3.43149723186173,2.93602598805565,3.44532212328687,3.04143875278036,3.59674160505078,3.38689088151736,NA,3.32449380171512,3.38494533606086,2.95453539927155,4.09745471202068,3.8500876522133,3.9168970510312,3.95523176879609,4.37611600902968,3.60008851015847,3.25160637990908,3.66756414972085,NA,NA,4.22645970543489,4.51972337527769,4.43551377041714,4.19189725779725,3.19512197734293,4.1556541902633,4.00731240898242,4.55396132507086,3.37907353387281,4.06344579617594,3.89884133649003,3.53578356524312,4.07859976551671,4.31578717996994,NA,3.8657962072371,3.82928398420651,3.88658697352657,4.30581564115108,3.55264707406412,4.00068236831574,3.60706370711939,3.76788523374537,NA,3.78434112531525,4.0461420154292,4.55639926028423,3.84421963359264,3.4737467294947,5.44381790024808,4.43194835388624,3.42130640418522,NA,NA,3.92240986609354,3.61107525257761,4.19835602899071,NA,4.15144589452873,4.08465894901025,4.05845368623053,3.8233010049851,4.28536180405534,3.76454495068452,4.16842080616477,3.4390430092677,4.84614568479111,4.21855000139452,6.15720632374538,5.15757749594063,4.24885758900581,4.72313444636826,4.07060547807485,3.89739780576005,4.38035735305554,3.84193394068923,3.98174052513666,3.59614786866064,3.52043519762849,3.84664261204439,3.82206682670391,NA,3.69802137431557,3.34808869057527,3.26901802793663,NA,3.74741732521324,4.01385973816769,3.5559285823701,4.25079383328357,NA,3.43207781200191,3.56984825663962,4.24421162792598,3.90963657108643,4.22229579731062,3.61276131366732,NA,4.70889586757251,3.94198280096219,3.9895621295384,3.79433707361735,3.53447389780098,3.74625545263962,3.92169298019959,3.5495539613233,3.73108795709375,4.07334925759939,3.71236463300872,3.64152440298915,4.08210780229874,4.05977378497752,4.01422336140008,3.79561672703249,4.07666965779488,3.81598701294317,3.8513777342171,3.89659943597066,3.38153840422895,3.73053791905495,3.52496497290907,3.79423538092879,NA,3.71738599606643,3.60119515048594,4.01165482257051,4.26673111661604,5.06045465682338,4.8092719342683,4.19766482306834,3.94982031217362,4.73799869490162,5.30623777571593,5.45272587467268,NA,4.52294566178843,3.86831246367849,4.76675550868691,3.8910051266509,4.03996887833092,3.58524473980001,3.57196839067686,3.3283136240067,3.811878273955,3.80760788935868,4.05100984428204,4.21225538983293,4.27939589715351,3.95406315444645,4.22088230000912,3.74478196221258,4.74223499921425,3.59155834336147,3.65494105333433,3.59943343474797,4.40244553817574,4.55166218145505,4.25460557482464,3.80171509889258,3.74851028159434,3.9582125637166,3.78936672925128,3.77658623008177,3.83723589263851,3.7785045627592,3.63653056042912,3.95720605656739,3.87455077288957,3.80343302624405,3.79998646865601,4.29515044980319,3.9059030655703,4.09030266998761,4.27485314444707,4.39523008390752,4.47294184270243,3.8120687257125,3.83415433502571,3.75255055873969,3.91632714973515,3.76570076632735,NA,3.43859180220383,3.68626373176937,3.9059038681347,3.86490423016983,3.69825609467633,3.8012213861383,NA,4.48079305194424,4.65249418351604,4.52045485080406,4.46698625591771,4.44686537933492,4.05132705381837,3.87535020396084,3.8363591726685,3.70137718787155,4.02966839668083,3.98193106851811,4.07560921983613,3.55040687129743,3.26987327319226,3.38967158316737,NA,3.49215239243445,NA,3.55679038068341,3.67641453377426,3.49949288210315,3.56385599069336,3.92003672556803,3.67507129632099,3.52202420467853,3.43634424008183,3.2501456132691,3.31483245356311,3.24829720306717,3.72626010919844,3.50959525984338,3.76610409845809,3.8218597202523,3.76410013953395,3.9355458752614,3.71525405770149,4.38380669193705,4.4514136422121,3.72735828580803,3.78381429124347,4.02668520336662,3.81978160009988,3.22311279953364,3.81435590523603,NA,3.41178146770577,NA,5.8008330479945,4.69156525211146,6.0167786284393,6.01706168343825,3.46134995938784,4.96557931677171,NA,3.77799182067482,4.59691980354446,3.47749946986564,3.27430432985494,NA,NA,NA,3.6229309996071,3.65121641528745,3.56306379770475,3.62605635613273,NA,3.35493563498908,4.0790061329389,3.43202235824461,3.73975638894031,3.53235758878299,3.66262391395701,3.56667871768313,2.92755161269252,3.72981562998829,4.49261834972758,3.40415858462335,0,2.8052416489209,NA,3.17238479803072,2.5454582831734,3.36689739419732,NA,3.3354778286851,3.85967038034477,3.66333366017232,3.76633982131645,4.12516601105911,NA,NA,3.93394271669598,4.23977173204678,4.21436062693426,4.0963747484576,4.01595302860712,4.02359129801171,3.89170094339498,3.5646133707471,3.97803588853976,3.72767655635953,3.62651782459281,3.87638127413025,3.67301360525621,4.0029115029301,4.44765018690852,3.73192606849632,3.69218334010877,3.76313383073646,3.81277817931059,4.05303249504565,3.73232858277632,3.64484900275295,4.25296957319824,3.71761443089776,3.76147782336744,3.83157873285506,3.68783763745927,3.8203027675145,3.7227814357288,4.08323827370808,4.15936686101596,3.77318586046125,4.62208210578134,4.04858185750356,3.59594263425736,3.59202037420755,3.75532478052365,NA,4.88694617352282,4.2983728776721,4.78629780234746,3.76222915090035,3.59513746225269,NA,3.97096974736464,3.59035917984055,3.48951178312775,4.28293323048836,4.38278562527823,4.19248404429161,3.2962796673999,NA,4.11741809218122,4.25049187001543,4.01941128876965,5.58307295182651,3.70863724192039,3.8602331222258,4.88713097217894,3.97673487774127,5.41608125511755,4.72388765954256,3.02584713477861,4.02647306825528,3.88837206208377,3.70802137125976,3.56152298891836,3.88631632468668,4.5314195382218,4.15425256277612,4.16304417629954,4.16572462473004,3.6266267402068,4.17595560693475,3.6987012555676,3.01270996466325,3.13475293620422,3.10372805766648,2.96215342966797,3.11198735414222,2.89433023808329,3.18144823145141,3.28050058026079,NA,3.38932754684833,3.42195768723124,4.78625356258036,3.65948670133094,3.40316248739905,3.37666621073785,3.44116347454846,3.72258252281189,NA,3.65881170395671,4.14269376719592,NA,3.92386910355182,4.25785359908242,4.19267840283953,3.91394172485299,4.08749392059218,3.97442269406802,4.07319936280881,3.81738525194112,3.65472892255858,4.34237471527426,4.0373386220174,3.79115673637934,3.98935039436812,4.16793089314565,3.89942265382183,4.12715397015726,4.07568830302715,4.31217984318423,4.16017386059857,3.7792635068026,NA,3.98079585814236,4.26298016770885,3.99380678942535,4.81475663610609,5.66193065993896,4.13295999538544,4.88025397311519,5.04817262516543,NA,3.81364855132353,4.49631261374257,4.6037307270072,4.25154773127584,3.68354020767278,NA,4.90907602921343,4.47081812823729,NA,4.46791986190224,3.99628818340877,3.85110066669155,4.52498077709564,3.89397626221491,4.7099657560032,3.67838070046554,3.22213570932116,3.75980249592009,4.05482420714648,3.69279844200694,3.79283688419662,3.71606598082759,3.6608060112717,3.75842881075268,3.39225692558549,3.83661283332856,3.44634898026696,3.6710207539928,4.17196377797662,4.3450439623645,4.49969655682581,4.35593917342683,3.73625698375286,4.13823712347758,3.23063670740684,3.87337426015016,3.78421850491675,3.1559563078059,3.39000945487416,2.98705285475559,3.02941309034084,3.13905336207604,2.95647203036599,3.25465242854734,3.249984545648,3.65449388243092,3.20296632534468,3.29240484156634,NA,3.26681986555632,3.43291108890129,3.59106358292399,3.64330544578022,3.45300430270457,3.28254505527039
NA,NA,4.40818972274499,NA,4.07671696349356,4.21685047940074,3.93536050832442,4.76145944027554,5.12739299098077,4.09830958359746,4.89394950400725,5.06736429733537,3.67481534122678,4.57410886248439,NA,4.03316550457382,4.76664076658935,4.49336263841858,3.92099767956019,4.13580252107026,3.80066088020327,4.83299370361321,5.10927966785224,3.79605205032129,4.27253623349209,4.41420542386764,NA,4.05711683517932,3.93128454524311,4.11899653332415,3.42009509367596,3.88254715320107,3.74002594250582,3.75156649304094,3.51829901664309,NA,NA,3.56438934952582,3.93560515909796,4.09655340097941,3.51403331809725,3.26485085000897,3.41061797588781,4.09157178137971,4.0364032473855,3.99672566944189,5.40982272168796,4.29637674396724,NA,4.50943838175125,5.67659788334156,4.68398216939215,4.5313108470856,6.3600799798385,8.08118564600279,8.61427470950088,5.98187328524183,7.09814705516763,5.99876730007698,5.98043587460762,6.60965470501662,6.59285776749889,5.71971770269552,5.18716085574692,5.66994923003457,5.14914611094359,6.24289183301475,4.56118022200313,5.05806877738453,3.81149840329585,4.29235286119726,4.33187089936155,3.58861032902358,3.833029772875,3.5321381068483,3.51298732962582,3.47366319090121,4.11132711721316,3.77440176477727,3.54744616619011,NA,3.3259438354074,3.63384579673333,NA,3.89687296039343,3.3592807350223,3.81782416149318,3.23232751682974,3.79718885239638,3.41252047226283,3.98729767915016,3.59826945834231,NA,3.72571858283711,3.6959844279489,3.29155588230412,4.53559634504868,4.43808698497455,4.33845053423096,4.26749949384319,4.87329165853278,3.99618386292698,3.49214844440061,4.08527429179226,NA,NA,4.55775349537192,5.05076513531715,5.00455457073831,4.76799496040116,3.61187367126856,4.67445913994024,4.49865223141364,5.18762153699618,3.89756304305227,4.47357280149051,4.38445977238094,3.8118321484043,4.49578155539905,4.84737220499694,NA,4.29017536031645,4.35523427753354,4.42685614175695,4.79122433004728,3.8517900686905,4.53807177706092,4.11917559247925,4.17136770761857,NA,4.22208261315966,4.43099997844042,4.97405080794582,4.3796405273594,3.86105211265715,5.90033311073909,4.92478495171274,3.79493498504123,NA,NA,3.69755155217861,3.59519242328543,4.06640840883988,NA,4.20420737707384,4.58850915632802,4.5776465680897,4.20600373980113,4.52292784659915,4.31949718788707,4.77775901174225,3.62136954419111,5.39022865841926,4.7415151357457,6.85733126666873,5.8865559320383,4.7463838771843,5.13554668533093,4.30075523267441,3.95674644973671,4.59708631491499,4.1163646641227,4.36560364443952,3.78737479779564,3.81503179773502,4.19815819335454,4.20248994992361,NA,4.02368478703829,3.59599734525992,3.73609496036294,NA,3.91823458185305,4.23560683304137,3.61285379471419,4.45592620652797,NA,3.69829034119269,3.58409906338561,4.19260337009474,3.98626679601185,4.48742131664709,3.84174233622826,NA,4.60479731162187,4.33356655672075,4.21026064770328,4.09436655490635,3.69267223555187,3.90032206328153,4.07518418692615,3.90232833084797,4.0814864135846,4.53024376792477,3.92727495276148,3.91836856148504,4.46380050547727,4.42729071061581,4.44353974251928,3.96692405720697,4.41237639619711,4.02451770204175,4.39234481067426,4.39536185683905,3.50626440282163,4.2941299645198,3.80492896651585,3.90959766109974,NA,4.20787176118237,3.84028657845845,4.02008932309822,4.15427872351627,5.40282322584879,5.19173784452762,4.57952835916559,4.35951798244504,5.29933852257174,5.7321773546029,5.89831072352412,NA,4.89153772452721,4.08376560533174,5.38654737793331,4.35612685319519,4.45805660389972,4.04043385422298,4.16101398137122,3.75149855989181,4.18330041881049,4.24342113940084,4.58429141608193,4.69761846763932,4.83811877010243,4.15812167886786,4.68603312328669,4.32363243255355,4.91478937053581,3.81277357191846,4.08732972650887,3.99115050477272,4.5617589406792,5.20653150556073,4.87855945375468,3.82307841027801,4.10801732013581,4.32191377416212,4.29278654795076,4.20624896296266,4.19626759995354,4.04592197582941,3.90628441862025,4.40509631098857,4.10049686685076,4.07085604352661,4.10343200102085,4.64029671606862,4.27958577053034,4.50838225527831,4.86733905950365,4.56240595035747,4.63384866176557,4.18852313811454,4.32453541313614,4.29429757155252,4.10694603851346,4.0118918804817,NA,3.62822317475519,3.95307283852916,4.25720997322043,4.17889837363493,4.02319295949309,4.05019529936456,NA,4.53818581324272,4.74257652758922,4.63595238363579,4.48152464132092,4.63489955633188,4.41896064319043,4.30225436942187,4.03576580985731,3.98384998887195,4.20485251183737,4.13324816751712,4.37939894105038,3.94315957914903,3.41093144978403,3.34509918244473,NA,3.52488386760406,NA,3.98400021071683,4.01518604693695,3.327039180721,3.56379967491443,4.42903610330855,4.20025645513021,3.88217377484231,3.84938346788027,3.34400552473337,3.53572871917797,3.46582749218416,3.95576837910684,3.78486558473778,4.08792925273386,4.17654754238794,3.987699242493,4.25511970579695,3.80317753790593,4.49666244980639,4.57142838826164,3.82685822088196,3.88950773724649,4.22234525608302,3.86008019042611,3.25542895924515,4.19622024288664,NA,3.79475304048333,NA,6.2616154981515,5.30837469738963,6.47027161633173,6.57543707204399,3.91393056889303,5.46191893818237,NA,4.25468665149099,5.1954802783642,4.0014036318793,3.73790881734037,NA,NA,NA,3.78800665271563,4.3803851578366,3.79657409354701,3.74189048384837,NA,3.50197615102715,4.34254264482095,3.71269794924008,4.06804631861523,3.91172428108378,3.98526593029534,3.95530854998829,3.42200478110883,4.39786520720815,5.12273777905498,4.14010710135186,2.8052416489209,0,NA,3.2503870155716,4.11361278555172,3.62479709987314,NA,3.41911953801937,3.57796239288808,3.76630003829613,3.85146855416132,4.1255055149254,NA,NA,3.88167831303162,4.24100779853275,4.22285895005748,4.03899660777669,4.08266484742464,4.28685389080701,3.98714106317214,3.54652968866842,3.99563888118641,3.86782335955651,3.7855017225038,3.88339861709122,3.96350957852106,4.2370903200585,4.63464460128688,3.83147471629344,3.59952811690941,3.80331959182802,3.98066256126146,3.96170501542102,3.77644474728269,3.91225240537129,4.7256506478019,4.10291030595418,4.21353934668129,4.18431840516886,3.95518281430763,4.17779192238778,4.21930209394963,4.5034358346494,4.3655790980297,4.1722373596769,5.08622161174028,4.52649166007172,3.7833529588925,3.92457602234006,4.00543329679078,NA,5.29700186203246,4.69392283963411,5.23056486669269,4.17766613050594,3.95467818497673,NA,4.36780644537573,3.96871011183065,3.74699016704858,4.72387502395501,4.64099567625566,4.60681311792362,3.34353396676522,NA,4.63248071809768,4.74660197027037,4.52437514282227,6.08524884043912,4.26440729928993,4.31094531310116,5.39505170627079,4.25958207295928,5.85701977067569,5.02693330830086,3.11097636741098,4.52410534472002,4.09145951598188,4.09717468190873,3.94799432396559,4.27402845723398,4.79322281326261,4.39691939981047,4.43978407930853,4.47218048483558,3.84714372347548,4.22814791519414,3.74876629033796,3.0982871651081,3.0910878185969,3.22042181633814,3.04524383981314,3.14258860892936,3.03540781447699,3.14289053196502,3.3789979690027,NA,3.3129152047778,3.38905742747908,5.21781280664232,3.64221085957606,3.46769905694463,3.53516891416045,3.71850552846148,3.53351852318293,NA,3.56158551128719,3.98064289177273,NA,3.77345684617596,4.13545152307214,4.07903442084549,3.93847123192381,3.88404671987991,4.0715900373236,4.04302919048728,3.82563539371568,3.63557437567256,4.59835311392771,4.11915620699262,4.00607714810797,4.33404365127338,4.50790413370157,4.31895106111676,4.56116179024835,4.57542019658531,4.72256659501093,4.70735257642867,4.11472990636027,NA,3.98144151715425,4.68098072374811,4.47547273870155,5.261483411146,6.16479588493613,4.64801560307624,5.31938199704437,5.45502094960473,NA,4.34566768303195,4.9281294166226,5.04357926102764,4.70959221795645,4.05673177332978,NA,5.35414025784004,4.92633882060131,NA,4.86788994049972,4.36987301031314,4.22267938673164,5.03057185094892,4.45890830430636,5.19336386271869,4.38452483047555,3.74894442704947,4.48647963972104,4.75865773379475,4.1802657912506,4.30965187221083,4.0763625127935,3.94896351908681,4.0529826215027,3.58109777428909,4.23838070061243,3.89414552622714,3.76134780601761,4.47734643288262,4.82608440967182,4.78237411595476,4.60689526351851,3.91839128813719,4.53656399373984,3.38971003382971,4.15702533430605,3.88935474928226,3.16742709908843,3.46659163625061,3.03475295244814,2.92593097857882,3.04949008307657,2.89391575314262,3.237026625835,3.12985567583066,3.58504096062117,3.29209273022575,3.22020808991725,NA,3.10671546549644,3.20201650614632,3.33272233977129,3.36037627460125,3.56485329345078,3.33498629584533
NA,NA,NA,NA,NA,NA,NA,NA,NA,NA,NA,NA,NA,NA,NA,NA,NA,NA,NA,NA,NA,NA,NA,NA,NA,NA,NA,NA,NA,NA,NA,NA,NA,NA,NA,NA,NA,NA,NA,NA,NA,NA,NA,NA,NA,NA,NA,NA,NA,NA,NA,NA,NA,NA,NA,NA,NA,NA,NA,NA,NA,NA,NA,NA,NA,NA,NA,NA,NA,NA,NA,NA,NA,NA,NA,NA,NA,NA,NA,NA,NA,NA,NA,NA,NA,NA,NA,NA,NA,NA,NA,NA,NA,NA,NA,NA,NA,NA,NA,NA,NA,NA,NA,NA,NA,NA,NA,NA,NA,NA,NA,NA,NA,NA,NA,NA,NA,NA,NA,NA,NA,NA,NA,NA,NA,NA,NA,NA,NA,NA,NA,NA,NA,NA,NA,NA,NA,NA,NA,NA,NA,NA,NA,NA,NA,NA,NA,NA,NA,NA,NA,NA,NA,NA,NA,NA,NA,NA,NA,NA,NA,NA,NA,NA,NA,NA,NA,NA,NA,NA,NA,NA,NA,NA,NA,NA,NA,NA,NA,NA,NA,NA,NA,NA,NA,NA,NA,NA,NA,NA,NA,NA,NA,NA,NA,NA,NA,NA,NA,NA,NA,NA,NA,NA,NA,NA,NA,NA,NA,NA,NA,NA,NA,NA,NA,NA,NA,NA,NA,NA,NA,NA,NA,NA,NA,NA,NA,NA,NA,NA,NA,NA,NA,NA,NA,NA,NA,NA,NA,NA,NA,NA,NA,NA,NA,NA,NA,NA,NA,NA,NA,NA,NA,NA,NA,NA,NA,NA,NA,NA,NA,NA,NA,NA,NA,NA,NA,NA,NA,NA,NA,NA,NA,NA,NA,NA,NA,NA,NA,NA,NA,NA,NA,NA,NA,NA,NA,NA,NA,NA,NA,NA,NA,NA,NA,NA,NA,NA,NA,NA,NA,NA,NA,NA,NA,NA,NA,NA,NA,NA,NA,NA,NA,NA,NA,NA,NA,NA,NA,NA,NA,NA,NA,NA,NA,NA,NA,NA,NA,NA,NA,NA,NA,NA,NA,NA,NA,NA,NA,NA,NA,NA,NA,NA,NA,NA,NA,NA,NA,NA,NA,NA,NA,NA,0,NA,NA,NA,NA,NA,NA,NA,NA,NA,NA,NA,NA,NA,NA,NA,NA,NA,NA,NA,NA,NA,NA,NA,NA,NA,NA,NA,NA,NA,NA,NA,NA,NA,NA,NA,NA,NA,NA,NA,NA,NA,NA,NA,NA,NA,NA,NA,NA,NA,NA,NA,NA,NA,NA,NA,NA,NA,NA,NA,NA,NA,NA,NA,NA,NA,NA,NA,NA,NA,NA,NA,NA,NA,NA,NA,NA,NA,NA,NA,NA,NA,NA,NA,NA,NA,NA,NA,NA,NA,NA,NA,NA,NA,NA,NA,NA,NA,NA,NA,NA,NA,NA,NA,NA,NA,NA,NA,NA,NA,NA,NA,NA,NA,NA,NA,NA,NA,NA,NA,NA,NA,NA,NA,NA,NA,NA,NA,NA,NA,NA,NA,NA,NA,NA,NA,NA,NA,NA,NA,NA,NA,NA,NA,NA,NA,NA,NA,NA,NA,NA,NA,NA,NA,NA,NA,NA,NA,NA,NA,NA,NA,NA,NA,NA,NA,NA,NA,NA,NA,NA,NA,NA,NA,NA,NA,NA,NA,NA,NA,NA,NA,NA,NA,NA,NA,NA,NA,NA,NA,NA,NA,NA
NA,NA,3.72286639511772,NA,3.38226344385286,3.69141760367116,3.34402344262972,4.30286514919286,4.63255867190731,3.41455233155869,4.50985833388398,4.59788744848841,3.03040140681904,3.82243822257173,NA,3.45195103700661,4.18093618393714,3.94089505882163,3.80853072896401,3.96541532792822,3.21373002056991,3.97954119036614,4.20872006456542,2.69607420571812,3.29444268711528,3.52590847534876,NA,2.80258338971645,2.65902756787661,2.98928497015943,2.53559988686343,2.60745456415504,2.42213564132116,2.62720203103584,2.33728082736382,NA,NA,2.42679915858357,2.79083838510347,2.95234505325712,2.42799667108957,2.27829037315299,2.28339675179862,3.15548582470933,3.12148416868868,3.36794224962563,4.60544359075209,3.56713916196468,NA,3.73426004578753,4.79618228732161,3.8706208962528,3.78376597953032,5.61143557569079,7.38627768975337,7.91710208283649,5.38336826181691,6.43372716880175,5.31350238054919,5.09001913917717,5.77145194410871,6.01321509264973,5.18713922354264,4.6599451779198,4.99342050439707,4.52926014379876,5.52620950971779,3.82355672886461,4.30551918462859,3.21264471836613,3.55060854563473,3.51776829787727,2.81175959585387,3.0515854971868,2.7162704267892,2.93779170932635,3.01618281318796,3.36534341165318,3.07056355769461,2.74587941272608,NA,2.64069230209668,2.94342643877453,NA,3.20199981799882,3.33022707332911,3.17010887643439,2.42477735860026,3.17863874594216,2.89951913260301,3.34614725058265,2.97084243396933,NA,3.32170232171407,3.04424750392739,2.48503758082455,3.81754182338973,3.66928144373672,3.62940072804309,3.51370257400999,4.20807014575491,3.27873982050453,2.56726235922941,3.28201609716714,NA,NA,3.64548278950559,4.48380581414344,4.34025788450848,4.09586907719314,2.7350810716044,3.7526862463745,3.53371089198764,4.57089115861271,3.13521147611802,3.51568289064595,3.26551119159255,2.93416149465114,3.60937629254203,3.6950579148301,NA,3.15871555743944,3.25286745752034,3.16349415241,3.2973134494525,2.77703237788202,3.41722685854514,3.0975588641709,3.03458573607742,NA,3.54160415015114,3.74642387752154,4.0417725239583,3.37392219362015,3.07878596613535,5.23890061737793,4.21548049380929,2.77099441891729,NA,NA,2.88754681715999,2.79837173654676,3.38497649712838,NA,3.58338208461209,3.91638539720061,3.81108494911489,3.50432240254222,3.76013153781444,3.75700137554679,4.0453168906946,2.85106200699176,4.70074848876565,4.11799428921269,6.22289970424373,5.30558026981444,4.09071554572357,4.50974623628762,3.53998183302815,3.30825614270387,3.65762363056934,3.34774901263132,3.70201151919198,3.01285936199687,3.1406505928917,3.18130253884825,3.13840768170821,NA,3.43136717661033,3.21791759189403,3.22086690057517,NA,2.94743864500839,3.03428401540218,2.80117994759456,3.45161260077129,NA,2.96875829696229,3.05030682191132,3.36634402957669,3.30977047387318,3.60093664358191,3.13548788157737,NA,3.87660756818359,3.24526821137829,3.34524861716025,3.22923566549979,3.03438037308969,3.15177421718766,3.33423159899469,3.08954958279242,3.21556228251524,3.60144318726662,3.31913604712939,3.12884317327034,3.48414115638537,3.30454469360506,3.39904609986527,3.00285369947158,3.54132405239585,3.20487591532892,3.58387408588712,3.58159091665664,2.86637669016151,3.43425364405871,2.87363276448607,3.07088894347803,NA,3.82317952402423,3.28803886080014,3.57073812249745,3.8076524943023,4.92223210757816,4.73455553904586,4.02374923176398,3.78511249153684,4.58234334761002,5.19412285632245,5.58793242397561,NA,4.25245244067704,3.37465078950201,4.70858426075542,3.6075557029549,3.65289390418499,3.30813592031713,3.59622745093396,3.32522830058114,3.43326491930184,3.48924256523627,3.53341173497905,3.83036243415816,4.08526397073494,3.02209555094944,3.66616290161947,3.64564483718555,3.77816307711838,2.9586984906071,3.49768778146155,2.95898224661538,3.95930304806871,4.45621338825969,4.36207847005202,2.89610042075928,2.95269809444219,3.41323250323444,3.63973312564118,3.52655005200387,3.52566078175502,3.44018228606848,3.0814183147466,3.49906676165623,3.19741850861207,3.24532384728222,3.17576900916656,3.60699849878437,3.38108651948881,3.80847894454203,4.29736674214991,3.71149891004731,3.84970245857992,3.5850220161757,3.88794862581946,3.74773184292714,3.39933633888778,3.0675576365186,NA,3.01644990847329,3.20372509785448,3.46287285505613,3.46115106333763,3.40467390906923,3.44008833419951,NA,3.78345470165309,4.01777986111036,3.76768944112915,3.62986154019479,3.83509346856334,3.47684035994189,3.5301892352594,3.13104199102534,3.04635487911388,3.23041433146943,3.06795821853802,3.46087485175707,3.14108081028243,2.67909105023623,2.43064127646765,NA,2.68283790873771,NA,3.44537037072547,3.39874895793794,2.82773660463602,3.0160966720818,3.64987843055388,3.67211893487554,3.16209743876382,2.97946001693501,2.67235217897277,2.7845833191068,2.40224511963074,2.79725324116213,2.62323748586894,3.02903344222315,3.37858316082226,2.9616628179555,3.13250185187633,2.73324908577499,3.48456850415171,3.59995454680863,3.26847762809439,3.46997648490007,3.44490256790399,3.03876466779506,2.5789541401777,3.20003099371727,NA,3.13269960356116,NA,5.51399863848858,4.41829514623639,5.72681389864637,5.80780900333076,2.93382367335137,4.63223379998057,NA,3.75340214890071,4.56878243128825,3.33619939831769,2.92677528353751,NA,NA,NA,3.18842497113864,3.35623768464927,2.68280527939075,2.83804716092276,NA,2.6141926447857,3.32997090725494,2.50161818576862,3.08554663043161,2.72833960755661,2.93187999902006,2.95930857809692,3.04421611387138,4.02626248689446,4.7302288843513,3.09734482331125,3.17238479803072,3.2503870155716,NA,0,3.3179500002359,2.39266968274609,NA,2.20498819744652,2.41282792274046,2.55912042047665,2.7028136561285,3.06930293164096,NA,NA,2.95422142247801,3.27711205330293,3.15670163939298,2.98316095566942,3.02474677875879,3.32361241662976,3.05723584309503,2.64288394776613,3.03186958260104,2.98026619812375,2.81316159588119,2.84163146129851,3.18006633426707,3.13637556054191,3.42797192154307,2.84095648981205,2.55086645384564,2.75401810675467,3.18923706197342,3.26533025063168,3.0603128415658,3.18289864685625,3.98116841673857,3.49759319929525,3.58244942094354,3.57163315767,3.36727789627297,3.51236964997271,3.48004342953138,3.7545471769441,3.69331031775897,3.60111278990086,4.38195412442463,3.8577636077722,3.06083409323219,3.22351173887759,3.35419258226291,NA,4.66470384512204,3.97673183705355,4.44317038965318,3.51870213858734,3.33507043947579,NA,3.58075193875949,3.10362851587204,2.96960284283466,4.07913989028763,4.14218427364553,3.87316657321993,2.77159768370957,NA,3.93028359189725,4.03396288647742,4.02482584773511,5.71665364355791,3.60427885135714,3.79187661844943,4.76115498582951,3.77643745957878,5.19968361585031,4.6875328223093,2.75544770452106,4.08664006229638,3.76796554337004,3.5011697917386,3.40750544690299,3.70123748928419,4.31363210866946,3.88818095602122,3.90686140992058,4.17826694338333,3.80163692989356,3.63935345667194,3.2677994442461,2.68232008581049,2.52516681586268,2.38522548956693,2.58357393159742,2.64690624484556,2.4790383638551,2.55106526757163,2.81820346520308,NA,2.76368838822436,2.81620809342078,4.7674630609876,2.96586263251951,2.87421900634276,2.87107660999155,3.10894690066855,2.80255575771715,NA,2.91660684736822,3.35491548338458,NA,3.14265770895131,3.33401067819165,3.19789027910215,3.10940557854525,3.00954548433043,3.12486043091157,3.28411965001737,3.10530988429524,2.98285371032463,4.03280328623325,3.59927297608337,3.49123218880781,3.81995576513008,3.9330420761519,3.74227392638358,4.06421997421907,4.17480563181651,4.42809758834975,4.33867393202089,3.537366757423,NA,3.0833785371208,3.94868785470498,3.9002729735526,4.89725379343425,5.72110674455601,4.12001011768427,4.90689580448941,4.98377287204456,NA,3.68835272570308,4.36788648607698,4.47019698448837,4.12680690507089,3.53129090060235,NA,4.85588247008193,4.48685793778601,NA,4.24801987760286,3.76790889438065,3.73873248192502,4.55534793992192,3.86817408677822,4.59775205534087,3.65456745598001,3.25572073497986,3.96094821419602,4.16383265828181,3.78524563838525,3.73876693619646,3.73069203974583,3.44556159660309,3.48855420660092,2.69319249933185,3.70546072194185,3.10833558429265,2.9692567616826,4.09996483465733,4.49506501438511,4.29929640495018,4.16066502538911,3.4813575474819,3.74253388838398,2.84482680125642,3.67112733518214,3.23250666012996,2.47855007942013,3.03991320771634,2.49707427803485,2.44905918015393,2.72173708585387,2.2630498818973,2.58632395965174,2.42424710567152,2.68094375670319,2.62234605527571,2.31038703771525,NA,2.28852156792142,2.37554537736939,2.46430553213298,2.47893393743471,2.71936463240285,2.58284897474232
NA,NA,4.3401193551132,NA,4.18205081192148,4.09471344475141,3.98730327043028,4.43989120985611,4.67163955564652,3.51284093522388,4.51375762874156,4.76537676642928,3.57741237230873,4.41504447267294,NA,3.75300239513901,4.59037874444328,4.24611389239849,3.59840178319579,3.71031836077384,3.49565082118797,4.2141919690402,4.59219741934707,3.69040942233772,4.062804578313,4.22392716137244,NA,3.7985018231014,3.82624758100559,3.75827997644207,3.34361522683343,3.98899440442981,3.93406400184157,3.93375363347813,3.4923246756868,NA,NA,3.65789967371479,4.02411312897413,3.94283696745726,3.39348481991768,3.28033052803042,3.59642690256945,4.09567514131185,4.0856820693564,4.23465487462256,5.51618755952538,4.3769311267518,NA,4.74028950373328,5.61594948807527,4.75811299525641,4.64811777397696,6.13966379663656,7.89267989261141,8.48365332109064,5.72514722020311,6.93091510736777,5.86413904485242,5.73486821801522,6.18025662849753,6.57185805707518,5.72861767407559,5.21882451905051,5.71729945053136,5.24944339190434,6.1725461858446,4.68228532155928,5.02722646276891,4.23210804359861,4.26729549991025,4.48506149610241,3.71482410664176,3.66569312094033,3.48818332674919,3.69573508327367,3.73444221946049,4.04782799836266,4.00912954308674,3.74497922133362,NA,3.59329191769134,3.8322283083696,NA,4.0883438109103,4.36772895412627,4.03529031645785,3.43114061559909,4.06199094137303,3.58275464309383,4.16589209855902,3.95543166201346,NA,3.85219673142086,3.96888402564295,3.4877904625331,4.66159680799089,4.39992241258525,4.46164881432433,4.53472681645548,4.83316011526614,4.21375748961898,3.79747554774056,4.08863543830373,NA,NA,4.5459522357723,4.85299818564741,4.80139193502274,4.55210024637212,3.56211638906722,4.46851645532619,4.52466423693912,5.00900167303532,3.75287295363356,4.49944995035236,4.07339837560381,3.95556942582873,4.30650244459017,4.52524468251302,NA,3.98162876240173,3.85860495418854,4.05719571104459,4.41386424341429,3.85491878597724,4.06555676494655,3.76439419619097,3.98801270927035,NA,3.94269626848154,4.22988416038033,4.51675975615748,4.22655260404149,3.86403289720639,5.91249780471155,5.02673133327017,4.03157390435954,NA,NA,4.364005447567,4.22049506587254,4.63189185099237,NA,4.6072890475577,4.69084735120237,4.65647529140925,4.3216664299564,4.73046311363177,4.40005972011663,4.73031142153673,3.85071430880837,5.03737965586983,4.63233466649956,6.67362967838502,5.70455386522398,4.65310191041612,5.26997357950636,4.65898234961747,4.33721277549289,4.64858716161052,4.40164999021848,4.54001830878665,3.99640558576285,3.95628934331998,4.25307003731229,4.21368420971463,NA,4.10056373167439,3.91724452046625,3.83458243520526,NA,3.95414264703162,4.33995191194368,4.01498227934904,4.50808557330015,NA,3.95240136837448,4.02042013826117,4.37574462809745,4.32726721910774,4.43188703440492,4.09385303747432,NA,4.90174764806596,4.27310478523231,4.22469390330925,4.22746017383701,3.93904591912128,4.17985327017377,4.36036854581274,3.97285636771127,4.25469467295191,4.51464677613254,4.13250180221178,4.00664612140009,4.56747649110468,4.54705018674706,4.38039058804126,4.05048215717009,4.33235417207293,4.08368005241472,4.08271636838799,4.1956734382876,3.74189634076378,3.88241590612191,3.79133172705484,4.14647256585411,NA,4.09037857569249,4.02165714572734,4.25990920878469,4.59938693812628,5.45643052471289,5.28111080267533,4.46294515937823,4.26611700544491,5.28132603139618,5.76259736155447,5.70116206819276,NA,5.03092961766356,4.29098547057211,5.26075789452301,4.31412398803574,4.42701204635128,3.94767336624082,4.03483292310629,4.00312095460799,4.16122416498863,4.28022003823335,4.2887250048379,4.59540507187548,4.73564418236728,4.23685898786704,4.51312256497172,4.12727981267074,4.83466116196326,4.02269875853023,4.19661486910213,4.09509239168028,4.77441337121533,5.21049490897203,4.91650691539788,4.21779266865491,4.15093682207859,4.48343123936443,4.00818926464806,4.16604598243888,4.35554431667119,4.38589571447748,4.04097543882163,4.15137642929237,4.11716367259333,4.06915191124404,4.30177077741896,4.69743498037009,4.3322052547859,4.51077621627414,4.77339993133973,4.73907212446239,4.84539321656624,4.3242334672879,4.60920482741474,4.43874607808998,4.39057369161152,4.02903118870441,NA,4.02809910876464,4.15173566135092,4.1792813781149,4.39163811417585,4.27496189936328,4.39841668174105,NA,4.97462087097285,4.93579617753038,4.68573287722277,4.82882526725282,4.86590133293605,4.38621238239196,4.11382914522395,4.09847236120155,4.09315345704897,4.31584316301524,4.29682212031257,4.54209185442859,3.98071943215578,3.61677503462245,3.64258208088427,NA,3.8396267589682,NA,4.00977801732574,4.12889974638366,3.94057029122461,3.98558591494746,4.20269739712474,4.11917673013751,3.82914888996386,3.74111540758494,3.66090880292844,3.61264112862752,3.35126346236772,3.9709830949766,3.72114009063122,3.99171616265754,4.15715361892884,3.9347732953999,4.1769099303026,3.89382864421604,4.37746790604159,4.53799952207332,3.93889560247875,3.91151883878437,4.26941485718015,4.05170520167963,3.61780954994236,4.02699185250608,NA,3.71675407323444,NA,6.2155644604664,4.99887759418584,6.5356209124608,6.40970613410808,3.82099992286715,5.26881929517496,NA,3.95010956356938,4.74372573253445,3.98730461915722,3.78344042223434,NA,NA,NA,3.99680761014831,3.91086525512951,3.972962086554,3.9096783548979,NA,3.84968635863922,4.45386630082689,3.76748575333993,4.18417258362773,3.82118998465008,3.9409032269118,4.38543120561875,3.89313770370506,4.764385040118,5.01971322395174,3.99840561419756,2.5454582831734,4.11361278555172,NA,3.3179500002359,0,4.00592708964689,NA,3.91776375763223,4.35562420142915,4.1882394098495,4.29993260183765,4.63647025429962,NA,NA,4.32977464343959,4.73585393235009,4.63824381930812,4.62093828993993,4.49564794878638,4.5258268157173,4.36493433163334,3.99556549681831,4.29186034379133,4.28194678979596,4.20849260521807,4.33102994142592,4.36874314918751,4.40593953148656,4.82012074328811,3.95943879121137,3.978472284343,3.93082498373251,4.15312248218367,4.3944703757732,4.16139294261985,3.97428257325158,4.50367951575407,4.19478880096607,4.21353365000252,4.3511226159467,4.12498801584384,4.2390950823311,4.16838611264006,4.42487515254531,4.46465621446809,4.27988609894772,4.67810029364773,4.16707712964375,3.87511851879972,3.77102388322751,4.26948089820536,NA,5.27725239249462,4.86797192752002,5.19931067317831,4.27223733068164,4.18200602470984,NA,4.42789097387912,4.09838025054847,3.95949507760174,4.85206915620961,4.85504298998222,4.71420693519979,3.79830430515802,NA,4.69248895998587,4.83133982444682,4.66487833548506,6.01555438551196,4.27877891067523,4.50319747502334,5.48957019255956,4.54825991179085,5.94006272660047,5.23210269339237,3.67699975238196,4.69637871956538,4.49057832556674,4.35702691552896,4.18834064528555,4.46366136316515,4.99412798816765,4.62757375252694,4.72755707298175,4.66797557814155,4.35748849550649,4.78574470921973,4.30473782971073,3.74357384215662,3.92126915942783,3.86693745442604,3.71727597559091,3.81344945943094,3.72249942178284,3.91590331219681,4.01863203952899,NA,3.94836625817238,3.91772876517715,5.35075929759427,4.14972371976748,3.91368992739311,3.90189276558486,3.92750224417118,4.14841858410812,NA,4.15363957307403,4.61642912493082,NA,4.41068598562077,4.62350489413648,4.58984760792535,4.39318038812891,4.53871354123038,4.52332393144385,4.51085267599023,4.2074794580986,4.04975032938188,4.6325633747186,4.41979478195249,4.18227040287666,4.3529433410386,4.65686263004143,4.35511206975166,4.56092870181618,4.49920689444004,4.69410960372947,4.45276925010831,4.27188367047196,NA,4.36754852216529,4.59629681457971,4.34970991792867,5.0552579538808,5.94790596525024,4.29451382660835,4.97949938025768,5.05732691073565,NA,3.89311293080907,4.63291433202571,4.70385606405605,4.45709659778779,3.866281801515,NA,4.88924840005595,4.37022738202127,NA,4.91749532216465,4.38391161508782,4.18615791365676,4.79621433646017,4.3761669122776,5.03020040561755,4.11650025209592,3.65266760795755,4.24591054495064,4.55481360926554,4.01303791303804,4.23035125968726,4.10161186641432,4.08150823488152,4.04400227288539,3.71154526170849,3.87681976181551,3.80079483473829,4.0453684340568,4.62725388184793,4.81547928191467,4.98673509564837,5.00008831830862,4.36942758401542,4.7182286976011,3.70765191865191,4.35299390046165,4.30961828884282,3.78081026261266,4.01059786246129,3.62817853893374,3.66464776334043,3.56822854773011,3.47042302408436,3.70950063713778,3.72153225073559,4.03571868743643,3.59656969912579,3.8078513215252,NA,3.69656217862941,3.81886875478599,4.01550876955332,4.08667955359186,3.73587141143243,3.56764170213681
NA,NA,3.56808965306264,NA,3.2966363541116,3.54060682731668,3.23655609368743,4.18219294715625,4.56669198778619,3.55676209569114,4.53758805005878,4.62147945442699,3.04293933406518,3.36910361652839,NA,3.39496632322133,4.40498940588986,4.05669188872376,4.20405297775296,4.29455027496955,3.60395919376296,4.03718393709772,4.61017821748353,3.22405142894083,3.88008174677323,3.78185083950493,NA,3.49459419740573,3.38207504775321,3.77139820633248,2.99436019323771,3.27837341124006,3.23576590682103,3.41809427255249,3.1003757155346,NA,NA,3.05404478223619,3.19474924460747,3.44363525493527,3.10751759309135,2.9294752776964,2.96595985450566,3.17388626660224,3.56268726342348,3.23561750973528,4.59081325744744,3.47076724868345,NA,3.57702845708308,4.83497510790021,3.94925538684401,3.68072222355384,5.7334881503064,7.42603347469384,7.84439429045799,5.30838937206684,6.53269944963118,5.47827967988032,5.35104203942378,6.07213325900018,6.08625613584148,5.31688791461137,4.69260400138463,5.01603436769809,4.44224953642588,5.20372824724105,3.52012215069548,4.33377246222384,3.10124559274036,3.11913789573192,3.31421712507164,2.54059955914865,2.88373391572907,2.64470179727554,2.7494182075233,2.77419798917037,3.12865555066984,2.78481637112754,2.63820619007897,NA,2.5134817644167,2.69776511162859,NA,2.9034857094538,3.2112837172241,2.94104712757287,2.51652244756209,3.0753858843473,2.79503596055759,3.20627935185557,2.89899778010654,NA,3.28014400886807,2.89080207044148,2.49357188216409,3.6166091080012,3.54934466563368,3.55176826528306,3.45667597393383,4.09521827050559,3.20849003685977,2.67548053244624,3.39169219529301,NA,NA,3.77364633828783,4.40139178452775,4.41047658779452,4.05316329456402,2.9002073733454,3.85522427820103,3.51857274814192,4.57407526084303,3.3366786474192,3.8592606946845,3.69667324922191,3.16547030926984,3.92677176345846,3.98863982807806,NA,3.26229434940815,3.45560410991284,3.33045652012188,3.32770525286417,2.8875138141278,3.46206305826454,3.25858984196627,3.29369369193345,NA,3.86524199439775,4.12700187017775,4.1016285343294,3.35422713277107,3.12175068710665,5.4156627646321,4.34739295141996,2.81512912081969,NA,NA,3.10624583599871,2.93334717229759,3.29314147335571,NA,3.61491232602018,3.84563557974259,3.73420746223543,3.3645304220949,3.64400402574801,3.70344843138686,3.75818513440656,3.1897168538067,5.09389879935321,4.15995712226815,6.19328502147491,5.21548714228735,4.14471515939801,4.16554778272994,3.30823546520194,3.05146091702775,3.58511129881931,3.06406380345267,3.23967399881898,2.96878847434039,3.12864700324639,3.17150949415771,3.40269336942851,NA,3.32381276365218,3.10179449567497,3.14074089189782,NA,2.94988201853523,3.27786814606295,3.00161892402899,3.61554177399327,NA,3.10808836215947,2.98133734748681,3.5507722278709,3.50028993116672,3.83532931014815,3.28325204172396,NA,4.06181121277077,3.21388047948576,3.32576339644022,3.104443543341,2.98127985604096,3.17148021567553,3.31131155113951,2.93402899368403,3.18887841281187,3.57976058242577,3.23108365168477,3.06086695135735,3.48561501775885,3.30532093890628,3.28731164882817,3.1672904029038,3.52535597941709,3.3389527241055,3.54192281584897,3.54621130083593,3.07598412896185,3.36874003580692,2.97400636175244,3.59151332116398,NA,4.14873317838295,3.50372145851044,4.04995831177501,4.30027180285489,5.21317181548312,5.04005815761759,4.21709164009178,3.91262209377046,4.76418586780466,5.34768025737646,5.67717690459071,NA,4.18719751400976,3.48117151222995,4.62468260757516,3.49060658262907,3.41343325149636,3.35336333459826,3.58714705087485,3.28992388596861,3.32401184350906,3.27059806176655,3.52458434913824,3.5755190837339,3.85598067237081,3.20379121854154,3.69035001115887,3.5487896395282,4.10035387420585,2.88554971345581,3.32387105267109,2.70373800830104,3.76927184898259,4.05317150920208,4.16331668600676,2.66109786782198,2.76182917857496,3.1452991720593,3.64645660108643,3.59706504635014,3.331560100148,3.25907611592967,2.96961305544546,3.65318979998266,3.28525746858723,3.10345058717389,2.95497348935103,3.18460707417015,2.96115677236192,3.45702501521435,3.86562178274656,3.50846709708577,3.54354662802829,3.37375668405749,3.68813294130783,3.94629728323623,3.46969623492662,3.40442865421349,NA,2.90890754423844,3.12510087656873,3.29338956828745,3.17803601750635,3.28794043724832,3.55546564563767,NA,3.93817538891285,4.23710693117497,4.09052756719742,3.68786878011379,3.77755297566396,3.69578993294239,3.44983155615315,3.16910575858084,3.24911506487244,3.42007200754579,3.41101311536359,3.65943274563794,3.53686203743177,3.19511830142191,2.78390727495964,NA,2.89334538924594,NA,3.67029454527654,3.7515776886294,3.22206303879992,3.31334675377685,3.89071970999428,3.88001994312698,3.41896417081091,3.24479847685486,2.74356872124227,2.84252500049135,2.72328208326489,2.89793150494082,2.85978617764524,3.28202979992336,3.68719650240712,3.05605801440251,3.34352276335569,3.0580309360714,3.54360745341589,3.5194302811658,3.1971141471248,3.61235253557993,3.77287233138306,3.2195139373545,2.62165060979626,3.20919503126893,NA,3.27209147563496,NA,5.71634735553888,4.36846591321142,5.77006434750328,6.05011907439563,3.14798231280991,4.91550765257733,NA,3.89028976382449,4.88062145601596,3.56679720429966,3.30952876213824,NA,NA,NA,3.58824369365081,3.38601606133714,2.85173388691025,3.03587194061852,NA,2.58428290653378,3.51226503688741,2.66413949262939,2.80588058596328,2.73176167814821,3.24781158496631,3.28142965555226,2.97225715514702,3.95207341873809,4.69013414604126,3.36734058002624,3.36689739419732,3.62479709987314,NA,2.39266968274609,4.00592708964689,0,NA,2.08433953366438,2.72002607738703,2.69335040928929,2.82321852179215,3.12318005210103,NA,NA,3.20595603535332,3.33958553273101,3.22508028337976,3.17808622361094,3.05085980609259,3.17348076080861,3.08411039091224,2.8783173166604,2.89611725159356,2.73199736639409,2.88690409860056,3.07369108672893,3.14465487642573,3.34487888915245,3.67231751910089,3.11436475445537,3.30001650497114,3.38084431947408,3.54542122816937,3.76472285198037,3.50692194664836,3.58088306591741,4.32177504897126,3.66056674985666,3.74815341339056,3.84308623373197,3.64099835649734,3.84697977734041,3.73084779391042,4.2179791695204,4.13474676279747,3.77173546109489,4.80313485216565,4.19468425057954,3.28861509802352,3.55826333684701,3.52237858259719,NA,4.71957499150685,4.0702409335306,4.51834621371013,3.58243629035111,3.21897425809943,NA,3.74780139349508,3.27009103075799,3.18761046807501,4.08368801902474,4.32804311645651,3.90583016764452,2.85112151590345,NA,3.85614362532419,4.03670655780917,3.95578644393298,5.79899536648189,3.45569073187657,3.76053486943021,4.77912810762867,3.80390827212151,5.13083026207021,4.74013839636224,2.8202725586563,3.98013620802806,3.76470106436627,3.4471572989308,3.33383621614787,3.49986015399375,4.60673899926072,4.07851145908301,4.04611490268825,4.40413846117842,4.24984604205122,3.90933459707334,3.52268110105714,2.65787983304442,2.65697815315357,2.64640962103733,2.64934953113583,2.7058851853874,2.54236273589623,2.65791771499295,2.80525444971601,NA,2.75141024834823,2.90767307972926,4.96804963887024,3.05446156847224,2.96884767929702,2.82449459828565,3.17827123148208,2.93039383822233,NA,3.04617920900427,3.49744581844218,NA,3.26610065316243,3.45864937829829,3.39594447561365,3.28719166524028,3.29619371798691,3.3064555091599,3.49574636696922,3.35220291197037,3.27918555204939,4.27719910757688,3.86161601019845,3.70612188679176,4.05459926103542,4.04816090481481,3.89271678201932,4.17563527865003,4.24932219945791,4.52591243354491,4.41623606347186,3.71899077557785,NA,3.33851643452545,4.28868376312396,4.06699668607963,5.06072458198501,5.83654526366042,4.27141465431976,5.11389586373666,5.16922239315055,NA,4.01919059421213,4.533532778487,4.58033271943615,4.252548188656,3.62110371919943,NA,5.01957200714261,4.67322010975696,NA,4.37098304864351,3.94815001583155,3.81686371765769,4.68643925723719,3.95016792927575,4.59719718911105,3.41856262927292,3.24619142821086,3.82492479807552,4.08196689668394,3.8615365412595,3.7930418792832,3.86564129956335,3.63410600578867,3.75296885245519,2.81643799666422,4.18001516459097,3.21133558078403,3.16252701339755,4.29064658424776,4.70654437362419,4.44302460394561,4.34818865971727,3.63423572770875,3.93139146268768,3.17518332257273,3.7026818172336,3.24660891253517,2.55603451183849,3.27734942850056,2.63680008494754,2.46282179479883,2.70890873900672,2.41342522811857,2.61837166917109,2.74109537507825,2.96522248239091,2.67141285577521,2.52426052085217,NA,2.60108551639937,2.63057215982164,2.7351902594204,2.65559742837905,2.66851370580331,2.65363788246466
NA,NA,NA,NA,NA,NA,NA,NA,NA,NA,NA,NA,NA,NA,NA,NA,NA,NA,NA,NA,NA,NA,NA,NA,NA,NA,NA,NA,NA,NA,NA,NA,NA,NA,NA,NA,NA,NA,NA,NA,NA,NA,NA,NA,NA,NA,NA,NA,NA,NA,NA,NA,NA,NA,NA,NA,NA,NA,NA,NA,NA,NA,NA,NA,NA,NA,NA,NA,NA,NA,NA,NA,NA,NA,NA,NA,NA,NA,NA,NA,NA,NA,NA,NA,NA,NA,NA,NA,NA,NA,NA,NA,NA,NA,NA,NA,NA,NA,NA,NA,NA,NA,NA,NA,NA,NA,NA,NA,NA,NA,NA,NA,NA,NA,NA,NA,NA,NA,NA,NA,NA,NA,NA,NA,NA,NA,NA,NA,NA,NA,NA,NA,NA,NA,NA,NA,NA,NA,NA,NA,NA,NA,NA,NA,NA,NA,NA,NA,NA,NA,NA,NA,NA,NA,NA,NA,NA,NA,NA,NA,NA,NA,NA,NA,NA,NA,NA,NA,NA,NA,NA,NA,NA,NA,NA,NA,NA,NA,NA,NA,NA,NA,NA,NA,NA,NA,NA,NA,NA,NA,NA,NA,NA,NA,NA,NA,NA,NA,NA,NA,NA,NA,NA,NA,NA,NA,NA,NA,NA,NA,NA,NA,NA,NA,NA,NA,NA,NA,NA,NA,NA,NA,NA,NA,NA,NA,NA,NA,NA,NA,NA,NA,NA,NA,NA,NA,NA,NA,NA,NA,NA,NA,NA,NA,NA,NA,NA,NA,NA,NA,NA,NA,NA,NA,NA,NA,NA,NA,NA,NA,NA,NA,NA,NA,NA,NA,NA,NA,NA,NA,NA,NA,NA,NA,NA,NA,NA,NA,NA,NA,NA,NA,NA,NA,NA,NA,NA,NA,NA,NA,NA,NA,NA,NA,NA,NA,NA,NA,NA,NA,NA,NA,NA,NA,NA,NA,NA,NA,NA,NA,NA,NA,NA,NA,NA,NA,NA,NA,NA,NA,NA,NA,NA,NA,NA,NA,NA,NA,NA,NA,NA,NA,NA,NA,NA,NA,NA,NA,NA,NA,NA,NA,NA,NA,NA,NA,NA,NA,NA,NA,NA,NA,NA,NA,NA,NA,NA,NA,0,NA,NA,NA,NA,NA,NA,NA,NA,NA,NA,NA,NA,NA,NA,NA,NA,NA,NA,NA,NA,NA,NA,NA,NA,NA,NA,NA,NA,NA,NA,NA,NA,NA,NA,NA,NA,NA,NA,NA,NA,NA,NA,NA,NA,NA,NA,NA,NA,NA,NA,NA,NA,NA,NA,NA,NA,NA,NA,NA,NA,NA,NA,NA,NA,NA,NA,NA,NA,NA,NA,NA,NA,NA,NA,NA,NA,NA,NA,NA,NA,NA,NA,NA,NA,NA,NA,NA,NA,NA,NA,NA,NA,NA,NA,NA,NA,NA,NA,NA,NA,NA,NA,NA,NA,NA,NA,NA,NA,NA,NA,NA,NA,NA,NA,NA,NA,NA,NA,NA,NA,NA,NA,NA,NA,NA,NA,NA,NA,NA,NA,NA,NA,NA,NA,NA,NA,NA,NA,NA,NA,NA,NA,NA,NA,NA,NA,NA,NA,NA,NA,NA,NA,NA,NA,NA,NA,NA,NA,NA,NA,NA,NA,NA,NA,NA,NA,NA,NA,NA,NA,NA,NA,NA,NA,NA,NA,NA,NA,NA,NA,NA,NA,NA,NA,NA,NA,NA,NA
NA,NA,3.05107534415743,NA,2.55047611628777,3.08787959381929,2.55684117481656,3.89634404132439,4.31450933501627,3.46249145560702,4.38265594348721,4.56279039479371,2.57066126682231,3.55515347904404,NA,3.3870669275987,4.17939722365312,3.82435497460074,3.99318250911385,4.15979511763555,3.42691814730005,4.07376966368439,4.55575499472355,2.98074060085046,3.63990849701469,3.57501269884646,NA,3.38083112626694,3.20684025757444,3.63193130921553,2.74986780141723,3.06177152600522,2.99918499122363,3.1475975551486,2.93713198267165,NA,NA,2.72388604280032,3.04032686852868,3.24817000495144,2.97850403556255,2.74798144658677,2.83991934711614,3.16978185511481,3.47534535851814,2.99078545504775,4.47216536490664,3.35419723205583,NA,3.50271356170496,4.76854118212625,3.85451280728648,3.74583112997775,5.93836652534024,7.6153281866284,8.08922043328376,5.39643459695187,6.53242118443302,5.31787108828696,5.315112081097,6.02544219745716,5.92975539533828,5.14638055635653,4.45147726388743,4.89905298071569,4.32258102972209,5.34701415759814,3.57576231195227,4.21007765343994,2.86412984745951,3.30395095062693,3.00713404415635,2.24334763499588,2.75987329832508,2.37356941583981,2.38884440394711,2.37002208281483,2.88980856125317,2.41144148220335,2.3020976892659,NA,2.07317281267076,2.26822398455589,NA,2.5276947089859,2.56898298969052,2.46931581719573,2.13583500368904,2.32308130217539,2.17042675406041,2.50127869546337,2.21768536968742,NA,2.69016880771483,2.22777322471343,2.23184309567255,3.04662434824254,2.82773522102589,2.89316757979016,2.75776202910189,3.44398111792204,2.47185436220005,2.66373670565755,2.93258095377675,NA,NA,3.24475030011516,3.99968362183087,4.10401291257387,3.92130146493416,2.83652052969083,3.71814304369611,3.47048494485675,4.50493505672548,3.03526616273119,3.55540179056957,3.43691098297645,2.7793781867801,3.62790353567335,3.80495767203298,NA,3.28310811651565,3.39294427352656,3.07923271732666,3.32962125522588,2.6758724914865,3.51882560171927,3.31223119369879,3.2661021401782,NA,3.86110987032257,4.0886431673359,4.43446169576898,3.59534071741543,3.18554781509335,5.37526918052789,4.25514407957691,2.74363590948578,NA,NA,2.8129104538673,2.7684598949185,2.97461611929963,NA,3.60230367325134,3.88649153651183,3.77889357258727,3.41470311389305,3.76265386179865,3.92898303235661,4.05755074992268,2.96730095273522,5.00101498719897,3.97883246607882,6.37746765768986,5.38679145935871,4.02443626011827,4.27826261022455,3.19683182219947,2.90175022720912,3.15922260731353,2.70021942545194,3.0827741018447,2.62108333699571,2.82307763734354,2.6562083121137,2.83902276874341,NA,2.84916142568727,2.60942007882937,2.78852649058637,NA,2.45372696079499,2.62832990575004,2.38652622521228,2.92066795057434,NA,2.45754049393614,2.57264084714018,2.96868744489067,2.86095174355278,3.2391190547368,2.59413391120342,NA,3.33667492418898,2.5798726292032,2.67334964291529,2.49807438249809,2.32835296258712,2.53322130917369,2.70283610987618,2.36842947076777,2.51026577901735,2.90791578672235,2.70592039161776,2.63150602236185,3.01252075534349,2.82845588635474,3.05956147051964,2.7281626959144,3.22861933835702,3.0826567782359,3.40578756643342,3.48859265167774,2.67412209536303,3.33589747045399,2.60005051859851,2.98649409729931,NA,3.76243184895384,3.14644364266785,3.56829743748829,3.80880420010915,4.89171533351019,4.70732765905158,3.79711733556949,3.52120760089376,4.64783097450647,5.17911857227049,5.43482865734323,NA,4.14659594106477,3.1795161322495,4.65885065194811,3.50441354590363,3.4851372879108,3.2219684045757,3.48894656972762,3.38496272849472,3.30342430142819,3.37612837079008,3.68320867965869,3.72998090398311,4.09205880304494,3.0413701335113,3.91567511293237,3.84786952997694,4.10980833589851,2.73139082381748,3.26547277238527,2.96239783043867,3.55314113921047,4.30334518364951,4.15172718029378,2.43554052724032,2.43214812022452,2.92350079575532,3.18482869801152,3.34414760882963,3.0321350459709,2.86671156712046,2.62392525534953,3.38977065974223,3.14464111772519,2.98601480517755,2.73123692991171,3.12917397327298,2.88972129240269,3.3093202419947,3.74072486102938,3.29429442845962,3.31797778323261,3.04237724442299,3.48012467641157,3.52233915206298,3.02608511241779,2.81020397302995,NA,2.43666223949718,2.60685132604392,2.8136281613794,2.74508617376499,2.81186121434367,2.86995396274997,NA,3.47624403732254,3.85779291015067,3.54776086739657,3.26431842394635,3.4925273503721,3.44975219148471,3.17107655120242,2.77070802052152,2.88234749281574,2.99284558628659,2.81172777024134,3.29871375903315,3.19484591178287,2.86576404724611,2.38520048892743,NA,2.52341079782989,NA,3.50977211281597,3.71315160262054,2.87583242518636,2.82086341139372,3.59498646827723,3.63540385171011,3.26017874652157,3.17469090827202,2.72525465530496,2.90416180201642,2.59158754193794,2.92763515451611,2.74744527961189,3.21106778488213,3.51651151071748,3.09395323774744,3.1866565364465,2.80035921097408,3.57073803510075,3.60999971761097,3.2063880928554,3.54626069631637,3.65276313184388,3.14682150724869,2.5805766235144,3.27651104462557,NA,3.22539203684945,NA,5.80897101434582,4.62379386821426,5.90729716348904,6.22255417792011,3.16340035524092,4.98713285744348,NA,3.71273982357849,4.5557500212023,3.46898455154693,3.30810532335505,NA,NA,NA,3.52545709242069,3.31545929425099,2.73533659325404,2.90801994060059,NA,2.74207574280238,3.55549933244063,2.71691647915412,3.01901351347999,2.78276719279025,3.06886109565931,3.15115567563789,2.92577458779935,4.11262554287404,4.64138358086738,3.28799040905558,3.3354778286851,3.41911953801937,NA,2.20498819744652,3.91776375763223,2.08433953366438,NA,0,1.91712251478875,1.53235005088921,1.87610268539256,2.10004697556194,NA,NA,2.27249464754622,2.38798392680351,2.33314167100942,2.32318048386901,2.28306535208486,2.70460979344774,2.5137893114014,2.38895453587535,2.44494985767537,2.20356710611486,2.07152667157676,2.32081565044393,2.51778931609061,2.80605330138033,3.13751173920244,2.81518776054183,2.72381845743227,2.90488939547538,3.12436098323243,3.36572156809174,3.07752368538522,3.27743342266076,4.01019283731898,3.2673744647567,3.43256997285091,3.47236044462792,3.20021025957431,3.47185719425254,3.447530062463,3.8959385836755,3.78005048255372,3.44336181835755,4.66039362524741,4.058602105987,3.28130368342295,3.5041179948647,3.34020681901922,NA,4.47452749057853,3.99789319612916,4.50874203468595,3.399715932976,3.31356815986172,NA,3.81640474018416,3.28249974872261,3.19266985571503,4.3302787639103,4.33066238300287,4.17400397516695,2.8385454330421,NA,3.9259188243953,4.05848577458492,3.94815085231189,5.99069934594841,3.90547609421322,3.69140073041549,4.88084530488901,3.80011131473684,5.3295530559098,4.67250905439698,2.70283000370132,3.83839778613812,3.44867753995497,3.1559602362422,3.16192437267873,3.63787600423812,4.49995936583356,3.91865663735773,3.88762778833005,4.19551601460978,4.02379134194039,3.73528229895512,3.3807092810035,2.35475596849097,2.29744957662262,2.31703583657293,2.35839156193842,2.12541547527272,2.094844964677,1.94880903649736,2.23782011236556,NA,2.40681373520488,2.43579117470449,4.84100116212319,2.46646637330288,2.40283065353842,2.39935720645894,2.80263711092587,2.35157191255963,NA,2.51544690969618,2.99504264943374,NA,2.67846655138696,2.84794829402806,2.76735904432787,2.60728631641052,2.62385883851259,2.97239301026554,3.2351962965369,2.96971361409004,2.87120343860162,3.93378221253885,3.44812636737324,3.21347736200717,3.55342656447411,3.71809607210092,3.51056267924213,3.78358725449665,3.94582869107282,4.25933841335005,4.2741894584968,3.34925824591887,NA,2.75559581062747,3.90005688635864,3.83140172212336,4.94696620440292,5.67781414985182,4.02317069949694,4.77385090320563,4.79600861967533,NA,3.69783486433256,4.32578020775646,4.24886990463925,3.92511020838917,3.33981385045161,NA,4.90116099882041,4.51932903784111,NA,4.09457416208266,3.72028117658362,3.63756619476728,4.46160847119599,3.79642693123005,4.57461050060208,3.61568179444675,3.07034791168647,3.80991042848954,4.06412824993151,3.68425178822961,3.54859438338101,3.63244418698025,3.39795777142389,3.55109048030948,2.45960844579081,3.76279778432375,3.16606902042775,2.81443782684033,4.09124208290357,4.38591719358531,4.39446891680954,4.25938968004175,3.52448471681454,3.76388509829707,3.00502602869776,3.72654994623732,3.21670989120205,2.47822424447793,3.18087172406818,2.52786340361225,2.3489194969504,2.63679545764428,2.20250271886033,2.10672857687606,2.08964796772067,2.32069506035474,2.1046365741024,1.73808576998426,NA,1.80369360174537,1.91338354105896,2.002579178093,2.03181422353369,2.45009206400928,2.07664453872019
NA,NA,3.67948098781923,NA,3.23710101591822,3.59196797492171,2.86149642125787,4.27721279017539,4.69252335970267,3.86842489427834,4.73124216981645,4.88572972916303,3.15961810305723,4.0248219117829,NA,3.60862980198111,4.45707104352694,4.07737720184076,4.18017469547967,4.42396483811271,3.6308589300874,4.47873568087065,4.81891527114552,3.0141118094811,3.66763062206768,3.8927394948438,NA,3.57203489035172,3.19262692032413,3.79264174459082,2.91459147477643,2.85273839665371,2.74489943789988,3.02868740457531,3.02725172016879,NA,NA,2.84498577666026,3.20344129336463,3.43600874313784,3.17215203654116,3.01678720110304,3.059429883119,3.61043288293871,3.91327245309464,3.76612607933636,5.15414562776753,4.09130937249307,NA,4.1864274589952,5.50388973018341,4.33701122333892,4.30560575981769,6.43047782752901,8.10562240536469,8.54493228867131,5.92587051474221,7.01692680335255,5.85631709264708,5.84171636413837,6.53614684343858,6.52570685935014,5.72429817336494,5.08045598495701,5.47622788822429,4.99288932508756,5.93204994578278,4.21983700479465,4.91369990787364,3.51835317624924,4.04117650954136,3.68479051772149,2.95454570170961,3.33912236906667,2.93574412543842,3.04238238401367,3.06168816256552,3.52874818926592,3.08229713817339,2.85951359835083,NA,2.6221993361181,3.06849200191723,NA,3.17735624140035,3.16926408568932,3.04504668176661,2.54015143014506,2.95020273283625,2.7728471191538,3.11094692506816,2.74820615293641,NA,3.13082157330743,2.81128693003764,2.61733428057428,3.58609098775931,3.62623469004995,3.43325837697594,3.23780329030844,4.10896325808261,3.20856574207905,2.7717910540972,3.21145522230447,NA,NA,3.29381826542384,4.31538549822972,4.33712293416737,4.00668347009315,3.0585664782183,3.62813665949443,3.29789340154791,4.32377767280397,3.07606447538644,3.40761843094054,3.35674271243722,2.703699964012,3.73878896962882,3.96412320816987,NA,3.55364894552676,3.76340204169979,3.41462150131991,3.72277233467672,2.9108260541698,3.93599939501484,3.69236349803775,3.58843077206068,NA,4.1918201648671,4.35931824958966,4.76000440099992,4.02917261624546,3.65129635497498,5.80913604288535,4.70619702525692,3.23215409437304,NA,NA,2.80786279292854,3.05962837039391,3.34139141613222,NA,4.04487352673179,4.28524837364917,4.25736734337125,3.76512824312263,4.17363931071729,4.37039489085736,4.62311370295918,3.25375326466175,5.39799432691712,4.60162547942771,6.85273527281854,5.89333577954681,4.58428525301268,4.87143839526323,3.80177646066494,3.55332804388217,3.73662484725987,3.34585077086838,3.94084751626828,3.186598405247,3.37719621542684,3.28694601497462,3.32514120846068,NA,3.51770717603447,3.31587767360039,3.24485912043027,NA,3.04354909190861,2.97986043079746,2.68464797539137,3.36511993857024,NA,2.95677252860124,2.77010304344606,3.21828282944389,3.14792184010587,3.5059746747175,3.13247044809399,NA,3.58046657449713,3.21865614232696,3.36983047840866,3.0086439656726,2.81459782908279,2.93086764706761,2.99423225662702,3.04322777823993,3.10603384313805,3.4437890968067,3.24887500885059,2.96051249597992,3.38254220833083,3.40950972633101,3.38077717703996,3.04957884919881,3.72356388868134,2.96202874877568,3.82328117709211,3.72896674456417,2.84346648607118,3.67552709991145,2.8349309370546,2.91510438579558,NA,3.91422094964556,3.27309839562704,3.63873921057616,3.7361393365253,5.23581960531453,5.16225758235833,4.1441869825891,3.89668790908772,5.06044439332725,5.63747462371746,5.53206676590555,NA,4.52503659191355,3.4539663668843,5.1318389004925,3.92787205489713,3.90123458732037,3.73502809037464,4.02502856006222,3.7307809138244,3.76794050094666,3.79618041554583,4.0989648394532,4.21166214257559,4.6178017183473,3.26714169308713,4.03412187675109,4.13186779348282,4.06521649884867,2.97784955813351,3.66321806844549,3.30233647795584,4.0634063669903,4.97547750348867,4.6669189732389,2.92030399196173,3.06038250567103,3.46546846370408,3.85180617704304,3.9796048248406,3.7978350634259,3.65660078454908,3.27341954157279,4.03251370397999,3.61367647035586,3.61369097965961,3.54916952636104,3.9361865223609,3.69459411469121,4.02726900842156,4.44868707312666,3.7154499374476,3.87324922092442,3.48358277388367,4.01863224515108,3.89198586864315,3.33446144027217,3.063044609446,NA,2.78097872417653,2.96802383821023,3.39872003183298,3.20753714848137,3.04237081167214,3.23006881971181,NA,3.50126750676533,3.65163570811536,3.7171105189118,3.17784653142765,3.5045433731612,3.51321790903046,3.63435759459491,2.8011629999038,2.85628579471516,3.0191820895954,2.74711261384595,3.29598970122897,3.2282413987807,2.84991924107932,2.31114222271243,NA,2.4656275087495,NA,3.69184757964119,3.76277234064246,2.7755385450203,2.86209433447032,3.78957355733944,3.7970611372501,3.36119645209142,3.36437399842936,2.82348269421494,3.05573556687737,2.88204303184918,3.07903097732572,2.90749743790456,3.40319827613658,3.82757134890728,3.38901681034734,3.57434169549901,3.00375528562446,3.92347526194356,3.93425048634993,3.61087814415203,3.91685835324466,4.00075097624348,3.46572267828826,2.85234862777635,3.69767032838411,NA,3.65610877940861,NA,6.29628580037027,5.22882421123843,6.42714853107435,6.65769522660721,3.55854288104409,5.43162057987952,NA,4.07138954083723,4.86997986710557,3.96031141861626,3.6833957397061,NA,NA,NA,3.95686486298611,3.87704382164895,3.23557956770579,3.31126541714692,NA,3.14949156295109,4.05510138622624,3.15312405911105,3.69824815873617,3.44596878025617,3.75229247996087,3.68037041442372,3.66770096253724,4.67927944277748,5.23773704316317,3.69822652977679,3.85967038034477,3.57796239288808,NA,2.41282792274046,4.35562420142915,2.72002607738703,NA,1.91712251478875,0,1.93471102887458,2.02407738698753,2.44604799824058,NA,NA,2.29746924173505,2.78433687343838,2.53680299817243,2.31448995734935,2.48262160799923,3.10535665125214,2.7200609365447,2.42222567847416,2.72225521982282,2.79039257466008,2.50196456747803,2.5402114851306,2.95634437863975,3.10690726799055,3.21800226272608,3.08338099839609,2.54934721737591,2.62818423683088,3.07366736013359,3.09991166331543,2.94596871429303,3.25713945713352,4.30020270894027,3.62985621292019,3.70418838948314,3.3345632220825,3.35135803979034,3.62850078050322,3.55369278124239,4.00604029650858,3.64350951354653,3.51674323957298,4.92621284493906,4.36362798367495,3.58425739270136,3.67175506933594,3.77751372675883,NA,4.88704089432864,4.44484494694225,4.94744856649353,3.95700229387197,3.83615505825124,NA,4.33960445641364,3.76694289080476,3.63553578032704,4.75416878337063,4.75801491832614,4.55021490551633,3.12704826937616,NA,4.52411240570915,4.66273808950475,4.48671691031033,6.41048864086101,4.31871216140389,4.287816396136,5.40733317679121,4.26626952423915,5.86129063824128,5.18668763193104,3.02585833958085,4.43742106818217,3.9848582775427,3.86083551931477,3.81536632683554,4.21952868130332,4.90105965894212,4.42359458514882,4.35305116784579,4.64573573121516,4.33720865161232,3.86906968862986,3.58518248477726,2.90178560788508,2.61919787710861,2.80365393850579,2.69878553425104,2.53749517757512,2.52546973716386,2.22631353836433,2.60152002402531,NA,2.55203977469503,2.52778554386887,5.27495927709751,2.60705861744588,2.59459719020967,2.65431007897158,2.99500210827824,2.26555519446488,NA,2.45959407485571,2.81916553836724,NA,2.54534360823034,2.75324863809312,2.53263625113911,2.66539048807847,2.30757401526499,2.81749591082895,3.00603532739944,2.78723388605607,2.69252966967331,4.05225316868731,3.37634525548767,3.31982321381114,3.73580464398146,3.76875172501408,3.69543503137723,4.04258556801246,4.14735538475621,4.46026432451971,4.39087507740433,3.41790156190587,NA,2.63746026402093,3.95031039083088,4.05749441898769,5.14760245726632,5.88041124537622,4.37006684512332,5.08315518551708,5.2438448764364,NA,4.02712292978085,4.61834770886075,4.69272720000321,4.3278919045828,3.72921533837986,NA,5.20262534679048,4.8315266000132,NA,4.3400219439025,4.00236734136553,3.9612064976311,4.82189765019524,4.14146548070026,5.02370389254777,4.16115742174236,3.60792108332357,4.31512600372507,4.64440603368455,4.29987525746236,4.26606012953058,4.29255749306889,4.06314496072423,4.1305180541906,3.00767163604631,4.21955323966472,3.66424548727493,3.37828587009418,4.56326939581305,4.84064608768152,4.89640444849814,4.67778683472242,3.94985863103587,4.3303991711206,3.4961414434285,4.339894942246,3.73829686624849,2.98170124448205,3.53991322116025,3.0174409116968,2.81059474606581,3.20707282595692,2.66587729373098,2.65646734743774,2.46033020016057,2.76352839785737,2.80031401286887,2.22836264422682,NA,2.13875491041756,2.11730191476792,2.0001286686584,2.00662969142681,2.83589856436146,2.55933885564206
NA,NA,3.36459594363684,NA,2.81887534246292,3.37962972448955,2.82359099545368,4.11576982204777,4.50497273030692,3.64027512215026,4.48585664536887,4.69047918112045,2.77792815333621,3.66504463829769,NA,3.34108808087571,4.24906776780267,3.92623998952969,4.01904036164332,4.21540543928111,3.40864700702319,4.20566507686192,4.63212573369266,2.92412758241671,3.64486250672374,3.66516943528431,NA,3.61473936793624,3.32316344065432,3.7504707425691,2.83989650501501,3.12638809944911,3.1208283899281,3.27852867482751,3.21905860330122,NA,NA,2.96138343086932,3.39153763421674,3.58397490999707,3.40503349414271,3.12312801414758,3.25984799790715,3.61618779315467,3.86632661227619,3.57328587130027,4.97545374946005,3.91294987271587,NA,4.03447018801983,5.37978503037696,4.31745163496276,4.27140649688433,6.36648534513979,8.09254475784343,8.52284660909442,5.84613854715783,7.01426813820592,5.77799606200353,5.78438802077378,6.53237513151611,6.5222611484557,5.73621370381358,5.01401559102519,5.45156885241289,4.86804444992369,5.9076989904531,4.12606242106654,4.86649283877501,3.48476758966466,3.94015872600198,3.47737458378177,2.68316230460141,3.1290204425394,2.7220210666852,2.77480587743194,2.83026968276681,3.29828564533651,2.8853903325772,2.64592534745908,NA,2.39275102425517,2.6619862552537,NA,2.8186737355056,2.73498902092121,2.71323651507304,2.3890693054463,2.64759833789484,2.49558784542802,2.83455211495803,2.57975524286829,NA,2.98392892932591,2.44164619459905,2.49080405777502,3.19355248864928,3.07580595481592,3.13230925481936,3.06261843592019,3.62258988222362,2.62452734571755,2.80647109388676,2.90782213070914,NA,NA,3.23465575641559,3.96668713774739,3.99379222576313,3.70440447142885,2.99513842855102,3.35463272288129,3.24482165106124,4.42937982909505,2.87183916020246,3.29062689375953,3.44156727356372,2.6783955464007,3.65837866738386,3.85107600072229,NA,3.48714315146593,3.68424150202882,3.41636488032962,3.62654331074594,2.89697292943121,3.73396590033669,3.59587608876825,3.60226991933519,NA,4.20451360488522,4.38798691178142,4.80486757694808,4.01833194426906,3.62032602314296,5.81928708316792,4.62839480068687,3.17944111633602,NA,NA,2.92533064630497,3.12195748758957,3.27340172122491,NA,4.0989041118362,4.26479853354197,4.14085551047577,3.78004190524171,4.26609358601131,4.44180268075295,4.53592049931073,3.36761132522137,5.28658785959185,4.48894790174694,6.8154987121448,5.80392568630268,4.44951870662065,4.73644545576473,3.73479231079291,3.45011204093404,3.4521711186199,3.26568467336592,3.63732757084835,3.05062331197589,3.28907705060573,3.01961463147298,3.15573852448153,NA,3.3509905426929,2.97914369619528,3.10586968910316,NA,2.7770177663713,2.81365304801615,2.57800521189825,3.01959954028296,NA,2.65608022618453,2.97859303623773,3.33291887165626,3.08827232495341,3.37597352527744,2.87294381084784,NA,3.45950173584807,2.73948605148558,2.82463919757334,2.79630067210354,2.58719170021495,2.71863674274451,2.95952464295698,2.58005981168205,2.63516102166807,3.05267312681762,2.85009769025863,2.73454358594127,3.12774709740339,2.88872428708517,3.1319200905652,2.83551342673906,3.41662523157326,3.01051154308261,3.57017170712363,3.62405285239178,2.69515921970895,3.48406284067283,2.78051052434418,2.92883201075145,NA,3.76385960587148,3.13782663285544,3.6263801770288,3.8088165311786,5.11900843794807,4.96997097126136,3.98120842301424,3.68364948137317,4.91513124092129,5.46083847385633,5.60326924330895,NA,4.29040563857261,3.29191505144401,4.84309997658063,3.80537574948205,3.87161456537859,3.63640686636227,3.95174930572589,3.84877748359492,3.71163278570641,3.79253850751798,4.09611413612219,4.20842768414797,4.59810250087878,3.3746249289779,4.19163225490617,4.19405793777957,4.34825102979066,3.00899522586943,3.59237646553532,3.35935525863682,4.01301936963462,4.79363708955465,4.66530644922827,2.81812167667599,2.79658396992903,3.27279683772509,3.593349208711,3.87545744866307,3.69605067233227,3.42407667502157,3.12094481274427,3.79819054588231,3.58991246141478,3.40396818123885,3.3444453414139,3.64311784990569,3.39772793062565,3.77766548772676,4.16988667359616,3.58827459065948,3.63170568399455,3.37925682337923,3.76944483579727,3.74032770880419,3.23659551933288,2.83423576248805,NA,2.54721350154635,2.88109078520737,3.02068912116659,2.98606958760694,2.92574867472942,2.83492298915292,NA,3.41678136088633,3.72914348741989,3.48118609786834,3.15813272638411,3.34717311111805,3.43307217206239,3.32556749299441,2.85439168474245,2.85486745582876,3.03124187608106,2.65396843306414,3.25109678031245,2.97663506438472,2.82040812791578,2.35921003875621,NA,2.25139308980825,NA,3.31878365776091,3.65767320683834,2.76182989501822,2.58302108295549,3.44761598336485,3.49227978469608,3.18173286769866,3.24922980905808,2.94657737591541,3.08986512202482,2.74253559532263,3.04449067212007,2.81035330761125,3.41235813173395,3.77621994554549,3.34387785875701,3.42884387119206,2.98756497145991,3.85850028004366,3.90688501584148,3.65676457102163,3.96767594194058,3.97935321028618,3.41693411388378,2.97863042561531,3.5996889405853,NA,3.56468363791532,NA,6.27733069139675,5.07988342524781,6.41041056506764,6.72271451360228,3.57664522028449,5.46896040051607,NA,3.80723297538126,4.62211856435748,3.80493260810909,3.66103515011665,NA,NA,NA,4.03108318968794,3.56187512026788,3.17201792536898,3.27427779887276,NA,3.2074385310557,4.08933258809553,3.12585458627111,3.52183486722558,3.29968599949459,3.60254260295276,3.59611562158787,3.44226094635461,4.55099698949645,5.0925759979363,3.62310546434932,3.66333366017232,3.76630003829613,NA,2.55912042047665,4.1882394098495,2.69335040928929,NA,1.53235005088921,1.93471102887458,0,1.34490639851467,1.65963404099489,NA,NA,2.0125757381003,2.49571529404932,2.21940229093362,2.26190023586273,2.15558973610896,2.70772473436103,2.41191962532602,2.24795627966179,2.57185281900041,2.26716811585876,2.1519850797985,2.37650106197594,2.54854081077659,2.74524791850232,3.0453450762698,2.79773745160469,2.57799297836099,2.78364757683947,2.94905870806815,3.15886136926178,2.88914211383031,3.08513837712586,3.96814318730652,3.22168113594554,3.24824984672772,3.30493658782724,3.09547908692859,3.30370553786524,3.26036336629932,3.7965622554101,3.51098377455294,3.23634215857555,4.72739557986544,4.20827525925521,3.54671207158214,3.61247956984839,3.67931177384365,NA,4.65052491449713,4.27571659587805,4.7800149134735,3.7461827980248,3.72833695089166,NA,4.30971830191982,3.72095609267282,3.626439798923,4.76744080047375,4.78858218285582,4.60633283126428,3.16444460041941,NA,4.42554691299835,4.57062710024958,4.45235336536725,6.4182110337986,4.27506054686421,4.23727602574692,5.4209211078105,4.32369738693939,5.9082483418295,5.17844296874797,2.99915427490629,4.32715566562352,3.88149222156087,3.67177841002242,3.67728541871231,4.18071685815107,4.94449320707496,4.41568900008925,4.29150124061235,4.54461668520548,4.31726764537032,3.94071502141565,3.63876523292673,2.73281486791508,2.62973015047271,2.80043725227579,2.77158772094212,2.44505403097923,2.39719344841238,2.12991379756596,2.43264612628137,NA,2.43099843210198,2.35904903543515,5.17555542764511,2.50996892095101,2.43665366946523,2.51290889525413,2.84820040110356,2.41503135176994,NA,2.45875098157927,2.87499806376258,NA,2.70606363566625,2.92668137960858,2.68006080957364,2.50598506686412,2.4275182680562,2.72155624389567,3.07341791348406,2.86491251023674,2.80476471926204,3.8250150060012,3.28998585044056,3.01283384140054,3.35253282658224,3.45558293631604,3.29277088510062,3.62257454622872,3.78370457923136,4.10763149722499,4.0487780550081,3.07325621948116,NA,2.6103970009947,3.60433143473105,3.75728858545749,4.96714901177908,5.67495383586607,4.08027879674787,4.82333947009909,4.97121768724124,NA,3.76472985859785,4.4567356112533,4.41212465930978,4.08389661424364,3.52150809799964,NA,5.03596887562258,4.63725684456306,NA,4.20564471007055,3.84178663346606,3.80398982137449,4.59897233939736,3.89355065112035,4.83858678951479,3.97505106271923,3.43132125245052,4.0854539019613,4.45252302903105,4.18007759718131,4.12315719926955,4.20721376131918,3.97670886506187,4.05376731933704,2.795149921565,3.98462083455535,3.51329046856787,3.30135874557831,4.40262807619642,4.64874334036503,4.81256580148461,4.65282589358217,3.91356600924758,4.19501043707188,3.48293565278935,4.33781643912247,3.81236460237128,3.01141648669705,3.59209831088737,3.05133375606635,2.94816646108533,3.28772358229672,2.71758160062341,2.56419715569197,2.30768693756608,2.56506796328289,2.54299723658841,1.91080492569475,NA,1.93856086225166,2.1349712120208,2.12354683504564,2.17666905538578,2.81462371889706,2.44350669664316
NA,NA,3.36226347530468,NA,3.05242865652554,3.39189915107983,2.83927150405131,4.20745570439207,4.55304291792701,3.66418423952656,4.71834762051824,4.88930139814217,2.89298681969503,3.72453229648971,NA,3.28021336151468,4.43740208998386,3.94799450328094,4.08779117274068,4.36763403613928,3.52070707210573,4.24853882104884,4.69121872686432,3.02243600279191,3.67273944472335,3.82384286566,NA,3.66658910839016,3.33601665286425,3.87372222548281,2.94052872104295,3.20584443709525,3.22060517220239,3.37960077462433,3.3263103300414,NA,NA,3.01027820232761,3.40364308077916,3.63160748370216,3.44419611911656,3.18550573171895,3.39690440149805,3.69478270729358,4.09054482503038,3.74002294166633,5.14275983074912,4.06058079352362,NA,4.08936898062176,5.48477522532461,4.4881224538087,4.40090856966362,6.45881361518715,8.17636914026939,8.60497502463367,5.98535615106926,7.12867685753501,5.9172696512703,5.8876940630656,6.62971058880512,6.64106647687614,5.87267510020549,5.18364220915107,5.5574268833236,4.96609820784035,5.868319247988,4.13132863069161,4.87419162157325,3.43722172055323,3.84371835117915,3.29113568774663,2.56305077201463,3.08936742281329,2.65218260779547,2.66495399673341,2.66194854905093,3.11358811261015,2.72964869815539,2.56199226932086,NA,2.24713548837441,2.55056990622345,NA,2.59540889395088,2.61032802908318,2.44074412935578,2.33740208520959,2.45165601864257,2.29583432694855,2.47685830743263,2.27502972786201,NA,2.77833597518786,2.18254991946709,2.44817650940978,3.03481809509035,2.96918205913537,2.87317389813423,2.81902338851237,3.45248926336252,2.54926363713298,2.87601936328506,2.81774463042312,NA,NA,3.0545068858129,4.03048524490384,4.1345608530937,3.79763033684322,3.07246382765566,3.40799848148491,3.2601009002719,4.6143335012271,3.04844281922594,3.51404582503576,3.61641744512569,2.69901118138071,3.72504335677585,3.93717693098255,NA,3.50021415162541,3.66829347369694,3.39125330077383,3.58901115772727,2.80650829284087,3.65691055028805,3.55271464283922,3.47606292639803,NA,4.33411084985586,4.50052178772733,4.8248689895265,4.11275908028634,3.78509241254837,6.06467253044182,4.96495869806715,3.32846047241187,NA,NA,3.07135423587635,3.27189051077791,3.45361054104577,NA,4.27309463018581,4.42994926730715,4.34477194239137,3.84200385452584,4.30761886300915,4.44977080322063,4.61908131471032,3.45291870068307,5.42558210280122,4.69900351880858,6.94477004641301,5.9449177785112,4.66606732697041,4.90303427887277,3.87859587516102,3.59825320193566,3.64341109691212,3.31785486751727,3.76638798202143,3.13621465501042,3.4394328855301,3.15936999813378,3.2733848997236,NA,3.34805403412946,2.97943370971624,3.15753527771654,NA,2.6587709687827,2.59649177215665,2.50064627105486,2.77086313592906,NA,2.54233479296965,2.82225454416084,3.13269495513796,2.98368598643741,3.26050748461763,2.71473358566322,NA,3.34140173935161,2.73708722903407,3.02340693246625,2.69028869533304,2.42516835043019,2.61480880417678,2.85421261415742,2.60905206592692,2.68292286410695,3.03026599431702,2.65255491429904,2.5896633250069,3.02892221900697,2.72600991170419,2.91001687264095,2.77305764572733,3.3244865886383,3.06028662340228,3.56061103096856,3.70948745000282,2.7187426779355,3.63561465230135,2.89654098187894,2.90306000864156,NA,3.95762593058878,3.39956567680233,3.86157823760842,4.02496639755923,5.42614239278055,5.23630360918251,4.18126247264152,3.90465687450095,5.23697999854535,5.76580900980768,5.85967273334019,NA,4.5902709943379,3.56118993816164,5.07946655821931,3.99533667850739,4.06874321925294,3.77222026221715,4.13654712712239,3.93395226884117,3.82194003719135,3.86489780942047,4.18719860965772,4.30264986271836,4.70044467921444,3.32991396239895,4.1525534584343,4.16200534018807,4.2591752805339,2.93440431279912,3.4986431216559,3.31832894329704,3.95102029774973,4.83479596766118,4.69682575553444,2.9367983044012,2.75353021750437,3.38356754570943,3.74970058904122,3.99915508702265,3.79360749467832,3.65797657164416,3.19916010221002,3.93455035355729,3.73182130146842,3.49413592918849,3.30963961548856,3.63192646595516,3.45285708024649,3.79673288812886,4.15942821053065,3.67855895597312,3.73388833682454,3.3600229806817,3.81919913697438,3.78743865696461,3.07690560109265,2.82473134396735,NA,2.47424262332634,2.80903578196966,2.86381337797792,2.73561869692144,2.76503795622368,2.81215473312721,NA,3.18700864377784,3.62897395636069,3.42584071989191,2.91449572207831,3.11776354510976,3.25893873493869,3.22462449942068,2.67654763716868,2.69370828772002,2.82171774762018,2.49921836047494,3.08200118936579,3.09982350382761,2.86675752514617,2.31502966642911,NA,2.38780976025272,NA,3.52213834405125,3.70362384722517,2.90570675616746,2.82420706873555,3.7119320641227,3.84659171590026,3.38961706752311,3.39731563335573,3.10836161582342,3.24104647647689,2.92267055110438,3.07104699118843,2.92809618361056,3.51348042551895,3.95848319956646,3.44088912646297,3.64738454374424,3.1633636724408,3.97186079583706,4.08142510051589,3.83920755075393,4.13714359967822,4.22615821040591,3.57220626432848,3.05554559959491,3.6997454622607,NA,3.70659868362006,NA,6.4036792596403,5.16610123906763,6.49536581463374,6.80598438686564,3.61115703554175,5.56632477834185,NA,3.94207736607026,4.81319373891806,3.95007154197263,3.80369513536089,NA,NA,NA,4.23297149228785,3.57991638852078,3.18720724476669,3.38497459023667,NA,3.25959651185443,4.21646921534182,3.24388583649796,3.68893691965375,3.37715534527517,3.8003943907941,3.70998911562212,3.73988782729881,4.76554208684505,5.32164770960379,3.7923899107654,3.76633982131645,3.85146855416132,NA,2.7028136561285,4.29993260183765,2.82321852179215,NA,1.87610268539256,2.02407738698753,1.34490639851467,0,1.35921881444709,NA,NA,1.61912884239138,2.10522075971404,1.8234566885198,1.92765567683013,2.06291477215776,2.71100568147757,2.30758201210662,2.23842649258225,2.48199938706532,2.36564256888069,2.09070290578703,2.29539575683149,2.66010120321512,2.84782275093572,2.89342743032575,2.9546397302276,2.67096343764967,3.06949652798816,3.26199062365517,3.42212782152583,3.25682652627743,3.45696074716679,4.19967046163189,3.48835305365599,3.57448626505102,3.63408631475178,3.38413722622708,3.69884478268161,3.66681167700218,4.14400786802268,3.81107809399786,3.6114867619662,4.98875614211673,4.47806959794853,3.7510837746587,3.80985293824392,3.9861621288988,NA,4.9230951835644,4.61402766858599,5.08177049591119,4.0315334506801,3.90792183714626,NA,4.49144388984145,3.85668870585452,3.77546226282777,4.93823749055394,4.95877872959598,4.7284184145222,3.2742193885254,NA,4.63656206827198,4.81400060892146,4.5624877902906,6.56376764987888,4.43814037193698,4.35632089810376,5.55460127912376,4.45083846614986,6.00373216420369,5.31838684173648,3.23632983822095,4.4912095989439,3.9748721558403,3.76688541996157,3.87340167227804,4.27091183863308,5.11516102808027,4.57239835867384,4.50954702228908,4.82158343938304,4.49819840143193,4.19334035526109,3.82045817774806,2.81416727907031,2.77723840468413,2.96313998651808,2.76272474411945,2.4400272419213,2.56525083594889,2.18844481128075,2.44469077107411,NA,2.31473977823131,2.35845325210286,5.46003101835198,2.43495701871638,2.44058487257399,2.41991719824476,2.86853623720713,2.33533013132173,NA,2.43581893602936,2.83047305186402,NA,2.63829022162417,2.72588350476219,2.49607218967202,2.44430305341295,2.29351892607886,2.62739094906532,2.98265622946984,2.84877812208216,2.83437964035518,3.94403463773895,3.36496360917792,3.14371774547221,3.60238356681623,3.66834276481687,3.62583819122044,3.92245980639274,4.14896247117278,4.44186599979973,4.23948639385514,3.36317008814695,NA,2.59053255947186,3.93471986785233,4.11550980357862,5.3048506522892,5.98106475643128,4.35425027842667,5.06215785784114,5.21581413917815,NA,3.97137378320174,4.66074702206828,4.55120927220159,4.31069300802707,3.74466215798617,NA,5.25275210319405,4.8251376131438,NA,4.49808586692295,4.2026063728539,4.14085389370794,4.90198519512382,4.23009436112269,5.13959269723923,4.15551359999224,3.71041810564538,4.38403211295667,4.71661071335189,4.41036702407988,4.35310839612595,4.39653321129555,4.16282443320851,4.24575858145586,2.78390530866764,4.24062649496864,3.6143645611267,3.38709878728891,4.7141233482248,4.97802931399822,5.07788584280609,4.8868774507967,4.17421107965244,4.40866555982037,3.6504362965929,4.50114835904819,3.95250904859952,3.13936855786227,3.81964919051874,3.20113275014331,2.99427142281561,3.3428662328909,2.70706352597295,2.43064207991622,2.36040944844267,2.38747111870738,2.43630856525303,1.74580920538456,NA,1.81413254105903,1.91044116043995,1.88075332496424,1.95480289317697,2.78006772002049,2.50799247818095
NA,NA,3.59133145459936,NA,3.18229595495094,3.58894006945337,3.0450308817273,4.41583640504432,4.78271542409146,3.91190947427644,4.9376836826859,5.13647354736761,3.14243751511823,4.00550188153431,NA,3.58482227288042,4.6688633863017,4.17158574955888,4.34816396053623,4.67090475353521,3.88196549804109,4.48256120357883,5.04980352578736,3.34225071996175,4.07065632293452,4.16371188943631,NA,4.08509448577298,3.7362266741057,4.25454242190532,3.28697144771542,3.5474735317884,3.57907067014047,3.74049276305678,3.72464318745516,NA,NA,3.38839372517815,3.79249730043458,4.00283169633079,3.84539730537086,3.58152802574755,3.79539657842804,4.12467425116939,4.4138242187942,4.01449754429792,5.44515992988021,4.34176557063839,NA,4.41587259693198,5.78522736907539,4.78949623799998,4.68014178021077,6.70217388180571,8.35533416258937,8.80934206865311,6.24245904274029,7.34122012470073,6.1609871634974,6.14522438023147,6.91601409126357,6.87755460209539,6.1425918297883,5.4569732440068,5.79689977677072,5.22511680146029,6.12585392501301,4.38562588969759,5.11553450186395,3.68298529365419,4.1018964519971,3.52752305305299,2.92895184547078,3.36958147777459,2.99465359600667,2.97732467449663,2.93874398191972,3.41290693285289,3.02556912132227,2.86606089916467,NA,2.59732395977536,2.94944921327114,NA,2.90297100095614,2.87630445588381,2.70224776718571,2.75951876096704,2.73013608651891,2.57276842626956,2.76868252504486,2.49010575825304,NA,3.0192341756633,2.38848655577711,2.87635924642491,3.17588770955389,3.02898756694876,3.05523146084065,2.80263172475094,3.61486228117184,2.68614024986348,3.31117948490906,3.17074459115269,NA,NA,3.10038366898971,4.1915584750582,4.33250295500543,3.97949805522314,3.47070424017033,3.70806093993076,3.59043641519798,4.85881546549403,3.35531620165316,3.86458492919431,3.98530948137696,3.10709469708289,4.13994010528413,4.37245154187589,NA,3.78920828525922,4.01390362705845,3.63351846659753,3.77162815846884,3.14128426202709,4.0458219039109,3.92967529585383,3.93391143476556,NA,4.66853346663777,4.88143440710194,5.13334529146824,4.53166392995445,4.19060429069405,6.28653652067796,5.18712068031001,3.70524883431647,NA,NA,3.48599514475761,3.69732964491689,3.82812915457593,NA,4.66738032537005,4.83712722011908,4.6241213166743,4.2018714832049,4.67355889818477,4.86775527904278,4.93732327437379,3.79608280337774,5.74825701944371,5.00802351684066,7.18697825773443,6.21196357732579,4.91252394665189,5.09348440661176,4.08623081555164,3.82064192295566,3.86213083889089,3.55508469710688,3.92863523685139,3.42795123662346,3.64243712807875,3.32657498530978,3.44053089623575,NA,3.44312407300586,3.09851437149752,3.42877382024079,NA,2.85401093412563,2.65738458553126,2.60942230434179,2.79148022756015,NA,2.63721389295398,3.06004048007062,3.24843494545937,2.96926577395514,3.19591697288554,2.696903066462,NA,3.32166581109593,2.66127833173537,2.97269770309123,2.79590414160226,2.54555218423501,2.73036105602369,2.91429045473726,2.58308297743949,2.70633009515359,3.01821495543415,2.70907353167772,2.7266704017435,2.99911340791771,2.78584839405712,2.97494758239937,2.81980464222891,3.35558933113834,3.20448893793412,3.6497034033764,3.91978717828701,2.87122016331861,3.73054730202896,2.93623228803806,3.01822371736007,NA,4.16504898006111,3.60624459359471,4.15534502199248,4.31723443323992,5.72272525738159,5.53388390121872,4.44846850116101,4.16719665006486,5.44091544039767,6.00705285253179,6.06170397453507,NA,4.72549101515197,3.75033606676872,5.26753133423145,4.25215554157003,4.29213521896099,4.05267559350165,4.41508780629568,4.28707537868052,4.11555978572568,4.22226242097781,4.5618462214934,4.7001081638554,5.06856028308662,3.70343148203572,4.52363961040034,4.53997034386239,4.60193705912784,3.26674066289419,3.96179489736481,3.72366834807268,4.18813769673385,5.14809343351092,5.00032421343997,3.17295160858281,2.95610070039682,3.61743203658212,4.03564776658623,4.26952326836439,4.06287520584322,3.84290492960755,3.3006273338169,4.10025595011069,3.94542279522376,3.68125184569134,3.60876432894049,3.83266435497324,3.65918913323966,4.0294296071593,4.42819388810264,3.70041537365244,3.73222866381215,3.46583848037623,3.91559956476893,3.94852272079811,3.25511724596822,3.08903826265093,NA,2.64850595227469,2.8874527803999,2.92116681871684,2.83705280026949,2.85905136326176,2.92029679871306,NA,3.18369371591374,3.68382459264716,3.40704953120048,2.92071914718976,3.10830974083204,3.39378006518682,3.27612511277041,2.86633764508909,2.94104330215849,2.9210546329758,2.56736166403348,3.2400140091558,3.36719264899809,3.21348823239964,2.59153332961261,NA,2.69975970025437,NA,3.79212643528902,4.04365364473595,3.2527285609164,3.13099379645835,3.98609321811859,4.09751441811075,3.77716923539212,3.72470086613777,3.46839205285216,3.62158241902012,3.26699333998762,3.31955609845547,3.19427239630893,3.83438314374797,4.35486410888215,3.76844529926288,3.91260340212196,3.55180781934269,4.27078100002541,4.345543489757,4.12805744176336,4.43534661921373,4.50644950740998,3.92139256956859,3.40311816960575,3.99031312937693,NA,4.08129018808556,NA,6.67682368306678,5.54052804259032,6.74325680626976,7.11650989697981,4.05018859463066,5.87420108857891,NA,4.18328712537705,5.15896453552765,4.29046150818845,4.20598159357512,NA,NA,NA,4.58478741677702,3.99673416342147,3.68952711777364,3.80122554367733,NA,3.61768944365265,4.62146490910651,3.69462159851516,3.96722088507558,3.69286556134849,4.10512219013949,4.15604061892367,3.99698376948791,5.07740328676879,5.4370825147416,4.14704288552083,4.12516601105911,4.1255055149254,NA,3.06930293164096,4.63647025429962,3.12318005210103,NA,2.10004697556194,2.44604799824058,1.65963404099489,1.35921881444709,0,NA,NA,1.72686044665072,1.91857810137121,1.70429201755241,1.88433354812315,1.85032054525222,2.80566881010931,2.36498054863309,2.36780739548269,2.59752215167846,2.35911717761353,2.23813912924401,2.43932076498296,2.74709125857668,3.13316495079447,2.99946499240577,3.11310553829246,3.06053414839917,3.42714453957057,3.54267322441429,3.7418335311379,3.59027808386528,3.76047643779803,4.47729901977031,3.78915816728326,3.84914506670608,3.94000244859101,3.7406466296676,3.99838466116751,3.95234430792491,4.46808546888229,4.11790789021346,3.93977826915196,5.27274986124578,4.80475648761805,4.09436624943532,4.17001222692907,4.27567413994037,NA,5.19827616943082,4.90324702747455,5.37736566657543,4.37472663285229,4.24165839171489,NA,4.7734545216077,4.19498531710511,4.15081806903555,5.23234089626444,5.25215859845319,5.05721605645162,3.68426871936847,NA,4.97986852588574,5.11990416173208,4.91759033739499,6.81704790285048,4.79110624715956,4.74271351781726,5.86229832129184,4.80513757229399,6.30110587689704,5.62462035570475,3.62117443101313,4.86153000082024,4.34396711350035,4.11652876326388,4.21278788954879,4.6467988245508,5.42682296613251,4.88925212143927,4.82516047633449,5.12998634301619,4.84335658506882,4.52720698306637,4.2157995113206,3.19148103945791,3.1919124041425,3.34697809811722,3.08922566736892,2.72891837514496,2.91228068392219,2.517583998138,2.72852444949163,NA,2.65289254543092,2.69023777568796,5.72483432089761,2.5768596811703,2.66398761604331,2.63935776111608,3.15332773258126,2.47237992610481,NA,2.66897960840218,3.03159406904416,NA,2.79027254770612,2.78987510631552,2.6300597155011,2.64846712023089,2.45492277551912,2.87162083554138,3.27694255301608,3.09056208023945,3.07842008667281,4.20149936664277,3.64620080955065,3.43730191567452,3.8325209664541,3.97369577574796,3.88656214225521,4.14716158298579,4.3321384586547,4.6547672741391,4.53637033487226,3.62892124190375,NA,2.68318591904507,4.16475578511003,4.33373516523997,5.53164764652782,6.2048928662552,4.63694552543631,5.33280238517136,5.50853971751279,NA,4.28782054995297,4.96563563129677,4.91756201048966,4.66266819888231,4.07088768202843,NA,5.50236239001951,5.07887522440504,NA,4.80840685606289,4.50369653816523,4.43494189232202,5.17959872417041,4.51154150002994,5.47419290489496,4.53980767013537,4.04312164116117,4.71214392382796,5.08133610944094,4.72538181004321,4.70712558774574,4.74318177361759,4.47843957512551,4.55879139415117,3.13486823692388,4.5328994560887,3.96575713449841,3.76833548900708,5.02759438655635,5.31176676184893,5.37160450387163,5.17746567875056,4.47702826001439,4.71793519827012,3.99544465239554,4.81164797515893,4.2668104604445,3.48613749549051,4.14969660306993,3.55169482407354,3.32667913888004,3.67086509453318,3.10245843396048,2.69816096298848,2.70323926759649,2.74216645775677,2.69087167299236,2.14335899295153,NA,2.19486273597852,2.20023707660871,2.05427952348795,2.19240446659184,3.08075819961746,2.81323566370413
NA,NA,NA,NA,NA,NA,NA,NA,NA,NA,NA,NA,NA,NA,NA,NA,NA,NA,NA,NA,NA,NA,NA,NA,NA,NA,NA,NA,NA,NA,NA,NA,NA,NA,NA,NA,NA,NA,NA,NA,NA,NA,NA,NA,NA,NA,NA,NA,NA,NA,NA,NA,NA,NA,NA,NA,NA,NA,NA,NA,NA,NA,NA,NA,NA,NA,NA,NA,NA,NA,NA,NA,NA,NA,NA,NA,NA,NA,NA,NA,NA,NA,NA,NA,NA,NA,NA,NA,NA,NA,NA,NA,NA,NA,NA,NA,NA,NA,NA,NA,NA,NA,NA,NA,NA,NA,NA,NA,NA,NA,NA,NA,NA,NA,NA,NA,NA,NA,NA,NA,NA,NA,NA,NA,NA,NA,NA,NA,NA,NA,NA,NA,NA,NA,NA,NA,NA,NA,NA,NA,NA,NA,NA,NA,NA,NA,NA,NA,NA,NA,NA,NA,NA,NA,NA,NA,NA,NA,NA,NA,NA,NA,NA,NA,NA,NA,NA,NA,NA,NA,NA,NA,NA,NA,NA,NA,NA,NA,NA,NA,NA,NA,NA,NA,NA,NA,NA,NA,NA,NA,NA,NA,NA,NA,NA,NA,NA,NA,NA,NA,NA,NA,NA,NA,NA,NA,NA,NA,NA,NA,NA,NA,NA,NA,NA,NA,NA,NA,NA,NA,NA,NA,NA,NA,NA,NA,NA,NA,NA,NA,NA,NA,NA,NA,NA,NA,NA,NA,NA,NA,NA,NA,NA,NA,NA,NA,NA,NA,NA,NA,NA,NA,NA,NA,NA,NA,NA,NA,NA,NA,NA,NA,NA,NA,NA,NA,NA,NA,NA,NA,NA,NA,NA,NA,NA,NA,NA,NA,NA,NA,NA,NA,NA,NA,NA,NA,NA,NA,NA,NA,NA,NA,NA,NA,NA,NA,NA,NA,NA,NA,NA,NA,NA,NA,NA,NA,NA,NA,NA,NA,NA,NA,NA,NA,NA,NA,NA,NA,NA,NA,NA,NA,NA,NA,NA,NA,NA,NA,NA,NA,NA,NA,NA,NA,NA,NA,NA,NA,NA,NA,NA,NA,NA,NA,NA,NA,NA,NA,NA,NA,NA,NA,NA,NA,NA,NA,NA,NA,NA,NA,NA,NA,NA,NA,0,NA,NA,NA,NA,NA,NA,NA,NA,NA,NA,NA,NA,NA,NA,NA,NA,NA,NA,NA,NA,NA,NA,NA,NA,NA,NA,NA,NA,NA,NA,NA,NA,NA,NA,NA,NA,NA,NA,NA,NA,NA,NA,NA,NA,NA,NA,NA,NA,NA,NA,NA,NA,NA,NA,NA,NA,NA,NA,NA,NA,NA,NA,NA,NA,NA,NA,NA,NA,NA,NA,NA,NA,NA,NA,NA,NA,NA,NA,NA,NA,NA,NA,NA,NA,NA,NA,NA,NA,NA,NA,NA,NA,NA,NA,NA,NA,NA,NA,NA,NA,NA,NA,NA,NA,NA,NA,NA,NA,NA,NA,NA,NA,NA,NA,NA,NA,NA,NA,NA,NA,NA,NA,NA,NA,NA,NA,NA,NA,NA,NA,NA,NA,NA,NA,NA,NA,NA,NA,NA,NA,NA,NA,NA,NA,NA,NA,NA,NA,NA,NA,NA,NA,NA,NA,NA,NA,NA,NA,NA,NA,NA,NA,NA,NA,NA,NA,NA,NA,NA,NA,NA,NA,NA,NA,NA,NA,NA,NA,NA,NA,NA,NA
NA,NA,NA,NA,NA,NA,NA,NA,NA,NA,NA,NA,NA,NA,NA,NA,NA,NA,NA,NA,NA,NA,NA,NA,NA,NA,NA,NA,NA,NA,NA,NA,NA,NA,NA,NA,NA,NA,NA,NA,NA,NA,NA,NA,NA,NA,NA,NA,NA,NA,NA,NA,NA,NA,NA,NA,NA,NA,NA,NA,NA,NA,NA,NA,NA,NA,NA,NA,NA,NA,NA,NA,NA,NA,NA,NA,NA,NA,NA,NA,NA,NA,NA,NA,NA,NA,NA,NA,NA,NA,NA,NA,NA,NA,NA,NA,NA,NA,NA,NA,NA,NA,NA,NA,NA,NA,NA,NA,NA,NA,NA,NA,NA,NA,NA,NA,NA,NA,NA,NA,NA,NA,NA,NA,NA,NA,NA,NA,NA,NA,NA,NA,NA,NA,NA,NA,NA,NA,NA,NA,NA,NA,NA,NA,NA,NA,NA,NA,NA,NA,NA,NA,NA,NA,NA,NA,NA,NA,NA,NA,NA,NA,NA,NA,NA,NA,NA,NA,NA,NA,NA,NA,NA,NA,NA,NA,NA,NA,NA,NA,NA,NA,NA,NA,NA,NA,NA,NA,NA,NA,NA,NA,NA,NA,NA,NA,NA,NA,NA,NA,NA,NA,NA,NA,NA,NA,NA,NA,NA,NA,NA,NA,NA,NA,NA,NA,NA,NA,NA,NA,NA,NA,NA,NA,NA,NA,NA,NA,NA,NA,NA,NA,NA,NA,NA,NA,NA,NA,NA,NA,NA,NA,NA,NA,NA,NA,NA,NA,NA,NA,NA,NA,NA,NA,NA,NA,NA,NA,NA,NA,NA,NA,NA,NA,NA,NA,NA,NA,NA,NA,NA,NA,NA,NA,NA,NA,NA,NA,NA,NA,NA,NA,NA,NA,NA,NA,NA,NA,NA,NA,NA,NA,NA,NA,NA,NA,NA,NA,NA,NA,NA,NA,NA,NA,NA,NA,NA,NA,NA,NA,NA,NA,NA,NA,NA,NA,NA,NA,NA,NA,NA,NA,NA,NA,NA,NA,NA,NA,NA,NA,NA,NA,NA,NA,NA,NA,NA,NA,NA,NA,NA,NA,NA,NA,NA,NA,NA,NA,NA,NA,NA,NA,NA,NA,NA,NA,NA,NA,NA,NA,NA,NA,NA,NA,NA,0,NA,NA,NA,NA,NA,NA,NA,NA,NA,NA,NA,NA,NA,NA,NA,NA,NA,NA,NA,NA,NA,NA,NA,NA,NA,NA,NA,NA,NA,NA,NA,NA,NA,NA,NA,NA,NA,NA,NA,NA,NA,NA,NA,NA,NA,NA,NA,NA,NA,NA,NA,NA,NA,NA,NA,NA,NA,NA,NA,NA,NA,NA,NA,NA,NA,NA,NA,NA,NA,NA,NA,NA,NA,NA,NA,NA,NA,NA,NA,NA,NA,NA,NA,NA,NA,NA,NA,NA,NA,NA,NA,NA,NA,NA,NA,NA,NA,NA,NA,NA,NA,NA,NA,NA,NA,NA,NA,NA,NA,NA,NA,NA,NA,NA,NA,NA,NA,NA,NA,NA,NA,NA,NA,NA,NA,NA,NA,NA,NA,NA,NA,NA,NA,NA,NA,NA,NA,NA,NA,NA,NA,NA,NA,NA,NA,NA,NA,NA,NA,NA,NA,NA,NA,NA,NA,NA,NA,NA,NA,NA,NA,NA,NA,NA,NA,NA,NA,NA,NA,NA,NA,NA,NA,NA,NA,NA,NA,NA,NA,NA,NA
NA,NA,3.13853280951572,NA,2.89959550159984,3.09202334785877,2.60439134231469,3.99338643373135,4.34671663861639,3.56211338875687,4.62860877257054,4.82137374067879,2.9128476052997,3.60317376701969,NA,3.22645250039912,4.25901884611491,3.57875916231414,3.95359078019823,4.30038284398751,3.54784822888828,4.02351234816364,4.77844512789471,3.00841355221092,3.71313747246908,3.96765654268737,NA,3.82786945199975,3.41832073369703,3.98669251891348,2.85442392994546,3.20617510775211,3.25868564059764,3.38199211064462,3.37746334014964,NA,NA,3.12295950648881,3.507211418034,3.67516711960222,3.51109725582546,3.24031102862565,3.57866271249982,3.86718644807728,4.1912424802951,3.86618488387664,5.31460940603298,4.23430364047528,NA,4.28170647047843,5.5543532565128,4.63407719115188,4.54405724016686,6.57081117833027,8.22539242015872,8.67675497436627,6.07529607228792,7.20629920133107,6.00100618054492,6.00669690402754,6.76459156634481,6.71827239094239,5.88137864638634,5.26615681169196,5.66947884495911,5.1318851199015,6.01194127254961,4.23245949208481,5.07833243711056,3.61583186794668,4.08035585163401,3.60776763598565,2.66873164664108,3.17381862123972,2.7727025950064,2.83338059194824,2.81542410440612,3.28549821881593,2.97106898288697,2.8902752658566,NA,2.42059267605814,2.94544106801839,NA,2.80635029547947,2.97576155084053,2.57537752383842,2.42379735833904,2.52040166934378,2.20642848087108,2.40815642685746,2.25132684364647,NA,2.55074490743714,2.14156917755686,2.53226456494569,3.05891873127854,3.04763770180431,2.73502066835676,2.61300552564216,3.31963488195541,2.63530348558371,2.96575991734721,2.64763366385078,NA,NA,2.64664563740934,3.76207304353314,4.017925311213,3.66707693176361,3.15187719642454,3.34650489342514,3.30167411942791,4.65820935149521,3.10976168368573,3.57315653130579,3.68008482797361,2.80924002206097,3.8952359716999,4.08834993556322,NA,3.66859234507718,3.76345889942518,3.33776643229887,3.69137519698559,2.84654545881938,3.88515866320264,3.69898431558022,3.67989142312854,NA,4.39103450732245,4.60761692177705,4.89344765017406,4.30528488585269,4.02203210813644,6.12827716372258,5.0877932833979,3.57500988274938,NA,NA,3.34911918955505,3.58229403074506,3.82382056349941,NA,4.4955440491412,4.66908371492416,4.56988637124996,4.03829917076601,4.56677416316103,4.69750324745201,4.8361944637244,3.53207265825678,5.52201647930299,4.91988437538887,7.08988032739816,6.09048502682782,4.78653654880746,5.03531012226574,3.99422592049669,3.80152489408642,4.03533002202369,3.63044416269698,3.99583402076598,3.42671925012306,3.56837592211741,3.35360367212947,3.41110042664037,NA,3.48896183876347,3.08597739876213,3.18275803972362,NA,2.74158045893774,2.68027118962937,2.52189652498993,2.65347016283935,NA,2.46108305063115,2.80172038705028,3.19295372971351,2.8685694643897,3.22178480508274,2.7286423419508,NA,2.908110652589,2.58379764683372,3.1341029353649,2.89803814717539,2.29714305565139,2.51541495627073,2.74130298666141,2.64483221601823,2.88461944846049,2.97626700990423,2.56802140663114,2.54983834579159,2.97527456870495,3.04527402685928,3.04193810510463,2.90841797404378,3.43664931548973,3.13394130800324,3.58870090844281,3.5937010162094,2.68241931709981,3.7571729279814,2.76794193073189,2.7959461123218,NA,3.87778709029625,3.26164029301476,3.71684789272647,3.92531019216932,5.56715471621526,5.43542782900744,4.38290423592693,4.11482073328518,5.41792802178572,5.92256236348705,5.92725439502386,NA,4.76969903526298,3.79774561828193,5.23835041947715,4.16631009101862,4.24205593184796,3.90147556175546,4.28106584893993,4.09171793987361,4.03935115869491,4.11968583980171,4.46279710448402,4.64657932307112,4.9311337972723,3.3874729784907,4.21157758728944,4.33474501870822,4.26656698491575,3.09928378308725,3.67352416253017,3.55389876678693,4.19455353750252,5.09584014033034,4.87595396957332,3.09674208722031,2.90545254423839,3.58199462642609,3.96794757229872,4.22937474741929,3.97086555426127,3.91414975443959,3.28682402038214,4.08667553312746,3.77306690729166,3.6436831742924,3.6382468649808,4.00858014366342,3.75218617994494,3.99606080915146,4.26086080499815,3.53244181946657,3.72522855771063,3.48939558584373,3.82268434531621,3.7182135379553,3.0087868586952,2.92426529569032,NA,2.38959965244345,2.84751638608181,3.08819589349136,2.60238608765525,2.62277097502812,2.74196794263448,NA,3.06509858290624,3.49825330462348,3.20258410342027,2.8024495473374,2.84153848188724,3.24190240717285,3.32673467787314,2.6106722222939,2.77336738091205,2.54841783609868,2.33778536743541,3.0752780317412,3.14918271509363,2.94990747746954,2.32306435806624,NA,2.49148705970389,NA,3.6474895181839,3.83269115591076,2.97721536114873,2.95454913005508,3.84235998719644,3.86880968062622,3.48780126159906,3.45848546186848,3.26212474030359,3.42322331220077,2.99181424114885,3.15745959132371,2.96815536170958,3.58739565607582,4.12488604515853,3.51182740336616,3.59414834549479,3.3378027656163,4.13892030938619,4.10843448189155,3.97189829180046,4.22303731566556,4.33987355123555,3.65580502006773,3.1719197839448,3.82511812169173,NA,3.88073061551433,NA,6.55755891647638,5.36211791740274,6.59880687232821,6.92890816110982,3.78801520601744,5.6671856511929,NA,3.76738869023073,4.95390146349592,4.044617994728,3.87537000645583,NA,NA,NA,4.37115346900344,3.87011197192068,3.59652823992774,3.52303500311784,NA,3.30556462935513,4.4209765905661,3.44629832776786,3.74577758164806,3.61010063674143,3.8425013266773,3.96129259554287,3.91780931229809,4.89033212327424,5.3003063854757,3.97769333773865,3.93394271669598,3.88167831303162,NA,2.95422142247801,4.32977464343959,3.20595603535332,NA,2.27249464754622,2.29746924173505,2.0125757381003,1.61912884239138,1.72686044665072,NA,NA,0,1.90113508395194,1.4827102091674,1.7481717827554,1.83282831602102,2.93986949964809,2.2576278704127,1.92886381800865,2.47751576655431,2.40347105559535,2.06249483882488,2.19252739562079,2.7802954387331,3.10394578251896,2.97596633929646,3.00855001187556,2.58306094107122,2.97306451733623,3.31405716963776,3.34964292823554,3.26829835092631,3.48699695855156,4.30066818407047,3.4382971533887,3.64465765603833,3.61259147766571,3.4462018738962,3.82302266593694,3.75738876514082,4.1798759804698,3.88586174359364,3.81395219946126,5.05288756574719,4.53564876898676,3.83968240635071,3.86025038002275,4.09136686926925,NA,5.1028499141294,4.73362759411233,5.29488517731663,4.14944344317267,3.96854780401746,NA,4.59220888503115,4.05194657491368,3.97345786790973,5.03516220834534,5.08987547226563,4.85224826460341,3.43868314188661,NA,4.87315402308379,4.97257546218692,4.72092150464162,6.55320726766759,4.54811873454226,4.57745633112508,5.71180571835356,4.59952349225822,6.18525127418208,5.39186595964858,3.32512020899911,4.73744724590585,4.18167434706577,3.98624577915986,4.0276295379284,4.4468744950381,5.20854533705943,4.70574662413051,4.62779030510876,4.93493702018268,4.59864154785304,4.31875636569927,3.97583843061643,3.05874365770373,2.85922954622593,3.18342761186181,2.80934151517159,2.58818885496835,2.71477502096821,2.28879432671178,2.61317929022394,NA,2.25611195171198,2.23106649007647,5.53837317907703,2.31187415047459,2.27180700765752,2.23687327704779,2.68697932198803,2.0938522910486,NA,2.21456084731857,2.62966893031241,NA,2.44123927920239,2.46280012153892,2.32081265379476,2.35797614156902,2.14115758516174,2.5449650206591,2.88696403472065,2.63651005195972,2.69711535631052,3.88781709281189,3.20997782158592,3.03307214941363,3.48878807696073,3.57985857685979,3.7204515281942,3.97579814474215,4.10271120113962,4.45130271028414,4.04433791777529,3.38277976041695,NA,2.26629798655388,3.92297636618114,4.14971842757787,5.30904735330421,6.0333936542133,4.44548301603634,5.1620638463753,5.33661300760876,NA,4.14719501314154,4.79133636883247,4.75133157374479,4.49846307641532,3.93668394513792,NA,5.27321626454697,4.86570064420044,NA,4.61580673658789,4.36232056659582,4.25940440285802,5.02871914275746,4.35603681848853,5.33282638888213,4.43506135983189,3.84082715965341,4.52955536226343,4.92131654982756,4.54420898214793,4.56879729368837,4.52698820624785,4.27222699647361,4.36369829850277,3.100144480138,4.3375896493954,3.67906331393818,3.62934536836851,4.85798468653908,5.13092886131593,5.19487411612326,5.03561853008385,4.35205155841091,4.54496234499442,3.74386010275227,4.5618920646737,4.07987980525108,3.29361891746379,3.87635383657524,3.32778762040689,3.11763899718983,3.40818372771607,2.79928687479714,2.33314668057632,2.32934374025838,2.55816285369429,2.58585750218686,1.97281146257335,NA,1.96040694048207,1.91839365444851,1.92758360353071,1.98138228194268,2.85257542248582,2.55843490789345
NA,NA,3.51274301953196,NA,3.53037973407351,3.52206456952597,3.09172448287934,4.2777227067448,4.64249960165248,3.94278017519706,4.88373419204403,5.06368031955911,3.47107085746693,4.21227324390847,NA,3.92506782797234,4.64395876910374,4.00533969644586,4.54159406791974,4.79897323913824,4.10025406362625,4.63612908296031,5.0977845979542,3.51631131432638,4.16939893526037,4.25508026651981,NA,4.16932714200203,3.75248911033205,4.30060607608819,3.38384503982405,3.62221725390036,3.59104389108568,3.71897002894623,3.7623804818038,NA,NA,3.4109402711858,3.89541501516972,4.08332814771822,3.91068246426379,3.6744317261691,3.87833804312459,4.37408323356685,4.54692069483965,4.17274865590797,5.67346328684325,4.5258243002372,NA,4.64465985773526,5.92887447409762,5.0585434785205,4.90615417338927,6.80778366398433,8.41487140637935,8.95016438958901,6.36239937524869,7.4822749066532,6.25882874461033,6.26322787253825,6.9386923318228,6.81624752129238,6.05714750568953,5.48138510806471,5.88685865799661,5.34117651243346,6.22688199208265,4.61104977859137,5.14371573927826,3.83754213426659,4.34644661570356,3.98920653098924,3.11947661063449,3.6851805882554,3.30308278087636,3.21119736094058,3.11109910081681,3.57663082912055,3.23952457958379,3.30817804177612,NA,2.88388583077508,3.25193802366217,NA,3.26405339015264,3.22959752565599,3.05888361213448,2.99664171587688,2.66559942393983,2.65039503001927,2.6985791083653,2.64808415433008,NA,2.884538865124,2.59556566906901,3.09853101765151,3.54012701435098,3.35314341889165,2.94535447814675,2.70630924383849,3.22521099904815,2.9719261292325,3.53155852710369,3.17991776006007,NA,NA,3.30704185603892,4.13338471438679,4.46171976073382,4.24133529057275,3.66266535538412,4.11827658708714,3.9334540138912,4.83888185054759,3.67024856901201,4.0690824981378,4.1967757351843,3.39786600808929,4.31538875472719,4.52258487907734,NA,4.0957280776178,4.13365339132096,3.67193482695211,3.91314311938125,3.34254178593904,4.23852451913096,4.03738026636232,3.98943868016977,NA,4.71771728016533,5.02627047313789,5.21749383442485,4.67906195199278,4.36634046376838,6.31762644233676,5.32568138067158,3.95379516850705,NA,NA,3.84226358318107,3.99820532815116,4.221177439633,NA,4.86890948014605,5.10701935848058,4.93340859273613,4.53362306494604,4.88457812556123,5.0290328558878,5.132233085019,3.98808130213916,5.77823193075062,5.18794451072769,7.32877755585304,6.33331228452006,5.06325882637398,5.24622258387111,4.1733718306737,3.92403820449555,4.22765634485788,3.7746587419173,4.18357945651422,3.68208913494115,3.93968516935583,3.40689749173921,3.6933913532136,NA,3.68636582128838,3.25962682624821,3.62549403387198,NA,3.10107908971456,2.70438217749665,2.79929466501114,2.86835103505322,NA,2.81498146950457,3.12726336487646,3.26775145654993,2.98935114940822,3.48580630514631,2.77923385739803,NA,3.29877508600939,2.80615860301333,3.38602431862058,3.01209180302748,2.66601098991199,2.74585233150444,2.97875676977598,2.90676716519019,3.07544005266667,3.30859101551076,2.87052843310845,2.99604521314348,3.27433225523454,3.27460654416524,3.30456113811715,3.2280089605537,3.76051957849639,3.65462140942744,4.02710562970306,4.14317425947079,3.17742266935476,4.21726380607189,3.31137495223612,3.35781159009837,NA,4.43798989329442,3.92656119056674,4.31535639255012,4.41430998136721,5.8991923969823,5.73787064265324,4.71649851915699,4.46452585486383,5.70311955011429,6.21255907404563,6.24801762186596,NA,5.02415233336124,4.11301223808527,5.54187409757109,4.5202387316717,4.57374907474326,4.23953960429228,4.60676849134342,4.4187928590273,4.31580440539308,4.4223467580245,4.80574912242915,4.91212991625075,5.23688324804941,3.82312444341404,4.67582322112083,4.77822465039194,4.68153886072646,3.52334014973872,4.14685942884106,3.92698454176424,4.39088628788904,5.41208152908551,5.15493421323629,3.36878718476819,3.20954058854863,3.94383108430595,4.29748607781129,4.41722411721141,4.04009998313425,4.0440707891023,3.47881963668713,4.29886384880338,4.09051033755645,3.91375711909061,3.69592143444028,4.06078321314125,3.90561388210758,4.17172737341345,4.49718225545438,3.79429282918079,3.8392305008049,3.56737751498103,3.96265568725897,3.96590667190429,3.08194281727872,3.11853784552463,NA,2.68176488496594,3.0216307966039,3.18727781429101,2.95679576770217,3.01327775586385,3.12259738644491,NA,3.57513505023549,3.91211485170593,3.5444324558648,3.11002083924137,3.32240782713387,3.5843656008374,3.4896696602909,3.02421745179811,3.12798644894577,2.92808198745754,2.68815521441911,3.51878474060025,3.79669573137726,3.45395999087367,2.8606979185639,NA,3.03839239135348,NA,4.09811176068365,4.33627004693997,3.46260923632545,3.303325716417,4.42945641045872,4.36498258861251,3.98352014037861,3.98526157458607,3.70946469630835,3.90448034142582,3.50520645108469,3.59320333266932,3.4415077646727,4.11517435762471,4.56407092088362,4.03149107612811,4.10954424752436,3.80778209215387,4.54955724229594,4.60248810842112,4.33155971965198,4.52320892519021,4.78375873529408,4.24641115963732,3.64186778650806,4.33578850234061,NA,4.24695164031236,NA,6.72222087418051,5.60200684098525,6.75716859490103,7.16352527987045,4.1768237748954,5.92024295589398,NA,4.10110410337978,5.22411740064635,4.44530592497093,4.36548039480263,NA,NA,NA,4.66012450160218,4.37546863128478,3.83090562261262,4.03814653789734,NA,3.77380741864818,4.71722097590982,3.79341865641786,4.09559253310027,3.88978535882523,4.19500711316796,4.20260962905906,4.13565980953265,5.15600917743735,5.54486926060519,3.95477032251305,4.23977173204678,4.24100779853275,NA,3.27711205330293,4.73585393235009,3.33958553273101,NA,2.38798392680351,2.78433687343838,2.49571529404932,2.10522075971404,1.91857810137121,NA,NA,1.90113508395194,0,1.50283354039189,1.83678066356467,2.17834675463814,3.23366204929778,2.68419294533424,2.78349706945318,2.98060990847065,2.69425916229239,2.39452541090424,2.7181792549174,3.09583278550949,3.33053806598826,3.48871236318063,3.49845811335569,3.26394247513457,3.64474400410134,3.88878984823523,4.03826317580563,3.88389999512708,4.10062209582994,4.70837528969558,4.03982541240027,4.18627873055566,4.21791420166463,3.9023290845746,4.20845581935666,4.2188798788306,4.61050532062092,4.46932056512657,4.22175674074983,5.42302609883099,5.01445472776819,4.26496026733662,4.35455608983502,4.42233287707008,NA,5.44939452073034,5.0453533191835,5.55426895986203,4.50680918933033,4.41099339644329,NA,4.84012117606043,4.3005704126176,4.23454193947301,5.31002394617526,5.34971633066163,5.18020711449295,3.82511235902653,NA,5.1587219469091,5.26773293488099,4.96282917117622,6.82409525859516,4.87890352853489,4.72535604120861,5.88754523048102,4.8355624846271,6.33977619544113,5.58354024661367,3.73840718603244,4.99504540909461,4.37021279551444,4.03538122350508,4.31958409378454,4.71091864466967,5.47437238432966,4.88237426394386,4.75578864023037,5.07942125742535,4.92137468908591,4.63376999756433,4.30479208190133,3.4017756212976,3.3423496273498,3.48379385565047,3.1446613382021,2.98528047359791,3.100154587813,2.68118914800827,3.0451912353609,NA,2.79180007465305,2.81297738996246,5.7167770451796,2.75170724956736,2.76073130235854,2.69826974483804,3.1837493406248,2.43556879966617,NA,2.79493393670847,3.19375627130406,NA,2.78453017126533,2.86359549669807,2.70738913767389,2.47291476177332,2.43639871286911,3.22694397184639,3.38017300894284,3.14882407770718,3.15324131936441,4.3455352499203,3.76095124599169,3.62448970342972,4.02715233486239,4.20510079815542,4.10516905145671,4.33752475807649,4.48503886084109,4.80885208008285,4.60091567914817,3.79900079590974,NA,2.95529881008756,4.3406745629764,4.54286879506544,5.53925442347421,6.21526423284081,4.6582727763637,5.31659547202954,5.54972740128825,NA,4.33176975565391,4.95929999223049,4.88771222555988,4.68884988609904,4.13812763855627,NA,5.46373341500611,5.05816294149884,NA,4.85388915776933,4.62837377136953,4.53637683728738,5.19763805825346,4.64164447415889,5.58399712123781,4.76280824189628,4.14708281809832,4.88615677480639,5.24287312277522,4.77946705377438,4.78738648596367,4.70682480751406,4.43735612524014,4.5713715189765,3.47384872564097,4.53520272301575,4.06904316176517,3.96093191834,5.13837676852607,5.4233842040874,5.42311664787988,5.20253365878956,4.57038129018611,4.75309502653135,4.02305076308147,4.75200725557798,4.21978679317729,3.57451432004258,4.13575784718192,3.62330307074575,3.49541007955266,3.70670631471335,3.17058991672995,2.62109373910829,2.64777501222499,2.66101182444009,2.87150061221999,2.27389780307449,NA,2.38131040995969,2.29711194538693,2.29057121155723,2.38694044510295,3.12481428199369,2.87937746356917
NA,NA,3.50019245560017,NA,3.33449646481122,3.40296327488058,2.83908572867402,4.25885674686384,4.62972389134063,3.81299184624552,4.83573485631209,5.02046347289401,3.27592329380086,3.93678860508034,NA,3.70150218106595,4.5828210235684,3.96567310770227,4.34469642606935,4.71006860626868,3.93399688439007,4.42587647053273,5.08803283822244,3.35771808668009,4.09986819821722,4.23367967809029,NA,4.15196445772363,3.75329235229271,4.31518597514844,3.25816615569274,3.49008294300973,3.52139191201363,3.69980089092927,3.71849146575273,NA,NA,3.43940996960127,3.83248647275284,3.99286197312975,3.89082307347098,3.60356547245218,3.88243647583041,4.20098947811585,4.5439625002435,4.18358158116526,5.54933887005583,4.47294890639566,NA,4.62146024613203,5.91746048597415,4.96321151173804,4.82462929257768,6.75811611647831,8.35855528935604,8.88430731507372,6.32868589634889,7.426926722177,6.28001057644822,6.27210478593051,6.96627693977193,6.89374064284544,6.11126936422937,5.54821761851012,5.92731662754469,5.36060897643569,6.2378304538142,4.54141472605612,5.25563796967775,3.90678377626243,4.28261230650088,3.97027569366301,3.02759242216691,3.512562269438,3.15536182761813,3.2124518244919,3.20126770718164,3.59279473399304,3.27048519242337,3.24386719671139,NA,2.80044412786326,3.25328700189599,NA,3.2154156780223,3.3593802226784,3.02498542243443,2.84662895048562,2.900545798914,2.63586746364131,2.7253373142607,2.64173011963528,NA,2.93520024798102,2.56874692046961,2.92165496362839,3.48973102105434,3.36692918464957,2.91847765694458,2.631936157147,3.45616716841653,2.87192802142763,3.35922423527148,2.94609758390639,NA,NA,2.88557867251603,3.96225857044625,4.13718765018249,3.86186094580928,3.49391260278256,3.63790086565583,3.53736649893518,4.84856316559161,3.45557799995968,3.91712152041263,3.99119852312244,3.0818742845309,4.2042724326656,4.43499831270003,NA,3.94177479073477,4.06394183945009,3.6445440095937,3.8206613077615,3.19272022175977,4.13420706725458,3.94321918217257,3.9426535713564,NA,4.68860357085603,4.96044895625054,5.11473703275784,4.53742901816612,4.28587285478577,6.34499673674684,5.32449723717367,3.80317775061948,NA,NA,3.58480750939876,3.87513354427411,4.10646936800964,NA,4.83011087132809,4.99790560099183,4.8445909882402,4.4264496128788,4.80456293657587,4.98279757997093,5.07147414072354,3.88981270604791,5.81399591172606,5.12600415625725,7.29598732811707,6.31610226127158,5.02687207106852,5.21855818184103,4.16736691071577,3.94156720843682,4.11799886611135,3.79031335447343,4.16442379969651,3.609975435932,3.85443473862854,3.39843116615934,3.54923357488699,NA,3.78444829912995,3.30148988555536,3.51230551161277,NA,2.92098664645359,2.61996812767821,2.67348318145327,2.76043293252978,NA,2.66685832582483,3.07769850411727,3.23000790995873,2.97750517259344,3.4141339185484,2.82965949216203,NA,3.14436734345154,2.60250674949115,3.32364536661373,3.01367551517527,2.59296736262027,2.71274827289221,2.80793789236107,2.78002393979431,2.95822468064333,3.14978339592143,2.75814656648712,2.75223602396729,2.97931002122861,2.97807881453692,2.91736612758119,3.01421228549679,3.54243120971372,3.39570002333091,3.81047641778247,3.8947277846046,2.97514084438318,3.99948673022321,3.01507997389538,3.07686277875109,NA,4.26292121086854,3.74921880885806,4.13427328269378,4.24640083980721,5.88733491738262,5.73496500228245,4.71747581732501,4.45793654550265,5.64654215080376,6.19639745713461,6.22546795706455,NA,4.94027009269425,3.97898638852885,5.47807972101421,4.41285489823416,4.48812152106059,4.17062950148317,4.55707557282643,4.38005020390702,4.21781146281893,4.34397203600487,4.63774826472267,4.81647889136543,5.14922400396097,3.57066099585912,4.41539780947613,4.58149430155093,4.44534377513872,3.28459957224905,4.02683481152625,3.76806831818141,4.29248052894327,5.37726078451739,5.11809076573788,3.17808759605887,2.99727252270042,3.75652612567555,4.20718589221856,4.4055457823554,4.10716692159454,4.0288880491238,3.32894888485115,4.16174130539103,3.88467408434786,3.74474010261471,3.70361912469652,4.08949394110389,3.90316715021918,4.19934791557634,4.5335124098874,3.73691324658178,3.79273615045383,3.57486090310397,3.89259075296702,3.87305485615476,3.01181102056006,2.93529925385292,NA,2.5394411048035,2.81567529458105,3.08943742350214,2.67216386105124,2.75434394079436,2.80245081883608,NA,3.26775084228247,3.59652241360075,3.30503744461091,2.79108817475543,2.85099576263832,3.07220466129288,3.15958994863988,2.5184579875474,2.68313061710524,2.45368341496195,2.19870755095762,3.0564278393965,3.29819622160929,3.15272122838306,2.44275228799353,NA,2.76379537183886,NA,3.90425564656185,4.08236570654387,3.28568549717806,3.21361544271115,4.17200451890363,4.20857933455649,3.78740034003003,3.76785723750496,3.53891469351267,3.72938474686527,3.3354006088976,3.37445956095914,3.28401325036607,3.96741737152658,4.47710213622205,3.83116013520371,4.0159054798759,3.6829091778446,4.37750448993928,4.40270040817488,4.27597474738451,4.51419678426823,4.66994596065273,4.06027585361828,3.52350465048396,4.16177591346316,NA,4.17350722554979,NA,6.78297756471654,5.65244865223532,6.79099421124486,7.19772281279371,4.10081845996177,5.93361157805779,NA,4.1461611109761,5.14016439782127,4.41361213448525,4.2885789613382,NA,NA,NA,4.72070203764255,4.34664429940409,3.86713328496363,3.88367618386515,NA,3.67566562359617,4.72565932756038,3.74683246291264,4.07449650907887,3.8270284591844,4.1084152280846,4.20226586956611,4.15203188782717,5.16343892837229,5.51509496654798,4.08910757028826,4.21436062693426,4.22285895005748,NA,3.15670163939298,4.63824381930812,3.22508028337976,NA,2.33314167100942,2.53680299817243,2.21940229093362,1.8234566885198,1.70429201755241,NA,NA,1.4827102091674,1.50283354039189,0,1.22532825504187,1.5566252875756,2.91007471073233,2.20838780379745,2.27262686214725,2.62617249460547,2.28825395620013,2.08241326842124,2.40444041509137,2.90900738096989,3.10887400465905,3.08235392504463,3.2464225391164,2.93236057916153,3.40767542403609,3.61350043475617,3.74505997691977,3.63589704749903,3.85774148800362,4.53462323287587,3.77665569840669,3.90080087146815,4.01349559879394,3.6897573596636,4.09537036667767,4.05979728854954,4.5490265299447,4.2799089615591,4.0867394397635,5.36312571241005,4.9107103307739,4.22047858977082,4.28679082300763,4.42907626823557,NA,5.42699852609795,5.05106333815031,5.54542633165412,4.50310297083831,4.37623994541704,NA,4.89176032134261,4.34261778565232,4.30555190241274,5.35626134503435,5.39181926275566,5.18685389518053,3.78366195148321,NA,5.15564999210823,5.26384610477208,5.05055837516966,6.82989801856997,4.86336658647765,4.86410048925076,5.97348906390829,4.95615683419326,6.40759030319111,5.68193944708129,3.68405120020338,5.02819101199308,4.53435697930083,4.2919657531225,4.39641324005477,4.73243830920678,5.48713975486323,4.96349562724398,4.90763252788439,5.17724307688682,4.85469860629128,4.48149025859003,4.18434265262644,3.40704294469752,3.22869110961361,3.43972078176115,3.00060789993625,2.90035118210972,2.97983948723032,2.44053118593838,2.87096951505074,NA,2.44774953861479,2.43497286956091,5.73580261581451,2.49698925891425,2.59080580236748,2.46207941003386,2.97153949411925,2.19598210254548,NA,2.46074977982108,2.76856176777833,NA,2.52272118535858,2.59049936844627,2.47978383316995,2.34691918299831,2.07266985717215,2.77840354140405,3.1079796035756,2.8478748004005,2.94685233003863,4.18710142796405,3.52212803184847,3.3861506258703,3.81138561127297,3.91286414398913,4.01863487311213,4.29111184981741,4.44807783569525,4.77662723091641,4.38335426260745,3.62495936291053,NA,2.51152089074941,4.23233427734874,4.47780348259636,5.57302123475104,6.26236411949591,4.71158829115975,5.40274194328126,5.62208043191244,NA,4.43530901268345,5.0712352677779,4.98076359180861,4.78610143507257,4.24062612038269,NA,5.54132661463614,5.1571159246024,NA,4.87176289758396,4.64916496683848,4.56069249595592,5.27165271011366,4.64553643613607,5.59998089464232,4.72992611615258,4.1733910230045,4.8545906087478,5.23441283035298,4.84814936233039,4.85665808497316,4.84468333578642,4.56711210911332,4.67211893832725,3.48202889852316,4.67422541723269,4.1108118992903,4.04854607978604,5.15546013372253,5.46857873934268,5.50964582851272,5.29396750714558,4.62553620361191,4.81424936376706,4.06656566331798,4.82008374521919,4.2975723414575,3.58109392379566,4.1642520938477,3.65122220202516,3.47588733220705,3.74252597833818,3.15752085453627,2.57035484177396,2.62782298919785,2.71112547823913,2.84262643492129,2.29502116120592,NA,2.33321571746297,2.15519699205373,2.14758094258035,2.23607018639409,3.13539198679444,2.89917010017922
NA,NA,3.61065122263844,NA,3.31021362900852,3.43279902805271,2.82308184227264,4.32483115402729,4.7024645529982,4.00772842455408,5.08227302968077,5.20014822657464,3.16211708691704,3.95482722559737,NA,3.70553984211807,4.68541544899111,4.12688712655976,4.34808491205421,4.63604201179129,3.83891212106163,4.42819580942262,5.03189790296633,3.20434538488742,4.02902832471533,4.19077073341271,NA,4.03829535346228,3.63238608442525,4.19481208409249,3.20696388538747,3.29476353734649,3.29792450539205,3.54568837963083,3.57587041028891,NA,NA,3.38787649081807,3.70698144892646,3.87448854873394,3.77693061563399,3.49609014333287,3.75349635693996,4.12967586872937,4.49797300639411,4.14559666659384,5.49493996842089,4.45862982513448,NA,4.54490446046769,5.88085828221383,4.94945773800588,4.76550585440456,6.75032995755149,8.41892649785918,8.88469795945718,6.31802421684448,7.43683533536977,6.24722329930969,6.26937748560283,6.96370865581677,6.9336430490492,6.1498474679285,5.58422208870867,5.9104055197265,5.34553673884855,6.18670164198304,4.50516266361717,5.22326727679182,3.87726427890513,4.23409515457686,3.89825188444729,3.05534628907997,3.5378477559893,3.12239401880293,3.16963381634166,3.21607352150355,3.61539001023664,3.22010046715918,3.15356084593359,NA,2.72961035607376,3.17609515511881,NA,3.14613242723022,3.25347119506615,2.91109038323564,2.77603733664396,2.92402610432713,2.58821792898885,2.72838416857281,2.49195895012156,NA,2.90342276752121,2.55679298030561,2.84414176318533,3.37297799184032,3.32297350193267,2.72036473868091,2.38060550378683,3.5519813390726,2.89038384891804,3.24982708901272,2.97935424542382,NA,NA,2.7105398641571,4.14148961473662,4.31887855672009,3.88802330628668,3.45918530479593,3.64345442493987,3.36509940991948,4.85353539370565,3.41063265997694,3.83745021387263,3.83035359946476,3.00367702199654,4.18438192415376,4.35674628119909,NA,3.89649156282511,4.10214410499253,3.70020362289498,3.79066088414177,3.13904953358417,4.18573794316107,3.97745052848252,3.89811310769674,NA,4.66400269482273,4.95155988773257,5.12457913287451,4.50062896752378,4.22199211087285,6.36086430912779,5.32277022644358,3.72915044432363,NA,NA,3.43752772760887,3.78945249486654,3.9619305657872,NA,4.72291710443766,4.88809906433228,4.75675695763024,4.3365893232871,4.75413010383288,4.91544433464461,5.04826674442622,3.87684869981924,5.89579501902322,5.13621515653802,7.26680975838254,6.31327583548503,4.98942973841993,5.16099726707493,4.09081459770821,3.87421237501881,4.04974208009997,3.7572187728464,4.08822113434814,3.51099098870509,3.76085965709681,3.42750938661504,3.55086704501877,NA,3.77308516185043,3.39058782423701,3.55443860555403,NA,3.03977928499026,2.64497754811549,2.73561190083912,3.05129254983166,NA,2.69967748211986,2.92548754390965,3.0856543689682,2.78628974677057,3.24924767668807,2.7936769767693,NA,3.23170293709,2.85779369839197,3.30503180637283,2.88499732275607,2.55324290918455,2.65417497315753,2.85961082426608,2.846346894287,2.89540731974076,3.04976662467374,2.71919562846013,2.79392036402261,2.94187546929384,2.91849146193845,3.0040017188652,2.96856149597645,3.56098420871457,3.45075651202821,3.8041606752076,3.88119498412435,2.87362690988386,3.90966084163964,2.88361020440157,2.90446161272207,NA,4.25073788520729,3.67825816334547,4.00674214698886,4.08222918906425,5.81407308393823,5.70887755914979,4.68839738387174,4.418673561771,5.65427298552347,6.1691479507854,6.18561295747101,NA,4.88626813436997,3.94774681605045,5.46637341735649,4.38418690002459,4.45571498270922,4.12002542625445,4.54413867285726,4.34499096636169,4.22924798122806,4.31469675040926,4.59622083881049,4.78128353787219,5.12559279090116,3.56172584992318,4.34939271629479,4.55521412288562,4.42048676567221,3.2917925539149,3.97441709311677,3.72872354789666,4.33583914619758,5.33933768605641,5.10888053670965,3.2243391984271,3.01986769517722,3.71645946448207,4.19475408826077,4.37287991002731,4.08398942846169,3.95430075445214,3.33980678673242,4.14414132640073,3.86209599354519,3.72786649196263,3.67759425472221,4.04308142895913,3.88754304763315,4.13300266116207,4.46346579132612,3.70546928758148,3.82820029717739,3.42073564632714,3.77039344809357,3.81096721649592,2.99678189312044,2.94419976546258,NA,2.47734953913864,2.67072427335025,2.95191173256258,2.71678842879017,2.5885541437191,2.74925351714012,NA,3.24473853867385,3.49689944664012,3.21127779214203,2.71219490718092,2.86414335124902,3.07755182003807,3.18587166589204,2.43725585786895,2.60415543155139,2.48698720389623,2.35038573826538,3.04721206230326,3.32818919777303,3.15787584503544,2.31792831898437,NA,2.78100651640736,NA,3.88908720292482,3.99682720976081,3.1167058543449,3.199226108551,4.2714908999988,4.2506320002552,3.66328462802683,3.74669248909053,3.47897173489989,3.67928481240497,3.34197505092981,3.3615844131928,3.29656722927182,3.95231362804627,4.37268068857251,3.78205434277759,4.05517132080742,3.60394228993059,4.38158645557711,4.445803982551,4.22904613186612,4.50566629073805,4.58971723083543,4.01491953573687,3.5075816509553,4.13006876193299,NA,4.24219535212485,NA,6.74976148809229,5.62645696914615,6.76427837080839,7.13571201465771,4.06841806351558,5.85900552366426,NA,4.32527256467945,5.32003936244068,4.34153965374182,4.16970959585529,NA,NA,NA,4.59451113149329,4.28969088876531,3.81606084318811,3.81099659345366,NA,3.58969317954701,4.6778364113667,3.68309571968432,4.03569505303512,3.82164965619663,4.13311448011963,4.11958787745908,4.13408942716576,5.16561902410626,5.64868970358444,4.09400255636395,4.0963747484576,4.03899660777669,NA,2.98316095566942,4.62093828993993,3.17808622361094,NA,2.32318048386901,2.31448995734935,2.26190023586273,1.92765567683013,1.88433354812315,NA,NA,1.7481717827554,1.83678066356467,1.22532825504187,0,1.44899824743977,2.68176603722032,1.91165391854,1.96408506202699,2.37584552057038,2.12419647700495,1.91157805024089,2.10984810489796,2.81483740317683,3.32231611130014,3.03400379925801,3.30430960617045,2.86669782052928,3.34383694860749,3.57260009162307,3.64925937251616,3.56322663053453,3.86231509471985,4.67995941048201,3.85828060673396,4.04026673467613,4.02757843116233,3.71156619472631,4.17240205005761,4.07984577827831,4.5240506585563,4.23596888611176,4.10481297745381,5.35540963200181,4.80015810143328,4.17176628776605,4.22263005825727,4.38566234566538,NA,5.35680200794111,5.07024104783566,5.53712939307198,4.48623774951998,4.31702462889171,NA,4.86353205492081,4.29827893951404,4.23403573175367,5.27427075256679,5.33037027612291,5.11001102665871,3.71727880595429,NA,5.12004922732084,5.22858742178646,4.99015782387267,6.80499888845018,4.80262169623596,4.81185353065239,5.93159567785713,4.86649753073483,6.38559406078813,5.67500282907866,3.59320634464117,5.00967652567968,4.52421052971237,4.31487800401949,4.36190615044551,4.66472176228962,5.44849420316116,4.933726846765,4.91533284069177,5.2181771576831,4.80229673263775,4.3117537916551,4.03497849812077,3.2941310297619,3.02875892284173,3.28815065138745,2.79965403531214,2.67636063961184,2.89028881832216,2.2711035989969,2.65513520393191,NA,2.25694737862203,2.33773412831347,5.77047914692079,2.25617906505155,2.45138526550138,2.23193486987092,2.7924130528697,1.91893533093899,NA,2.32453629757973,2.49126699548512,NA,2.3454884032982,2.27528714930537,2.23720406554789,2.43704005249726,1.93992132943777,2.53056605571947,2.95633769208852,2.73650448035457,2.74522610655513,4.20144059396594,3.46946506820128,3.41918504555237,3.92612771233833,3.93112785161657,4.08979173239866,4.37974708711217,4.51103119859712,4.85251818333503,4.4009802652344,3.62105107056159,NA,2.33032069779665,4.32268980369168,4.50479301263524,5.59167285684105,6.30243579697098,4.78997996875364,5.48390314339202,5.69778545868909,NA,4.47268536981251,5.05107431328911,5.08626492002465,4.80617297018142,4.22271928312033,NA,5.6074209062394,5.23608359867341,NA,4.86129679490665,4.6102422164994,4.55570742163378,5.32729334687971,4.67744313654578,5.58195560971264,4.6854794267917,4.19132629359899,4.83969590850055,5.20377423608442,4.87157970827504,4.84459521346024,4.85496705097976,4.57213790978894,4.68146844744995,3.34973364253271,4.72704614510031,4.14614749432648,3.98569416603821,5.16984446425383,5.46284490522876,5.48690226451167,5.22996439251779,4.53575667536979,4.86240090147666,4.06721080352099,4.81688468178248,4.21586649402381,3.50463090402454,4.13659590905683,3.62464300195743,3.36964206564444,3.67576553857142,3.07457243561039,2.55062131349154,2.7129475119049,2.79897451767975,2.78892543010616,2.38738885275164,NA,2.31405459423916,2.11845248986036,2.00708432953479,2.04098804926297,3.02487728570615,2.82383070654113
NA,NA,3.06624692697028,NA,3.06906435044117,3.10250213584013,2.52618883803828,4.06685888956171,4.46132941049733,3.84832641631736,4.71656443245284,4.90859038347621,3.04559276601746,3.7769037452137,NA,3.67927811625485,4.42100410104231,3.79704390617253,4.29160129035412,4.59426954127391,3.79040272421457,4.36551061912558,4.97954415904477,3.1685784338992,4.0021051128473,4.09393111747343,NA,4.0290643199176,3.66042723768803,4.14215564125367,3.16280062786663,3.31639062855882,3.36352573388859,3.57035324688568,3.55685033847948,NA,NA,3.40141944083001,3.79481606840273,3.96205906865947,3.85606055901709,3.53288985588775,3.78913621124307,4.11549410527759,4.44478739328491,4.1223256761976,5.51653310587819,4.44354533670516,NA,4.55568103009194,5.8476794311843,4.91947608005184,4.73072657826885,6.69835806112015,8.34494960044962,8.82217140357081,6.21706055915178,7.33432350982794,6.14082326062458,6.15019150029777,6.85255035751308,6.83082361410532,6.06055692967883,5.4276490878904,5.8059634785558,5.23954976959612,6.14682751617835,4.4388003411672,5.1584454720924,3.81809354127332,4.20205635371391,3.84034527803876,2.9392488058214,3.45862161688547,3.02024927272003,3.03951551502857,3.04156278448048,3.56953773137793,3.18598165532892,3.04852096388113,NA,2.63645482820662,3.06749552311132,NA,3.00429228393445,3.12408913118458,2.87798296915985,2.71154595171202,2.7324772673265,2.55301485085671,2.65961946756304,2.42995846545331,NA,2.83555234189805,2.30698041740239,2.76267428480253,3.25167936195946,3.1060351469302,2.80559514336209,2.46132895531979,3.36443298323982,2.58799756792409,3.22555795603225,2.89542858737448,NA,NA,2.88931710963001,3.98546787711275,4.12164233117402,3.83451761546687,3.41392360848914,3.63013367186292,3.32749695904864,4.60221689241547,3.23066881877478,3.6638164175254,3.70077580684854,2.93037115043796,4.00591536680096,4.28891452189848,NA,3.88235005851832,4.04790240608143,3.63931839916147,3.88952295546922,3.18571787625976,4.16193848050731,3.97512254288066,3.98881726014874,NA,4.6533841142331,4.88517920005368,5.17094405765848,4.55500567492704,4.18682502404048,6.19863722740805,5.10878384911045,3.73525000859148,NA,NA,3.53000649082083,3.78181373341403,4.00862821557731,NA,4.68973562396837,4.86582328216944,4.671182849134,4.31875551824854,4.70559336964294,4.90641017432287,5.02809146496853,3.88814560035848,5.80417899000507,5.06437691662268,7.18600231386397,6.20418339305235,4.89867355500356,5.16276560205988,4.11053597418827,3.81011741805845,4.0507137366841,3.77713036564905,4.07453784840874,3.56110946081204,3.76103340254564,3.47654608778817,3.5261974313264,NA,3.67213468560716,3.20563893656874,3.55604402926112,NA,3.01797636017691,2.78079821837573,2.76806832238785,3.05005793742169,NA,2.73028261191271,3.05412098226656,3.20036105711957,3.09106408093483,3.35833650211856,2.70338205747148,NA,3.22251706885346,2.73717663198942,3.15964394717657,2.99418906385361,2.57558711417732,2.63875977880126,2.84115548685689,2.71794623787339,2.86977024472462,3.09118193800252,2.69996856396755,2.78422753698357,3.14396400928209,3.11902862713174,3.24673920447929,3.12628143642938,3.69776783435772,3.45434792227846,3.87654829967318,3.94422083398118,2.95016563043027,3.82309885989131,2.94572262895334,3.00998407022491,NA,3.98229491811624,3.46561693991258,3.95995403833556,4.18878028949061,5.66118547720955,5.54180088130587,4.49013258673197,4.2076680660611,5.50938286911047,6.00417431577408,6.05250878822257,NA,4.75344014430822,3.86679212325995,5.34714629682032,4.32298517327416,4.38360094587051,4.08557831125608,4.39611336768068,4.32874334982134,4.15657502012031,4.26810735767891,4.54294498673887,4.73161247180368,5.06586089393957,3.71023517895771,4.53227876592677,4.58936291325255,4.54790881537554,3.33146674767699,4.05317668249775,3.7524814427485,4.30051967938372,5.25011150868338,5.00719211506787,3.33067992551546,3.12289826607414,3.78657626935613,4.14334609936022,4.30701817409707,4.08767979680135,3.94448708381765,3.38791210065235,4.16079550974348,3.96473563501405,3.78011332937024,3.74271824825029,4.03469232738464,3.89118020392856,4.17531865835973,4.51796463223616,3.8234513479171,3.91622004651767,3.45577584466814,3.90762774444764,3.93253114238295,3.2389840333343,2.98849229164104,NA,2.56047807452266,2.83176445886197,3.01471839251857,2.82949158849713,2.7305082852012,2.91040150392223,NA,3.55652871254341,3.85316823824218,3.5351964460975,3.09931429808246,3.20314196096924,3.31015764807329,3.29041653894466,2.67916081649689,2.726759846539,2.5641163221211,2.34432944663703,3.22102200780395,3.30095672079191,3.15509932487263,2.46372676088645,NA,2.75489205601678,NA,3.82356900590605,4.05632665756819,3.20284011158741,3.10954134531527,4.05920164995022,4.05803428338983,3.66192205457821,3.76250420095744,3.45013728092809,3.65409914755321,3.26883983600573,3.4184932614932,3.24905524733143,3.93587520881851,4.30715761182443,3.8835513526945,4.02552969576432,3.70145364949603,4.46814562385908,4.5239140316637,4.2486318780732,4.50174909086078,4.5746808845909,4.02996144100578,3.45042838867461,4.13052299692647,NA,4.10885872156017,NA,6.70348721659919,5.60654585582548,6.73956138293924,7.1074780152262,4.05650552618032,5.8482850926035,NA,4.07262016375669,5.09245717185417,4.20661490317785,4.11683093005887,NA,NA,NA,4.53001957306776,4.18310527925986,3.78797403661343,3.80473309052022,NA,3.59810278275325,4.58340661244828,3.67871572875612,3.98100689153117,3.701833360597,4.01694518374108,4.11831126113458,3.95830521647187,5.06248302215012,5.4407620966051,3.90976746147356,4.01595302860712,4.08266484742464,NA,3.02474677875879,4.49564794878638,3.05085980609259,NA,2.28306535208486,2.48262160799923,2.15558973610896,2.06291477215776,1.85032054525222,NA,NA,1.83282831602102,2.17834675463814,1.5566252875756,1.44899824743977,0,2.55733008775432,2.05457213406188,1.77557382756525,2.40374513185223,1.74352725563752,1.58267093662203,2.12912399852705,2.35261121103412,3.03912929719547,3.2635140386053,3.13963092390722,2.91637794306654,3.26685569666196,3.26261752530603,3.47829476075595,3.346011713204,3.5822226002461,4.28036768302597,3.54578181118555,3.64420669277836,3.82687562788347,3.57898870527466,3.88286671200261,3.73594964899414,4.30979103670829,4.12914793614213,3.83098508202065,5.20981810222625,4.71196975366615,4.09739873329808,4.16483340977679,4.21451805247678,NA,5.16531914101191,4.9242155782367,5.38324678659251,4.33152191708464,4.22939800604411,NA,4.79820824892842,4.23861028516771,4.16863080411676,5.21712960643687,5.22271908292768,5.05219528209758,3.7098904281129,NA,5.01477666497548,5.12306448507114,4.89099066799837,6.7771426703284,4.69566752063042,4.65913977787608,5.82526501635181,4.7962780122493,6.28795616690588,5.56565705171107,3.38023666327419,4.80176084869237,4.35142344140138,4.18501931668485,4.20095690607578,4.57196856160606,5.39349404994287,4.88555061810597,4.81605162433117,5.15776553996723,4.83141712256931,4.38787956544452,4.12143746758805,3.16040914745577,2.99120480761595,3.27475557286678,2.72413607473711,2.62292327995908,2.73847593168822,2.10509768379451,2.43930986675492,NA,2.15415305028461,2.14442138523589,5.6788062494485,2.13868381028928,2.14931022230444,2.01726345841368,2.62131004975928,1.93457562975641,NA,2.30692755911532,2.68555914774854,NA,2.44054385705082,2.51151649059921,2.44145124565305,2.34418823426045,2.12946400246722,2.75185668571757,3.05759781653105,2.68570601654451,2.70490537791716,4.05393081559783,3.36650664753628,3.17369323459168,3.57574636725783,3.64849100075153,3.81069987041264,4.06861273824168,4.15534994224928,4.58934045940001,4.08475410202646,3.30616733068905,NA,2.39274156081119,3.91026729954692,4.12480211849698,5.28605913098459,6.00321209313403,4.53545905467711,5.30302713588598,5.51916181088537,NA,4.28514552195946,4.8828574320792,4.9048643226227,4.63486895419179,4.03971998217099,NA,5.40796482978005,5.04294705828416,NA,4.70291376246965,4.45135165094831,4.36820368030832,5.14880989442501,4.46522877253308,5.40236867110098,4.51013103654518,3.95253043749356,4.63131369411924,5.02831262484198,4.68236569991216,4.66233001550028,4.70749825685881,4.46432620482671,4.57001582817431,3.30526666265873,4.56028897011495,4.02588806741208,3.8941800307552,5.02474322013688,5.28107820562545,5.35782981199164,5.17935243423107,4.46908070473026,4.74249026151698,3.98976081603649,4.78446019960237,4.16091649087997,3.40384002964119,4.01497690900945,3.50493257706638,3.29602094123202,3.63643132952498,2.99266040932791,2.40007334865712,2.583711034075,2.87333678322551,2.74721781383495,2.32413576724287,NA,2.32787283857564,2.25240116078722,2.19050577020964,2.21001289773904,2.91537369619838,2.64089760815123
NA,NA,3.86824466495462,NA,3.28264083748066,3.87130510870568,3.36817079550539,4.82738951266986,5.15231941529074,4.225452357858,5.28133347423989,5.39925646061719,2.97622484385474,4.04677002551527,NA,3.89328934403445,5.16327760046018,4.63965732283267,4.60814961907828,4.78021591380082,4.02714478269084,4.5232210154614,5.19831542139369,3.66526627875811,4.46976936407151,4.38406209516667,NA,4.21340291988623,4.15198217270865,4.51293540914762,3.80847909293868,3.93699286165497,3.89539040411672,4.0727294412103,3.83402055493555,NA,NA,3.82839452315281,4.03124793755703,4.25903367864536,4.21872707461377,3.79743384121094,4.0623659205314,4.36903036510993,4.61994957890876,3.96271165626852,5.50406338751743,4.47342977957509,NA,4.5764334007973,5.85301269456606,4.95482799072984,4.75357043068472,6.63715856050574,8.29748915498926,8.85032839140344,6.23237350535534,7.3611669153822,6.22435684304739,6.11429784120066,6.82397376134392,6.83873190706755,6.11836015814981,5.38407109660007,5.78952203348874,5.12706032867211,5.9757648683833,4.39762306401931,5.17447629081,3.7558633352585,3.91063733231396,3.28099189083687,3.11944294673524,3.54515938423101,3.21848494393535,3.09377022936239,2.98474251191989,3.77136425076291,3.34835437232263,2.98413500490513,NA,2.80854956482949,2.97552032119227,NA,3.01635881935305,2.91773247904491,3.02549657221817,3.07704619503456,3.0804873174109,3.04886794543765,3.29799038210073,2.79099178004215,NA,3.55386995733805,2.68184050022351,3.08508875440072,3.07607415778955,2.83795492008189,3.34978862146684,3.22345661659577,4.22429694759114,2.9348018832799,3.40443532111182,3.61007106280447,NA,NA,3.58593622671795,4.7995056515708,4.72840966974786,4.22093880745572,3.77999260478634,4.12136619920917,3.79775595451616,5.20961690243441,3.63365847905938,4.30879414532087,4.14844528470765,3.43435340264796,4.56670726201577,4.62246324254909,NA,4.02699539179327,4.23052748728784,3.86453185551211,3.9015008751082,3.53271474041631,4.45039373149461,4.24397942977873,4.29157249685739,NA,4.83268660343021,5.09798889780607,5.08288007299237,4.6504377216462,4.22308733329669,6.36491929630291,5.37492739307924,3.87027257102487,NA,NA,3.76432953576675,3.89274115228969,3.90687578168292,NA,4.54700367886942,4.79854814000564,4.66564398236835,4.26426093459994,4.6148813478793,4.87855925335748,4.94162100851944,4.03242887041879,5.99335516364257,4.97188185633056,7.23395591684331,6.28282848881142,5.07421332206516,5.20508371657632,4.2228017530362,3.92175735098839,3.98344467284475,3.65468008498663,3.88827361288453,3.52894684849213,3.61945684501633,3.63923906473342,3.74933437169268,NA,3.32223567521459,3.08798142104463,3.52444884504878,NA,3.30295238807914,3.46359380885478,3.27164090123593,3.67487603666695,NA,2.9972162711219,3.09864928201095,3.64359756286118,3.64505176000754,3.7199013364713,3.11300630670803,NA,4.09756231124497,3.05301077319726,2.99943101006177,3.01022812639141,2.84050088206135,2.92123417405981,3.02400014688232,2.5882199800636,2.68355253252228,3.20783742320604,2.8154969872725,2.83062413557882,3.22658575160397,3.00238062838988,3.26011210636409,2.98921797586897,3.52033253594533,3.48198537843979,3.80189225754511,3.87813501756823,3.12783457991464,3.41899017048058,3.28085202534848,3.63747261143673,NA,4.32636834406012,3.75619730773135,4.25052405138389,4.5437067052704,5.87881814924815,5.69097513019606,4.54097564488261,4.27428614604579,5.69931955127909,6.19961274109714,6.14708437468012,NA,4.83118803147035,4.1291945859769,5.18092773995224,4.26692699382193,4.29947879470822,4.01541759943081,4.47466461966838,4.40344529537244,4.24224665957504,4.28418735237095,4.54129720049184,4.70159203546923,5.13933796668046,4.08531555823929,4.58855538580659,4.60946931978347,4.88563763644195,3.40450745110645,3.90427259308439,3.90335107926173,3.7610643707263,4.99882029551096,4.89189941877922,3.63818005124461,3.48463996677094,3.78792042746068,4.13186728535857,4.36280147722668,4.11530932674421,3.89270406862314,3.61926486212642,4.26178373970838,4.19112165600737,3.89540085213277,3.77368654666098,3.82162300190387,3.78213982656137,4.07203529378029,4.41105277428269,4.21505812391587,4.02311126057331,3.34929767354709,4.02732765754505,4.32899090545286,3.75018701409656,3.58516624536101,NA,3.02153830565772,2.99364459101156,3.03496129192371,3.30161838726807,3.27428157142404,3.55535291452928,NA,3.82326678235149,4.32577055398889,4.16856677713741,3.9474213595442,3.8772395468369,4.04690095075525,3.5201017485219,3.22643524826806,3.44374189042886,3.71099028569067,3.57492757567296,3.83958717909536,3.67917060835348,3.55870026372089,3.03411945353128,NA,3.17503283463206,NA,4.02417916638535,4.13545438148953,3.47613576936196,3.52493588170118,4.38880365499466,4.33565702833624,3.69287285433988,3.86058771510365,3.61720553173532,3.80780583950817,3.51984423839057,3.67567997270328,3.67796006170219,4.0090493876686,4.43642909774307,3.97126583350592,4.36533554462867,3.95020501343921,4.58199865313234,4.46241765522743,4.2580931568857,4.59823317868271,4.77531590917653,4.20696282936817,3.6358763805989,4.19538703344281,NA,4.35030192061203,NA,6.81493621971052,5.76656826608154,6.79475873531166,7.19632753651675,4.29092102790458,5.89343237200435,NA,4.55269152587149,5.5973126602805,4.40225465063373,4.26656749668242,NA,NA,NA,4.59824744857274,4.10477549201002,3.68850158121609,3.9085982185844,NA,3.88151881774995,4.81174240724999,3.92501230898609,4.08900901949069,3.85515412080449,4.30940893553826,4.23610367419642,4.07892076420746,5.20706437347451,5.36615117343039,4.43554027565178,4.02359129801171,4.28685389080701,NA,3.32361241662976,4.5258268157173,3.17348076080861,NA,2.70460979344774,3.10535665125214,2.70772473436103,2.71100568147757,2.80566881010931,NA,NA,2.93986949964809,3.23366204929778,2.91007471073233,2.68176603722032,2.55733008775432,0,1.9338629380827,2.41855290442484,2.25273791798775,2.46337705490362,2.73118177371035,2.74901740671317,3.23205989025084,3.86873268678443,3.4204265570235,3.44674138796679,3.60781320078048,3.74270296598772,4.02325129878516,4.0533632416036,3.94738840034115,4.1489062081722,4.8949608729538,4.02335271286739,4.20306448840167,4.37202765974831,4.08075092856449,4.37281102407863,4.27884081234856,4.73656767122193,4.26258744614149,4.20922351943362,5.3768100557267,4.77100083252601,4.13709556342033,4.18551264127586,4.3805728515256,NA,5.30942299414509,5.16941672286678,5.49524635083333,4.488762197078,4.29504567649322,NA,4.96169714799738,4.41173224018976,4.35866504078697,5.27557558252173,5.34222250772908,5.08259456406995,3.88458840929011,NA,4.88978635460275,5.12480795009519,4.80811483470418,6.81962669013223,4.88059611110489,4.6854228823945,5.89172467839167,4.78779353318301,6.22315691577062,5.5737549537402,3.72648048052663,4.7003772113172,4.33793625875582,4.31006927676187,4.24286195871843,4.69039573669012,5.55008928353202,4.97041436636768,5.01927111933791,5.39148160824783,4.96198533626084,4.67108010974151,4.21562105116098,3.02240456518846,3.18867218545642,3.47129415638217,3.07297524346111,2.54153700956201,3.09006697394773,2.68019876401731,2.56584489277756,NA,2.56489835836502,2.94922256885701,5.89814224380187,2.86808376171801,2.95695259484088,2.71729790852738,3.27724236121719,2.99931847408039,NA,3.22854141807767,3.54582528580713,NA,3.53794979800666,3.57500771979462,3.58791351210685,3.58656701912959,3.51293005144669,3.46794849601548,3.87823993445077,3.62932413020374,3.58605223133767,4.59255610148984,3.89675286541542,3.76191540828293,4.20901034513518,4.29332812161506,4.31684879789292,4.54175632432549,4.57283713186509,4.9713329771772,4.79718804608839,3.97073741110914,NA,3.48959962326496,4.70360303198046,4.66426602078098,5.81679768724411,6.49807161144103,4.80280800832586,5.69885844537116,5.76904919776859,NA,4.60653615075458,5.15079805574787,5.08990681808359,4.82585883087755,4.21188335831466,NA,5.73193477461425,5.32144927889861,NA,5.10088908543288,4.77533626934404,4.59938910636808,5.40513161801354,4.80395670154468,5.48519626905095,4.46195851662261,4.07413334825054,4.63558306221576,5.0243516220329,4.62744777645019,4.63396433890875,4.73586593646837,4.58002675299289,4.77327773562086,3.2265841568288,4.92495509019823,4.29316595178697,3.82918266107975,5.15722752255404,5.47760652661003,5.41388189863723,5.39134234889223,4.66145829085232,5.04402359881306,4.26932767289363,4.92171018700642,4.46939523070566,3.69251513694938,4.51014112291057,3.85840074285174,3.48377850545976,3.8446774552315,3.39503972860729,3.11839079346101,3.45678191807581,3.59272211854078,2.70022246457587,2.88013628264525,NA,3.00569889862899,3.09837788775361,2.9856158064771,2.92127268761234,3.53099109913882,3.17391047228531
NA,NA,3.53132283675802,NA,3.03777889790728,3.45138264255999,2.91985361332408,4.31752431693702,4.70327777805469,3.79846143509396,4.929530675077,5.063259413015,2.74341743565116,3.68195671662807,NA,3.45228042146091,4.78155613719562,4.20183614596625,4.21322585419262,4.48642900038708,3.72760538825919,4.28552824999552,5.02840819851299,3.30853222640355,4.20738745029669,4.21174359651588,NA,4.04766090030647,3.85496404851534,4.26027465339846,3.30953270395954,3.60343239591045,3.55215932811552,3.73385785292614,3.57534813737483,NA,NA,3.50714131540454,3.72433934229391,3.88983916691554,3.82442450438534,3.45207405638472,3.71518730619652,4.03810381496837,4.33040325937572,3.79812174423896,5.29047845886452,4.12674529928025,NA,4.31041468609261,5.68936129385735,4.72993513782871,4.53787277562381,6.53547602516265,8.22331504281207,8.73784469089358,6.11825881300974,7.26880142788755,6.12941118034701,6.0685242782752,6.78007138899398,6.79420966730082,6.06892869106033,5.38914532331736,5.75325728952799,5.16434181400932,6.08436999846796,4.35787778492229,5.14408904202266,3.7595948784307,3.9394859413382,3.50216911351293,2.92003466175017,3.37588090673319,3.03340140764557,3.06088825664655,3.02785194690644,3.61547105729022,3.24581765787167,2.98662004588293,NA,2.66322394215594,2.97424593263541,NA,2.98748535963835,3.12417180342024,2.81725021160207,2.73551225939221,3.01682541179778,2.69449137461792,2.99651654693863,2.65166701303277,NA,3.10852774501548,2.49904771915359,2.75330369617043,3.2077321454191,2.99147576420003,2.81407618692243,2.71863240166132,3.73641117939349,2.82164366369394,3.12747307968088,3.01506787064806,NA,NA,2.7526432501105,4.13651946996074,4.10650777577014,3.70650795488655,3.36990130845312,3.61199107921044,3.27061800731121,4.79260785785019,3.24323612192174,3.92188650045172,3.82789789382358,2.99569947297102,4.21449979189503,4.35694222749283,NA,3.67686535457113,3.98734608948236,3.637296330303,3.70640476329408,3.24239828789694,4.12745590069653,3.89134086487671,3.88203770633574,NA,4.55569374327261,4.8035226734763,4.91286481712861,4.38812959699276,4.02273104876822,6.1948785025337,5.1521275086594,3.67459445030308,NA,NA,3.45603111054569,3.67674988058739,3.90493132853154,NA,4.51618839416902,4.69878527062254,4.52639683271571,4.17923852107349,4.56717070618108,4.76637727757228,4.77360792806572,3.8614072912968,5.82880594812656,4.97555853818983,7.07166824714467,6.11742501825669,4.82669885398206,5.01834651033141,3.97178222786702,3.70570174623583,3.91603849915677,3.65095429991547,3.88511229164389,3.46796981622954,3.59548329189416,3.45410376577807,3.59074915366972,NA,3.48882316866954,3.23523200885276,3.33568233146954,NA,3.00727935621206,2.97777793042257,2.79384475717663,3.21047846538991,NA,2.72112447607149,2.73691670915379,3.29065745411029,3.08333799508986,3.46568971049529,2.92383697249054,NA,3.52922994155942,2.70741372151566,3.13779508181573,2.8097672842757,2.53997494049114,2.65073749783128,2.65696517241008,2.50854154721342,2.63687770313911,2.93204337479544,2.53377166762541,2.54804113306782,2.91286907218747,2.69918633776517,2.88742199285095,2.7226017531039,3.26229562975717,3.10176788535653,3.43998075419491,3.55180228952109,2.63893322845488,3.50057033177518,2.81492732215756,3.04680986901765,NA,3.97010958463322,3.36131187591192,3.72824158699454,3.93891064936236,5.55338076446145,5.41371371614949,4.33995015267038,4.10162981646947,5.4489733815397,5.92658506847228,5.96467997869147,NA,4.66465550299407,3.83271386537974,5.07634714621968,4.10286150028763,4.11053629021064,3.90525077346668,4.30517132382414,4.2337625402342,4.03207134408807,4.12801723420121,4.41413750408179,4.5323853470751,4.89314529199083,3.64734647645878,4.24448184077741,4.3178895743053,4.50022191553291,3.04753547162902,3.75854735404822,3.58918370884814,3.98807091747504,5.08959245977935,4.879018427034,3.3134674462522,3.13587233046166,3.53243636126733,4.12240905994184,4.27319927475907,3.99512357995307,3.81586994246938,3.30216809091998,4.06801778915818,3.8475962959628,3.61877482771654,3.64825635173026,3.84351624944279,3.64576683891509,3.90552526578337,4.24356966003847,3.80189894548848,3.696645782964,3.06435700325414,3.7091619491253,3.9126632481135,3.24859630807145,3.08494174164798,NA,2.40165221575504,2.71417430473706,2.88288858253461,2.71248481892662,2.64174455576864,2.95098046765914,NA,3.25810293259158,3.68295736717502,3.5096644356196,3.10541186058106,2.88735698511428,3.32943972272469,3.15337008990781,2.52238374638479,2.90982244718986,2.91848097555479,2.82680921268597,3.27399426799689,3.12627954063508,3.10791382585379,2.48129245603341,NA,2.74260413017059,NA,3.74131164113362,3.86174268216697,3.11001626531197,3.19890368044271,4.0134397211874,4.01925673251807,3.4413165453493,3.55377993404313,3.30612845798447,3.48252199673141,3.2396197445184,3.42440765613333,3.35813639245302,3.85531868709762,4.21519817320549,3.69590707542291,4.03998174758406,3.58326347589844,4.31418267818406,4.3201167401053,4.02505597307305,4.33848352232251,4.39901963160307,3.803115026625,3.35565757581896,3.95423393916723,NA,4.09314071339601,NA,6.64645540140474,5.54467201815307,6.63408198515521,7.0374688979826,4.00786419023557,5.67188428335865,NA,4.21926195396334,5.22972424246817,4.1140481215996,3.99484930143418,NA,NA,NA,4.41528912531871,3.93934369060189,3.62200874273269,3.65650120313833,NA,3.541124977641,4.62676207088431,3.69494886931418,3.84658135207311,3.76752810832801,4.12720761015005,4.06748375079618,3.95610622072423,5.01334121314506,5.29248136751241,4.19092103644481,3.89170094339498,3.98714106317214,NA,3.05723584309503,4.36493433163334,3.08411039091224,NA,2.5137893114014,2.7200609365447,2.41191962532602,2.30758201210662,2.36498054863309,NA,NA,2.2576278704127,2.68419294533424,2.20838780379745,1.91165391854,2.05457213406188,1.9338629380827,0,1.70021301247295,2.2408055234303,2.08663385010893,2.10823498606373,2.20422539041833,2.75640717461806,3.39701317762863,2.79178398801875,3.09343050067249,2.97661878344505,3.40187248560768,3.46143850841313,3.51125455980759,3.40786396855309,3.66185972977489,4.53389779970321,3.54779073155666,3.78855631719616,3.86383833255832,3.52764864567096,4.00923089127197,3.93069977490097,4.43357622609498,4.03187629462131,3.86942713210872,5.19328797196876,4.61493132218528,3.92668066287821,3.95944624203089,4.12985246680901,NA,5.10015130817915,4.85783576394637,5.28988977770039,4.2372218635274,4.07311255986899,NA,4.72607188188489,4.18013819938716,4.11051926641898,5.13421340243155,5.15874047284538,4.94829785316642,3.60809502584227,NA,4.82730869706908,5.00521978531059,4.7910954258644,6.68461031772984,4.64336178458766,4.63511155282785,5.75519464378962,4.74430435387667,6.22425476972792,5.54814184146038,3.48754447299397,4.7520768769228,4.41757528207715,4.21363918939949,4.18345998453262,4.53566153107826,5.33604767824372,4.79482655806907,4.85601207465209,5.11078255211946,4.62055820868844,4.210774491632,3.87075329354661,3.021795551803,2.88540387763959,3.19518409911899,2.75751592586808,2.51904466375455,2.80803579472548,2.34121454052977,2.51367258931849,NA,2.11291707277051,2.31187763378291,5.65129105412421,2.19203821232734,2.42524484675872,2.10905838081855,2.69644626656295,2.23957699062569,NA,2.49387180156261,2.81086110643297,NA,2.80479458266702,2.8728919218013,2.8020635424555,2.9125102664671,2.65338443613371,2.50836581068462,3.13948126516803,2.86335884689031,2.86444249729684,4.05931193224624,3.30757320008338,3.2476197594586,3.78839274729372,3.85935617089129,3.94829077644146,4.17230777094803,4.27404333643031,4.65086515262489,4.37629134120589,3.51418114167249,NA,2.6944001590569,4.22043419951782,4.26756112664941,5.47633685599033,6.21899754357423,4.59146011318637,5.42060792116316,5.5551023335984,NA,4.33151714047906,4.89565001047746,4.8637346679863,4.57875068253626,3.98721496675254,NA,5.45118042102091,5.05719201828866,NA,4.76737831812907,4.46320958195706,4.32216877539678,5.17344753825149,4.54475208022395,5.3583833974407,4.38094667037331,3.90841499059665,4.54575101610878,4.91878366491803,4.57402794939351,4.58126663752826,4.66853441689578,4.45971065624216,4.56295811385096,3.26418488951623,4.68919661080756,3.99797677665814,3.65706815915524,4.94468221660264,5.27370021145251,5.25643770903619,5.10077710785137,4.37515311651809,4.79660691202745,4.01029863567578,4.70733132302203,4.25420781508213,3.45826709633314,4.14553459725516,3.5298604882238,3.27068839567411,3.65284232444914,3.0851675490609,2.6796926946897,2.91412892805898,3.08299247626764,2.60057706642427,2.44495912750237,NA,2.46476916025115,2.42339836760517,2.22922489475222,2.24763940835206,3.03233494617345,2.7660714184244
NA,NA,3.07347174647457,NA,2.68260795430786,2.93712383355665,2.45296857416524,3.80072444968535,4.15324616635244,3.23558385415344,4.36015570241249,4.49840978946829,2.42535008733047,3.19883854777384,NA,2.95901476819573,4.05748509389784,3.5174302771937,3.65948985575184,3.8542805477694,3.05015295994912,3.68372609904425,4.38677073858355,2.68412935404619,3.50736731077608,3.71669372600868,NA,3.60987191442402,3.27658457146505,3.64704573541895,2.63040131414915,2.94762409795463,3.03776055384982,3.24837647833604,3.1015145635543,NA,NA,3.03666488717819,3.30700240467096,3.40667115937122,3.31987375970702,2.97308186715917,3.32597325709857,3.60531400730751,3.93115926865019,3.64005591181745,5.11430826638921,3.9760225574908,NA,4.10901752437356,5.46964507224729,4.50106730216954,4.35804900226919,6.35522379022522,8.09996696672247,8.60159169383219,5.95156388372252,7.1381507688097,5.93348742971624,5.94231423733135,6.65780387585368,6.69659824312454,5.90680512415365,5.24787740951214,5.62724148711848,5.06047228186251,6.00365071036949,4.21219020799845,4.98335245638375,3.62088782326963,3.86097930226983,3.47843449622363,2.64191017654537,3.06740398725381,2.62908217788408,2.80566343385144,2.83590818814314,3.33164225510583,2.99394201448811,2.67625184183791,NA,2.31048668912316,2.84447346923748,NA,2.79717637301417,3.02868780041267,2.65209294847175,2.21114605381121,2.83228269211057,2.35819145109113,2.81625111605461,2.4520101363844,NA,2.79743576050855,2.27123496274138,2.23138324177888,3.04715618460537,2.96571435283591,2.68513302595519,2.5890147438528,3.50662604640191,2.51421222198046,2.47462314976458,2.36113494928759,NA,NA,2.4557060314573,3.72850026346932,3.58783745428613,3.1037118415167,2.70937952852614,2.99197056554703,2.73933127112697,4.15524110661943,2.58923930152347,3.13148049074317,3.0750581616739,2.43663869295817,3.53380372203131,3.77246820176106,NA,3.26895531206501,3.52524499571066,3.25733569677011,3.48506821447488,2.74463431752696,3.63564369425325,3.37178766477693,3.50277107051123,NA,4.06567244419341,4.27756690433408,4.51061052410753,3.95676370577626,3.63116865854902,5.87026391454672,4.71608877150233,3.23085857727082,NA,NA,3.09280867114953,3.34865736990981,3.63196983842432,NA,4.19436549011032,4.38486052284636,4.27977969483955,3.84378230271858,4.35295896283517,4.45111695852196,4.56729480473355,3.3848617210616,5.3916199467146,4.76111436315851,6.90489408639823,5.88318193258918,4.5888226585694,4.90929111700107,3.86473336853036,3.6013303747457,3.85382371856684,3.57445362824736,3.7965105497274,3.28904205028021,3.29649275830365,3.38692928239453,3.39076230621506,NA,3.34545145912417,3.05116565297948,3.15868192039601,NA,2.81503388129599,2.87462665730765,2.63165752862281,3.06404333169212,NA,2.55244560343374,2.69637710035291,3.26714004345122,2.98554168614141,3.22519371374287,2.84264177040418,NA,3.27678043771707,2.62210059561798,3.00969322956593,2.80617433866036,2.36220270517664,2.61713712463441,2.66709506952659,2.50244790068264,2.7257676394047,2.91898581539532,2.57063725362683,2.47627552578477,2.81299809837183,2.84031474920792,2.93828347261894,2.58152811231113,3.10895059282301,2.81877836688052,3.23493200254508,3.20155685734696,2.40409059005179,3.15140268647362,2.49015082794601,2.74515966492153,NA,3.542457991402,2.79017482344109,3.28800945343707,3.59760098205692,5.28991934832565,5.24626838116718,4.23662802738334,3.96155613445537,5.18604063188604,5.73676025401777,5.79382125201259,NA,4.44053694820337,3.54348446580443,4.85505734180184,3.83205931905539,3.87076314743675,3.61759411245529,4.06156453384469,3.91712749207241,3.81026007672479,3.91778714355383,4.19546939997886,4.39603673028695,4.75548905374085,3.4216388922844,4.00502201051593,4.08118167204746,4.1924940285171,2.98360466030908,3.58971451838671,3.44526809402207,4.04400764488587,4.98656931778662,4.80296705408633,3.16293740089403,3.03309999576215,3.52776828662703,3.8887118228976,4.16158424256332,3.97354485116565,3.7849285053715,3.2323834751984,3.93329969638505,3.6592244362,3.49565106134846,3.62956812884084,3.86579670530024,3.62782267277663,3.88489221789114,4.31357539084677,3.71128816244153,3.76036434154688,3.31783988352699,3.74856171965901,3.79437437936929,3.23159403499194,3.00631162063445,NA,2.46255357138341,2.69425438054287,2.96882301187953,2.7648584186207,2.65605025050642,2.95442409027834,NA,3.30056993462354,3.73784012847996,3.44202057039628,3.03998151294528,2.9835086988065,3.12665182741462,3.13670772761885,2.40530254060853,2.52893782389,2.43576566909563,2.3878003699297,3.00496205739243,2.7988956943786,2.63304224498725,2.08593126665153,NA,2.38666435217403,NA,3.34018131964385,3.46991892969479,2.73514704430464,2.83580930084954,3.60056560775925,3.58732021170699,3.02372558750077,3.04818302476194,2.87565503245093,3.05586312078156,2.79089679374079,3.07475434042947,2.89510698736039,3.41589071092808,3.79606230744102,3.29335891326646,3.57991414981203,3.21694660272369,3.9679019393296,3.8753731370859,3.67524461969892,3.96007224122062,4.00719881785925,3.39313451778006,2.92681802766595,3.56087371047209,NA,3.73098409482712,NA,6.34040208482856,5.16537763440476,6.43932548849596,6.69401156070971,3.59075305345653,5.44210035473177,NA,3.6783478944589,4.74081187553731,3.57679289849155,3.5501943665983,NA,NA,NA,4.08721046874742,3.55496237827609,3.32259578110816,3.20975631416306,NA,3.10457338493733,4.18106953754712,3.21428711310758,3.59022161485592,3.40956498947014,3.63573180784623,3.77253545923238,3.69378538628487,4.67092736184155,5.1046547749788,3.81044523910652,3.5646133707471,3.54652968866842,NA,2.64288394776613,3.99556549681831,2.8783173166604,NA,2.38895453587535,2.42222567847416,2.24795627966179,2.23842649258225,2.36780739548269,NA,NA,1.92886381800865,2.78349706945318,2.27262686214725,1.96408506202699,1.77557382756525,2.41855290442484,1.70021301247295,0,1.96951640936096,1.62611054204654,1.66664581710635,1.86711125672581,2.3127455460023,2.87180279329841,2.75885011579142,2.62593400408915,2.18726837452222,2.60212487184012,2.80653121254951,2.68886407682897,2.7068821825204,3.09173272836158,3.89960773682947,3.0490054971265,3.20122593977792,3.26155254645993,3.11156294009599,3.59720929994699,3.39113409669441,3.94595370366424,3.44003816215863,3.48242511753398,4.64888453875688,4.1168537945029,3.58500329277029,3.613296427783,3.85326574526433,NA,4.85344822129895,4.55017217136973,5.05212542205599,3.89701799451431,3.69056225415053,NA,4.39056478714893,3.83304604967328,3.70774447265145,4.74406790111102,4.87812059793048,4.58437427862225,3.17552807371219,NA,4.61718138398971,4.752852905592,4.53464061068798,6.41912974149097,4.24088495680994,4.35273118485477,5.5164254193932,4.35821044999559,6.01110955219271,5.27894211488234,2.98825221404455,4.54716899275795,4.12063071360249,4.0023522786828,3.89685885790434,4.31083258464668,5.06742637240894,4.55712994505295,4.51267430922704,4.80936323283492,4.39345136986717,3.99941375891435,3.69436027965206,2.86266065190732,2.61232177439218,2.99389281951578,2.6406375550504,2.44086384146466,2.61306997062723,2.19109987491426,2.39941214165492,NA,1.78324929998646,1.89008989293294,5.37959039516816,1.93131558274241,1.99693014508986,1.81723606084869,2.19119815399775,1.95635990507722,NA,2.05685879375463,2.44989441639883,NA,2.54504439694123,2.60379094626251,2.56024570730544,2.58049994402968,2.32356689009733,2.32626164114998,2.62021002094792,2.25350520112649,2.25995448165664,3.52529607384093,2.81842956033711,2.74342792016548,3.24641021536016,3.26326813489636,3.42384304391245,3.69906348046126,3.7643970298513,4.13793310667839,3.70761395248881,2.96934816222983,NA,2.11377240231849,3.70847926132501,3.69977094306145,4.97114473025322,5.75869722516033,4.24274396812635,5.0250382456135,5.23981280534294,NA,3.99089762638286,4.47827277143618,4.5890488188221,4.23737341460248,3.64556496853417,NA,4.96323161201625,4.61058215297961,NA,4.31666073535819,3.99976813662573,3.86579817362246,4.73672708233189,4.00886541358028,4.98381001685747,4.07871228291724,3.56381537317775,4.19052590253469,4.58861189534033,4.29895185288881,4.32459604274183,4.38321871230932,4.15659623805896,4.20877527151656,2.93787822369716,4.22915823478366,3.54144552251733,3.3866350531948,4.65780280150321,4.93814273388236,4.9835053408432,4.8229829068925,4.08653721100543,4.51475391294119,3.59852470194578,4.42970464815648,3.89846434859003,3.07760533761799,3.6757212037611,3.14630185485438,2.91892185294782,3.24970763295798,2.64403690536686,2.35868489426344,2.49367348216711,2.83248428166679,2.45846018155908,2.32907997632538,NA,2.26139588452829,2.24608729182239,2.17076008039,2.10922219697592,2.71166665310174,2.49797390386285
NA,NA,3.52517629121194,NA,2.8112079918402,3.39171731501889,2.92460609487708,4.51144854558265,4.82013955404681,3.88063239408454,5.08533458176071,5.17404529353406,2.5182408712118,3.88648019161013,NA,3.4271307800767,4.79853707557525,4.20119330570948,4.34990006241586,4.56850299878087,3.75944760248491,4.1756874556457,4.93133372767655,3.36274751759952,4.05739902327148,4.13835154917096,NA,3.90032955340207,3.67402471435628,4.26736720343916,3.34202611042283,3.40692218271752,3.35322554538583,3.68309435764335,3.41662913057703,NA,NA,3.48130778245402,3.69290519690948,3.90871131829929,3.83435993712979,3.45574024766975,3.82104289539355,3.93449749447835,4.46459803580393,3.80548762581624,5.32291108547786,4.13559575991299,NA,3.99927646596073,5.555533333103,4.7878927337318,4.52832260124321,6.54393629168533,8.27951834103475,8.77761658120608,6.15658289060293,7.3202347546068,6.1554523943038,6.1242180003052,6.84726647332162,6.80219657451139,6.0160134326193,5.35405833235019,5.74068668779199,5.02226960760042,5.91281945714234,4.11711476953558,4.98854603690479,3.47154260864843,3.73517759880593,3.00108079370154,2.7215599193082,2.92002244173256,2.66773491096642,2.65138043066577,2.68824271027716,3.27986295397567,2.90697363521159,2.46948167007616,NA,2.34188800339122,2.52727228716298,NA,2.60693545530925,2.63295534816671,2.48298750782233,2.56727246915983,2.72957774646569,2.53140530174172,2.73518619918455,2.22476571237126,NA,3.21337233509098,2.31404951883024,2.72609824253137,2.48985336569773,2.59947676857501,2.94414919537892,2.81793870221516,4.02581966919204,2.68184578832402,3.04102013127668,3.25966805912043,NA,NA,3.06416737579504,4.58269137202865,4.67110946278101,4.15048714261574,3.43867057233833,4.01979728172374,3.74661887235856,5.0543161537184,3.56656103294679,4.22455810027354,3.96925217939362,3.34951816053381,4.35623613952981,4.49874802983533,NA,3.51206994000132,3.83878701675092,3.54774996295829,3.44226084651387,3.02381319303811,3.9657207062325,3.88853838308577,3.88808033001065,NA,4.64176845959776,4.89737321936967,4.89692200774414,4.49423513136633,4.03035343448133,6.35715699453268,5.30246616121942,3.46397454448768,NA,NA,3.07279038715005,3.45170196366228,3.11356061747813,NA,4.10429123036153,4.31096140795755,4.32959725954781,3.67539967668915,4.30899695436979,4.4872512297578,4.65460506597321,3.64791224070001,5.84054740783265,4.66150595262214,7.08172263518488,6.10967276867776,4.71566470025893,4.82960273109901,3.8344109117904,3.46490482712407,3.17737427034869,3.10082411200421,3.54502588841405,2.78319098956155,3.02637553082809,3.08174294153487,3.20487131379701,NA,3.05454804505547,3.00570342399266,3.2525445593928,NA,2.53513655850973,2.88357549539067,2.86500880222914,3.15647579799162,NA,2.57320061707435,2.67545543801301,3.08579790811889,3.15193561256717,3.09044541919589,2.79831585395734,NA,3.62503427001711,2.65706304838785,2.33909824657409,2.28976969458684,2.16902031983548,2.64021684190741,2.74297325546126,2.19865850256632,2.17422766408995,2.7409764911174,2.58191090320601,2.46552451482552,2.63036200866643,2.63080142907312,2.73218044753924,2.5049031844145,3.07443478247362,3.23026167523459,3.44587048772413,3.58640536039306,3.04590142876411,3.20938946945635,2.98196572780735,3.26418834135391,NA,4.26762531004805,3.70341888644201,4.21802899221741,4.57195806395447,5.80044431872467,5.69948498096896,4.59113747577707,4.36923007358853,5.60215456517223,6.1839025153735,6.23550788392079,NA,4.8379782663191,4.037449897449,5.23318543927874,4.05979144367337,3.96455917339846,3.67450885929151,4.34622531675849,4.09938833484353,3.75028266314232,3.81327878879923,4.13770604692314,4.25204821310922,4.72719408471253,3.51916143261089,4.03902146310991,4.22768740492655,4.45224048853118,3.0411775564446,3.59790066169627,3.63948772665548,3.38948359119645,4.85006947358962,4.75105662943303,3.00076904929175,2.55493782811007,3.13005588180162,3.56364404449535,4.07648380459879,3.78564267446033,3.5257657030547,2.93416269977938,3.87587193259722,3.68668841893657,3.24407916238136,3.34900228347605,3.38949486332962,3.32928360863428,3.5765176513701,4.14776120520554,3.37794022136324,3.39818553667573,3.23475421092893,3.71433108782985,3.98164879118784,3.31257316226681,3.33654891296285,NA,2.78993596613782,2.39597885753646,2.39227084623624,2.61989079074583,2.90520274291108,3.34531479666063,NA,3.39479074485331,4.06980520775302,3.83622331132592,3.50554273416019,3.5905948579374,3.60815979162448,3.02799067018423,2.73968192123098,2.83479013482213,3.00176821859775,3.04934873484772,3.4117144531272,3.45513406027158,3.34511417204339,2.4843426653823,NA,3.00080866703559,NA,4.02166366054599,4.06096544578608,3.38822016251992,3.59130176344837,4.30274438040395,4.33705255577876,3.65666094733484,3.67058616518663,3.31824971992304,3.36640485670825,3.21602279542396,3.19659137103493,3.29109132670996,3.71529003838063,4.18385265836379,3.52342087004202,3.99349321009962,3.43142082686143,3.8818067775364,3.80165344631413,3.79360676925073,4.22263553348625,4.37847992960535,3.82121022195959,3.28413617123604,3.69314989285847,NA,4.10143098296638,NA,6.67239163644917,5.46120610132713,6.58006787398245,6.96656552386674,3.91190505303548,5.67216779902962,NA,4.29067149985634,5.4545954386162,4.21079434397972,4.07326198828317,NA,NA,NA,4.3658954910482,3.80211446900125,3.41505542030584,3.46082716443001,NA,3.41086777379987,4.47645407702515,3.38150764501102,3.68764339363488,3.29361343155429,3.85629818786466,4.20066695217379,4.02628810592262,5.08897321991981,5.36249450752541,4.26414866918837,3.97803588853976,3.99563888118641,NA,3.03186958260104,4.29186034379133,2.89611725159356,NA,2.44494985767537,2.72225521982282,2.57185281900041,2.48199938706532,2.59752215167846,NA,NA,2.47751576655431,2.98060990847065,2.62617249460547,2.37584552057038,2.40374513185223,2.25273791798775,2.2408055234303,1.96951640936096,0,1.86080977077981,2.06924127800378,1.93636315759338,3.01505993560693,3.52987521958237,3.17907365755013,3.30426911128521,3.31068362558655,3.56262055386423,3.98212776488228,3.95000609873976,3.88246767430007,4.08012209038873,4.74581854666948,3.94553207724336,4.1724053850097,4.27379088064238,4.13605505571528,4.49003849001384,4.26053795620498,4.69732568874374,4.21017752964457,4.29725516622808,5.2915841812077,4.62616791562626,3.98839023913087,4.09422546681743,4.35371939052924,NA,5.3417187327775,5.09196840521456,5.46842235726385,4.28093511951548,3.926472266957,NA,4.74294585400414,4.18640132566473,4.09154761956879,5.08072560311397,5.1757683007608,4.886097546635,3.55094980717078,NA,4.79539313999978,5.0820654097012,4.71414563241232,6.71871421467384,4.70650534312153,4.58704041675435,5.77720644613218,4.60505187068755,6.15488887757886,5.45336718322971,3.50413098485263,4.69047970569345,4.16415636510931,4.27137789413186,4.13785102091541,4.60700053480411,5.4473626218428,4.88078386088913,4.9047805385302,5.38120545244121,5.00317814266038,4.67510343802565,4.27328607861848,2.91641791991928,3.10163793536836,3.36125021805387,2.91457450306928,2.24845606082133,3.04716970140057,2.51598923797301,2.38971119996352,NA,2.23942477694628,2.76498911449327,5.90607069012355,2.53553373848152,2.72977495377283,2.48249247933019,2.98650611115321,2.45065356544067,NA,2.77442032274748,3.11153002756504,NA,3.01468376398904,2.91160062460084,3.04387331309816,3.31221765957649,3.12730822194805,3.22234448247077,3.535703214124,3.25377323455221,3.22069872289446,4.35931110057524,3.7359732967727,3.6685954841705,4.14626556679732,4.20179610599812,4.26178644288346,4.52786614343013,4.57344303708677,4.92129921626651,4.63531454066375,3.94904652669391,NA,2.92184929406856,4.64443145429344,4.57471191749156,5.73510686792057,6.45078404832108,4.80805846797301,5.61365927848135,5.71688100945557,NA,4.53124111480666,5.00361151648624,5.03506072961374,4.78064141493225,4.13973834868356,NA,5.56413973811375,5.19234743791686,NA,4.97831016654982,4.65292879837755,4.52125334214468,5.3531053729313,4.71383833500441,5.46975223676417,4.44808768010972,4.06107780534722,4.66483061999529,5.02840126964895,4.58418111060483,4.59545910946331,4.58724257624918,4.36981074626464,4.54250301445338,2.41933948622763,4.79358845866766,4.01544801775617,3.56972905014489,5.1974986837984,5.49778084794142,5.41226514208639,5.28514193115633,4.55432842679739,4.96520806036562,4.08322742579458,4.69518118670173,4.11320923153766,3.3859561980674,4.23012444732425,3.55160042656246,3.07045011906659,3.4451331429666,2.9435743438388,2.52208529811775,3.05650220630472,3.24036537538689,2.08238485353868,2.59122907672526,NA,2.67182743506815,2.66491985409756,2.57772680176528,2.44924354660579,3.00814254310166,2.68274303217432
NA,NA,2.82019043082174,NA,2.4190286970712,2.84899112049623,2.2606299513222,3.7456338770421,4.15473784369357,3.51651629042033,4.33408520251695,4.61956143169485,2.45854638503294,3.35172085993819,NA,3.34126204974936,4.33265006131854,3.78708743375337,3.97060814675395,4.24917810995759,3.4366951887886,4.03965411657501,4.60764316467485,2.99655398645287,3.88036281173029,3.89446800772312,NA,3.82185826091052,3.54289936998899,3.96914964062214,2.96794655480513,3.25083341747167,3.25268573850883,3.45264225446087,3.35474441674904,NA,NA,3.22845576590797,3.49067624839366,3.68606104419717,3.62590594698777,3.29106987237492,3.57662060475216,3.79260974320008,4.2236446719288,3.79205183649337,5.13584086533798,3.97523715426554,NA,4.11710054549746,5.55076692967868,4.6713734413332,4.46752739089984,6.4462969664757,8.13480449563863,8.64074658320004,5.97407374551483,7.14181840359008,5.95537183145839,5.93520933825078,6.6773285334244,6.65014252122747,5.86476969237407,5.19697627694612,5.61831636728604,4.96077951617944,5.89970313694245,4.13347416195929,4.94551957444317,3.58705245593977,3.89131769306663,3.44468358553453,2.64711309569473,3.11226706068346,2.69134281888943,2.73642202472697,2.73670026211439,3.32765690607484,2.90850122948054,2.62523713159718,NA,2.27804564862633,2.5250498831675,NA,2.60201752796222,2.65078959193714,2.53101105797507,2.38556298069823,2.56978121548146,2.36605514149542,2.61291300972964,2.24529913751045,NA,2.85983294073729,2.14504557954215,2.47698160180017,2.87450253070416,2.68455616370363,2.62575171016877,2.34045730890443,3.4304168340758,2.27179934863853,2.89673807258993,2.76811503276486,NA,NA,2.83644870962813,3.95153178886134,4.04115200413937,3.7482580296068,3.10960738991003,3.64231157777526,3.36097141014742,4.33543872272856,3.08454712321468,3.69159066650787,3.61149624126554,2.92211421160301,3.81640512605307,4.07917612337405,NA,3.55103905899481,3.78813822626146,3.54041445823462,3.61226046167562,2.96021697966116,3.90674630151653,3.70748264592928,3.76336716088829,NA,4.42251059776833,4.60677150326473,4.86125901501951,4.19502663373127,3.82251232076996,5.96577912666699,4.75980034154318,3.38894408436617,NA,NA,3.21369286157671,3.44368544699274,3.50521265516282,NA,4.22900245586616,4.36742440809173,4.19931051960683,3.83423108396545,4.35198154130549,4.50425519486417,4.62148065017139,3.615698104653,5.56587322773945,4.68505646655291,6.96104232734758,5.93955382710138,4.60097439877454,4.80525088867876,3.83451416244206,3.54830568080539,3.58876465663771,3.37565714037007,3.67155640872819,3.14269343266966,3.3001976671511,3.047067187146,3.18933626406137,NA,3.31213150470703,2.89171019712254,3.21665966004065,NA,2.79017688679026,2.82290242118904,2.65704716049894,3.08650767646718,NA,2.49612409693694,2.80991426252566,3.20203271404156,3.0367895676719,3.20576464394839,2.79725948952208,NA,3.46430874591828,2.601335475212,2.60710156865484,2.51895065029083,2.28183424595617,2.56846103808514,2.54144974473632,2.3101713014913,2.36809999823445,2.7304993769946,2.57889690439095,2.56099284765195,2.70698586123726,2.75927037930265,2.98679879458306,2.83103742604511,3.32483380778702,3.31217210231017,3.53829079410127,3.59859345999994,2.91418426747438,3.4490336540665,2.84426847064828,3.07567228769185,NA,3.97349957060527,3.27881208614139,3.87902718719501,4.19071994236964,5.42632316715143,5.33382017036718,4.25823009080093,4.00368337966744,5.27085502917102,5.82587924356405,5.88485151767457,NA,4.48685704885187,3.68060253643537,5.02983203635439,4.01186434544191,4.02555697916094,3.76883537621139,4.15627651692854,4.08923275674169,3.87214684390215,3.98368928554423,4.27884347057768,4.33858819446317,4.74832077274466,3.51330687942776,4.27689250921441,4.31157017296535,4.46886425818812,3.2208182419864,3.77429070196156,3.61538041066796,3.90122455333228,4.87638202063072,4.71895796342044,3.12901038644724,2.94282556005626,3.4939499377701,3.82423464610785,4.11000057342187,3.85637641546148,3.54947474572745,3.13495578273843,3.93473129000911,3.75793623486404,3.45526242965502,3.4843970951259,3.67631938520575,3.53364551771158,3.78356874405532,4.17428873615371,3.60029759331136,3.58390867111106,3.11107220372788,3.61154760688465,3.75145179910504,3.26537788501062,3.07821270980375,NA,2.52256964237293,2.55224217241955,2.721508432989,2.62168816414549,2.62969046435121,2.88161488583723,NA,3.74132023832595,3.98909828966864,3.64776494726538,3.30288565798309,3.39006920592543,3.41176943100477,3.19298313457631,2.62278358447245,2.64030913697699,2.64569483840238,2.648036313326,3.33838328117883,3.39921030455695,3.207167968612,2.52997708991364,NA,2.80619400634391,NA,3.69850351851226,3.92505113169904,3.19608020966317,3.26442720275908,3.91652352340936,3.94946079833559,3.59381666841386,3.48641249997099,3.19548669569435,3.31353449398482,3.05125623082242,3.17864694369517,3.0965913729589,3.62393979653897,4.00421483640906,3.59809034375088,3.85218903489531,3.41289278808521,4.07649401101551,4.05114824199477,3.82787578546083,4.13283420145327,4.29679547249189,3.81637330344886,3.18712157282905,3.76322417272163,NA,3.89121332402959,NA,6.46925403980846,5.32062451460263,6.52031319323586,6.85440166997837,3.82015663404104,5.5889392404774,NA,3.89310827927618,4.95861572966774,3.89456965936886,3.87405385867237,NA,NA,NA,4.25337981411644,3.75756797097502,3.4987282104891,3.51541209853545,NA,3.37937965469542,4.33734961735103,3.40500129757118,3.67130929835747,3.37468427208081,3.71271965911068,3.86317951278502,3.68517323269268,4.82058643392641,5.13163090962824,3.8699630532058,3.72767655635953,3.86782335955651,NA,2.98026619812375,4.28194678979596,2.73199736639409,NA,2.20356710611486,2.79039257466008,2.26716811585876,2.36564256888069,2.35911717761353,NA,NA,2.40347105559535,2.69425916229239,2.28825395620013,2.12419647700495,1.74352725563752,2.46337705490362,2.08663385010893,1.62611054204654,1.86080977077981,0,1.10871102548675,1.60175609175001,1.95578815172549,2.78221570002724,3.1520150756754,3.03212044887736,2.87081682877113,3.25893544245258,3.10806211735645,3.35961106677355,3.22386169204232,3.46354613535795,3.94954967290408,3.17762147591568,3.35688957656622,3.61772399865931,3.39898563560113,3.69747598821571,3.54611505699813,4.08024750588012,4.0354543707744,3.59807535354437,4.86043516581976,4.43377264570404,3.84022142059695,3.92680713670089,3.957653482712,NA,4.90071405650848,4.72789447311357,5.13622539550494,4.03447246810439,3.84158921213,NA,4.54005804820709,4.00866096570665,3.93229604707863,4.9466860372635,4.96338042779741,4.80710720486421,3.4770749638658,NA,4.63865300706485,4.7987029493674,4.57209367903705,6.54402744679691,4.44605235442741,4.34392331182124,5.58614365029093,4.48131833637726,6.01802022880772,5.25064989485733,3.0723304995004,4.37676789183298,4.01449458639669,4.09036847164892,3.85914572354513,4.39310076862658,5.23112173540166,4.65188740223019,4.57808889326329,4.94164353120391,4.71368880993839,4.32857277388087,4.0086999619215,2.84795198803439,2.87927260903456,3.12799515592418,2.749964552772,2.32220680196427,2.66023957126012,2.1607403362227,2.2819767996799,NA,2.034232731455,2.2057413723558,5.49601807149208,2.09255390301029,2.14297137428248,2.0774248214526,2.60966103715124,2.15833056298189,NA,2.37406182326667,2.83993669736297,NA,2.68112230010616,2.75136784970246,2.80450406222098,2.79466391528535,2.66145899597669,2.90475455848643,3.166443304817,2.77911190791656,2.70348462160073,3.88624416927318,3.23773171030996,3.0915342335012,3.51962761775771,3.62467158057842,3.67723616689142,3.93404060900172,3.98501465287524,4.3135861473175,4.0287094809972,3.24512427409204,NA,2.48450151280736,3.89242903279978,3.73413432735279,4.93069704728954,5.64876356718319,4.12666689552564,5.03325983624441,5.24516095972264,NA,4.06094761002235,4.54905842788715,4.56572648507692,4.29617656947277,3.70624286768307,NA,5.1302727393029,4.77092134792483,NA,4.55327123904672,4.28110588838061,4.10396729191733,4.86879107119735,4.22979883018758,5.08202742857775,4.10965519257654,3.6741820026295,4.30788603208873,4.64167438266857,4.24168518423052,4.26622251319728,4.34135549683634,4.15362020183708,4.28439687197702,2.89557844153066,4.35711162959521,3.78406228744361,3.62277839641623,4.74645728391373,4.92309491762028,5.08715635594704,4.97424377128511,4.23968784273839,4.61329818690197,3.81961384977659,4.47789027262485,3.86638469964133,3.15050260829313,3.81940331658832,3.26882584566628,2.99376870172723,3.37102618409411,2.78303410845771,2.31491361304224,2.67973658270627,3.04171266784831,2.41322632944911,2.46470744120356,NA,2.48003278158972,2.44424210608546,2.40102572287584,2.33331264521995,2.73760126588113,2.46587518148281
NA,NA,2.66103313976032,NA,2.44307348343974,2.7364772694991,2.10454896599079,3.56817351107807,3.95950760463198,3.45831675617852,4.17670863088893,4.44010916965816,2.51081597431624,3.28867164962518,NA,3.3402565025614,4.14438122711098,3.57749030677069,3.89996643972562,4.24511766744288,3.40595457500861,4.03532329758265,4.5296904064963,2.87161182657022,3.65993879208958,3.75615766497981,NA,3.65829919886921,3.2636805983769,3.77165400335972,2.7779370903864,2.90764929639741,2.97055954131037,3.17047921417952,3.18365163075168,NA,NA,2.98939525604837,3.32857808940769,3.53800577186104,3.48254229644212,3.19510228474268,3.42644069007887,3.74467645754819,4.18398114367815,3.79156998402548,5.14760749048255,4.05992760296234,NA,4.17999627193861,5.52927452575916,4.67135104410696,4.49430624967832,6.45023847373439,8.15338072545246,8.60799067345018,5.94729829151644,7.09710009458385,5.89199806139654,5.88669426972174,6.63643161900736,6.60435180101517,5.83586567741284,5.16590012646543,5.56776298562987,4.95558001362032,5.88640793211481,4.14684425457059,4.84909241386931,3.5544964406834,3.93225786320394,3.48401401774131,2.56510107915758,3.09017376782827,2.64630322388163,2.70729248830458,2.72567075183373,3.30918575036708,2.88145304924684,2.61884618664931,NA,2.23693356915095,2.54920277253881,NA,2.64541089259228,2.70813967569928,2.51978043861521,2.27232954314294,2.52115215424011,2.2845993379465,2.52050694587677,2.22186647003387,NA,2.74330394385772,2.10237505293006,2.38750478057399,2.95989882461698,2.74810287833952,2.57949858151485,2.36797820419083,3.25531780315817,2.39056353837345,2.864616632484,2.67642093028018,NA,NA,2.80512090879507,3.85423273695654,3.95988161196486,3.73107663777334,3.03608928580818,3.61117028193167,3.29155142172501,4.19505067530434,2.91177249400168,3.47137217671728,3.4860029623653,2.79632691833967,3.66563712153008,3.94602381545596,NA,3.46427483598731,3.68432994441395,3.39310741580823,3.49363587280198,2.76717913585543,3.78158815961905,3.59850049098503,3.61797974490059,NA,4.33674562033712,4.52900504360703,4.8621039830096,4.15102304771319,3.80124239193122,5.93235694136665,4.72190853856565,3.39993551183775,NA,NA,3.16374550660851,3.41278763802302,3.65127677919773,NA,4.3087241481343,4.45801196941735,4.31518550116217,3.94170243645097,4.41012783179656,4.5537430246573,4.68337257414662,3.51139767916496,5.5045309096317,4.7040257477573,6.92784445494085,5.91792206385826,4.57396271806689,4.8791771595895,3.83054225279431,3.52514332231115,3.64404846150588,3.41134341846501,3.77544208144213,3.14547678533657,3.36996387833036,3.09340375022788,3.13895749122432,NA,3.35533128624956,2.89104096554535,3.20654781184364,NA,2.72593094803717,2.6564594675049,2.57122204843011,2.96303506220692,NA,2.43192623958625,2.77660479197407,3.08577171324358,2.94382155624241,3.1700506173429,2.69920961612482,NA,3.33690162109338,2.62576418289956,2.82992887425424,2.49460588422746,2.20952385777134,2.48583800654358,2.53479339928654,2.3724552250072,2.43517972963972,2.69172953319299,2.48980189784904,2.46745973323566,2.71434364744224,2.82792532970793,2.98120336811001,2.84025897917987,3.41685764242769,3.24080080883018,3.5514645349401,3.58788674852151,2.80326868796721,3.5339954431843,2.81723636218289,2.88047436052383,NA,3.81274511432081,3.18647402640538,3.77979596626331,4.07365152476137,5.37790044911655,5.2553102346931,4.18163741905877,3.92387069826764,5.24793200741077,5.7983098345855,5.87439502270716,NA,4.56973653057128,3.63442422274981,5.08531661364116,4.00177808608194,4.08065399180801,3.76182519161842,4.12397614503896,4.06386901404783,3.84573483747878,3.96732554863858,4.24540570248833,4.36667536777682,4.75062322470626,3.39279471973811,4.20848219230022,4.27633451461829,4.32613477155294,3.07757797977323,3.71246168478139,3.5093098474755,3.99933366748548,4.89999714544887,4.70474792742414,3.11775675933015,2.84519620127199,3.47978494886085,3.79040140378803,4.05788950649454,3.83910972746257,3.63045128833117,3.11791713293968,3.88051559035644,3.70245608316982,3.47346097648269,3.42866424733608,3.73074127778626,3.54644699882869,3.82854462188675,4.18848599258812,3.53504942716439,3.59216512927758,3.09072873702226,3.62573450048011,3.58188860636408,3.01318562496821,2.77677152354223,NA,2.33443631511341,2.5505988620389,2.70379528250223,2.5172330495665,2.44982541126106,2.66786648740342,NA,3.63065103530173,3.90883809728493,3.52106179058412,3.17387535246727,3.26414174336389,3.3186557250847,3.18669151952053,2.53069223209083,2.442821759401,2.42822636863612,2.29705472164068,3.15700247706942,3.26006820391922,3.03878360338557,2.38162164358937,NA,2.59817895832261,NA,3.59632952334127,3.86913145404569,3.03306480801242,3.03909197900963,3.73663957656869,3.78218536155469,3.45079452275456,3.38325233645502,3.12146623058752,3.27881896194784,2.94431387185456,3.11429546183646,2.95452794619046,3.57725638582209,3.92764393766593,3.54997283194953,3.7387360969608,3.33516327202726,4.08991183501888,4.17690587018887,3.89313706346074,4.17482213219873,4.26934139295251,3.7859858691421,3.18891873649625,3.82874682926548,NA,3.84116578484657,NA,6.44020428130348,5.27849733248616,6.48330054643478,6.80029405429893,3.72963897918573,5.55530147091012,NA,3.70002340115872,4.7018946360113,3.82614536526997,3.73125865598979,NA,NA,NA,4.21408620670189,3.70660271591894,3.34512241976356,3.38746981021822,NA,3.21600868497552,4.20439135516654,3.25593617851427,3.62870871355255,3.35016141915497,3.65770866973428,3.74751500364592,3.62255712271318,4.74608419836262,5.10248687424668,3.57025562957813,3.62651782459281,3.7855017225038,NA,2.81316159588119,4.20849260521807,2.88690409860056,NA,2.07152667157676,2.50196456747803,2.1519850797985,2.09070290578703,2.23813912924401,NA,NA,2.06249483882488,2.39452541090424,2.08241326842124,1.91157805024089,1.58267093662203,2.73118177371035,2.10823498606373,1.66664581710635,2.06924127800378,1.10871102548675,0,1.53293047283596,1.69417512298842,2.53095186776941,3.06596939816546,3.01804765294203,2.65990035473914,3.03558675192429,2.92943933182806,3.1882169171657,3.05512743577432,3.32150750530004,3.86503908510063,3.08563643845449,3.27053948036648,3.48044957768517,3.26284324248516,3.50253189185824,3.34321960831963,3.86606923284818,3.90310350136478,3.46182740431908,4.82279117978973,4.39706696824074,3.78535685762542,3.8872408262748,3.86343455356189,NA,4.81181127435229,4.63016359499639,5.05701552516284,3.95648713765735,3.80137879018246,NA,4.47152180352833,3.88049588290445,3.80646847238002,4.90907689536677,4.92101763675799,4.76123930706574,3.35169281436793,NA,4.63982563089161,4.76119271219838,4.53883992592382,6.53506478224365,4.38456285569098,4.28253071745671,5.51963533026836,4.44205895995223,5.99758621357593,5.25611860819616,2.93676837225258,4.4013576639545,4.00527006118629,3.95234419905417,3.82148652448966,4.33413606161054,5.18955968187366,4.62420440426638,4.48293356657312,4.83656198197258,4.66890710848297,4.27418241625054,3.94144847974156,2.81618944654348,2.73699161236031,3.02610082546169,2.62808417449023,2.25405936369256,2.49951023913696,1.98029755825339,2.20839337848904,NA,2.05468015454149,2.08607325456475,5.42174737238677,1.96571636039917,1.92912922986902,1.92749876089234,2.44499232372429,1.88402274810885,NA,2.14297542163915,2.67632551138606,NA,2.41610245741309,2.52153548000396,2.48259322576944,2.42118129022178,2.25417682330428,2.71469170785974,2.92753902875092,2.56368318158701,2.49369230003121,3.81424420561754,3.12811177322824,2.95360067259758,3.32978607407809,3.4522825582096,3.47737476878871,3.76015896205044,3.83418908867792,4.19511290146226,3.89136859245224,3.03879493165445,NA,2.26193010433224,3.61250560844696,3.61963408390071,4.80540643511685,5.51294651007611,4.01797262043048,4.87497365754654,5.13104406011382,NA,3.93135834573584,4.44827623713504,4.46161701372807,4.19059795370987,3.61592223085512,NA,5.03038447081123,4.69512144458233,NA,4.33024910997281,4.10871196896112,4.01810449500834,4.7779291534097,4.07046916554366,4.99000308597399,4.11989374285084,3.58230312992541,4.2545780983329,4.58973286842061,4.19910578977369,4.20162416810546,4.31842049841592,4.08903391228788,4.19780412969653,2.87054596852385,4.18606161488966,3.62607769179738,3.52160276540145,4.69163597152015,4.81983211732632,5.05156050084659,4.91865530171516,4.20363346493789,4.48623266424152,3.69609044495495,4.45909582990404,3.8621829625806,3.04933824427706,3.66774918187214,3.12326354931047,2.93014926505684,3.32303226676636,2.62124162045857,2.03732350274657,2.33953205595894,2.71990987825142,2.42613764507607,2.21256721711371,NA,2.18052772257696,2.17306658873174,2.18976968427144,2.15950804514842,2.55208508837097,2.25289740326911
NA,NA,3.03598103613427,NA,2.63763975137816,2.94790574517649,2.48807629628374,4.02059950266708,4.41308912719233,3.7623866520499,4.663740999294,4.90181981184465,2.65211887766484,3.62414845208983,NA,3.45159231777354,4.44219017091526,3.80884671025175,4.14024925077212,4.41521709621438,3.56000680532787,4.04605800956953,4.65655579942463,2.99566598302497,3.82477014044884,3.94502768355603,NA,3.73659176700448,3.47092340158658,3.97586967691266,3.03729776141531,3.24346296766093,3.14616576266601,3.38292248423138,3.296727812778,NA,NA,3.22309360046727,3.52629211979768,3.75051557368605,3.56970670302982,3.31593111137309,3.52487963950381,3.83526803808762,4.23774138592832,3.84902515937445,5.2728416601641,4.15488138112356,NA,4.09967738639053,5.57552543631146,4.71682559736113,4.50925529468287,6.56233301487095,8.26503495537423,8.66786872586449,6.01895328816379,7.18507557885764,5.98920807161119,5.92971739453786,6.70164374747571,6.67212303228227,5.8459658733069,5.19407316712212,5.59360187071725,4.94071003961657,5.84952932882232,4.16832625136267,5.00677957726778,3.62785226783515,4.01857964217796,3.4439932555337,2.7867761636248,3.26913264031562,2.84329899457796,2.91907082093457,2.87641824414728,3.42515701699668,3.03089281760722,2.74450214607228,NA,2.48131855553354,2.66504263004596,NA,2.80686425019316,2.83507328789678,2.73500631784476,2.53002178949193,2.69115578835221,2.51505423991093,2.76887969589921,2.35398989167715,NA,3.04524929474874,2.33196541654188,2.66761444171926,2.7799712775299,2.87037947120359,2.88039856257746,2.61622510970791,3.69221956418994,2.61102465349796,3.00540870588385,2.98824775100553,NA,NA,2.96197183850779,4.18074463572988,4.42108945974443,4.1748237413995,3.3512427822298,3.96814293646198,3.62938444197397,4.74098506619938,3.3280291209558,3.71048428567549,3.70210702690496,3.04410382297668,4.01983674155763,4.126063852095,NA,3.62934730048526,3.88825390925647,3.57382601548157,3.72655184915113,3.05593849349,4.06619631291157,3.88132575414968,3.87736154760079,NA,4.4877570435751,4.70255301702111,5.03054255019356,4.37108584253867,3.98100537288798,6.14295690017291,4.99981703833897,3.37777712117878,NA,NA,3.16735528880066,3.41015264860886,3.33949689421837,NA,4.12919820627456,4.34006220587182,4.19786283460537,3.77053361583799,4.34300390653696,4.53762366862945,4.65520919522642,3.51131221321454,5.66737851872806,4.73553506206367,7.00128712098879,6.00353258718668,4.60924820210497,4.79970503209433,3.82308131680481,3.63698976531759,3.71931251720186,3.50947273568021,3.86616628819549,3.28864887504181,3.30652281525125,3.21509992929691,3.3086316455196,NA,3.35548741068525,3.07769754992107,3.31534864552753,NA,2.82373686646835,2.9034675292809,2.7725784075661,3.1619732485158,NA,2.66081300437724,2.80215872376282,3.20774658913271,3.1511031941548,3.33124354498287,3.02787723796278,NA,3.47798079955024,2.85780065179566,2.89056489501244,2.70266160242888,2.39728822291257,2.57479308069908,2.69304314630762,2.57669123578227,2.60795849347073,2.94952149775339,2.69863073109613,2.56112345200858,2.65148235355856,2.75989503791329,2.99632741367281,2.77702782053264,3.35755269018396,3.34791733256572,3.55204665134943,3.54901351990784,2.86464307225626,3.43840363432756,2.99926813152638,3.07232317231583,NA,4.09800441524568,3.43451820919503,3.9110729331016,4.26830330667041,5.48934144332553,5.41494824470953,4.31739064828469,4.04553494676724,5.38685425810929,5.8809313160548,5.96011216840003,NA,4.78619241908107,3.8822965227196,5.284483320945,4.19719666919375,4.14960703549164,3.87962598839724,4.25896323694397,4.11447811682361,3.90866556140385,4.03618648263738,4.33644845495252,4.3274514646902,4.74221367505655,3.4903410730106,4.2248684949645,4.30136595782535,4.46085192834602,3.11801905264151,3.62439870540244,3.60879128314557,3.78217134526554,4.87090422326269,4.65951159384028,3.18726974481101,3.03901788009503,3.50308884176571,3.86089868933907,4.14608414355258,3.87438778995099,3.60178374532455,3.17187825888029,4.02676587565498,3.83923572001436,3.54486378041881,3.55492073414468,3.71654107554244,3.62329221151773,3.90550989230386,4.35015445915109,3.66143668816873,3.70022113748445,3.42890425993415,3.82119419301408,3.90773752143016,3.40808762002558,3.3314264199168,NA,2.58058798712067,2.71751250709525,2.93621085202246,2.76652189274751,2.94459659882928,3.22677833569085,NA,3.71890598288637,4.1141171665936,3.86503571409996,3.44906798336978,3.54876936589827,3.55912589483419,3.39108008406768,2.83851164631724,2.97714766660358,2.86443108879757,2.80456781483029,3.29431825112464,3.54829082198059,3.31600007375191,2.63586933237347,NA,2.91062146018675,NA,3.92930054523352,4.05982341658172,3.20024487009394,3.3338778264584,3.9870229278449,4.00241915649281,3.43393652592399,3.50567731911957,3.18210045676804,3.37087593390151,3.16143498210079,3.27049740551577,3.25662653441508,3.78383861984096,4.1419501283009,3.61350952814391,3.72754683428874,3.32257329355704,4.05465170010539,3.98830600793824,3.88029773443358,4.18417038467546,4.27751380218147,3.76978474933075,3.21902377297523,3.81552766075025,NA,3.95299314444546,NA,6.52231624885621,5.35970067245123,6.49151646686779,6.83497240186187,3.80112496481964,5.58137846058082,NA,3.91018990964336,5.01330853039421,3.95390387757754,3.88367760613125,NA,NA,NA,4.21039824705958,3.7228234752391,3.38478777498443,3.51784611232257,NA,3.3014593537122,4.34023640542496,3.38960182511682,3.70459448251382,3.4135939716484,3.8431681226271,3.97534293774535,3.83083743851403,4.91826899802092,5.26927495562992,3.9960103768883,3.87638127413025,3.88339861709122,NA,2.84163146129851,4.33102994142592,3.07369108672893,NA,2.32081565044393,2.5402114851306,2.37650106197594,2.29539575683149,2.43932076498296,NA,NA,2.19252739562079,2.7181792549174,2.40444041509137,2.10984810489796,2.12912399852705,2.74901740671317,2.20422539041833,1.86711125672581,1.93636315759338,1.60175609175001,1.53293047283596,0,2.23670891457091,2.93486574614874,3.1023697064151,3.19432953424569,2.7939839404568,3.04024301508962,3.29616341412707,3.33582422933768,3.30196393123146,3.56717285322057,4.17709040297048,3.34402445009099,3.61226512710381,3.77897042051539,3.60654661145691,3.90145991116828,3.73944093695248,4.15999583313086,3.91853617854895,3.80529336466301,4.93471090673893,4.44110221645858,3.84112280391255,3.89990328687969,4.01617897715658,NA,4.93682347236575,4.78582647373768,5.18875360463372,4.08892416254391,3.86020492694964,NA,4.55860459476806,4.00068824283607,3.87807689654266,4.91165458854022,4.97695834468431,4.79722570908663,3.40043609363416,NA,4.67803501392147,4.83038070716377,4.53668598747705,6.57572368761728,4.46941543013661,4.33927490087577,5.60253486375311,4.44440498715668,6.07542602951494,5.306399521931,3.17389126490891,4.42289934058046,3.98184622941281,4.09690813381051,3.92724850936952,4.42785903819211,5.25559084470573,4.68651686880284,4.637593821198,5.05590760858985,4.7776227221552,4.36632849610456,4.00651602404261,2.84289147546149,2.83887037669976,3.14346981398929,2.78826776641959,2.25961639791761,2.72672255009413,2.19057182340997,2.25943986011849,NA,2.18687381297913,2.36394672009401,5.6558001132012,2.16533146019535,2.30861005526269,2.21717829158699,2.69543083971347,2.13573905153511,NA,2.43937349980187,2.88115102485111,NA,2.68448352470303,2.65412797600973,2.7246568566479,2.80777187738847,2.6117718618036,2.9648573524702,3.25363659905211,2.92356169915864,2.84358785066595,4.04720604432656,3.37087851714361,3.24881125538115,3.59738975219213,3.73202645950102,3.78135371276213,4.08880890350365,4.12585237375128,4.50089226981541,4.25179150278275,3.4261594330822,NA,2.61014615259571,4.02786816246102,4.051636704357,5.23680677600637,5.94157571706539,4.3723729613129,5.18114706919894,5.32828208365227,NA,4.18144219404569,4.68980803768077,4.68974727683729,4.39567281467574,3.80100615122973,NA,5.26836005713562,4.88420781329743,NA,4.61255468676153,4.3046492220871,4.22721669254001,5.01948674974811,4.33278761181002,5.15813592182667,4.18783492891574,3.74797051084621,4.42819178430385,4.72589726602332,4.30777251600994,4.30088895525263,4.3456428283624,4.10761848294958,4.28175773971164,2.78587354568056,4.42807100672196,3.7820972684748,3.50269955226938,4.87513027662462,5.0633968670153,5.15970047272552,4.99423773815017,4.26490076820067,4.66119236145742,3.82730242620175,4.51162319362193,3.86757374758296,3.16822970731746,3.91673231602686,3.33247552000158,2.99418687588794,3.3849706073374,2.78569826464,2.38022520348586,2.63312644706647,2.90112058267867,2.28407475200696,2.21407080491453,NA,2.24674262539501,2.22541129933278,2.20411600364912,2.05525548000139,2.67042547367202,2.38272617701644
NA,NA,2.63329592027226,NA,2.42646187442726,2.92079689552737,2.48178019923738,3.48824407758835,4.04676704131606,3.43998210935937,3.78459391810669,4.15439534053739,2.63450273556445,3.18085349771428,NA,3.63382593726205,4.19539784433138,3.77578654218306,3.98694395826068,4.23135684922346,3.55087189403492,4.23342601072891,4.61522911222174,3.17052871484512,3.96171926055794,3.94232776476029,NA,3.88856799084499,3.57439276427137,3.88788695313715,2.97161372987305,3.03638073639694,3.18953154079239,3.24527474968934,3.35198379817003,NA,NA,3.14015991729241,3.50983866250282,3.69865633272019,3.564286341282,3.35631629065838,3.48266694613993,3.89776484000519,4.15139024087539,3.84691468438879,5.15320540150757,4.23719248776271,NA,4.48012852646073,5.65634494871703,4.69924308739552,4.646409089904,6.49242063520564,8.11210123706346,8.55653253690936,5.89599851198592,6.99204511428898,5.82604286884544,5.80330118798806,6.59060498490766,6.61572290608678,5.92030010185008,5.20606885812302,5.63966322745568,5.14082715502877,6.0739713174411,4.49331104553373,5.14341024011544,3.962007207065,4.28108416355714,3.93624586765204,2.90365818834016,3.52069832007527,3.01298066972636,3.07806252298643,3.02969265255454,3.64411361228579,3.2864149374307,3.04533931564204,NA,2.64917138161249,2.7893444970135,NA,2.98148618740184,3.02685861894614,3.03933193301539,2.60084974788919,2.76319875727739,2.67706636129273,3.0058206449466,2.76866409958501,NA,3.16473792141224,2.54806613553274,2.66841966742881,3.26154152244991,3.12608766650698,3.11861637453305,3.04522111925899,3.48004177974492,2.86859724801827,3.05557469900956,3.00441950412996,NA,NA,3.49469807122611,3.98860091834349,3.85387417295133,3.77940283098215,3.1457442909466,3.79706169792996,3.40474632908602,3.95738130688411,2.88146743727332,3.40919524699283,3.58232080827958,2.92629302858466,3.74990378461144,4.02022263487559,NA,3.71607945370164,3.95108605269635,3.81331086170087,4.07725303313376,3.13916732268217,4.07063862251034,3.8186693906593,3.89323137287605,NA,4.30954837812861,4.43647188772804,4.97683395672327,4.14565518255937,3.87220590489244,5.71327469437646,4.44523833281391,3.60352117989836,NA,NA,3.47541170102199,3.51543142066701,4.00512926996932,NA,4.4653306176624,4.57297698389179,4.46283985248439,4.16440085346756,4.52591627660695,4.69417089115321,4.80406956011133,3.6983940037571,5.50588985932873,4.84790501804225,6.96152184519639,5.97031764314462,4.73698104737031,5.1216673589988,4.17358748586277,3.9570182196238,4.21767151345937,3.87416269617833,4.0988772583659,3.71787981527109,3.75349828190005,3.65267626655483,3.73851982384596,NA,3.76387590806765,3.29128690307615,3.48318367306181,NA,3.3074412835821,3.47519338036904,3.22058264396256,3.7323328102877,NA,3.07765509782168,3.297435204144,3.7700253752854,3.69325497827523,4.02251012452885,3.43112924724349,NA,4.03517258833947,3.30249438083844,3.42712207478358,3.20644517973997,2.82348891557074,3.00575376726136,3.03207550145209,2.96244613614417,3.0565328940398,3.47002682837203,3.02633481034609,2.84864638286103,3.24027831805563,3.41721400122348,3.55084839244126,3.4129803667741,3.78908025590057,3.48755148971564,3.77859675504672,3.74568606951526,3.02357073346927,3.73714206238413,3.17832366854865,3.28212084585849,NA,3.68399549217978,2.9673056168588,3.6950214232974,4.00281527096398,5.13860334070737,5.03832053263165,3.99354233249041,3.71100416379528,5.10831477071708,5.65917535736801,5.74807069162344,NA,4.42796473310312,3.56710334061592,4.95526339455964,4.10484086906182,4.24118008484401,4.05109066258839,4.23347809698176,4.25308637674219,4.15027140621025,4.2588354526645,4.59471326768462,4.61797620590258,4.9625445912666,3.8771371178404,4.59860143230068,4.56420221311965,4.6860294961151,3.44192553757742,4.04787003998515,3.72666450608345,4.42255628487983,5.1283301197906,4.88279244076562,3.62464993293693,3.45472909218591,3.86275451249033,4.19793435787073,4.37530006308559,4.17183245161969,4.03271175440621,3.6494462066426,4.3062535590068,4.12601716052876,3.95345197449685,3.87181521923393,4.1962107530418,3.92183785722919,4.2729917356357,4.58523445436136,4.07849882821044,4.12701344121168,3.56942075741311,4.13711488839229,3.97448234935324,3.59245012824353,3.23484807425236,NA,2.71295334114244,3.18566044399797,3.38476996372285,3.11760558456039,3.05880244843982,3.1370502619162,NA,4.23121310513153,4.44303549945988,4.18512857466787,3.78164466656179,3.86498241683097,3.86637794172911,3.76791528880999,3.27752564786517,3.23316523722561,3.1543659660302,3.01775010120191,3.63506493598075,3.51878653477494,3.21591267892868,2.86779259248439,NA,2.79655942501835,NA,3.65553531039872,3.99483721146914,3.17173227079468,3.0294082309656,3.67178988930974,3.67814402883979,3.5430716994953,3.50295090232283,3.26990674745417,3.51243599018754,3.11256734054506,3.4073803977255,3.15344399678538,3.73336427797486,4.06425088765804,3.77980658234542,3.88889634249179,3.57442426738006,4.40093762420623,4.37961932810624,3.99053991781388,4.24383558103612,4.39571848737323,3.95199933791329,3.27553113208695,4.04421823682556,NA,3.93012595833879,NA,6.3844667427431,5.33646529432938,6.52255059164598,6.82673412734407,3.91123430752772,5.72288415770519,NA,3.70053143300241,4.36568452919009,3.65498782236581,3.68524482439314,NA,NA,NA,4.23650533856021,3.83004216392014,3.66212822807407,3.70617632981042,NA,3.45501020121828,4.3277557642927,3.53349077260954,3.82553018733597,3.76101190665028,3.85982646213552,3.94597570237,3.55196584486331,4.63143866926038,5.13806202435137,3.76465511498262,3.67301360525621,3.96350957852106,NA,3.18006633426707,4.36874314918751,3.14465487642573,NA,2.51778931609061,2.95634437863975,2.54854081077659,2.66010120321512,2.74709125857668,NA,NA,2.7802954387331,3.09583278550949,2.90900738096989,2.81483740317683,2.35261121103412,3.23205989025084,2.75640717461806,2.3127455460023,3.01505993560693,1.95578815172549,1.69417512298842,2.23670891457091,0,2.41982807396932,3.60743920965458,3.21826986873551,2.80397398749759,3.06694906482919,2.72652641123054,3.07592089710142,2.86580115296266,3.22491414100256,3.64954972193133,3.04070313876479,3.08099732095727,3.23260046187076,3.0809365784726,3.09705002823201,2.99030167057718,3.59451913116884,3.84028923400178,3.08149163032484,4.5642715018065,4.39814783736267,3.89770772406813,4.02052161743994,3.78325705174233,NA,4.64592817744925,4.4729559974381,4.93428939944735,3.86162424627622,3.90620479958365,NA,4.49064288355807,3.85683372870167,3.78312244689875,4.8976659199152,4.87595382060646,4.78088241212116,3.44420877425181,NA,4.54030273070573,4.59385754742835,4.51275136622124,6.50347090950435,4.32042386545568,4.22567999187867,5.48775738538789,4.42852762599667,5.99890637590908,5.23781018851081,2.80577619392373,4.20983097739549,3.98506823202607,3.9017006057023,3.70992902954477,4.35185019700909,5.1796686851581,4.65033776697368,4.41428834882112,4.65453153692854,4.68190971834282,4.35985819489449,4.11519157976932,3.06540192394199,2.88635127025814,3.13228656101916,2.96504735141119,2.72654856531839,2.61727198320736,2.39549386162417,2.55917581357379,NA,2.51447665588453,2.43445669648683,5.23001936797107,2.45973773630662,2.26012634025478,2.37928988192419,2.70023124449059,2.45766836323106,NA,2.54602025497256,3.16038121664468,NA,2.89680315676135,3.211031781627,3.10155642825354,2.48373380942886,2.57738570285654,3.03491931476706,3.20389979036549,2.74489953254818,2.67466369200089,3.84680342440481,3.28129077903462,3.01519641056798,3.28245157379477,3.43789332874225,3.14283339337961,3.30627894205574,3.35994486576117,3.69525074365693,3.89258665371869,2.85925300741879,NA,2.81918449840849,3.30780474567345,2.83694594493945,4.29140190552777,5.09970763116383,3.71954557076796,4.59843299020342,4.88955955066444,NA,3.82235608226512,4.38629837725587,4.3619266686802,3.93229691740093,3.48720043097018,NA,4.92961354700813,4.57996263510958,NA,4.11286116357852,3.93237298276977,3.80446664838161,4.34516558435484,3.77438465513235,4.83433800211198,3.97675473754158,3.42822400195722,4.05494124463962,4.38312914644082,4.04497892056647,3.99058858025386,4.24597468956322,4.09414547925016,4.17858955992947,3.30263983595927,3.98100145947884,3.66862130739033,3.64839353471475,4.51105050103836,4.53511248607569,4.97035167398564,4.9128390039601,4.22658562123913,4.40345796863794,3.68124646464813,4.48766082641558,3.98934747881629,3.18922244825534,3.61846252554133,3.2048470646838,3.16093939364593,3.53879939238093,2.87660161382571,2.54667763173286,2.52894818973702,3.00135936182919,2.8843627010552,2.51494012336565,NA,2.52817647726795,2.71596553524926,2.78438234766153,2.78859740038188,2.92945751038005,2.63725643192647
NA,NA,2.93792381968268,NA,2.96811806681495,3.29052337658557,2.95570032803582,3.76114456082525,4.05949569216106,3.22079318688561,3.27735851688609,3.782753156305,3.10924369871345,3.44355874016988,NA,3.25197933677075,3.58828234723541,3.23022632880124,3.67361505994568,4.08221539453536,3.3161011027053,4.03401868337188,4.02339669453161,2.93437290460614,3.35010761126053,3.51178312605269,NA,3.72128969612016,3.47587821585319,3.63723929007388,2.76231213424002,3.14118996286716,3.26972565486891,3.43768673956979,3.37894732420095,NA,NA,3.15064168725588,3.54871790597561,3.65358889393299,3.60289564762983,3.38590215526735,3.54747131142095,3.64460773581557,4.09640517241174,3.95578567521743,5.2013555779674,4.07928454653505,NA,4.43258430240089,5.58045907963714,4.69149446057514,4.62943614034919,6.4519577704358,8.02734410973787,8.64137698194281,5.91268107846384,7.04225449708086,5.90482921715467,5.99624157247382,6.67975675184244,6.64154358214203,5.87483376708139,5.20640572541398,5.73466848252968,5.24024564123576,6.21023204091774,4.5668838577269,5.01812141757333,3.94416961918508,4.29933429803241,4.09285707956809,3.0448548597853,3.35889567483278,3.00184955058496,3.25803740642534,3.36158677623941,3.60400766834085,3.41524771363095,3.07807862680714,NA,2.84545386705769,3.06994622271344,NA,3.32731078358126,3.53304250335489,3.39264675530165,2.6750527570961,3.22666285461099,3.02376084396827,3.40519845531574,3.30066715349088,NA,3.3638633567983,3.07102227536706,2.72459749130689,3.95695299537627,3.76081886465701,3.60195765485521,3.65504552162577,3.46777788683972,3.33483298710073,2.99998085591217,2.91117108142584,NA,NA,3.71262578281392,3.78556783663267,3.67099982680783,3.81411243446347,2.95592269851329,3.83268216413238,3.79509090737138,4.03209564706927,3.01278257614936,3.51820656115352,3.43170805177825,2.98603959945259,3.46591494938616,3.86950026986893,NA,3.54816979592611,3.55036817233759,3.58495610016326,3.94222266707083,3.22107389417235,3.68193870392469,3.42884079508937,3.67255896653194,NA,4.04303893269223,4.29134118166153,4.69038227422269,3.96717780557135,3.81462459572083,5.86143360670881,4.6226394274639,3.54869865713525,NA,NA,3.37279649257427,3.52417972630956,4.06802789600768,NA,4.53706560719089,4.5943895212555,4.53929923632188,4.17756077715787,4.59124679943796,4.66050022602075,4.7754702356117,3.60159003261892,5.06276674782903,4.82815104473534,6.99655137626078,5.82306628729903,4.65055192826951,5.1646023015351,4.20244590376847,3.88057510250865,4.02448466482551,3.81449714017487,4.23498570405674,3.63160445238276,3.78254187880664,3.57275838700643,3.60206945534707,NA,3.90202140082189,3.57085212782317,3.53635177074702,NA,3.19040998624251,3.47103132194148,3.16795001962053,3.5402725630821,NA,3.16757320426129,3.55178763347024,3.84371458087604,3.80050657709011,3.96261711098891,3.60497669055003,NA,4.18199272960497,3.26636252939264,3.7290781186263,3.42494405136685,3.11596737531059,3.26757553167863,3.26303009143283,3.22917524071247,3.47291033799296,3.76364805604192,3.40119863340382,3.11503560455248,3.3282623468262,3.63892533329657,3.56575617482096,3.33792968004615,3.66398451986605,3.46705244064462,3.7578483406626,3.78756478950685,3.23650523694857,3.89625329441953,3.36647981231187,3.54868170960262,NA,3.93762627890298,3.39192228312197,4.07165281354493,4.31923548295478,5.44561141061161,5.24728109514225,4.20900357276478,3.97028855779631,5.24367674992815,5.87300770609712,5.93853333531979,NA,4.53973365358736,3.59180547983331,4.9719750962534,3.92639857197096,3.99000580673625,3.83053103472111,4.21297225845201,4.10508541382923,3.92295588398385,4.08965121448919,4.37114187042231,4.65236570141354,5.01801907217943,3.78275190414301,4.37768187032511,4.49280107369814,4.66627730252711,3.43136932703792,4.1154348284256,3.79157326456042,4.66185962289311,5.24780773151764,5.00235321993646,3.6432105247489,3.57959169542773,4.03997000792846,4.13906774707442,4.43949248068836,4.28538778608208,4.22487331484031,3.77725278846127,4.1983225632736,4.00896323799642,3.88829652982592,3.95536446743689,4.28417688086797,4.06733113619728,4.39388130963046,4.80935640059853,4.15168822105445,4.28023936786149,4.01871414566698,4.3711070100419,4.06945274622189,3.6899785692843,3.25826386225943,NA,3.17802041890007,3.5516438179312,3.76305103604414,3.49734018892581,3.47748993701287,3.32376723514081,NA,4.14128423692863,4.46155914195966,4.16681026120781,3.93245478526077,4.02179985954512,3.82138777951453,3.83481972230953,3.45005807486484,3.32448958724436,3.30543838962367,3.05086593761209,3.77886100884788,3.4637167959627,3.18059981018343,3.01895111997635,NA,2.88795486020593,NA,3.86923480810008,4.29872134343108,3.52003019429398,3.18550216731918,3.60906882446681,3.90862724279983,3.83514743789074,3.54557287077444,3.26326933378913,3.37435358480126,3.04502515014819,3.43162071749016,3.08894355215134,3.61042589533764,4.02425189625191,3.76516801034197,3.76680283182489,3.51933228667156,4.17881087479866,4.21301900611028,3.9947368312201,4.11817032970758,4.41487342114059,3.95192590923418,3.17945233682458,3.95731683150584,NA,3.80396567388119,NA,6.21671369895332,5.0076617520394,6.43482507714299,6.70534271608029,3.71609853970016,5.48417198080106,NA,3.34189495245657,3.86844750170592,3.61189863323627,3.7368401541796,NA,NA,NA,4.33618349981415,3.55680624751861,3.36245984098213,3.35734439678651,NA,3.46509658710678,4.12151659510711,3.23468474138087,3.77491225832805,3.61926513443678,3.67717132554958,3.87424953530216,3.72013822449028,4.75907375666759,5.08852073907707,3.62729915820051,4.0029115029301,4.2370903200585,NA,3.13637556054191,4.40593953148656,3.34487888915245,NA,2.80605330138033,3.10690726799055,2.74524791850232,2.84782275093572,3.13316495079447,NA,NA,3.10394578251896,3.33053806598826,3.10887400465905,3.32231611130014,3.03912929719547,3.86873268678443,3.39701317762863,2.87180279329841,3.52987521958237,2.78221570002724,2.53095186776941,2.93486574614874,2.41982807396932,0,3.1596700591777,2.93261557950375,2.75208531243596,2.86022050392687,2.98308800618897,3.42335423362323,3.20074195087748,3.51510454519489,3.46839685994427,3.30717558082272,3.24021226079405,3.46432177467594,3.30726455327449,3.43780191436856,3.27901897216933,3.89004385569161,3.85321201557393,3.37762946878661,4.62243575217011,4.36837502434298,3.9307000458198,4.07654685330282,4.03520696439202,NA,4.94340632500602,4.56642765324333,5.07250667907533,3.98895603757902,4.05094570604946,NA,4.45437646121752,3.90032648758107,3.83404745643962,4.81487262570008,4.95011930125819,4.75579698647499,3.44527411728128,NA,4.74922345777307,4.78602637733012,4.61759993690384,6.55062624821789,4.43711452434764,4.29853865949587,5.40878778471959,4.44221106925899,5.99548977263896,5.33887749277404,3.12427093022509,4.45441205796305,4.27125601838776,4.01844671703067,3.95580401486347,4.61889272106437,5.33124366940337,4.75868519723349,4.50905505382619,4.72862998682016,4.83987064439731,4.49177212004636,4.17306877126585,3.45821939876134,3.29600782402759,3.39257312996825,3.42913720574403,3.30373743588596,3.12461857110659,3.00004908870358,3.21215316601958,NA,3.01749449088574,2.92133938485659,5.41871384658024,3.0883863766165,2.87804394041304,3.08282130508967,3.19587816685713,2.97720827439729,NA,2.98906836388856,3.62042635105898,NA,3.2752865195208,3.6856278715284,3.53359570327032,2.68292523922359,2.92485810582575,3.29626969862495,3.41530922543459,3.0584106126678,2.97359798758226,4.06877838194465,3.58973032071814,3.34114325434054,3.54398573294461,3.79228671746326,3.39044534880025,3.63176186637945,3.92700239690049,4.1787693139166,4.22758936936536,3.30013022146529,NA,3.18145469633797,3.65031971569978,3.58299110334588,4.66470053354222,5.32267589611783,3.65102705075501,4.36155372460994,4.77888642996585,NA,3.68308623615154,4.24562998911464,4.14928893674816,3.89508498822461,3.45414091067043,NA,4.67425152099145,4.40295408045244,NA,4.18771985426573,3.99840725336309,3.9263733341494,4.29420093132367,3.73146898019429,4.84393882347466,4.15296243046022,3.55577176117822,4.24322668499544,4.50146326399318,4.10518293476609,4.09982699931309,4.2880810301355,4.10211235668019,4.12713182960698,3.45059956154865,3.7648302860642,3.42339611576012,3.59945365617236,4.62926276064245,4.65123123004952,5.00035807828476,4.92082532972998,4.27518979209407,4.38416867341196,3.63005360477829,4.46331923637489,3.88562053658565,3.24191833080605,3.64633668981172,3.27381327341041,3.37166965808504,3.60284241315626,3.01611579682005,2.91021029241161,2.56743596770338,2.80134427662119,3.18741981726092,2.64628059233008,NA,2.65973883745307,2.89924995696895,3.09130515936359,3.14165691387749,3.21886499628442,2.92462398329559
NA,NA,4.03488888706131,NA,3.6286663337176,4.11237274563641,3.68021020875289,4.83293091713566,5.06360064729013,3.89487131510938,5.01632883284642,5.11260519109782,3.34112488623717,3.90349347570578,NA,3.03493079487636,4.94045089730032,4.12427459025653,4.1761070964986,4.57684506183176,3.81666962769687,4.28056128561918,4.89246815894129,3.52686581770915,4.16849657387187,4.19961982203049,NA,4.29123502068761,4.16527244586551,4.53139959806742,3.47144825010665,3.90375549256175,3.93232310982073,4.23783539594234,3.97562176838768,NA,NA,3.83786508660951,3.93102206359134,4.05425746516861,4.15119915037355,3.76854671292022,4.09973012100926,4.06209384592286,4.60145156985241,4.16425682312011,5.59815688958061,4.31874140018824,NA,4.60532821895636,5.88312185354247,5.02019322122374,4.93712602904645,6.85638830053544,8.51554929015492,9.00668308794311,6.46954026518104,7.58519132920704,6.49406429390543,6.49697533502046,7.193371195023,7.21353749266034,6.4869247502404,5.83873816445721,6.23523319626564,5.64949347437641,6.45237389709383,4.86011471439747,5.48482488117563,4.15529311059742,4.29281280010503,3.66361157406144,3.23473703244697,3.43128479023736,3.30109128904842,3.51835183613921,3.63052097830185,3.83592784448191,3.64692329119583,3.31777576490737,NA,3.14942082859295,3.45859212757737,NA,3.5045579018808,3.89381406581961,3.48033941420598,3.15693939810028,3.71759765765915,3.26415076604308,3.69080464245857,3.49248208041734,NA,3.73193710512172,3.37462586882497,3.18607550274492,3.70327595673956,3.6588707791005,3.73225122115047,3.71479051162846,4.39976418617697,3.56938071741613,3.3968636060325,3.45573604476292,NA,NA,3.30544157290529,4.57002897456298,4.47714628502816,4.14929918003528,3.54731755877695,4.07133106283668,3.9193694841308,5.12935344636361,3.62692477650369,4.26771391988388,3.92091632201485,3.38833197786952,4.3392527159507,4.4036739474464,NA,3.65076403215859,3.91668660875428,3.64782901856017,3.67399177534206,3.51712860105722,4.1758795415503,3.90471089550364,4.13585660097514,NA,4.74162628738763,4.99066781886007,4.93848897484737,4.49310749168855,4.35670462340325,6.65220625250996,5.62848201798989,3.88823031628591,NA,NA,3.72658459311264,3.97252930692594,4.3072948034798,NA,4.95171753117034,5.09236286133323,5.01581599051738,4.50681067872239,4.99091433985386,5.07557734790363,5.08729697073379,4.01647022132033,5.80774171472707,5.36645623897167,7.4311052239489,6.43418939504897,5.25968888162715,5.50857371567233,4.53547250622491,4.19895805024988,4.33017566085144,3.95441823141224,4.40945296438009,3.8641802259972,4.04104048792694,3.80775416523062,3.76923800699062,NA,3.90183071396704,3.75963660665732,3.71413772198028,NA,3.33399762476404,3.51990915289921,3.29343700930277,3.53636484907112,NA,3.17691559371914,3.50673329432119,3.88207422183961,3.68713678594498,3.87508173898969,3.62729848484944,NA,4.14895252651124,3.22189056905859,3.83412779077242,3.50234751628229,3.23329676877419,3.297653490277,3.36117246016165,3.12439594117321,3.42190766773051,3.59278589593328,3.40436742829741,3.04188752830814,2.98321177018221,2.92007943927156,2.61039299965829,2.65951309926998,3.00141002055179,3.09797255137707,3.13926667003432,3.4050992729032,3.04681712905362,3.56300148761318,3.11101351819565,3.44484142525162,NA,4.37887580578455,3.84911460226496,4.41829755980045,4.73008384331881,6.1315548605263,5.97159770176152,4.8903911934333,4.62688187865748,5.84360041871268,6.46061705346187,6.52378184770067,NA,5.04002528478448,4.07987245572713,5.19584505032938,4.11638637302558,4.09737684655512,4.03010132588977,4.61620997314593,4.43102749086581,4.16434862323224,4.29997996872558,4.7307794123109,5.05978436311974,5.46871115776098,4.00089221530766,4.32371166697917,4.47986144911362,4.66369913422571,3.35348783737448,4.07129325906406,3.97433966146588,4.76936310301157,5.56570862409878,5.45475138725043,3.84933050529795,3.63523930464591,4.00835792344679,4.50702046673694,4.80939433568086,4.60431229275199,4.44726515671007,3.78286625727603,4.49630532802529,4.30376713019448,4.08819523955888,4.10342989502352,4.23723197942801,3.98323236260499,4.32443987578388,4.86225135492715,4.33224901298911,4.3452265925678,4.01625724788598,4.3624837708369,4.37847553759463,3.89517970130092,3.77041443298763,NA,3.30810740836337,3.47937500617284,3.76753013649526,3.52763884847285,3.46285909860302,3.50745791799873,NA,3.0959546157577,3.85469863797989,3.79729242105472,3.48079548372406,3.49388647271548,3.68114847917713,3.58601726657272,3.10588289657463,3.39331598478679,3.56940789263512,3.38469419915194,3.41755225798257,3.45235741019573,3.42914751600654,2.97913691607222,NA,3.15899179204082,NA,4.17249907517452,4.24638404939724,3.75242354486839,3.88095463111481,4.21393684023673,4.42265515938893,4.11633402544819,3.85632132144589,3.6439839879069,3.75373199792241,3.5579824756756,3.62569779916566,3.55729213907457,3.9123160958996,4.5709521819667,3.8488105465296,4.16056351801814,3.88139527420871,4.45399700025403,4.4385631882787,4.41199032318612,4.71942763108631,4.76386123459534,4.06994473934969,3.6011139723988,4.02571656420698,NA,4.30055800668835,NA,6.81552733986424,5.5632234419237,6.82615583128678,7.25461953809513,4.22782256238914,5.94034523695486,NA,4.3619878385971,5.45075383331326,4.31590506059497,4.20320908595974,NA,NA,NA,4.84202281720422,3.8243135594633,3.65514191179698,3.69512006282104,NA,3.83663869177492,4.76605703866609,3.81950358950918,4.21618273962785,4.11422159641492,4.46090445641473,4.49314563283061,4.47807904182974,5.30835506454644,5.68508870477087,4.62062405494585,4.44765018690852,4.63464460128688,NA,3.42797192154307,4.82012074328811,3.67231751910089,NA,3.13751173920244,3.21800226272608,3.0453450762698,2.89342743032575,2.99946499240577,NA,NA,2.97596633929646,3.48871236318063,3.08235392504463,3.03400379925801,3.2635140386053,3.4204265570235,2.79178398801875,2.75885011579142,3.17907365755013,3.1520150756754,3.06596939816546,3.1023697064151,3.60743920965458,3.1596700591777,0,2.97363379341546,3.09628854186533,3.5972975028143,3.97147938179895,4.08938580859272,4.04075111442208,4.30516312846513,4.9239119882498,4.14763320674782,4.30665533237363,4.39377606340135,4.23503924696086,4.666981763141,4.48974617715445,4.97578232736623,4.31957980930746,4.43079293376969,5.57086494753584,4.86267435576086,4.35556443508,4.41813184886233,4.7249730511642,NA,5.70762816728549,5.30401424629988,5.77079024199369,4.70510548072778,4.40976728141732,NA,4.93979001537989,4.32982842243725,4.35278031315233,5.28749812264523,5.56833722823867,5.15223054555085,3.98723054868696,NA,5.23672532641673,5.41418364979178,5.0918283274563,6.99000603974746,5.0377523267155,5.02093361502649,6.02436870996217,5.06235705727113,6.5301658733191,5.94833264119079,4.0411868383713,5.33689208122355,5.04218737011393,4.65451694277801,4.68020769785947,5.14113963342729,5.88585989233347,5.32571023607588,5.32761068805756,5.59075975040478,5.21335999955044,4.95426127579679,4.52643333563789,3.91887069401336,3.71844874970011,3.92449592424318,3.7591866023093,3.6048136392601,3.73985551179789,3.51714591257425,3.63713784690976,NA,3.23234291083137,3.40043925755244,6.15903780956768,3.42258577240111,3.4962418952404,3.36868977272645,3.65651811736131,3.31442068043747,NA,3.37476700369151,3.79781072897898,NA,3.63902549961182,3.74478153252651,3.65652885034448,3.55942023532185,3.32072364516086,3.01141916135243,3.72480504623423,3.53807712519969,3.57218876716264,4.66763792640558,4.07592051563807,4.037846141899,4.54651840476714,4.57656666176892,4.5578448033894,4.81930460380784,5.01914028761993,5.30962590255898,5.0859060089188,4.34434896192768,NA,3.51305940911008,4.96786962049326,4.90326205745996,6.02726545931271,6.74811429690069,5.05299527103783,5.8199646730773,5.90716247685363,NA,4.84827389255844,5.29943106427821,5.22754969310757,5.03821134835367,4.44542099603661,NA,5.79811309400882,5.46347858960566,NA,5.19806216656294,4.95132851368492,4.87326943950888,5.56656312873618,4.79520944733919,5.72927373250884,4.77935336844668,4.4425016297462,4.92807153522076,5.251009736288,4.87027942912089,4.96334915379383,4.9932564265244,4.73947369340898,4.85353734552357,3.63063649331029,4.90594945687993,3.94258513177432,3.63688729050571,5.44036462284753,5.72032445524264,5.60375533699475,5.51710938938428,4.84790057872978,5.16509019861719,4.25902868310457,4.9802017262465,4.45264762309601,3.81564884723192,4.4966951263467,3.94220203565578,3.85248539060179,3.98720622040826,3.45844307386304,3.37800292701202,3.35320015424354,3.13331050613106,3.31558930625949,3.03250234034054,NA,2.94914082924486,3.04717382954629,3.11706172542254,3.20377338516791,3.65744623841322,3.52442230702227
NA,NA,3.68595938949257,NA,3.58182138623917,3.72630425656549,3.50324902224001,4.23325537854111,4.43442108343451,3.21957239590498,3.97166643842544,4.15949913193022,3.13698671216474,3.45758729712988,NA,2.95743404063658,3.80823064625108,3.46612251751457,3.64169636715626,3.65894639398483,3.07769580841061,3.50326661812718,4.15148426629715,3.04482182570429,3.59469736314073,3.56504137969172,NA,3.68138284445719,3.53752402363764,3.71430227271544,2.70122744706052,3.41145760224224,3.46511973990613,3.54404503732013,3.24782445952285,NA,NA,3.29626361777773,3.43591221060612,3.52878086108375,3.4633263710472,3.09892140940408,3.40817297843603,3.71096819449858,3.81158375746454,3.49403793057906,5.14329529134442,3.76028497513905,NA,4.09187277251041,5.39233280403488,4.50779148975514,4.52373504603775,6.366385976842,8.05568852723025,8.64317516411827,5.95137015647769,7.21087417300623,6.07294591010679,6.09131956053391,6.78865839921192,6.75035074193223,5.9429837095639,5.25128198585313,5.77534072538733,5.29170379614829,6.23999831189592,4.62049549567305,4.97261645718159,3.75305859384808,4.04012978025547,3.74004628666085,3.11674545488184,3.36443615301589,3.14551020802519,3.32979027091165,3.3298931036397,3.76197709381417,3.575795728727,3.27846748055056,NA,3.03872999113063,3.33389805375496,NA,3.59959799314365,3.69890720531907,3.46623377207519,2.84021081749089,3.49539452299069,3.06782234942772,3.60098739349014,3.33969999238128,NA,3.51976953562834,3.31501413374016,2.88404349159165,4.15022387617173,4.00458786484807,3.84819034921603,3.79931642758429,4.03872330048584,3.41536497437585,3.07962433920682,3.21321937152805,NA,NA,3.75197513772098,4.06573552582277,3.87681793305706,3.77706589703306,2.99646815017345,3.7919429674792,3.63922282349651,4.49731788964136,3.28015463484099,3.68532410650897,3.57406919388196,3.11924263656858,3.73623951326888,3.87178194034845,NA,3.45098711926336,3.32389607995199,3.32526104536009,3.67370053998193,3.31115006160937,3.71261137461035,3.32088491242518,3.58396887573164,NA,3.76498048988453,4.090456756394,4.23817430042395,3.7243216634706,3.57654071765491,5.88686327977783,4.8978621011788,3.42370720099376,NA,NA,3.56792764627023,3.59065714740881,4.0183836321772,NA,4.39264965560843,4.65476293099187,4.64817541344648,4.20416832304923,4.52964225576809,4.52014331494732,4.73619501322844,3.58995130549354,5.05985343593759,4.83772433233398,6.96421148160484,5.92075264638137,4.75834025630355,5.10841437039497,4.2243717111932,3.87427312059581,4.22298872062501,3.90165107775094,4.0450815321899,3.71613250021076,3.76491300473585,3.92771022727094,3.85781371835737,NA,3.6978516112472,3.49460130005919,3.51755852294858,NA,3.3100831554297,3.7836525181837,3.19496751728399,3.64596745254476,NA,3.26401312913565,3.29434834673801,3.86879966853032,3.68850186556369,4.04483660834246,3.48794747912275,NA,3.95464373173478,3.2735085807827,3.52856772940916,3.58421877695949,3.19810710513406,3.4584287954372,3.48291120281002,3.31384083284286,3.5452873827415,3.89839838780094,3.43497944013171,3.209861188754,3.69933722222857,3.53516223644892,3.40452946203836,3.04839317562024,3.3588306472787,3.02147513205642,3.25663609891401,3.44647720466962,2.84602745535705,3.43554869826097,3.02724176300885,3.42291706335618,NA,3.86283388123608,3.315548577252,3.50147821947164,3.94653675320133,5.05716013916552,5.01896958159479,4.28329317728155,4.06726594014243,5.2081384759957,5.66194912027999,5.70280988683863,NA,4.62032597899877,3.72775303921601,4.80626809621615,3.7968758891483,3.81068627235515,3.72171957529445,4.16215482522255,3.96726308160144,3.94288466799904,4.00537163829383,4.26326949204555,4.59045497591411,4.94354073222734,3.75300124839135,4.16187202706283,4.16302450769094,4.29589479361107,3.20270435262771,3.78377085584461,3.64585769632303,4.3378073788489,5.10471273601094,5.09385664394508,3.65780305135874,3.62281588363325,3.95157644473811,4.24226354308851,4.40768324184118,4.24142764455595,4.16113047069299,3.75408408867146,4.24265538576643,4.02565734442562,3.82233371050002,3.80598137525046,4.05949812383046,3.82098554745698,4.12459070185547,4.49143092556997,4.22161696996973,4.2004002585987,3.77235605452606,4.33831360312114,4.27187566541098,3.80311339575987,3.59543188406439,NA,3.24933990548755,3.47978294233565,3.6248094332294,3.65147242771095,3.51135689420406,3.57000633919819,NA,3.74715171921024,3.8371486978195,3.6083152869834,3.53156926999224,3.60933042754069,3.75519992260056,3.38768429599745,3.24753621375243,3.17960709895999,3.284264713646,3.3389251008554,3.64482493844348,3.10216697745482,2.62100981276737,2.58545036816097,NA,2.71965691706525,NA,3.47249318312336,3.53796930457552,3.10749206786442,3.0844089605176,3.63022340324439,3.58466762004162,3.3480366794333,3.181940874435,3.07833787120695,3.2304238234209,2.85388015333278,3.3354376363524,3.03658215016355,3.4157779873542,3.70579807231906,3.18015193816768,3.55579545192204,3.46767028519494,3.99665682560612,4.03996170161281,3.71029457683815,3.91677805276969,4.12459901541569,3.45675677152252,3.09450770518338,3.64446459544868,NA,3.54684176470098,NA,6.13590924978169,5.01523211117794,6.30610396735512,6.69146597282074,3.60084473255796,5.41298269455651,NA,3.34093792958645,4.32187121641446,3.4792969756368,3.49691902968786,NA,NA,NA,4.05307872834557,3.71398860330275,3.23710440550049,3.22785547064734,NA,3.26704132775734,4.14226180253881,3.37988797329079,3.66979133735135,3.65363216394349,3.80399983873272,4.03763237964795,3.73066414208926,4.65199231784523,5.12380696024218,4.01614063432516,3.73192606849632,3.83147471629344,NA,2.84095648981205,3.95943879121137,3.11436475445537,NA,2.81518776054183,3.08338099839609,2.79773745160469,2.9546397302276,3.11310553829246,NA,NA,3.00855001187556,3.49845811335569,3.2464225391164,3.30430960617045,3.13963092390722,3.44674138796679,3.09343050067249,2.62593400408915,3.30426911128521,3.03212044887736,3.01804765294203,3.19432953424569,3.21826986873551,2.93261557950375,2.97363379341546,0,2.05646147906108,2.76152064907419,2.77878192673434,2.93648758163176,2.85457359029404,2.99940140872534,3.8444623059022,3.14425330102486,3.23369840827551,3.47579650617541,3.23810730577982,3.63179689663197,3.62611505209619,4.01262588526016,3.67746091669142,3.73498464130274,4.55014166798488,3.96022894608702,3.61193763614949,3.65302505708201,3.91205274179797,NA,4.9250468606117,4.55104974466054,5.02098396715845,3.99889969597531,3.85259444760698,NA,4.25911650491418,3.6208906469841,3.47860793050129,4.59877882179166,4.82764022544898,4.47472946078984,3.25564134141836,NA,4.61167183660949,4.77010342632042,4.6043371028244,6.28187232274815,4.1854546280112,4.41653872502837,5.4321316773828,4.4936142447378,6.01810234348392,5.41926395194918,3.31056616214065,4.82710991353036,4.44972254347116,3.97449476743469,4.00444809566664,4.3756683431534,5.141298040313,4.69612699436999,4.59346388406663,4.65377194363985,4.41964105551961,4.54534515902543,4.13208952659306,3.4784068404479,3.3764431621235,3.42843495849362,3.37172068089813,3.33265106583931,3.15206326104761,3.18788541992847,3.40513691182267,NA,2.96627066918158,2.98434273603369,5.32885162557152,3.20559201676772,3.09039401700261,3.15443065017728,3.2656596326787,3.1744914240008,NA,3.25164532132923,3.65585685732461,NA,3.51983577090184,3.75007472395077,3.64185999471661,3.13350786401726,3.22834750265106,3.05445412541946,3.38182899029055,3.18772608157091,3.09627430206611,3.89116480845368,3.52971357952964,3.34934248229301,3.53365850481115,3.69414754685015,3.484953172907,3.76132019320129,3.89655963446732,4.05432145893104,3.82874613616151,3.45837829473666,NA,3.24788645008315,3.87716221081862,3.69560860379912,4.67885910294129,5.61532798309734,4.03204158397385,4.74473311943146,4.82116557279105,NA,3.87776563239704,4.45783569743192,4.38673772778766,4.1713252614958,3.63075688492874,NA,4.80236737564712,4.46767588641337,NA,4.2167414090117,3.93058755907033,3.87839037774533,4.62131561095054,3.83219672882288,4.65268435554671,4.10447745760147,3.57395938056925,4.10235315997314,4.38236711581872,4.10971323736437,4.2535374107353,4.19831644097063,4.02505168713349,3.98501781334061,3.10820031046192,3.63733882253788,3.05392943999394,3.15984750743268,4.52405834230327,4.77901651040865,4.77354039159669,4.83903543025228,4.13837065016939,4.39900112806552,3.27505873392932,4.20163122373491,3.98135862548817,3.24576259936173,3.63079044177261,3.14154490468183,3.21690461286293,3.12005201999516,2.78347732056192,2.88835398604777,2.63285673285568,2.72363800861187,2.93635417346644,2.71777700955391,NA,2.54592608356453,2.72771292695171,3.05449667438977,3.16377906901935,3.21830825978541,3.04130635326044
NA,NA,3.49567148682418,NA,3.35007125954471,3.51448108578161,3.23188799569684,3.93695207868036,4.26321947658592,3.10832251000224,3.8973870863605,4.1084197716257,3.00836669188762,3.27188636528736,NA,3.15379635936875,3.62997795097921,3.39993171094683,3.42694946882192,3.46833600501683,2.810076939142,3.60702048002901,3.97676677003146,2.64286619184908,3.18726171579611,3.46879679998005,NA,3.4900420591797,3.18220324302328,3.34068827070561,2.38050644920576,2.8104066024623,2.96234444461286,3.06101768910941,2.97543918579391,NA,NA,2.86562542597807,3.23441290487836,3.23158899376464,3.04128010060987,2.79357069841205,3.03800542797438,3.67856595322709,3.69239405565664,3.7975333138833,5.18224544805621,4.1259425501036,NA,4.34918616439633,5.55191963265481,4.50694253582287,4.51960836475001,6.32254041974133,8.06240590645037,8.60029181979466,5.9670296617725,7.14344696132914,5.96314359956427,6.03397469727943,6.67842731629945,6.71349327130703,5.88921472601759,5.29852449979971,5.77703882510067,5.33660187314061,6.28481238989583,4.63529347838836,5.13129163315927,3.89308147787347,4.22988462438534,3.99992753909278,3.07761931210214,3.47223739580604,3.09065965863488,3.33083330729001,3.39292025034269,3.76497085714337,3.53707839230843,3.28874528493224,NA,2.97897007063348,3.36836899913201,NA,3.63819051618182,3.71220597745336,3.51691859907873,2.56823658949088,3.4495930541474,2.97652708183837,3.50637977563034,3.28593831308557,NA,3.32427518338556,3.22574359265342,2.62154292335578,4.04734677786376,3.97673071204549,3.62769213046013,3.59413143126247,3.86112918333742,3.31288572172283,2.67649962009135,2.79839237006902,NA,NA,3.35365613785071,3.82115257498236,3.56729262532397,3.48583442018168,2.65042126486326,3.34579438050265,3.18224518068103,4.03598004249477,2.81874112926941,3.09434691162182,3.05610319814109,2.61486689712461,3.31293576607623,3.49730054646902,NA,3.44576872622715,3.4330586000355,3.38587017879682,3.82415502937402,3.0653838912959,3.6208813477714,3.1942968426528,3.40966556087701,NA,3.56716377624476,3.81585966131322,4.23436208974704,3.58566944029992,3.52186353071599,5.67580303312376,4.60179134423374,3.30346928380928,NA,NA,3.23015586617784,3.38717624545571,3.99481507886268,NA,4.31195786233415,4.59047059335332,4.55073125494706,4.15347319123817,4.45076773432093,4.49365947104145,4.72835068637097,3.28165920634057,4.98660020940075,4.88769862486935,6.92026711729866,5.91795823358375,4.75317936599738,5.18645664396121,4.2214250610108,4.04797828408064,4.35487454811849,4.12078786098527,4.28870697063692,3.76292294036796,3.76483661329176,3.81178293376897,3.71688347017795,NA,3.95798563115568,3.63126346045376,3.48826645184153,NA,3.35383366025425,3.48970958884891,3.1218763332076,3.59750582829666,NA,3.16691695424805,3.26158475414975,3.72828358940921,3.41732016871291,3.9561009677699,3.48012424625483,NA,3.69622632602916,3.31877953282048,3.78396511613786,3.55670187614272,3.04223378007834,3.23250976193489,3.40538753914901,3.37193288460138,3.48934893575141,3.80326006712577,3.32509932200246,3.11652039474667,3.52176439153831,3.50885091975927,3.47897526929623,3.14571372447069,3.49108807893922,2.99993246872799,3.3930003446771,3.3521390282043,2.53977623429572,3.62846589506136,2.82202610639459,2.94052959440509,NA,3.55756539741088,2.8614402843539,3.09243139214186,3.39921512164245,5.00511928639638,5.03904951228668,4.26622069918989,3.98390511302978,5.08189936162481,5.55502437823609,5.60088902630715,NA,4.53377427545787,3.50708941685435,4.84949394371329,3.87195590530898,4.00823976517335,3.82438126815097,4.14825117174415,3.93982333414107,3.98847938056374,4.07394933605113,4.26483663375711,4.53108622470918,4.91408316974371,3.51538923392965,4.03150865144401,4.02849987525286,4.0210573976058,3.14593203172175,3.67913253441068,3.50969495553068,4.46969005312327,5.23683314395522,5.06968733171345,3.53412975582192,3.52855953698433,3.9047541191021,4.30856928071746,4.48034063697039,4.34793281448431,4.2802572823919,3.7919175126772,4.30010938269252,3.9367696101632,3.91083255534213,3.97313533926214,4.40843467445543,4.04111318541144,4.30085405509118,4.73715082325138,4.2153263728337,4.26330640912298,3.98181710355259,4.32121050394385,4.10762577699583,3.57579310330841,3.36714017232709,NA,2.99940606003618,3.50300693235369,3.85162050869625,3.53931285794469,3.33168371062339,3.27624480782035,NA,3.80508410451378,3.79344604980542,3.48273429111554,3.18885780059757,3.2744922126015,3.31690209980995,3.66526746648273,2.81191369215109,2.82347074298954,2.81902620372797,2.78579940276261,3.32305086542008,2.83206739300647,2.20618678728091,2.27601786904007,NA,2.2911031628372,NA,3.25272099010598,3.33346106491187,2.57741528907887,2.61780121678211,3.39171149869079,3.37654485289248,3.05094638522279,2.93050919487101,2.69277200280242,2.96239853761822,2.63516735026862,3.15650179964921,2.77753033967531,3.22145554049898,3.54167688124085,3.05898662286915,3.41062713057688,3.28529329307722,4.02256005117999,4.00794132424861,3.67873560559521,3.79888454577775,3.95697397746313,3.3466165391178,2.89836941052617,3.58931342682435,NA,3.48269035913937,NA,6.12177115014614,5.06626057078172,6.38686340824415,6.58162865989627,3.48571771782086,5.41000760837004,NA,3.41487487937068,4.09869898403467,3.44762652239692,3.36004010714815,NA,NA,NA,3.98818449509861,3.81868881990186,3.34716192300972,3.14728735572133,NA,3.06642335947818,4.05157713906114,3.28575555908894,3.80522734319487,3.73984543809464,3.75228281348453,3.79069936945887,3.67565847286865,4.56182668086126,5.22064612641133,3.89269449277034,3.69218334010877,3.59952811690941,NA,2.55086645384564,3.978472284343,3.30001650497114,NA,2.72381845743227,2.54934721737591,2.57799297836099,2.67096343764967,3.06053414839917,NA,NA,2.58306094107122,3.26394247513457,2.93236057916153,2.86669782052928,2.91637794306654,3.60781320078048,2.97661878344505,2.18726837452222,3.31068362558655,2.87081682877113,2.65990035473914,2.7939839404568,2.80397398749759,2.75208531243596,3.09628854186533,2.05646147906108,0,1.70986867624973,2.06763053333992,2.12105748776619,2.12542594106583,2.4803290490934,3.43979606845982,2.78694245432071,2.82420040821373,3.07409945053169,2.76916963800443,3.19368738806208,3.16314787193256,3.58111399389567,3.20659840377389,3.19958347081518,4.18754432924821,3.83696693046174,3.41798295946012,3.40227152541813,3.69363718643448,NA,4.77850631751441,4.39641375296452,4.88744111731402,3.91374113978497,3.84649824417209,NA,4.25652447642929,3.64546284176952,3.44591904765262,4.54491711862231,4.72596511619591,4.40964571722628,2.96161100563258,NA,4.56506110527844,4.61360110492263,4.61599980141894,6.23243398881644,4.03565212295894,4.38857137539681,5.43555059914962,4.37707656011907,6.01616431118871,5.30281986760756,2.93934892257647,4.69339825549501,4.33400826487804,4.06971962054209,3.93879094527519,4.3682625378174,4.93315551087833,4.55415715419621,4.40405816203267,4.43183608310181,4.11237761628573,3.99780708157822,3.64286115069416,3.34225907983907,3.00729513401805,3.17453092836755,3.13983403943512,3.18548987942659,2.8860988713746,2.84496259561674,3.24919543271463,NA,2.67018593555135,2.51839304840027,5.08873927498406,2.86101840962181,2.65057951323483,2.83324398549613,2.88781453042425,2.68770437539268,NA,2.71040139878864,3.18155510174473,NA,2.98868802557911,3.31651004890366,3.09761289491895,2.57478940080986,2.45759518322194,2.58910010742917,2.64262919066455,2.33029651694573,2.39375962603124,3.5244234168399,3.03955321636596,2.9049561340516,3.2203404222708,3.33959497155337,3.15988454068856,3.50115541055996,3.71711016119104,3.88605364963865,3.66640679015214,3.01723279062535,NA,2.78377665952974,3.44870574864238,3.37496808368305,4.42633008365217,5.30056800526313,3.84450060412181,4.51575838529785,4.73900676820641,NA,3.60152164045301,4.14155458515942,4.23388766701856,3.95357237433624,3.43138357160585,NA,4.58213589617939,4.29222565753035,NA,3.97580554781651,3.63837579068549,3.59192413949068,4.31538626947597,3.51853577444261,4.55970540707143,4.05255280783517,3.52003136216494,4.05767482290092,4.35114748258168,4.15162900028032,4.26568246790641,4.28331357093321,4.05492630916312,4.01860143596456,3.30827140690067,3.64065200948954,3.2236797743218,3.38975936032657,4.32216802836175,4.4677805831409,4.79936687194021,4.70554735156588,3.98964979918251,4.28901617350066,3.25403400107148,4.23669757627905,3.8665982698552,3.09405085161313,3.26177932622965,2.94640129813064,3.0303151208263,3.1820176872301,2.66724973200391,2.68949478219748,2.23402828746664,2.54354134941536,3.01253362012954,2.55040641009445,NA,2.28127516814625,2.34199666616983,2.57011948877211,2.65116409547853,2.89138000675794,2.74032446670323
NA,NA,3.67373224923499,NA,3.42573187237249,3.72434630434597,3.48494204456922,4.11099631654331,4.46759991669774,3.47576714727515,3.96539261311667,4.28976270831891,3.25730349902388,3.63068662130995,NA,3.53658678536478,3.77905766108901,3.55353029064992,3.69088417710844,3.61669439499723,2.97882695357678,3.57780519359446,3.85922745779635,2.56768864386051,3.04804505203911,3.36334231950963,NA,3.42198821832253,3.1563036893927,3.29856766506087,2.61902176852835,2.81510361863217,2.88481539085099,3.05291360961602,2.98782448611765,NA,NA,2.92280662506088,3.42399454191142,3.48564740746578,3.19870859592307,3.00522939891915,3.09865140776554,3.66962022212073,3.7542013149617,3.94313347318212,5.27986101338162,4.2780923962918,NA,4.46320545630318,5.5795486052065,4.44179074575829,4.41892814658425,6.33769619241647,8.04937142979693,8.5825687059767,5.88263103159691,7.06501368110588,5.87796544778265,5.99207864721838,6.6006284328472,6.63744307739359,5.80691613672799,5.12603584790112,5.69516114988075,5.29651677716575,6.23251103852032,4.65683435996418,5.23978676786782,4.04177485014974,4.36485279744832,4.23181514890076,3.28757157471783,3.65488908473452,3.25308891570574,3.51030116886588,3.51933441223853,3.84541090020482,3.6253821829963,3.32630003838755,NA,3.16592641033379,3.51620325955721,NA,3.79878350628761,3.89583444362872,3.81680825426228,2.76728773662568,3.71323756486919,3.31379500809467,3.86623316711085,3.60819173798544,NA,3.67328126043556,3.4552786333643,2.7988021117207,4.21196214210118,4.18794895939542,4.07776898415368,4.05676670768227,4.31462196181779,3.70281459404202,2.75231249948208,3.18307886485248,NA,NA,3.76512077612427,4.17853524989858,3.9474865129173,3.75651119254229,2.7767215060884,3.37590581750496,3.30289089771336,3.97717771202492,2.82032827088004,3.00787076223287,2.92534499710898,2.61527518945167,3.24182014791359,3.35916568231372,NA,3.51734850629823,3.55361810609509,3.43414154821235,3.98698497898423,3.14093044338982,3.75724867427109,3.38003529482591,3.55212390756876,NA,3.67694054569909,3.88378733242238,4.34768010058943,3.67907777339126,3.59702867111063,5.68200984603233,4.52736325316385,3.3825921916997,NA,NA,3.27053043326101,3.42695787516406,3.97352549478599,NA,4.25479471347454,4.50135892852852,4.37984302009258,4.05375458466989,4.48827766489489,4.45849830596311,4.69254667970098,3.2325158251368,4.88499521693939,4.81287810441368,6.88606583897751,5.81980645416248,4.67568032609315,5.23150770222608,4.27153123040729,4.0834905381938,4.42538867875796,4.17149298721851,4.39880906703053,3.86840578388274,3.76957705857317,3.91258875203568,3.84903980435558,NA,4.03930748446063,3.74765288616405,3.60159932639681,NA,3.47859439422499,3.69497196287412,3.33067057584485,3.90681963645116,NA,3.4445640582524,3.5782007199853,3.96554157735391,3.82577554053467,4.2347758965624,3.80915086921695,NA,4.1420987808556,3.6655924014266,4.06602552354462,3.81863498756408,3.41866658168602,3.56677164276622,3.67193471338084,3.61546876761878,3.7544547672418,4.11064362800731,3.67397299214118,3.37558941514932,3.70362232655826,3.95280091295379,3.87889506275151,3.44665818956432,3.83669286800575,3.19019977505219,3.66721416407667,3.41931112628642,2.82216411255451,3.64475456836245,2.94181239803001,3.17269381408177,NA,3.63378388456052,2.83931142578398,3.22539510921147,3.4088889644792,4.95412153301053,4.97696793054158,4.10884095222027,3.77870649096465,5.02373059545191,5.47562406804533,5.53176475098541,NA,4.54255985838993,3.47802894044033,4.94915940125612,3.84343079179458,4.00669715158975,3.85491487197787,4.04386390750819,3.92709090397606,3.98375830774985,4.07558628042775,4.27216564249038,4.44957976389267,4.8547435312621,3.61147655484323,4.14337479830908,4.11722998404125,4.19972027263734,3.25481768586323,3.78086019961668,3.45408778060903,4.50198953006362,5.20486465764272,4.95529837513799,3.55129341533076,3.70485758446446,3.98282539741474,4.29230701846468,4.45896051959053,4.35543102663124,4.30689580670652,3.85539474536973,4.34374064758694,3.9397834020423,3.99540715748986,4.08754901654472,4.4921295874981,4.1402501582131,4.41468908851595,4.80610045191975,4.18254611732118,4.31478134927129,4.20559340457913,4.45597510374105,4.19908848141456,3.7841819923005,3.54083722928619,NA,3.14459665554357,3.75047909029627,4.05578653185109,3.75042137091741,3.61788610092978,3.63475489274244,NA,4.16185370727703,4.32431028213789,4.03431544884601,3.73207101328767,3.73892005559483,3.66246680247806,4.02318476379093,3.28564781560471,3.3291750557052,3.31455856170664,3.06487027019575,3.58026219934341,3.15691165743871,2.61983505706064,2.62353431738076,NA,2.36414714928482,NA,3.31514172446941,3.51329852195467,2.64219178546491,2.66306732417286,3.24448812859729,3.40176863788882,3.02902796782539,3.05147882340322,2.62868392475456,2.87780431538232,2.61939958417272,3.13475278934928,2.7375659242962,3.33414725677812,3.62318523979424,3.21651687814407,3.28495117899207,3.17658894822952,4.05358712255248,3.91209527157528,3.64046626973782,3.79408374118081,3.92802898221924,3.44976166413978,2.8843904670389,3.64927931951467,NA,3.56437898119455,NA,6.118356068805,5.10405955923956,6.42386247271611,6.48824846951651,3.46390329689666,5.33817561898429,NA,3.42372889652152,4.12621318736243,3.5105756961045,3.46756571733436,NA,NA,NA,3.94206667818584,3.67607823634835,3.3703878395634,3.24540470185423,NA,3.14207415241463,4.040380086762,3.27560368213004,3.74676978976212,3.85447023263426,3.80224049620321,3.85361275777429,3.65173226883146,4.60272122943883,5.11257003765445,3.85441989468682,3.76313383073646,3.80331959182802,NA,2.75401810675467,3.93082498373251,3.38084431947408,NA,2.90488939547538,2.62818423683088,2.78364757683947,3.06949652798816,3.42714453957057,NA,NA,2.97306451733623,3.64474400410134,3.40767542403609,3.34383694860749,3.26685569666196,3.74270296598772,3.40187248560768,2.60212487184012,3.56262055386423,3.25893544245258,3.03558675192429,3.04024301508962,3.06694906482919,2.86022050392687,3.5972975028143,2.76152064907419,1.70986867624973,0,1.97724164533358,1.96998217609126,2.05119889728514,2.39785806249864,3.30169999675369,2.88934424090449,2.81684084287908,2.93279400056639,2.74995081022496,3.01383086648195,2.83260953060309,3.37416365357602,2.91684465963169,2.97713933917163,4.07175496447291,3.67409295537692,3.24357462172811,3.20885815646105,3.50764053366614,NA,4.57455214749178,4.3146681849499,4.76705955028418,3.85527384107079,3.8795441163032,NA,4.29652915905501,3.73805942077793,3.50768476652258,4.4714987508529,4.6260439060321,4.39768037024823,2.91102584254986,NA,4.51886295296239,4.51802414887957,4.49921200612708,6.26849508602182,4.00531789762647,4.23548745875241,5.32494547053386,4.18406273432726,5.88738937891303,5.24045986371287,2.88423916228459,4.53710335977445,4.23532588477033,4.11077537780141,3.9067905360192,4.38371049766169,4.89822987944864,4.50800377971154,4.33020544078036,4.43984420089527,4.30246979052719,3.84943442040544,3.53207883307702,3.35316924242225,3.06539183490651,3.21012298247637,3.31959264708063,3.34053340241595,2.94253100964537,3.00489877995648,3.38499775213243,NA,3.0268177706743,2.80772822018378,5.13129469501436,3.13509044171964,2.82751003400514,3.09492780100289,3.13725827580573,2.97062326411039,NA,2.94241685582161,3.4111141004409,NA,3.23755755350869,3.60481675195259,3.3808944051065,2.89157648770849,2.8430651890887,3.18557151860666,3.1099276825671,2.81546643697635,2.58432027035872,3.71725937589622,3.19418184550586,3.05362839904271,3.2761346958036,3.40095270545641,3.15536121763715,3.53871631211099,3.71854567862886,3.99704357535647,3.86851754273564,2.9041621861667,NA,3.0597073175639,3.29092684438836,3.39557581091476,4.31982806043616,5.05783181801861,3.5499541374382,4.25207942826184,4.57010064940507,NA,3.27971945594092,3.85209497867878,4.04015716740315,3.72045651305831,3.19434626349404,NA,4.35832209523019,4.11898567084028,NA,3.85467614204413,3.46288021538694,3.40997252929269,4.13767312155958,3.39296333117327,4.4199432609984,3.94208066721511,3.40144750953451,4.02127832570029,4.31594728467974,4.07005656952371,4.14015258066789,4.2498205491799,4.01037778259369,4.00252913712753,3.40750872230389,3.57961315479342,3.33508116989702,3.44719596143687,4.20072374928493,4.23160271711248,4.70106827909805,4.55197152751663,3.84835175027686,4.21908609747093,3.31113859895093,4.2805243547627,3.83579983163175,3.1369360467219,3.28442565421749,3.04104514120553,3.1456904504425,3.38967555805464,2.96119800692972,3.06591393508991,2.49439473077734,2.95146357138395,3.28188949903109,2.77714987738192,NA,2.57853114903309,2.71034390803213,2.87280049174483,2.89841297426856,3.03080409197198,2.85341832650056
NA,NA,3.53550848290271,NA,3.40735883797111,3.80197345844775,3.50854402830645,4.03130332831427,4.50879699131724,3.62089597715881,3.64337999535766,4.1060599875225,3.4078224682036,3.55413687863149,NA,3.79562203199764,3.97686839808355,3.85987237982218,3.87348787740917,3.76061878176322,3.13491220530334,4.09236553842721,4.15783476572985,2.9285599066876,3.49731861674117,3.62309138720248,NA,3.69559788403301,3.43002914288128,3.521954195238,2.87168456089254,3.02536690976973,3.0858293734975,3.07002287745546,3.1492048175596,NA,NA,3.02919754105229,3.58165362620278,3.67455809675838,3.42307615033057,3.14707499503293,3.18864040124346,3.88876931522474,3.76021807167994,3.91344136413427,5.20337554827237,4.28541371227991,NA,4.61130046300677,5.72833300163798,4.49439133519567,4.61758463178332,6.43217148266842,8.14597954138156,8.61145016033982,5.92543792751097,7.00410837442807,5.81161225059416,5.95450205471741,6.57079316135389,6.69112947177709,5.96690006100589,5.25159603131421,5.7484508991273,5.41202695526686,6.42425488442119,4.94473358117136,5.43171910032,4.33407641419855,4.67428500040536,4.54842168281646,3.51342823401817,4.05145453066037,3.59795002778008,3.74919823394954,3.72627625834876,4.21565961536977,3.94846128091842,3.69931426964854,NA,3.3649571500655,3.65995671454847,NA,3.96761596723868,3.96566869999151,4.01610923235574,2.99979282080312,3.7854425178872,3.49187011459688,4.11590499302639,3.81164183912444,NA,3.84985731393959,3.58059353186735,2.95663878059267,4.4172184450194,4.3055595499897,4.23285487637203,4.15364734544426,4.30696529497819,3.7792974370395,3.08623204050701,3.39684284773434,NA,NA,4.07347400550865,4.20906375194342,3.72774037779861,3.73584555469129,2.94193888437293,3.62449520295998,3.4044217302809,3.73196144809162,2.83832755594665,3.13213395947608,3.22868459031166,2.68674854924797,3.298147745107,3.62734400873708,NA,3.86990794722431,3.89946614695984,3.79552336818778,4.44968368338832,3.40940922756228,3.9814648655985,3.58922037220964,3.75608476755823,NA,3.76177628460487,3.89318034519249,4.5736076014113,3.70398719955061,3.60847403089293,5.52591575337816,4.31701679031639,3.672318761504,NA,NA,3.54030267627666,3.52840312343865,4.28690766555003,NA,4.49997106664073,4.78621089106478,4.66479628942945,4.41058138503114,4.69567807410415,4.72772259086923,4.91668166379918,3.61079763091418,5.0511508497722,4.96641193113103,6.9063334375842,5.90894552256569,4.76318011142595,5.40227555972036,4.48704852739936,4.27556404455481,4.80841713388824,4.44794838440772,4.62160316159127,4.26085642794653,4.19018013172295,4.30908568531463,4.23539551268503,NA,4.34450794607196,3.88361454772053,3.93139980311886,NA,3.94852006445423,4.06333954985612,3.55884891389604,4.30194078326624,NA,3.72964844522693,3.81374862242385,4.40071058150878,4.17715796129641,4.67729573777251,4.09037542709476,NA,4.38165011275943,4.00760391069781,4.28760755110336,4.05643014921218,3.6601860218487,3.82881479894766,3.90024755725271,3.92857221401836,4.0498624669318,4.41177652940387,3.91684945348522,3.71095494988321,4.22155570945587,4.27411221352243,4.32160044161256,3.99524490605921,4.28086499676512,3.5543805571287,3.99571383081315,3.97221869343863,3.11835421042889,4.02007960418289,3.39132254347731,3.52066109932423,NA,3.48142396574425,2.78850750673903,3.14693584780906,3.42552475257202,4.66444442629119,4.66156230729618,3.87746150397216,3.56623420833437,4.80597507140343,5.22712735825209,5.31816233622095,NA,4.38077932306057,3.47926776087404,4.93929848808189,4.08901736530212,4.36267431265367,4.18635686132733,4.20977087099493,4.19524472654558,4.29597556331339,4.36383355168692,4.54440996665002,4.6415817662593,4.95516033638628,3.91679321000131,4.5919080132121,4.38581791823424,4.45174451962011,3.61397648464118,4.10601325027352,3.80319888696232,4.82485360366484,5.35598626969189,5.09467965333084,3.79924063708067,4.03744092818861,4.2898855758825,4.55648940138477,4.60907323234729,4.54020029315802,4.45327422209948,4.09410549469619,4.55186302584119,4.27714884005447,4.31235437036515,4.39263762206902,4.8520832911658,4.432867096712,4.78588472348972,5.16129582545285,4.69121973698752,4.76246824356028,4.33857905869101,4.81702399023127,4.49470412234418,4.12720535773415,3.68362549155737,NA,3.42701177905996,4.08847042714456,4.35272569649453,4.08353974618491,3.78170361621183,3.75242647681911,NA,4.69264254716612,4.68221868918223,4.3851441763769,3.99674244443986,4.05113788430712,4.02709476701943,4.33977972725503,3.58780948818503,3.58506541061579,3.49303465883395,3.34217678145421,3.99497772079993,3.4021945600388,2.84127125797125,2.9745798005887,NA,2.59686130468986,NA,3.33930259331927,3.71986300728677,2.70266456995388,2.62881638048924,3.19073202019698,3.20680738730106,3.15261469977866,3.23578612604106,2.97881971597906,3.23536400305615,2.88199900023586,3.60746508062851,3.12977349216011,3.65489612903173,3.77884997164941,3.63709806317333,3.58358512027028,3.44625470472638,4.41320858823973,4.42087587878754,3.90842195354072,4.03155925992728,4.07259620765633,3.63029829136264,3.19188793087791,4.02245026101619,NA,3.60069605586175,NA,6.19290889506592,5.31670915157915,6.52544910367195,6.6868124808597,3.78715494281092,5.62641918999713,NA,3.57671246686012,4.02244511013819,3.52556127358825,3.50497245417559,NA,NA,NA,4.06638385269279,3.90987354963246,3.68814734881883,3.58203786711291,NA,3.41190112823192,4.25491946134744,3.5659204849583,4.0561360130466,4.13690394210183,3.9415751849981,3.96395227004596,3.57543203541122,4.52211635760866,5.32979816180889,3.95046623678173,3.81277817931059,3.98066256126146,NA,3.18923706197342,4.15312248218367,3.54542122816937,NA,3.12436098323243,3.07366736013359,2.94905870806815,3.26199062365517,3.54267322441429,NA,NA,3.31405716963776,3.88878984823523,3.61350043475617,3.57260009162307,3.26261752530603,4.02325129878516,3.46143850841313,2.80653121254951,3.98212776488228,3.10806211735645,2.92943933182806,3.29616341412707,2.72652641123054,2.98308800618897,3.97147938179895,2.77878192673434,2.06763053333992,1.97724164533358,0,1.60746222431307,1.42186236388488,2.00559560731,2.87586010286056,2.31210236745036,2.18621191205422,2.55403011086832,2.21527850383256,2.50483445533783,2.42287940150502,3.05162373620378,3.03498161283279,2.54883179337331,3.90867974632241,3.9117574028491,3.46003059860796,3.47253571705157,3.38959909183276,NA,4.34442411740166,4.14250955443642,4.58360791360932,3.76331915168953,3.90529066565704,NA,4.30349130822928,3.72863603128814,3.51409109484448,4.62957804027313,4.62462203590207,4.53366312747843,3.1339964872982,NA,4.45404443515575,4.44371887976179,4.58163699392052,6.33147724963671,4.03649246970661,4.27737632264102,5.39188166258992,4.32287773476583,5.93973987300656,5.24408111734122,2.74323636493056,4.47978331324114,4.26896017004324,4.08056149457579,3.88481396460729,4.38855282362639,4.90247549637812,4.50176473516249,4.24975638507564,4.25965751404629,4.23437488842665,3.89816042933787,3.6546175595692,3.4180143067425,3.08698259624489,3.26593897821713,3.36319514232709,3.41596793024659,2.88500408009316,2.92070196850208,3.34397276247389,NA,3.05477778438488,2.64385759652052,4.97095242383819,3.05485243215938,2.66478634118788,2.97185872455416,2.96518215260205,2.98727974666655,NA,2.84795068767756,3.3712581666183,NA,3.21231494971624,3.7111450921266,3.44914090146969,2.81477214940776,2.80039733823305,3.05443706609361,2.99928293515962,2.66168655016938,2.48005324456859,3.43932529960552,2.93543954709235,2.73310336559677,2.8954381948281,3.05765000901559,2.71400330439989,3.05167726123257,3.29149895293427,3.52303869298672,3.51056172038025,2.48201855495858,NA,3.12297456838331,2.72683736859507,2.63417709794066,3.76400462621914,4.54740192837328,3.34058751924301,4.07133358719793,4.38697793005005,NA,3.20717140930308,3.7842352365778,3.9223785841923,3.58941843569692,3.16543925073779,NA,4.47828672268063,4.17728161527136,NA,3.73033021885257,3.35005633979753,3.28402310743346,3.94566216599262,3.16809055684776,4.31865256155881,3.97023657113442,3.27278441569392,3.84428888515564,4.15048325834042,4.02046048978283,4.03135510173018,4.26632181486855,4.1342526621126,4.06314306849875,3.81660835131202,3.44361421974035,3.49716427726773,3.6298911946583,3.93605817973718,3.89081036530051,4.63364694395287,4.56736378011232,3.8695777425099,4.21101151478826,3.4075514771283,4.42516568056832,4.06464574095013,3.29330404405246,3.314951567138,3.15450879486713,3.35760548170484,3.57824384327142,3.1503408291233,3.19957352163445,2.55662368526127,3.09159958322288,3.56255912463388,2.98075257904587,NA,2.76612120423963,2.900848187663,3.06316919948037,3.16280046690719,3.20810979892525,2.95162104578922
NA,NA,3.81968420090987,NA,3.71307738651776,3.92630995823145,3.64710115250255,4.24014327708505,4.71426043180236,3.8882096437387,4.12823959249631,4.48492221105846,3.54417446437732,3.84857580004983,NA,3.92903579778493,4.19326501501268,3.96589607505723,4.07482236342949,3.96094612750121,3.3058968102594,4.0527663522663,4.34144522362339,3.07979162617602,3.57654365635768,3.80796237053303,NA,3.82724135177311,3.54650097503501,3.7200040756924,3.06629831232902,3.13476990047242,3.22206243662641,3.27230889467585,3.33220497853448,NA,NA,3.20098358491805,3.71260014499512,3.83015973163851,3.50465347583169,3.2336349756891,3.27454037402567,4.0311546855972,3.89816849516166,4.04267238560796,5.42318574063419,4.5204927258734,NA,4.77263480339367,5.89360687705434,4.68977705370993,4.79945166802474,6.62170016087501,8.2380382516807,8.74455846958007,6.09459680206948,7.2338735635844,6.01252593365152,6.17039002568789,6.74464605488075,6.83005915155635,6.08874235262236,5.40438384094824,5.86474155381528,5.52838872469061,6.56863638326839,5.06323458188535,5.54274049085169,4.40826005812993,4.77904946838445,4.60261711558703,3.66379956304784,4.1768268021729,3.73989531083716,3.90261091632057,3.85886212431812,4.33366873832132,4.08476310276798,3.84323231669435,NA,3.53566760413213,3.90301812111219,NA,4.15121366411257,4.17207333340339,4.16681793193217,3.15033082975988,4.00732266613922,3.62788339138047,4.25471340636188,3.92953749023435,NA,4.00620841030068,3.72969455456831,3.11818016023989,4.52637014676795,4.51533583241214,4.31010389848641,4.22386832245037,4.35244494227983,3.82656595856162,3.10675604038805,3.38935245120856,NA,NA,3.98569021752358,4.29106395474246,3.97818088038875,3.87292092423855,3.068712403506,3.67891624926944,3.32170402575481,3.97900052901764,2.94675220265255,3.16368750582764,3.25698673313684,2.8417671624572,3.4495397501286,3.72844276074629,NA,3.95536786120347,4.03378116964345,3.94914497003255,4.55977472226623,3.43634885075693,4.15679000092251,3.77330691629559,3.94356347037169,NA,3.92898246747173,4.11064264585333,4.62574480482553,3.81617025831559,3.71641295435885,5.69133053597018,4.47142452707179,3.76419664015046,NA,NA,3.62151777851743,3.77850459004258,4.35020380115372,NA,4.48858557000114,4.85612497723662,4.85167553546143,4.53647643699498,4.82499589879981,4.93825159180068,5.0578138664476,3.71181328818979,5.25859534788616,5.11467202318688,7.08599706781524,6.1179550841792,4.99555901347869,5.56235705123933,4.64485504010455,4.45904354105276,4.96231207195912,4.65260232303728,4.7395861439414,4.38172383163258,4.25351968451617,4.53149671687153,4.39799328755025,NA,4.43613819595698,4.08923868887438,4.09409394819033,NA,4.11316527651929,4.22608871739372,3.73510719524307,4.44268202897541,NA,3.95641539604945,3.9298253950112,4.5366459968553,4.32038566080505,4.7917742491901,4.26587321257334,NA,4.36854856397486,4.15884363785212,4.416366744598,4.25205403567285,3.7840880120298,3.99866116216006,4.08795079265031,4.11504280072784,4.24177653895753,4.58860144329516,4.01813133600933,3.81989513031282,4.35396560233802,4.39788300938876,4.42205986736084,4.02337217087395,4.35814447566921,3.60413988345334,4.13555381653276,4.05779515341541,3.24305336781618,4.10520501639822,3.52058572387745,3.60291467237297,NA,3.7710228989825,2.82864755118444,2.98860340411192,3.31034317841099,4.96625779462851,4.98324686974414,4.20222928707618,3.91963538347371,5.1062382181202,5.52112723386661,5.74764556454639,NA,4.70357106294319,3.76290160918948,5.20977704695425,4.25539156430561,4.46561381044024,4.31342095863545,4.40535646498082,4.34515366414767,4.46145949627719,4.52283432255573,4.65977111923769,4.808548987728,5.1126424348108,4.08414498574342,4.66563144254604,4.53714518131255,4.64972966680651,3.71335206837943,4.18725044637294,4.01496088045781,4.88763809877645,5.53560956371244,5.26151603218605,3.99312601549537,4.20518715067339,4.47192012373511,4.7142254376606,4.80728532622653,4.71193767470292,4.60774491398578,4.24316067905125,4.74963856659095,4.35620529542473,4.4139817225416,4.54477639950873,4.98932767579713,4.55985667877015,4.89612952621611,5.32515873746748,4.86068653185799,4.92110170666135,4.51320401575957,4.98036905097714,4.76212898399475,4.33713836815071,3.93601048603902,NA,3.58016730224173,4.21769983542175,4.51286470236973,4.25100086099529,3.96707955777862,3.98060931295321,NA,4.75601624203014,4.81287437959348,4.51146145138346,4.13433387254246,4.15438565526428,4.20732625666277,4.52655687813212,3.62201784631781,3.675165963149,3.59188827626911,3.51040596932972,4.13374971928452,3.66771682728766,3.06271792919467,3.15748106927703,NA,2.74365722091004,NA,3.40953005283752,3.65040036799894,2.57477721330184,2.73022443384429,3.46888616851914,3.42399227925749,3.20589695889197,3.24381656179226,3.04039716419227,3.33437944364243,3.1458908298554,3.75676755870199,3.35504307087686,3.85417279671567,3.95760939817123,3.69628325048338,3.72624647963759,3.51070462547637,4.48073769108777,4.36980738065323,3.88188446729284,4.0231707118135,4.1234556659395,3.66259247634708,3.22781500086479,4.08949142207336,NA,3.83771095529856,NA,6.37455748468754,5.46495067817476,6.66183442092438,6.72692035657091,3.8224205007964,5.72716151911861,NA,3.72017045946615,4.44755674819869,3.57432872025811,3.64530536392467,NA,NA,NA,4.16007287790681,4.11741663240977,3.7714332682414,3.71330813265567,NA,3.54134089478085,4.44317157070544,3.69995329570928,4.20174241445651,4.25901973342885,4.08746035104975,4.0863049073926,3.87600286487231,4.73294148490689,5.45232306212794,4.14074048494172,4.05303249504565,3.96170501542102,NA,3.26533025063168,4.3944703757732,3.76472285198037,NA,3.36572156809174,3.09991166331543,3.15886136926178,3.42212782152583,3.7418335311379,NA,NA,3.34964292823554,4.03826317580563,3.74505997691977,3.64925937251616,3.47829476075595,4.0533632416036,3.51125455980759,2.68886407682897,3.95000609873976,3.35961106677355,3.1882169171657,3.33582422933768,3.07592089710142,3.42335423362323,4.08938580859272,2.93648758163176,2.12105748776619,1.96998217609126,1.60746222431307,0,1.32140136020304,2.17939721848548,3.12174324410452,2.25575909994837,2.37284310599089,2.69604296260288,2.44330580239915,2.8890503557878,2.85958181101425,3.38503812924906,2.97150980806315,2.93145171827977,4.10688816032271,3.96345468023696,3.55849981756288,3.58154191693952,3.59442453687766,NA,4.66811499681591,4.33628408909646,4.82709389668986,3.92791435142106,4.02480855498881,NA,4.44126834857018,3.86123355199559,3.59720170994454,4.63530596340462,4.78904853098471,4.55267653539167,3.11214330600856,NA,4.62899011106731,4.64892938869769,4.70453475550803,6.41962918290201,4.16190794963594,4.42275328373618,5.58627097024019,4.3904529098926,6.06393514234047,5.33481203501914,2.97935846898081,4.67907960878863,4.31377843542283,4.20928200082913,4.09123164972586,4.50972689802426,4.98779709921634,4.5754165826059,4.33897414879556,4.47771577835237,4.4051285833265,3.93355663323551,3.66926475598775,3.52278444869962,3.15067213385092,3.43036463647527,3.58820429937751,3.56395787524272,3.0970237630889,3.10585112919228,3.49899970781528,NA,3.11860234731976,2.65825823684813,5.20049428130766,3.16668363974903,2.75672463006294,3.04732517538348,3.0128605968346,3.06801484438512,NA,2.93903409112329,3.39488683143817,NA,3.3978998083397,3.87795367119325,3.66103248779181,3.10621802643507,3.03011008123647,3.26552932299472,3.285097867749,2.90643555314278,2.59902058111184,3.39575298556139,2.78414594090257,2.64697361942061,2.89934783466132,3.11045452307569,2.98220965521246,3.2650636929274,3.38215279453728,3.72532681478216,3.57290625942773,2.56070444026859,NA,3.16294647151466,2.98631919733597,2.96887533314003,4.22903667549574,5.07094287680065,3.75457754135205,4.4777492417877,4.76242375991488,NA,3.59005493000771,4.11111031699917,4.25466153017591,3.89827859832561,3.45740479519165,NA,4.72957043036007,4.44545498727338,NA,3.92383145924628,3.53487112599802,3.37194561104738,4.26620863696036,3.53967977305779,4.59182180624959,4.11007451710739,3.46722319130218,4.07942573500739,4.43314055541396,4.29344300136773,4.36527318603389,4.52442751828033,4.37599179827973,4.27583305997832,3.87376145604654,3.8016359399818,3.69990544122308,3.77220018588372,4.08652269151791,4.32124923430483,4.68373644026378,4.57071815747049,3.87376047725913,4.37885560628102,3.47422122588812,4.55229921042028,4.17544915176904,3.39498090230175,3.47921450855378,3.30899479705617,3.43228767419322,3.68195857375322,3.29733987568405,3.34110437441244,2.70112242273407,3.26509514345086,3.64455434698037,3.12186990063721,NA,2.9047418768312,3.02182675528815,3.18459743720739,3.24340282677301,3.32272972864264,3.12341984009962
NA,NA,3.60413379044579,NA,3.42879929108207,3.76406912690523,3.4627388241812,4.07003002352499,4.53395301052862,3.63338370295151,3.84687737338099,4.21510447766,3.26969005715764,3.62843015720291,NA,3.77911328488644,3.95759892709719,3.80737410863882,3.75488338131618,3.57358719371955,3.0093898002735,3.84572351831568,4.09545406057528,2.86699867025494,3.35834177522296,3.50023634860148,NA,3.52851413384087,3.31088516817778,3.39312030908392,2.77546768093239,2.91843396058836,2.98895871171005,2.962366363913,3.00328143937963,NA,NA,2.90612307597954,3.41244059947891,3.52082644259906,3.2008642320941,2.96636693253789,2.94888860896667,3.66195533990678,3.57161342681616,3.73944418430541,5.07852857879318,4.23144268469312,NA,4.54428234166897,5.64219686826792,4.41925598237747,4.52925097024393,6.3428257073168,8.01525831303289,8.4982307570543,5.78427024680548,6.93462646954843,5.6902067603021,5.91070286810819,6.51378087662983,6.60800243074624,5.85222133615042,5.18509053191245,5.65596190381845,5.28960142238849,6.3403416100621,4.82818777390259,5.33631504243983,4.26369170938217,4.5578373234288,4.46955588079838,3.44268642096061,3.92353860144109,3.48569150889974,3.67125324091187,3.65543370041633,4.1305541001826,3.84619820781464,3.59747909822958,NA,3.28029901443406,3.60766497621389,NA,3.89842574251354,3.93650360042417,3.94775969798546,2.89090644324768,3.78261201878843,3.42497032690597,4.05924185910241,3.74540368005583,NA,3.82912279529843,3.5598105022055,2.84476099647414,4.36190896346808,4.30344457741224,4.115734736585,4.07734541419108,4.26223578830983,3.66674377315373,2.87739365367374,3.23436774563944,NA,NA,3.90512364738841,4.14296616563896,3.6432466352332,3.51585602389956,2.7678849965024,3.38480597881555,3.08503812937604,3.77684367003754,2.60079350466278,2.88562437420481,3.02177872963305,2.57399436359672,3.26696915099318,3.49083598401301,NA,3.70449504113803,3.762762501393,3.67047070033451,4.35136985338331,3.19898695791544,3.90509917745699,3.46599122190887,3.65273867542024,NA,3.6269671567934,3.7673318696124,4.37303528705332,3.55142771167495,3.36212138001064,5.37832436879965,4.07645133955306,3.53721544900032,NA,NA,3.40059483919905,3.47632244661713,4.18755397558056,NA,4.34462975509858,4.62251390159965,4.55972389507358,4.25539390496794,4.5461183151291,4.62682858582514,4.78741298723882,3.51818630134447,5.03318326065029,4.86533351971611,6.80039812671949,5.79696631350601,4.66087580498912,5.29001207960089,4.38375874358831,4.17866484980559,4.70734146200707,4.38611142411351,4.52212145115484,4.1422596238795,4.05555529350495,4.25975814331874,4.22127659890664,NA,4.2395273626424,3.88623605486345,3.80896698154161,NA,3.90335835163374,4.04228345258466,3.51700995375027,4.30596966594371,NA,3.74754091009689,3.73896806650768,4.34352349299344,4.13827692882345,4.65244454102328,4.07959690188509,NA,4.36264214916502,3.98281662143806,4.24206590976994,4.03933498605229,3.65176337814935,3.84673324247875,3.87870706822988,3.89521373988074,3.99403123849142,4.37583788816955,3.90020470740543,3.66445651961303,4.2348742827642,4.26230957537744,4.30848994762466,3.95151865336556,4.30528671210717,3.44516522261914,4.0368129973659,3.91567284028756,3.05500524979876,3.96556867727051,3.30579400624623,3.47720395845297,NA,3.4480711972348,2.46515088640329,2.7237825959121,3.01235871486639,4.44865002451286,4.50329787685283,3.81097636614108,3.50622994816356,4.62878145776994,5.10913743047924,5.35643183656838,NA,4.33839105219981,3.36890328865188,4.7773277428526,3.87858708327582,4.10000890403535,4.030798389061,4.04582094985544,4.06023851707042,4.18838328004495,4.24326754550565,4.36010648841057,4.4643391635487,4.80557000040678,3.88088298417784,4.47797417724367,4.31707976764605,4.42675064001416,3.49078500127465,3.99517350760936,3.68542003486679,4.75534945764332,5.26566198144834,4.97194019928345,3.7167736133496,3.99097545548189,4.20815177262372,4.45044881699873,4.50778135974745,4.41219088409239,4.35764702486415,4.00744183093105,4.4429928796377,4.09596195162434,4.1472769225682,4.27700595523385,4.75995488019602,4.30134433674235,4.6679570515867,5.08071449195568,4.58685550711886,4.66522401573692,4.24623809415986,4.70764364769833,4.46774634854459,4.0864141346078,3.61699008352517,NA,3.31657546556338,4.00679970067593,4.2924122487155,4.03165679396124,3.7639707024149,3.73378927626452,NA,4.6253989915351,4.66904707809916,4.39703128215382,4.03669165632799,4.09278027235981,4.07463143789062,4.34439272981294,3.57353281571235,3.58993968078165,3.50786067803137,3.38158876655701,3.98170940283523,3.42815577221162,2.79434215786536,2.92005190857263,NA,2.44516883783977,NA,3.11207017766738,3.39566251434588,2.34485349143735,2.34777531338649,2.93286505342,2.79870634272031,2.73924027478698,2.8586805490866,2.60233032882936,3.00465718440119,2.76018217966347,3.4744717087496,3.00385990561697,3.51155288518364,3.59522110251491,3.42751847117081,3.44292385817215,3.20030851363966,4.1926622684325,4.19478755665749,3.67213731776316,3.83430964301336,3.88750337970688,3.3919544713835,2.97038845493198,3.77572803689459,NA,3.56296783579463,NA,6.09820441663852,5.17930279931605,6.41639626992939,6.51088237176721,3.58025496070643,5.44899966741627,NA,3.48505261142375,4.09596219302734,3.18544785298529,3.2280860245206,NA,NA,NA,3.81792869446112,3.80428822523293,3.59080386751294,3.49663731283886,NA,3.21034862634748,4.11265839511317,3.4294636609466,3.88465412363131,3.98929864740085,3.7667896571484,3.77361748717961,3.48039527005054,4.35810414440445,5.09298785503052,3.82597695160847,3.73232858277632,3.77644474728269,NA,3.0603128415658,4.16139294261985,3.50692194664836,NA,3.07752368538522,2.94596871429303,2.88914211383031,3.25682652627743,3.59027808386528,NA,NA,3.26829835092631,3.88389999512708,3.63589704749903,3.56322663053453,3.346011713204,3.94738840034115,3.40786396855309,2.7068821825204,3.88246767430007,3.22386169204232,3.05512743577432,3.30196393123146,2.86580115296266,3.20074195087748,4.04075111442208,2.85457359029404,2.12542594106583,2.05119889728514,1.42186236388488,1.32140136020304,0,1.47105095559484,2.78540145054255,1.95490464355124,1.94630993839682,2.17365767116641,1.80637056875835,2.35413317186883,2.2269483436052,2.82876885808851,2.70939959167568,2.27304463605864,3.72246104684345,3.70025063526578,3.16633062199337,3.23200104268269,3.21794448883424,NA,4.29885892726779,3.95586165293893,4.41661040259205,3.54275076919902,3.67942793543534,NA,4.1617496025694,3.55652660026119,3.32025133221474,4.39860397404866,4.49692957826178,4.3056093607983,2.84823609609773,NA,4.28734903003643,4.31802828028986,4.3984170160553,6.17058584219616,3.79124520102411,4.13204940103406,5.2807069079995,4.19874135499143,5.82254304358372,5.13713227649435,2.56472968043307,4.33569521505339,4.07940343612234,3.95060168171352,3.77708874182091,4.28182177173204,4.77429495503831,4.36673242078984,4.14487676755342,4.17704891643731,4.11299975952572,3.67533344164359,3.43956205096215,3.26684361877395,2.86721539649835,3.08864778011014,3.27644796227481,3.30658156029852,2.77296735888494,2.82415609351792,3.22028339754857,NA,2.90788453616029,2.48070342269976,4.8864901046208,2.98646512965263,2.62401734638052,2.87796207568753,2.75213496071826,2.9039103259383,NA,2.88222005167658,3.29656614670691,NA,3.23620750687222,3.73690806026929,3.45797830454182,2.98299020427057,2.89429427488417,3.15204344752118,3.15765739858361,2.75806330556476,2.44435245591729,3.05882150442405,2.60450918278016,2.38110650017361,2.77511942771744,2.8846350436535,2.57761417961366,2.83696232338743,2.90388946158472,3.25428560892505,3.33494309730611,2.21984735946107,NA,3.10583807051639,2.72943926842993,2.50536507249849,3.84112990143387,4.68841186922284,3.34620242239588,4.10700189248375,4.39215252414792,NA,3.18295611828861,3.77563196282299,3.97479393538628,3.58450768349177,3.12369364072101,NA,4.48684889306237,4.18821381711926,NA,3.60565582725486,3.15342101436859,3.000750337566,3.86185210569631,3.09024812352238,4.20086971528847,3.66922168635178,3.08560286802992,3.65896603919608,4.02541844906988,3.9264425113588,3.97270476487237,4.15502650743912,3.97408156201865,3.86719861242745,3.65989690378154,3.44038420476442,3.3945549428178,3.54374464477473,3.75944776189296,3.93003782444641,4.42680402986815,4.31609414735136,3.61608833474214,4.11863894228315,3.26871751651528,4.28759758996469,3.93899635325771,3.15615546787097,3.25598658704432,3.06122169693804,3.22631633745455,3.49763837144101,3.12432349246509,3.15929379509144,2.49914567444364,3.1121402526304,3.46174356610678,2.90008971096461,NA,2.71042022798499,2.86163796591413,3.02240064384628,3.09154814772105,3.18487401805318,2.9402873209873
NA,NA,3.80936800638769,NA,3.65739098630554,3.87400990599446,3.6286514473393,4.14101769915144,4.56199224755486,3.49277286981209,3.91858007021456,4.19774982018254,3.41976998774919,3.77250412582331,NA,3.76872115835123,3.90856216430456,3.85572860512364,3.60804743564878,3.28698892733518,2.96228882794469,3.85270332486004,4.12032641231457,2.93198723122254,3.41783127183638,3.52049718468888,NA,3.60131939461159,3.4057057124681,3.43659747659248,2.79380535200903,3.1515388211621,3.2104578798608,3.09859536741163,3.09159240629432,NA,NA,3.01444045700374,3.56462073846331,3.63764891269739,3.26565696712319,3.06649580230573,3.10697817549899,3.75770123937014,3.54687563470759,3.85431700921083,5.18856586588994,4.21466330604783,NA,4.55841352590116,5.65833152933026,4.49107160802891,4.56923424436578,6.26843591749565,7.9414276103329,8.5127995763074,5.72461931638767,6.93089729107555,5.72931015894644,5.95515651450199,6.54498295028833,6.62756077759297,5.82474772837804,5.14485368628768,5.63965407815682,5.25437367163621,6.34945131841685,4.80917768203044,5.30574763234311,4.31615696784868,4.55531020561346,4.57931754865462,3.4630901333813,3.85112478730508,3.46894668323865,3.67003202974491,3.64748173263745,4.12372953076765,3.86275139982346,3.65635692157958,NA,3.35125912109727,3.74357266950769,NA,3.98243210761844,4.05459749541868,3.97223875503221,2.97646300032769,3.87128162778145,3.45068916763742,4.07281238482929,3.8111324768554,NA,3.84160659479204,3.64549640448423,2.95476891092503,4.51786520812783,4.39778693798366,4.25122428778825,4.19986061773664,4.36024345715895,3.84294694365805,3.06264445613694,3.40724909861414,NA,NA,4.05781554547625,4.11177748538684,3.59828217792473,3.510160393999,2.87608043773343,3.61620231204841,3.53884073573548,4.03255131550992,2.85460321106921,3.21038304494143,3.35869801121439,2.82178454986062,3.35849801151378,3.5023600221215,NA,3.73838842734581,3.73436052575091,3.71909923068915,4.38784559808464,3.3269091658225,3.92868126309112,3.47290243987114,3.65829586709226,NA,3.59106772312497,3.68071035554348,4.29115621263709,3.67646029130035,3.39527902526682,5.43599498423167,4.24534802356688,3.56496619888869,NA,NA,3.61393925247184,3.54583279320982,4.28686787942624,NA,4.37338385970811,4.61999652969892,4.49729136773855,4.20764241517323,4.57809855101009,4.53348313627856,4.61678878771047,3.49587972563594,4.80368580876821,4.75959951472944,6.72781797168296,5.72777286690148,4.64481560495352,5.27379087163367,4.48913806646497,4.23176872067485,4.72750276061963,4.39578987502693,4.57900238115169,4.13490774273526,4.07274822238422,4.22038348927183,4.14956569666593,NA,4.22226661918102,3.8753525759737,3.75694105363931,NA,3.96774219255227,4.14104326430118,3.68246194860639,4.39166298287146,NA,3.86668077665087,3.93952625636805,4.42903894251684,4.17149506240222,4.63418340854054,4.10858541404818,NA,4.49061220485368,4.03596828395554,4.26445020583319,4.13778449947321,3.75921291889679,3.96138185307055,4.02032971764067,3.92014739827897,4.01202023446551,4.38153140833105,3.93614061729274,3.77701831276537,4.35743859146078,4.4093375793238,4.39841761225207,4.06279517040219,4.37907150190749,3.51192894764937,4.13379759691453,3.96948632815422,3.16985813874856,4.04202847163608,3.36387630096364,3.52029174171744,NA,3.51497665022122,2.81907235211218,3.01955549281467,3.30684884696968,4.2495985288444,4.43307704178944,3.89567683483109,3.57507557387346,4.6128798499949,5.02773374250045,5.29871358711664,NA,4.36013965797945,3.39915249762268,4.76081877870244,3.84138695784301,4.06870945482252,3.94548887535051,4.03736248166949,4.00788621495126,4.15661342170601,4.1898293648248,4.29937217248764,4.41701085795209,4.69409376233284,3.85998771625556,4.47703044549208,4.27110618105658,4.31290387049921,3.55920904081614,3.99985810586095,3.65539919049429,4.79945883517361,5.21494304416208,4.94957320685088,3.77909302640892,4.00895591109689,4.25966710463265,4.42711174479104,4.44022405967776,4.41293237327423,4.36600148157097,4.00656428644975,4.41582022613729,4.06028764669282,4.11109698722282,4.29333698152217,4.76727166192402,4.32489312819026,4.63619502829421,5.04362502515053,4.58117558899133,4.64123448720873,4.22695807736561,4.59199864633641,4.34720279417687,4.08661648570115,3.59107516119334,NA,3.35362695553389,4.05193200320522,4.34394933295231,4.06098601168154,3.84664889803314,3.76936537539002,NA,4.74008595903916,4.60517683699421,4.32198788645688,4.04647169444702,4.15428496221372,4.13238426463494,4.43988418822711,3.69375740622623,3.6768803070812,3.60255239752343,3.51173130099457,4.1015834112346,3.58028006812635,2.89814217774054,3.01080410242315,NA,2.57083343981407,NA,3.27114647171349,3.44177490689986,2.56085499661565,2.45351152325411,2.80275673958763,2.49664380857745,2.71936517151734,2.78263541752361,2.64630129615599,3.00163563007598,2.74186575767154,3.5067589672322,2.97719715055242,3.49765520695224,3.60855616095007,3.49230829722627,3.43419578396163,3.32257926263379,4.26878029373049,4.20711752775351,3.67724838980317,3.77000663762879,3.90952347614888,3.48523899017599,3.05849801341903,3.76380939368838,NA,3.38585293704547,NA,6.00156571669392,5.0831267095216,6.38943659188505,6.39206547661442,3.61643884441514,5.37579888720232,NA,3.28897886511895,3.77769899722237,3.16386983863784,3.26694723010314,NA,NA,NA,3.79759207131492,3.80606771601224,3.70159240285401,3.57073898082907,NA,3.2195389678343,4.10270890878325,3.47262264786972,3.91578103266541,3.94320408466426,3.73481135152357,3.70351425591054,3.44572534419796,4.28578536541568,4.99390415270783,3.72667572769919,3.64484900275295,3.91225240537129,NA,3.18289864685625,3.97428257325158,3.58088306591741,NA,3.27743342266076,3.25713945713352,3.08513837712586,3.45696074716679,3.76047643779803,NA,NA,3.48699695855156,4.10062209582994,3.85774148800362,3.86231509471985,3.5822226002461,4.1489062081722,3.66185972977489,3.09173272836158,4.08012209038873,3.46354613535795,3.32150750530004,3.56717285322057,3.22491414100256,3.51510454519489,4.30516312846513,2.99940140872534,2.4803290490934,2.39785806249864,2.00559560731,2.17939721848548,1.47105095559484,0,2.51755752316993,1.98501824326762,1.79253744539898,2.220327654714,1.85728216173647,2.25205200922045,2.18518615230133,2.65855225532856,2.91553698285689,2.41461500705228,3.65712467780994,3.59651599935536,2.94067000063777,3.02526037229212,3.1771386177381,NA,4.38173723713166,4.01401532839996,4.21187907234769,3.39526691323158,3.72674719512461,NA,4.148723502857,3.59054797167696,3.38074009044978,4.38379585525112,4.41376577937512,4.30954898422682,2.96409778451879,NA,4.23289516784452,4.29686158802385,4.37413657286007,5.9784336676687,3.73313422702671,4.13852964295053,5.23771884009406,4.20406190409005,5.75948743482309,5.03450085769586,2.66327316332007,4.35686867412779,4.10369603141218,3.99505938343097,3.76999951055989,4.29753477890681,4.69808434678098,4.33778400060772,4.15546086760333,4.07200513709841,4.06284143249289,3.85775576285126,3.55031675120563,3.3581887409874,3.10606876776844,3.19365813487617,3.30726477945889,3.44877946810836,2.939779153633,3.06089198433372,3.43930185196918,NA,3.15279121577323,2.80426223992191,4.80716147026614,3.21594830934796,2.87960864460013,3.16670873156321,3.14261635040759,3.19946375819044,NA,3.14978453000579,3.6297431977437,NA,3.48648627918665,3.94482778705691,3.66813584566244,3.21205494002131,3.2154194923442,3.52563186672386,3.45814044248708,3.0149575515366,2.76748962940429,3.26905955699449,2.97748527952242,2.58320089780169,2.74794955183653,3.01247941543198,2.58956198619249,2.76486849875171,2.93116677569655,3.21233495404837,3.28637241164351,2.4971372148148,NA,3.37540946093354,2.73298662640861,2.62345490305136,3.81165405119314,4.69590520457481,3.26622235750247,3.85672228336355,4.16104713256851,NA,3.02311077772751,3.8811196216808,3.96290699529879,3.68174683858788,3.20474425862737,NA,4.47960213824688,4.08420323756396,NA,3.7219194575828,3.19950427798502,3.06110451154629,3.73453008229851,3.03114705865217,4.13960851065375,3.64401991613727,3.05639689782519,3.61490890007746,3.98573089998191,3.86979419258081,4.02766874088399,4.0147965763284,3.82565028949164,3.79007018173799,3.76577862483955,3.39327628933367,3.37758147175792,3.63074560205615,3.58642202889684,3.85912872928816,4.24172019412255,4.28965664117131,3.67495257156554,4.10539767264486,3.28692365839395,4.25529296415186,4.02301642245172,3.2901603158308,3.2964034207052,3.0778302861032,3.28934154981489,3.49318262308411,3.19140153560857,3.24982651217726,2.63393086881794,3.30190556481859,3.59031344728608,3.12554940255422,NA,2.91616431792011,3.07985234246482,3.25532573353387,3.36301245459834,3.36451375497651,3.12630318692296
NA,NA,3.96910132890929,NA,4.02627576334985,4.24785178517652,4.03937107898542,4.46923743290901,4.84406627636307,3.8454582504576,3.77460281213475,4.34280385024101,3.98019128822389,4.10323023304232,NA,4.24336032357402,4.1945664349523,4.14707983860657,4.048128334312,3.87295494319663,3.57013931113991,4.27686945037227,4.11127502626551,3.42224888947458,3.56747418140065,3.76683841814551,NA,3.91497587068683,3.78010630143434,3.67015743345844,3.37265852115593,3.60994754940144,3.73843637340067,3.65094921217254,3.57103000759194,NA,NA,3.39658002176357,4.11073004262971,4.18149496405202,3.88640653524411,3.68043520153016,3.75203184546081,4.35130251363118,4.1086989209103,4.4720134719927,5.66973337680221,4.69912137298488,NA,5.00772215409818,6.0140388265175,4.97810289548032,5.04514545509212,6.58502037325471,8.04392610611682,8.78195431426064,5.97588005023886,7.13255914786751,6.00894478669838,6.22359678613523,6.69370485491892,6.81394497197894,6.1091108695283,5.31813823228676,5.90074059775418,5.57086569172163,6.61693979167228,5.24239388223432,5.60646711681884,4.76711328035179,5.04646540445563,5.09980214225705,3.96442936181265,4.42775583332636,4.03954895206207,4.18782565805477,4.16671972253691,4.66683831171737,4.39527774865492,4.18074816535408,NA,3.8817331192914,4.19069277372235,NA,4.45467717878804,4.4806901385524,4.52416369122775,3.59248822374937,4.35212924107992,4.03930039815727,4.62042081672223,4.38083592525516,NA,4.34799621953728,4.12094614803893,3.54871850851259,5.00547951862794,4.83392111650374,4.71170887063031,4.66992836758418,4.46052413287427,4.23535397251736,3.7996371487629,3.79862828060771,NA,NA,4.57657942995285,4.24241252924601,3.95059037290155,4.17877363184359,3.48517167542142,4.40914303355122,4.38337780093157,4.09749225861756,3.47121451274572,3.83483622912074,3.96123054853374,3.44691247701866,3.5899343109403,3.95419126384829,NA,4.3957368483253,4.24509878140628,4.26696697153876,5.06133357499482,3.99788137780222,4.35452118568733,3.99684370898102,4.34421906845547,NA,4.06449588605357,4.17225356718144,4.85087524329479,4.25220862959287,4.00466276745158,5.73082419403911,4.55366232665352,4.22570058140095,NA,NA,4.22093275012435,4.08004806595754,4.81012545762769,NA,4.7756256318569,5.09159869642391,5.05933521331033,4.78498046221518,5.0963888740011,5.12534265029224,5.17081706648249,4.07050323334639,4.52665999771879,5.03941272741701,7.08904976115531,6.06078352613963,5.07439533480268,5.72261182163865,5.01154503515025,4.70674762671798,5.1858879614463,4.86689399272796,5.09485321728819,4.66049776563306,4.64792303094533,4.71538161602967,4.59685158547178,NA,4.80253410727564,4.34281944269756,4.41082760264866,NA,4.56998838330872,4.66475030769109,4.3210401963773,4.88151793392049,NA,4.41457570835418,4.5885596442042,5.02031760709942,4.83804130843228,5.18537740770441,4.67225552519648,NA,5.09437457520184,4.54066467660396,4.70462839004145,4.6207353988228,4.26068102427981,4.49323640140927,4.54882859691527,4.47992925296248,4.59461924198813,4.89293860332983,4.43818510044641,4.38248330297095,4.85295943401084,5.07235096422591,5.03265184491042,4.73858353548965,4.91942282868709,4.32795451388104,4.80617870495017,4.80526711272974,4.07792503954216,4.74067631720789,4.36278513704348,4.29010791237796,NA,4.28764100046284,3.73245206372717,4.19391673928892,4.51075384913688,5.2558297168859,5.08972902127658,4.29607890143693,4.02423590862531,5.16468748749023,5.59553745658927,5.78931874454656,NA,4.82960958152209,3.93507174266087,5.16687843692048,4.33774083003075,4.63448616863215,4.55392697776127,4.58805699331937,4.63228917120555,4.73556847979911,4.79350109371568,4.92183135738585,4.97618729342927,5.19110581132681,4.44381273625026,5.17907909977722,4.98564116476252,5.10772075578048,4.26027780465727,4.72805591569331,4.44090883469279,5.32761541416089,5.7323583734239,5.42027491258994,4.430131848745,4.63907082523066,4.94908825178815,4.96283393380561,5.03395263995296,4.97868737179333,4.94518376244418,4.64716670507444,5.12099444303876,4.78269360162795,4.79297603560749,4.84038831178535,5.28078582570231,4.88499760564708,5.19996647212576,5.58933624822554,5.17175602733104,5.23995703219932,4.84824587415424,5.20607778629883,4.95444185796847,4.67317195356722,4.19322104049461,NA,4.08220940863224,4.66179751477408,4.90334004636648,4.60947492422055,4.44951177484724,4.42751411663729,NA,5.49086964425364,5.48926159844591,5.1386714458917,4.84271118335785,4.93150686382787,4.79656243785502,5.00233689866738,4.38988573118012,4.35411934912235,4.11967022882187,4.16981839058293,4.87581726571233,4.45525882844478,3.8639961736463,3.8961818830437,NA,3.43560772448075,NA,4.06131418668774,4.39889681962315,3.67353222803026,3.35751767109223,3.67885411249047,3.59748171108208,3.81759076880648,3.7021989124353,3.55772730192767,3.74323726752297,3.43632450790313,4.21740908062952,3.66667199246897,4.17437837874119,4.31323064903048,4.36960291939221,4.2172299326805,4.07587024988833,4.99308301202086,4.82699470100749,4.24830639142699,4.3038458551287,4.59696254954912,4.35899068490662,3.72254497484262,4.49364068074271,NA,3.9141383653383,NA,6.24575186658751,5.42325687377978,6.7580699605649,6.63767144339641,4.12617575708536,5.76794697596168,NA,3.32204888853821,3.6806571476483,3.52894315951498,3.88752505409983,NA,NA,NA,4.30537749074253,4.09475864364711,4.00049391192309,4.06826288446015,NA,3.78341311478812,4.42045305311579,3.90131389803981,4.38397186611416,4.36893122446485,4.02467014862038,4.19140348691214,3.81689014058045,4.82441947452278,5.39923884310515,4.27180309865155,4.25296957319824,4.7256506478019,NA,3.98116841673857,4.50367951575407,4.32177504897126,NA,4.01019283731898,4.30020270894027,3.96814318730652,4.19967046163189,4.47729901977031,NA,NA,4.30066818407047,4.70837528969558,4.53462323287587,4.67995941048201,4.28036768302597,4.8949608729538,4.53389779970321,3.89960773682947,4.74581854666948,3.94954967290408,3.86503908510063,4.17709040297048,3.64954972193133,3.46839685994427,4.9239119882498,3.8444623059022,3.43979606845982,3.30169999675369,2.87586010286056,3.12174324410452,2.78540145054255,2.51755752316993,0,2.28201403712426,1.82085782023549,2.73466413332674,2.5281835836717,2.67298632261203,2.62095051047608,2.91220275580743,3.30003672408917,2.88893164042312,3.37665618602113,3.89537190117205,3.55452799029108,3.73772153276193,3.52187160851292,NA,4.79543149673848,4.50037168546797,4.82067675128062,3.88653713105789,4.28369430153887,NA,4.50184711815137,3.95950437557572,3.78297752150721,4.83269075265214,4.75868055208515,4.74844525775791,3.54901131779213,NA,4.71415888933493,4.646348258438,4.78382303716322,6.35197400370132,4.2967449244978,4.43714273005173,5.52289621955104,4.47677331871725,6.00923898781905,5.23296786657596,3.12197983599736,4.54796036528263,4.42797185341036,4.41210211493297,4.11619340160015,4.77820249934214,5.10045921222728,4.59783251073191,4.39707232541849,4.38716194396835,4.71649159092343,4.48598001065564,4.13451080612398,3.96026490776199,3.89016289739695,3.94839625878398,4.08234851985029,4.1421983474727,3.73913977856788,3.7968535327104,4.12823248969488,NA,3.76995224537518,3.41509288286597,5.14727222765084,3.86988000716572,3.36592941199306,3.82905583746818,3.74707443785149,3.89590080853877,NA,3.87101921298543,4.46075484421931,NA,4.20323805448117,4.62771735859669,4.40449546889154,3.70136901321799,3.9134614728838,4.32533553686068,4.15766605524459,3.61049297640572,3.30802720740587,3.51523194544503,3.39491524838562,2.89460517396721,2.83033710349953,3.5873041110158,2.98035821092498,3.09267860076346,3.41029550071831,3.64011570699093,3.80465761015168,3.03481907392014,NA,4.13751964062738,2.89325238937161,2.80871661256372,3.63697896583203,4.40432298590464,2.97030672752237,3.67429398436784,4.31086960362438,NA,2.9995803889158,3.81736536193423,4.01614753841051,3.8552915611192,3.48464376181368,NA,4.45904968835077,4.00997531650548,NA,4.01337047125507,3.54156835376699,3.24484727847661,3.49633162300841,3.00938775278839,4.38835042542535,4.10552440636096,3.40053127239605,3.97642707457528,4.23515768602006,4.13380904629344,4.3028261029308,4.42904567822101,4.36231046786606,4.29125201501923,4.29711703425156,3.46032281272396,3.74718867619338,4.17398725575799,3.91707279194758,4.07631399493187,4.61816322094241,4.59897357107079,4.0965542935431,4.34412868842154,3.76233508421004,4.74882726939631,4.42635264732627,3.84085890372795,3.7049877668479,3.64128184203687,3.95842095269953,4.169401464893,3.92082693589776,3.85439906384772,3.26360783484355,3.87739860534004,4.20327296506325,3.80143468423725,NA,3.6604042970103,3.90313004679301,4.09086675346501,4.20677487157472,3.96138116259696,3.71086357140652
NA,NA,3.43974947914969,NA,3.35158404526289,3.69170362099035,3.27292852596669,4.16292704529897,4.63224557328498,3.72850416044434,3.97528082765917,4.47041261162189,3.36721681033808,3.61854522924882,NA,3.65316380700718,4.1651931499164,3.91691173734897,3.77733139828687,3.71374885602574,3.07541408607806,3.90205065026364,4.30907894038862,3.16194323928397,3.58636697147404,3.66430629582325,NA,3.725122547494,3.55284219385593,3.70216216112186,3.0144394139886,3.36997062344943,3.39067658901088,3.29468951502111,3.20045775401243,NA,NA,3.01879262514065,3.52200124087609,3.68104146782432,3.41216228889129,3.12895339545271,3.2203549498004,3.70175511931839,3.63336389378579,3.70587274494123,5.03840269804518,4.12563561992424,NA,4.41473815840215,5.54278941154345,4.47347269599088,4.51987133358066,6.3084114157696,7.88572015722687,8.46380101054324,5.63541239451654,6.87421545831306,5.65365660858061,5.84341029240628,6.45019673763888,6.51201737865039,5.72645065099063,4.99507823517471,5.53290363490505,5.12157758574927,6.20148374078656,4.65174420537731,5.19647022318687,4.13777233688993,4.45414258834653,4.33923420953139,3.20142383352172,3.79085731187876,3.40463114509045,3.52556091128709,3.43644336166826,4.02128223872308,3.74265002084734,3.53587511592292,NA,3.18657010219128,3.52548506840626,NA,3.66394149928888,3.76911376391987,3.70833106082964,2.93149093276912,3.5836665527196,3.26476924654795,3.80956564103618,3.59025767404363,NA,3.69695091689792,3.30072920437149,2.87235153102028,4.20599061322503,4.04080218966136,3.94648575765988,3.92070907230242,4.01302823421603,3.37036799828605,3.14952267926488,3.2357888549356,NA,NA,3.84414696201891,3.97834382548171,3.73145881395961,3.71627481376905,3.00693555815833,3.90878539233395,3.67815921255742,4.15641970494914,2.91716168184452,3.48012691461839,3.6586612771196,2.90061603327617,3.43032056997973,3.67914807440537,NA,3.78168270082025,3.76243432395348,3.60995874087069,4.32550507031437,3.17002979638689,3.81413545469425,3.5218019647141,3.7196089681849,NA,3.75084623640924,3.85656708791826,4.50338562712959,3.68105758729492,3.47777385066495,5.50701196480343,4.2632899875174,3.68391607585881,NA,NA,3.62575722507084,3.55380912436847,4.16372926847475,NA,4.33566086164236,4.5467466301045,4.48194901473147,4.1724705935508,4.59855033784629,4.60851683469631,4.71386441875301,3.62307491314397,4.93922228705421,4.69008387380053,6.73131542109927,5.71423673072913,4.57341078866957,5.16247001366956,4.41454857209062,4.12328349691445,4.61072739720633,4.28220487111026,4.44505867337242,4.08200329076884,4.06855420141514,4.14105588981551,4.07131382060725,NA,4.14251158923829,3.71120049375267,3.70515670415483,NA,3.87126322153827,4.06782090439556,3.58204350713762,4.23179673949374,NA,3.70933206706688,3.77587231746637,4.36847585300587,4.15461767092509,4.60342649879093,4.04795535423575,NA,4.41607276508777,3.88382889763024,4.13194056237205,3.91324487694794,3.56613459408753,3.83113071408717,3.80457266075139,3.74037239421782,3.89070430359847,4.19597901151485,3.75498032745032,3.58553412632217,4.24823656290713,4.17242962269088,4.24764132870895,3.95815542689599,4.23959115533692,3.52951023038487,4.00943830178636,4.05646610139037,3.35675289409215,4.0600466097971,3.62428692669565,3.719068451802,NA,3.7390454888423,2.89827450659622,3.24983831340714,3.7288098718442,4.62649943067056,4.55925996680903,3.849413635034,3.58789749458131,4.72989329048395,5.13653702728293,5.37158776231445,NA,4.34199612595035,3.47684200631734,4.74104047098809,3.80642944088001,4.02184953297426,3.91785563688939,3.9024471155777,4.04821455830595,4.1091320730288,4.19089266701048,4.29797314304422,4.40318053183122,4.70379522388396,3.84887171017558,4.50574874246733,4.31784971300448,4.60224404072012,3.49481671104604,3.9511624635592,3.82869294278688,4.65646563247736,5.15689553181649,4.86253605365257,3.76980411980503,3.94203767400282,4.192986185385,4.34885413922462,4.43940017585362,4.34404884993832,4.20170782208776,3.9443226733538,4.44071640354446,4.12874753031975,4.0988958151103,4.2491646933706,4.65424913061722,4.21888209614312,4.51857198602206,4.9255667426191,4.61767058025085,4.61781396732007,4.03781907059485,4.56354961229574,4.40947099301255,4.11382648233535,3.63783594725292,NA,3.29228775890901,3.913124786178,4.14496282485817,3.88878568627111,3.70898527504192,3.73027458263721,NA,4.81425107351996,4.71630913782827,4.40363274680935,4.19090813580436,4.27668369680649,4.28745705591143,4.3518590090568,3.64639828207588,3.70967913649193,3.71169635062972,3.66820772710087,4.2596684180164,3.78344858078827,3.24520659358342,3.23025772366705,NA,2.833250031047,NA,3.30274914048676,3.63655463659979,2.71443622013492,2.70170293687157,3.03890438992971,2.89299001510814,2.94860455767744,2.91345664504409,2.90092482984622,3.10017746324095,2.91527726959636,3.61801238653018,3.18363020133451,3.58259247943073,3.61751911260933,3.6031382625548,3.60241966332253,3.4378076539802,4.34788059424033,4.19339002291115,3.73401462093401,3.85783113052141,4.01615252733909,3.56099732510321,3.11677087266896,3.8487839600613,NA,3.51832157172492,NA,6.10932533854986,5.17147782604193,6.38096239924778,6.54279815006724,3.78143175892454,5.48769989038003,NA,3.27847122327263,3.95986348735824,3.1540963847749,3.4574383488817,NA,NA,NA,3.88028358999286,3.72679489290632,3.46758595156511,3.40810067872352,NA,3.23541564651993,4.13189000719495,3.49868229585603,3.87088538051679,3.94154522817816,3.73407267613544,3.73779876513291,3.42744933150105,4.41723423605359,4.94154277660328,3.84716902779897,3.71761443089776,4.10291030595418,NA,3.49759319929525,4.19478880096607,3.66056674985666,NA,3.2673744647567,3.62985621292019,3.22168113594554,3.48835305365599,3.78915816728326,NA,NA,3.4382971533887,4.03982541240027,3.77665569840669,3.85828060673396,3.54578181118555,4.02335271286739,3.54779073155666,3.0490054971265,3.94553207724336,3.17762147591568,3.08563643845449,3.34402445009099,3.04070313876479,3.30717558082272,4.14763320674782,3.14425330102486,2.78694245432071,2.88934424090449,2.31210236745036,2.25575909994837,1.95490464355124,1.98501824326762,2.28201403712426,0,1.38578438837343,2.17570289882681,1.87115612469981,2.43648448596194,2.50666274796467,2.69837573896848,2.85008582572607,2.58976098826929,3.61130169204733,3.67444911780895,3.15046605427205,3.26099880346084,3.07083812059213,NA,4.19034230551315,4.05326196404578,4.40531533676321,3.42254902802623,3.70457221956441,NA,4.17014587901976,3.54816342849469,3.3814244775908,4.44202108323982,4.4229963302865,4.3556012050287,2.91151949487267,NA,4.21847348527584,4.24618520958804,4.27780429562098,6.06603428376529,3.9012250769766,3.9972112582426,5.19123517175551,4.13414239097527,5.74055115423564,4.9327296310895,2.65651688806067,4.12168095403067,3.99452239762222,3.86056262611346,3.631895007482,4.2191357571146,4.80416162113375,4.28653200186236,4.12972140120326,4.15614258617418,4.25354739303535,4.13698357046059,3.64993982539069,3.26009974302302,3.13850870620875,3.31902912353002,3.35247337572563,3.31775410117937,2.99300302133771,3.0470398338684,3.27228297756019,NA,2.91961464144265,2.56743646423007,4.88027721076269,3.09809748831738,2.65557188329697,2.90192491901754,2.98622031720262,3.17492817274907,NA,3.02913318353661,3.58171781505328,NA,3.47742951755247,3.90946848406577,3.77090718546688,3.22203435105168,3.36585212134967,3.54576566088741,3.58267716729063,3.04641019007607,2.84090527009456,3.15838126758028,2.65637556424751,2.28897434699443,2.31425660706006,2.8567980446686,2.54304783914928,2.7174952480195,2.81065326005157,3.22963459941746,3.31327885494353,2.49861290607232,NA,3.36379719788646,2.85509724822777,2.68597492608524,4.18014911105249,4.96867507803392,3.34590114969313,4.07032189374679,4.27406690542076,NA,3.23459769404302,4.05363696512294,3.96919492450295,3.75440348335574,3.3508447824683,NA,4.7390553017287,4.26743589321972,NA,3.8908224115745,3.47421511302794,3.18335776357064,3.84279723655539,3.04505917701257,4.22059849802557,3.60733627352247,3.01939388929388,3.56604259040284,3.89671338469886,3.79991973484396,3.84440850713723,4.03134897021425,3.98564200059058,3.96334960185058,3.68592122787597,3.54901218269212,3.40842740584392,3.49086272723646,3.79794235706885,3.91988374730701,4.46294482699033,4.46084485145967,3.80249631090843,4.1429522107247,3.39046634539895,4.25720435614829,3.98878892801007,3.25363805426716,3.48449585201511,3.13880860835766,3.26156186593629,3.45191554235987,3.25320307176486,3.15451679175855,2.68024851554646,3.28612585670312,3.43150405707574,3.11281893964279,NA,2.94906644450848,3.14273723972833,3.33716236859184,3.47950583440106,3.4562666391787,3.15194387674768
NA,NA,3.57330715792283,NA,3.51661552325479,3.86127982222781,3.52606738029551,4.20522228772964,4.64895844689574,3.56077639839491,3.66544776769429,4.18771004673369,3.39559083186731,3.52113083455744,NA,3.76210144818986,4.11444058842499,3.9410425739259,3.78786458254938,3.63637864088949,3.18249505624386,4.04619009525046,4.22532841231994,3.19223715694147,3.62569387649354,3.68660539049526,NA,3.83983183295532,3.62099578280721,3.65993830034374,3.08117423493942,3.40209000766252,3.47674350500448,3.36118358781176,3.30835213482367,NA,NA,3.14029187305245,3.76824946909271,3.86084747627733,3.5904680438041,3.30035901360416,3.36881795402767,3.80783454678881,3.70636836645189,3.87692781719999,5.14433169877688,4.22203216635574,NA,4.52798953213218,5.64513340609543,4.50696145468068,4.56905653283658,6.26073718380087,7.89776294114198,8.50170807841095,5.69985875841543,6.90760687790651,5.7367150034409,5.92234314372568,6.51165674188902,6.58974964533589,5.8759121353547,5.13876862217832,5.64542025539612,5.22073470508694,6.33714732608718,4.8442748747833,5.34218986796428,4.40049815468292,4.61063157093465,4.61260609722244,3.38874486620622,3.92337235676394,3.54285408779795,3.64181733031373,3.66264226207763,4.207161596912,3.97035645086769,3.69527240053062,NA,3.36449450770864,3.70042567060976,NA,3.88469744654795,4.00565357043945,4.00058397596815,3.08091611516557,3.87013486341517,3.51544837625368,4.14121987167018,3.89236550526101,NA,3.92279479224359,3.59323298476942,3.01856770782563,4.43300446045922,4.28578148523801,4.26306070580025,4.2473401638233,4.20038642370254,3.71572483776092,3.1978815616211,3.37282253640206,NA,NA,4.16613919517712,4.12491130111389,3.7031944142012,3.61760104731544,3.05188556295996,3.88314143622402,3.77073964877002,3.91011930838541,2.87767276059136,3.41821739351652,3.62576201213844,2.91194356278997,3.43832877141333,3.67359772480938,NA,3.86882290845308,3.86059062372518,3.81892559836321,4.49172927842235,3.42127125825668,3.92310754842881,3.59014951973462,3.91375136365148,NA,3.82992382192584,3.95411428914649,4.5442365398794,3.77852406157403,3.5222668351198,5.49762325273057,4.22920250402847,3.67113277086313,NA,NA,3.62857380137078,3.58512400742639,4.35909611589024,NA,4.4469373141343,4.68285840585225,4.65347127413563,4.34601824321792,4.7489629743106,4.72762097445068,4.75918238342476,3.6999637200805,4.83156794992904,4.73866930888021,6.75541931225095,5.74624022625989,4.67974848568613,5.30708867246349,4.48774910009083,4.21406185316468,4.75378541381205,4.41340385039723,4.60058135108451,4.25372038564292,4.21782896056779,4.29745593620063,4.22069103655783,NA,4.2975674847692,3.86337002932714,3.84889171096724,NA,4.04355336630495,4.22017528294055,3.78254602564784,4.43509558865319,NA,3.85432013555786,4.02716377363836,4.59183108276774,4.40383179399128,4.77419780908319,4.16789388474814,NA,4.57500845583431,4.00770335751961,4.28681447163122,4.18724435228011,3.77991796959112,3.97336152147704,4.01714156021858,3.91734620335513,4.07170457086718,4.4465234848108,3.8772522200911,3.77290523340073,4.31422040169083,4.34641218343012,4.36565475779899,4.10497656850351,4.30892639300196,3.62233476474312,4.0949015012015,4.1257490665328,3.38851599406761,4.03089438248186,3.68890053834609,3.82156972397911,NA,3.61196431918941,2.89450829047387,3.44744453108546,3.85949905217195,4.78606272303186,4.70221820528651,4.00406675607564,3.67148712558046,4.74126608852554,5.19158479724379,5.44045579157224,NA,4.46173913094461,3.52569518018636,4.68638595968936,3.90280594472221,4.20292297257729,4.09196884975813,4.10920229740761,4.19744856049795,4.25499218016894,4.35746477910972,4.50326728338317,4.57324325552175,4.7960099351948,3.99041011317702,4.61385454127601,4.43539992587229,4.68407548673017,3.57052984956052,4.07578892567955,3.90355245699923,4.8884934765932,5.27541576638846,4.95060310919092,3.91375160534498,4.04655029810632,4.28195955658357,4.43393161203841,4.51416328745002,4.4403880789848,4.40536282217859,4.0026955629488,4.50052049533183,4.25855533980158,4.24840420821047,4.39074411222408,4.83599606025238,4.3731946987671,4.72022919970996,5.12375854549634,4.70672275314271,4.77456631763469,4.27655859425394,4.70066683839413,4.51874306145045,4.19891451454089,3.69914766890718,NA,3.4377148813585,4.11107387262592,4.3466835846726,4.04122663563695,3.87476581917399,3.86313290219017,NA,4.96145274722209,4.95940502647843,4.69303067846663,4.37661276440094,4.42984654003859,4.32704700367658,4.47117766649716,3.86954215063238,3.86838398925699,3.83595046341863,3.74147414174628,4.32200295690169,3.68633668610935,3.21739594546211,3.32805952429962,NA,2.83342031535515,NA,3.39748087222806,3.77439703404915,2.92906263591013,2.72488630715969,2.86472193760604,2.76512445647739,3.0151572699662,3.05909248297642,2.96941033132098,3.2079936734376,2.98843242998258,3.71306669439544,3.19952727447514,3.69374903954306,3.85576239480602,3.74291957806657,3.65406604297878,3.53576699594793,4.46118134725901,4.2416757205349,3.85382863014161,3.99550619636523,4.06228830674846,3.6741080682118,3.25027458012603,3.89043661296482,NA,3.53664676147175,NA,6.10572406406544,5.21518993213855,6.43020800828106,6.54232762711964,3.78180227173327,5.49918770768504,NA,3.22621976932037,3.68129330714268,3.19866488936611,3.45218814589526,NA,NA,NA,4.0154422002099,3.84015025803057,3.63858677826854,3.55636237925115,NA,3.36822169656029,4.22077722382791,3.5880691510641,3.97124405521579,4.07347921835221,3.79642809162244,3.8714521789059,3.4146905126606,4.37969875610357,5.08587569298209,3.88242895626082,3.76147782336744,4.21353934668129,NA,3.58244942094354,4.21353365000252,3.74815341339056,NA,3.43256997285091,3.70418838948314,3.24824984672772,3.57448626505102,3.84914506670608,NA,NA,3.64465765603833,4.18627873055566,3.90080087146815,4.04026673467613,3.64420669277836,4.20306448840167,3.78855631719616,3.20122593977792,4.1724053850097,3.35688957656622,3.27053948036648,3.61226512710381,3.08099732095727,3.24021226079405,4.30665533237363,3.23369840827551,2.82420040821373,2.81684084287908,2.18621191205422,2.37284310599089,1.94630993839682,1.79253744539898,1.82085782023549,1.38578438837343,0,1.92678110435252,1.70890628636267,2.12187417054617,2.01947804290416,2.61110755566528,2.60085931667646,2.19866009247881,3.35149025325804,3.68357767505471,3.24180532008009,3.424770331652,3.22532017804786,NA,4.40945166120381,4.08449225582073,4.38463286038943,3.44178248073811,3.77991403285685,NA,4.22526861718835,3.62598469809951,3.45990491605518,4.48719141218528,4.54494757905547,4.41955511389999,3.02791666027285,NA,4.27683656788091,4.28791257494341,4.39485075159916,6.09846622600757,3.89254237903011,4.11907823839972,5.24967255759327,4.20387269136284,5.7698076401597,4.97499117281112,2.6638876989163,4.2349890120682,4.08926010807544,3.98504280344239,3.74821123683471,4.35632199787021,4.84567326320131,4.35748280641312,4.14541098791719,4.09715222759313,4.23226771144798,4.09553182084213,3.70758385592269,3.42759980141556,3.26846465782796,3.44796595546659,3.54212870749289,3.57583430094835,3.12800313291451,3.18406308099237,3.49398877280174,NA,3.15800195708642,2.75895835066766,4.84139754932468,3.31236616159434,2.8424238790851,3.18787686287837,3.15364205674136,3.32487726278562,NA,3.2343896291039,3.77649402017859,NA,3.65586314404691,4.12607353999799,3.89254956491518,3.20349186758093,3.37781538824751,3.62995036237887,3.56715257933747,3.06544168976143,2.9369464378851,3.30261498251255,2.92216085142689,2.46815692412804,2.48341688372441,2.96944526789695,2.44984900143947,2.64238809294381,2.81966886816296,3.17767734523784,3.30157880744149,2.34719836650642,NA,3.51169848414938,2.61371031614101,2.54730762837231,3.78100191150278,4.51776714008731,3.00262038626979,3.75217171104025,4.211113649454,NA,3.08294178384621,3.91274943664106,3.89878995166216,3.66327904175993,3.29985519898115,NA,4.57957849458122,4.1309274950228,NA,3.75970182268433,3.3561249920093,3.05652386221458,3.58189911012583,2.74672274573297,4.13602710850802,3.66849924104225,3.0269287970577,3.52241452572769,3.87698657744042,3.83083741798501,3.94935824580272,4.15123585779979,4.11466733489813,4.10487779178519,3.86340707623666,3.4958773247096,3.50670075544045,3.72482968980305,3.72146195126109,3.8291755762729,4.46712281573322,4.52195695913754,3.90044701141675,4.17765239162854,3.4328345945918,4.38083890553186,4.14326032619609,3.40068868834102,3.46333345165994,3.25163574924059,3.50295142897003,3.70466016218131,3.44162564549945,3.36840022419685,2.77220617385182,3.40794184214595,3.66884224729242,3.22158054863041,NA,3.06994391761772,3.31537188020293,3.4919560733649,3.61976625716721,3.56936695992303,3.25512433088738
NA,NA,3.77573735016693,NA,3.62722663373391,3.94903450921056,3.39010175832956,4.36296374676567,4.77308510727441,3.7782118283184,4.09972570135532,4.4979826304611,3.49107630873473,3.78276366039742,NA,3.87668101806204,4.32174425141866,4.11832629885466,3.95391328475164,3.83474174255145,3.40284206891703,4.10059615778343,4.49018562590276,3.3637649368162,3.82937194620279,3.88932995291668,NA,3.86440348087571,3.62319293608192,3.6773012817773,3.13481401011985,3.38819099483703,3.43099257774159,3.36724810525998,3.3606826408836,NA,NA,3.16869512432507,3.68373627380616,3.74930938646721,3.41434269450752,3.29043043702686,3.29433045019685,3.66773572195143,3.71664541468353,3.87247939821438,5.09512812203497,4.12594451050991,NA,4.50580476767139,5.54090529162897,4.35662478150174,4.53684121439935,6.31358757669878,7.90189689346031,8.48947447218813,5.64826294677611,6.87076185959131,5.71873684524133,5.87499536191096,6.51171811881292,6.62473380805461,5.88831311529616,5.10604836027154,5.61484682604267,5.23186817915632,6.28265907247205,4.81666613217433,5.37888241733953,4.44326467100427,4.69120100057167,4.71566952593635,3.5023400693125,3.96802133279164,3.57571590556181,3.76334596335013,3.75830131849233,4.18137841772259,3.9200884501247,3.72943097033424,NA,3.42043682998196,3.81358894415596,NA,3.92470702669539,4.12737749030008,3.98602453566428,3.11054430422034,3.86007477833968,3.53316447877486,4.11880955539256,3.88669271212441,NA,4.01848325368128,3.72434938705391,3.05201229330621,4.45557279182896,4.38338072671233,4.21980734508194,4.29249341070514,4.51066325866934,3.90090657995703,3.16315050996051,3.49385395563367,NA,NA,4.23261156796106,4.31167609788511,3.96777850533513,3.69374055806621,3.0207070023011,3.80336412496197,3.6513146849361,3.66936076058562,2.84953382455931,3.24872548730826,3.59762704050267,2.97026229592749,3.5551073405942,3.58793323876914,NA,3.75814593083455,3.86605624154503,3.75251491610549,4.53664540496808,3.3739808196206,3.99564065694836,3.65282517900557,3.90784812277994,NA,3.88316215821234,3.91457059584179,4.65159314954293,3.77570898738942,3.60587941790501,5.49425775498925,4.1730764502903,3.65635110673979,NA,NA,3.61109919934472,3.55296673354487,4.39938155691243,NA,4.49106294111994,4.57319110578477,4.57685123637911,4.29092496842293,4.74021829613518,4.74787199744273,4.82441976476122,3.80565158029204,4.83019789703645,4.77669404776716,6.74872313545196,5.74900313752006,4.66123616976426,5.25367091267903,4.47851176145247,4.325445593044,4.76103586184641,4.39224781566717,4.62193324717247,4.30287241200833,4.15443485267269,4.32999259367852,4.43387439942348,NA,4.34455576400215,4.0908470475297,3.72639455427374,NA,4.13320890466669,4.34204531597782,3.7831671661912,4.64115602797249,NA,3.98205380367308,3.82678164218253,4.63279198083979,4.42678952735012,4.82067838238884,4.42421278332138,NA,4.84887646254573,4.28220517442051,4.47955095201301,4.31537111018009,3.98339513105299,4.17483995186155,4.06012981061555,4.10220606322522,4.2071153023109,4.57465775272556,4.17834038113655,3.8385776285134,4.49999631371825,4.53130817367286,4.54751221108457,4.14895211228677,4.43419785805232,3.36164793494978,4.25281035465126,4.15915303437138,3.52363679668106,4.27421725919672,3.72829183488153,3.9207574448084,NA,3.77804335808061,2.83218190276137,3.28355166297418,3.57369053663369,4.71971581892503,4.69526637510729,3.97922740315714,3.65175565376727,4.65536951350827,5.12938428527842,5.0937465551393,NA,4.3262433163608,3.1815847307323,4.72236512070572,3.80976792208876,4.10169241663169,4.10223831553071,4.07722332931954,4.13499732867573,4.31089003912636,4.41144596542757,4.54168830484171,4.57612823595884,4.73662656898647,4.06423650470721,4.62595441585013,4.45094255828234,4.77748874008614,3.67761105960579,4.15384725264611,3.91989338282428,5.06225697343611,5.32878186105932,4.98457591154094,3.96690117714308,4.19614149390197,4.3079389001569,4.49374160675539,4.60429050394144,4.5266896462126,4.48227095827998,4.18514091732374,4.6016307082662,4.30174818870999,4.34597719927535,4.47670095386059,4.95587574533098,4.49157247484959,4.80059804771775,5.12653126881806,4.7321619113383,4.86330116398948,4.18513660558934,4.78632003349466,4.51171635828809,4.30531525758572,3.75038049901237,NA,3.42435462531969,3.95676239013158,4.41131310462083,4.16783050026109,3.96788857293402,3.98689531147367,NA,4.85491910641757,4.81567991601615,4.73160842787671,4.31471624860774,4.54143128940014,4.56347753573009,4.63307366656593,4.10373772407569,4.0830822585096,4.11548332111978,3.94066353978945,4.45266708182567,3.92904312874098,3.41474628531501,3.42614470353436,NA,2.87438575461307,NA,3.40008095446014,3.63723259834727,2.99160293518882,2.81039627586934,2.99466995176085,2.84753232467464,2.93453268010909,2.94401423603577,3.02317755794833,3.23795042139389,3.0164388150606,3.62133157842254,3.09943705719024,3.69793312506118,3.88090274495539,3.68715572320488,3.61002040753287,3.41545822178926,4.30240097836524,4.23783008413834,3.69041148131713,3.9874369318456,3.99706968933611,3.54669672619755,3.15705757841821,3.87101157503762,NA,3.64553031548471,NA,6.03873811867317,5.13504263431091,6.4545089982476,6.49981346111079,3.76114357857768,5.43975383453266,NA,3.54719721170678,4.01299358550733,3.23437331869355,3.44374268853677,NA,NA,NA,4.0550736180789,3.85563920334587,3.74846975465403,3.65421926714245,NA,3.37786670933837,4.21137506421418,3.5688614639552,3.96215221301369,4.16444792871225,3.86401825964026,3.90773299326352,3.53112919042002,4.4188389462115,5.16888613992984,3.80269076054173,3.83157873285506,4.18431840516886,NA,3.57163315767,4.3511226159467,3.84308623373197,NA,3.47236044462792,3.3345632220825,3.30493658782724,3.63408631475178,3.94000244859101,NA,NA,3.61259147766571,4.21791420166463,4.01349559879394,4.02757843116233,3.82687562788347,4.37202765974831,3.86383833255832,3.26155254645993,4.27379088064238,3.61772399865931,3.48044957768517,3.77897042051539,3.23260046187076,3.46432177467594,4.39377606340135,3.47579650617541,3.07409945053169,2.93279400056639,2.55403011086832,2.69604296260288,2.17365767116641,2.220327654714,2.73466413332674,2.17570289882681,1.92678110435252,0,1.65606177645202,1.92093158820737,1.77194604211134,2.32811835527569,2.53169617088534,2.11547331310277,3.48904402667576,3.53566774564595,3.30505678667791,3.42434379764109,3.2823119071709,NA,4.39883698336556,3.87320020622184,4.42044090261728,3.39778042733114,3.71604865022318,NA,4.20037058336403,3.61477372091271,3.47007246200571,4.45508519219627,4.51805748768063,4.40741534281142,3.05632864427779,NA,4.36090068293991,4.31114007468174,4.40691373120031,6.10854830828159,3.89852672405349,4.16920419557972,5.25392123810682,4.20475571066587,5.86731271608194,5.07005019920941,2.68207215417014,4.31283155110081,4.23416957245139,3.99504018311583,3.8002803083897,4.37806695547254,4.82356484242527,4.38770140797238,4.21267740287679,4.12328503086167,4.24766243876429,3.92439986225652,3.70396608412198,3.49185693169501,3.07686763045215,3.33857714184228,3.47960945661234,3.56284573494032,3.12532103963726,3.1779931304218,3.45619531435936,NA,3.19618308502799,2.89681207166947,4.84359015109101,3.39544680799714,3.10531221732429,3.27092876591669,3.1251687657362,3.3895375708721,NA,3.2998121854512,3.72264585916795,NA,3.70801017452909,4.14221575193106,3.91133370198165,3.32059179736171,3.41689463965752,3.64461925360154,3.61030318766835,3.22077738796925,3.01986415324031,3.32437946445279,3.05214594348909,2.77127361429893,2.84790464595728,3.0620319047942,2.58033612138573,2.85333508062648,2.8913241040631,3.2054864924203,3.4120404840697,2.43714894158033,NA,3.54937857949346,2.93326250962888,2.60639773521799,3.8745185615527,4.64952888409216,3.31585924783681,4.0558617974495,4.41530366164945,NA,3.33605501242883,4.129231700597,4.19729038370923,3.82832005453541,3.45980861773463,NA,4.73000175609452,4.31330909758537,NA,3.73150143842424,3.29013374750272,3.04149270027674,3.81756981330852,2.99097361679107,4.3272289488092,3.71458899593364,3.05080255482756,3.5653337629069,3.96374101901358,3.92888845488751,4.02379107193526,4.20810613171463,4.1737001094469,4.15643447104656,4.00028986397973,3.64645466906152,3.47687598648075,3.7361451819474,3.80938098087169,3.95192206536291,4.51116939970271,4.44191120909658,3.80087303868962,4.17961356539021,3.48356444234495,4.43711318388498,4.16533023732341,3.45285372349816,3.49647669512916,3.29858214884015,3.4545073131254,3.7307806923936,3.45320146314206,3.52433574298041,2.90815462187412,3.47136629233112,3.77861788739709,3.26760241907031,NA,3.10473092030547,3.30995609242144,3.52571470798647,3.61977214905193,3.75026127166345,3.47524465568861
NA,NA,3.5807764153801,NA,3.4572524471063,3.70483063496678,3.41570050370258,4.08088648829896,4.56153198168037,3.63372778589484,3.97820677924628,4.40134800919561,3.40541927327275,3.652930036882,NA,3.86217961520531,4.07655051340308,3.95349861923188,3.75926059776694,3.73925428546768,3.2327503603711,4.05298032852377,4.28155476411965,3.09971352216975,3.54021216207041,3.69780070248793,NA,3.62195880937735,3.39191800067774,3.47479295201307,2.9020745079775,3.10959858627623,3.15408762472694,2.99812052083803,3.05379866906425,NA,NA,2.82767101133622,3.41952085936968,3.54622723824963,3.16761689536115,2.99736995449117,3.02740229864643,3.63982823359896,3.56411516059762,3.71052766902648,5.03355698476182,4.16950161790704,NA,4.50479155362431,5.61812985148181,4.41225215345919,4.52641201954685,6.31136947951793,7.85581771226535,8.41646888817754,5.61087706343924,6.8101414082844,5.64167121285783,5.74189933015424,6.3414497793563,6.47013402191864,5.72575879776149,5.02160441870516,5.53599762364576,5.13695469491502,6.16335334778775,4.68820985663623,5.20831116067344,4.2956212892338,4.55706353188972,4.62450381284942,3.3673888412452,3.89921053610055,3.45086496763047,3.60083500900119,3.58786058956031,4.09245435969687,3.72243758017917,3.59602827224997,NA,3.23669194740551,3.63669929420432,NA,3.81194427104599,3.92637976066613,3.85950629245757,2.9364413999644,3.72756046402978,3.31142165901087,3.89705651485972,3.6522348268692,NA,3.75135470338612,3.51229508900837,2.85953321400275,4.41549743067002,4.28788883509667,3.97952835070138,3.95499669683076,4.12809245264472,3.68160709277065,3.05734824536789,3.27734196353695,NA,NA,3.94296059624235,3.95502573018302,3.64519037799114,3.51203688078443,2.91002440956663,3.6065132325548,3.44186660594409,3.96591941158644,2.75905818553726,3.15918746240089,3.50855166759061,2.66741213462352,3.31101296078477,3.46119134170302,NA,3.83537263948957,3.82724981742432,3.84811588075915,4.48556040878719,3.26311237445224,3.92598382533316,3.50778163056584,3.66089689105264,NA,3.7030697326586,3.79443960709549,4.56442308065442,3.65893233625423,3.44092817224704,5.37471930951608,4.0433562018257,3.53913636694968,NA,NA,3.47516687988618,3.41004971179428,4.24906452669954,NA,4.34788872616363,4.57133518800557,4.49720134072675,4.23303221336023,4.62844986662978,4.58254330249429,4.76477957478073,3.60150873825527,4.89333974688871,4.73255067272616,6.70870625898273,5.67267204834395,4.58508783158123,5.20723447833387,4.36335435687462,4.14219787670184,4.71211350610336,4.34187045863403,4.47032156328267,4.14417765825905,4.11584258296141,4.18257392718554,4.30720668122596,NA,4.29818838128341,3.91156085757968,3.75258437955333,NA,3.9672473067326,4.08478493214348,3.63316495322822,4.39929407090925,NA,3.83611190853793,3.84669088145748,4.42470244839839,4.08978021860522,4.67479887992467,4.18551759281038,NA,4.53792772571032,4.05648428014584,4.35969269215992,4.04022235572291,3.7052177280205,3.94295304735506,3.94547181989507,3.90601265451179,4.03565260334769,4.38157739181037,3.93007967324211,3.76852499506677,4.28923725639443,4.30655249212197,4.40147701326212,4.08732528769258,4.37224969910309,3.60615856474393,4.19652335662412,4.16947075401862,3.35862594032135,4.27315096135052,3.56986282776106,3.75228299644723,NA,3.75642660834802,2.7795229329629,3.10062619685695,3.26803888882116,4.54098892539666,4.5029483269946,3.75146133375089,3.3882077023785,4.43298417987474,4.75442927865319,5.12372125731295,NA,4.26603350671426,3.31607443756052,4.6951763326302,3.85309677328134,4.1099977257748,4.04453298066717,3.96496986219126,4.04235249256961,4.22775398557107,4.31583896343433,4.40813401952839,4.44753641201304,4.72031177469683,3.92355078936031,4.60440016070504,4.33317146301228,4.48233959493945,3.60657961324624,4.0011401612397,3.66689789979989,4.90919069560765,5.21413504849831,4.90261260354653,3.76071186139612,4.03266770289543,4.24924277450968,4.35036485398327,4.40296894092987,4.29666420198695,4.23112517748388,4.00849347741326,4.36334537954368,4.01272224567316,4.17265279632522,4.24978964846924,4.77135386378025,4.32357818069147,4.65794487819108,5.02375432157366,4.61469877903137,4.72887477304396,4.17325304058257,4.61786410817675,4.37484546882858,4.09202170717745,3.45047071336025,NA,3.17100784154029,4.02806301046174,4.37102887434431,4.00564140056706,3.76226716560052,3.70983035597426,NA,4.79260746329056,4.72342160897165,4.42572906084848,4.14152569199574,4.24142961696187,4.32438044323091,4.56006065181492,3.79387339359875,3.85015108545155,3.79166045722053,3.63845049804763,4.26261051965962,3.68426239014469,3.05690444131151,3.13940867944181,NA,2.58219566995317,NA,3.24193441740405,3.61305896178948,2.61112015256429,2.39259533368078,2.82718828794045,2.74555951603082,2.8255119619247,2.83642653319313,2.83032256808635,3.11436554024221,2.78644800375552,3.61597261735079,3.05344788972126,3.51814713265895,3.60869568297729,3.55831942715839,3.55581754063375,3.25092811587254,4.26021025050481,4.26387451602788,3.65767829213602,3.77516089922774,3.92180577689738,3.45050383573805,3.05918063261623,3.8323029967629,NA,3.54478302491551,NA,6.04231472662885,5.08149502001325,6.41994563196408,6.4499096271925,3.66409625832072,5.45610630529178,NA,3.39511403348942,3.78268094008391,3.12488897154051,3.32305816746599,NA,NA,NA,3.90217605965149,3.80824125314592,3.64197348126517,3.58866395647929,NA,3.23627663708344,4.02940755047018,3.43595190994825,3.94164682078759,3.97559674762134,3.64152728234642,3.7714884142305,3.463836897784,4.39427414361304,5.04706430442913,3.53612514937409,3.68783763745927,3.95518281430763,NA,3.36727789627297,4.12498801584384,3.64099835649734,NA,3.20021025957431,3.35135803979034,3.09547908692859,3.38413722622708,3.7406466296676,NA,NA,3.4462018738962,3.9023290845746,3.6897573596636,3.71156619472631,3.57898870527466,4.08075092856449,3.52764864567096,3.11156294009599,4.13605505571528,3.39898563560113,3.26284324248516,3.60654661145691,3.0809365784726,3.30726455327449,4.23503924696086,3.23810730577982,2.76916963800443,2.74995081022496,2.21527850383256,2.44330580239915,1.80637056875835,1.85728216173647,2.5281835836717,1.87115612469981,1.70890628636267,1.65606177645202,0,1.75733948069634,1.84255148886143,2.13260411222237,2.62985414368759,1.99279991827199,3.44350939230412,3.65398536702075,3.22922989437938,3.30355473604326,3.1330140595369,NA,4.21547434821618,3.84872393660327,4.21859057781106,3.3711930761979,3.72039466823262,NA,4.11009614207992,3.48310003071172,3.27221008789642,4.44245873522267,4.41792282675962,4.35557600478677,2.89980686899933,NA,4.23578710054952,4.20274496393824,4.31506249168867,6.05226471178409,3.78798907842798,4.00223466089141,5.18677659852305,4.16386375835121,5.76759881082592,4.94990973465532,2.50026808377996,4.10240553766637,3.9973229649539,3.88322523104659,3.65878655362152,4.16636094053509,4.66451184672461,4.19434668923994,4.01826121697221,3.92564539933878,3.95111524742864,3.72401061554188,3.43409108925383,3.23512724504834,2.85389888602597,3.01544093264654,3.10755172914997,3.29350414406701,2.79884981197121,2.86805201429553,3.20009454617378,NA,2.93058499664899,2.53257017331627,4.73222066477219,3.14457260550855,2.76577295711502,2.96712790247808,2.91097157877697,3.06720057305175,NA,2.9782129415994,3.3828386189115,NA,3.37925877128917,3.85883351662203,3.59390261129486,2.95555402740301,3.03751951260838,3.37826376187579,3.29588553423547,2.86580345366556,2.6515243359619,3.205537319896,2.77904976586941,2.49375065894699,2.49045884052316,2.75369256861321,2.31680959960722,2.61535976570673,2.7956952301702,3.1138438308769,3.24202445081438,2.12829950881211,NA,3.27907454962582,2.54312418596842,2.44867340755865,3.76635596201803,4.5051655364832,2.98857084363579,3.70157534290112,4.10374807330042,NA,3.02309712197357,3.93122089981928,3.91695142462942,3.57062454772531,3.24488014424406,NA,4.48346699851893,4.09558491286752,NA,3.56515711184058,3.19040227931156,2.94999499528894,3.65247021592442,2.86082925487114,4.17688507281159,3.48851149333489,2.90073630301801,3.51645933799233,3.84906505536934,3.79214957744782,3.8151998193963,4.04991234121564,4.00609740306696,3.94841568543904,3.83158022077655,3.35669301642414,3.32192432290438,3.62336516834252,3.73124807713193,3.84126141564884,4.4660106461755,4.35910939061363,3.71537132388967,4.03161813094511,3.27220012659727,4.2353626508167,3.97249921075448,3.23631710128304,3.34663520611895,3.10431410179403,3.23807790659583,3.52015398579971,3.23551790716668,3.29711686773602,2.60133980635003,3.23722513696128,3.57147905834714,2.96940175749415,NA,2.80758507833402,2.97394782346666,3.16979533115253,3.29571520091944,3.3986327591411,3.17226657582807
NA,NA,3.78797862178053,NA,3.7135333108182,3.9939490219855,3.73875931328315,4.22460219102349,4.71047314969923,3.80648550109423,3.76271176695108,4.31085184776037,3.6789800249668,3.92651840536499,NA,4.07842849815169,4.23520342439722,4.25586106487081,3.9824811683855,3.99790312855733,3.5486059787098,4.45338215412792,4.45877349743597,3.36185098321099,3.73819373561092,3.82749029499289,NA,3.69110116832324,3.46742710828077,3.48896156766862,3.13788195311799,3.20319978018141,3.22395486608579,3.10094455567125,3.18817983096184,NA,NA,3.0683737154351,3.73595144558636,3.86464758804048,3.32817631734356,3.26112883636568,3.16763293971167,3.90918273735536,3.64697005004176,3.98424621156836,5.18908830522511,4.34664043638041,NA,4.73337066783621,5.70743329518069,4.51704207159604,4.63955530420015,6.33123745929756,7.93294396569914,8.43537918191468,5.7110126692758,6.86173775706834,5.71453817167931,5.75718365865379,6.39271078092539,6.50353943258384,5.7660803720344,5.14734757517151,5.64031766600764,5.32254142137841,6.33587324726519,4.89408538018223,5.36008424256625,4.49956414766805,4.85277658950972,4.90795023038759,3.65600674691519,4.14909148124482,3.74240151244119,3.89117528537858,3.87236287394098,4.39541721473415,4.07383063970997,3.89636683114427,NA,3.57204532222624,3.89038280511705,NA,4.10678119120228,4.17522166398635,4.13912784827034,3.24595756073883,3.93346268776954,3.64532547371444,4.19345496688784,3.99273475671331,NA,4.07367442435012,3.8241277742249,3.1831381259899,4.64999062564398,4.4709481143113,4.34220403269623,4.42577605515071,4.53080517887325,4.02561897710559,3.28618133392436,3.7167445960498,NA,NA,4.48637860660611,4.33898016134925,4.04492525126422,3.96858434290411,3.17514950144721,3.97209109504061,3.84635362546219,3.87718453623204,2.94295418552253,3.21413772478587,3.73045648555578,3.05308846319666,3.47292848079792,3.5957259447541,NA,4.10467143141856,4.0855292554518,4.02213044555437,4.75727358676936,3.59960078040223,4.22446214165274,3.84980906961487,3.98673626079211,NA,3.90545186597719,3.8883050230573,4.85047001354841,3.87591317680209,3.62945894367781,5.2452936862358,3.95174507353942,3.69551635157662,NA,NA,3.60747271814861,3.51760829015641,4.43589646749653,NA,4.50298292711474,4.70395960843773,4.64871235945699,4.44491006128743,4.73775933463303,4.78426844861988,4.97019677120759,3.83840290482872,4.83073915754919,4.86951473425484,6.71944676246768,5.68156532502798,4.61097759482429,5.27431891172993,4.54555710472913,4.30434368597783,4.84389414126822,4.52973185189003,4.72217873750561,4.39494685894773,4.36134525321701,4.40608012108205,4.51426747440771,NA,4.53097343584863,4.13920347208859,4.00512607645692,NA,4.26379375649231,4.40128201251377,4.02336167194281,4.72652048233463,NA,4.09965209620657,4.21873745160447,4.67558510292123,4.46399199081268,5.00342371429122,4.48878965950879,NA,4.87091708146136,4.38777091031266,4.54118830458489,4.3808655937819,4.08908552846093,4.31454831327896,4.34740490401245,4.20120030805145,4.30335086493715,4.69506035878083,4.28961176248479,4.10175250596428,4.64004164408825,4.71154820998417,4.79840842299351,4.48559070244474,4.79081975681399,3.97813792028639,4.59875099538559,4.44419882103057,3.69243045214598,4.51610682262292,3.94838018129127,4.10289702692072,NA,3.94744511674342,3.0400178876828,3.38171580515191,3.62534164288176,4.68572139997356,4.5475185174759,3.78528070315636,3.41204825453115,4.56327676742749,4.93300634582102,5.11052937007744,NA,4.37023870861645,3.44848723233805,4.88857419957328,4.09827829154944,4.40694913159666,4.24647253068474,4.13970478860721,4.25943757658692,4.44531945331694,4.52363878774524,4.61638188490653,4.68051193237581,4.86841887477378,4.22707787326585,4.92626559742227,4.70922327678143,4.93344452384336,3.91755350269999,4.4038684722938,3.95950518314699,5.05423188269499,5.37307250168327,5.06968252302237,3.92490229735039,4.30513964731592,4.49011610070636,4.63336357542325,4.65652896721472,4.61954518108639,4.50927884959308,4.3308770543737,4.69977125523,4.3717966308949,4.49969047955327,4.53878792386216,5.01577277767431,4.61315410315439,4.95277928619289,5.30183366413752,4.88672310314288,5.01479105452505,4.54639789456592,4.95010763442071,4.70549222966707,4.37719377953627,3.80286777502136,NA,3.57828199653705,4.37361764549947,4.60101536289527,4.38874135328738,4.17612204983015,4.14024875387724,NA,5.17289784980552,5.10004079292166,4.84939648138727,4.58863525749309,4.76678460010029,4.75034935964162,4.88457936010772,4.27074342947259,4.28322555228922,4.25125813169657,4.00445025509435,4.625449186522,4.06452924118175,3.50388843334033,3.52035536734813,NA,2.96742280161218,NA,3.54843457503015,3.94891801881301,2.92920120667343,2.62913240564942,2.95942108979857,2.78000663316631,3.18927918005438,3.13506693725566,3.14825209146823,3.41500490402723,3.01021875269493,3.90480099188927,3.33957948168913,3.79263390145373,3.87729323708508,3.88528970263261,3.73452703665132,3.48759822790378,4.6139686796335,4.55584357953564,3.9646275712096,3.98679895967587,4.17636205210248,3.82382191154311,3.32630088408437,4.1789508030894,NA,3.6413320333727,NA,6.12353664213664,5.24242763129956,6.47870702547003,6.53346175346779,3.89412624591858,5.61964388806062,NA,3.44764047655868,3.69132215670659,3.4809101470835,3.48427578753517,NA,NA,NA,4.00747684110429,4.00598469901042,3.84130865627781,3.84591145411762,NA,3.47010827482159,4.17617998611209,3.59558743884246,4.07679941460251,4.14272013592044,3.78695591259517,3.83435487626161,3.55718546873511,4.45383886575569,5.30204538595735,3.67322796888488,3.8203027675145,4.17779192238778,NA,3.51236964997271,4.2390950823311,3.84697977734041,NA,3.47185719425254,3.62850078050322,3.30370553786524,3.69884478268161,3.99838466116751,NA,NA,3.82302266593694,4.20845581935666,4.09537036667767,4.17240205005761,3.88286671200261,4.37281102407863,4.00923089127197,3.59720929994699,4.49003849001384,3.69747598821571,3.50253189185824,3.90145991116828,3.09705002823201,3.43780191436856,4.666981763141,3.63179689663197,3.19368738806208,3.01383086648195,2.50483445533783,2.8890503557878,2.35413317186883,2.25205200922045,2.67298632261203,2.43648448596194,2.12187417054617,1.92093158820737,1.75733948069634,0,1.36067401015511,1.38539271799551,2.88110765296776,1.71469262921364,3.38772452839977,3.81733872183096,3.29573170483427,3.33705462645592,3.07260545443104,NA,4.09681942312513,3.78802655382716,4.14118006911293,3.30208704592771,3.86792042010032,NA,4.22287299728757,3.61889673128029,3.43354043080451,4.63098391837318,4.38379544212699,4.51586532937447,3.18633843231939,NA,4.37094551963888,4.31282303388434,4.48001933590225,6.02054322224889,3.90639201206095,4.15853333878624,5.24193519629459,4.28626647629675,5.78328391169648,4.93731149782532,2.57189099543134,4.20981436099003,4.12610574381,4.04526419452637,3.7340737226849,4.32483569949773,4.71959408603522,4.30143700013218,4.04947015269032,3.8243477918148,4.15870195576282,3.86325547478586,3.67653803087242,3.46872624564239,3.14709354875456,3.32861345791818,3.41960381782392,3.5836055239228,3.03959308755315,3.19495565577167,3.54229964755681,NA,3.47898922196169,3.05955132231331,4.55743631706087,3.54961760043706,3.14896011138241,3.4025080158437,3.4044037146274,3.50214151574543,NA,3.37274977518226,3.9173203010379,NA,3.6877959291004,4.21762026877286,3.95021525134643,3.20337990202152,3.39357833743657,3.82047461831664,3.73946228958501,3.33753174257849,3.11632222173824,3.6645505533406,3.30751709536757,2.91478803818532,2.71355825915537,3.09889601149324,2.39993735511163,2.72975419473707,2.81776147087252,3.02028148687675,3.38845273760898,2.28885598581466,NA,3.73865841153177,2.37327980313349,2.25692942482429,3.0566548348699,3.683536953644,2.5442975291205,3.38551462841939,3.9144834714798,NA,2.88191017552799,3.91276443632566,3.91896595268926,3.64428332176767,3.28305298672486,NA,4.44228972307252,4.07927021316705,NA,3.60542385191936,3.21886239269403,3.04638868623511,3.61941676812162,2.9148037087091,4.27712305900215,3.75009812038244,3.04121040173385,3.67309781191118,4.00511285194659,3.8125264693532,3.90036734583389,4.05471141051893,4.01928971276259,3.99273899678973,4.05073930475072,3.30681989626109,3.53407175746674,3.90394013229522,3.64983979993787,3.65595881238815,4.54558559111322,4.45393833322087,3.80821084035739,4.06740416541582,3.3819287646071,4.33563300653796,4.14132211814788,3.41844509613854,3.35777841685411,3.19708294939238,3.43652414137235,3.70131071602021,3.40560457085811,3.53713744059262,2.84849338430871,3.51748084313776,3.83312220632173,3.27349267684096,NA,3.13024055926758,3.33995743868783,3.57385414281613,3.6963243817496,3.72550669398929,3.39067359482947
NA,NA,3.67088790285729,NA,3.46773640235184,3.91287748815458,3.63263226384938,4.20140647756342,4.64472460344578,3.70072056256728,3.74528411269009,4.23442905839402,3.43923810340404,3.83178497832444,NA,4.01465548928404,4.06557159540971,4.05847288501277,3.82972057729907,3.7931327873699,3.31964158678668,4.113590770894,4.24103538858325,3.23214773527916,3.55404894445955,3.62477137929423,NA,3.62953169348475,3.41075445774184,3.37027437594156,3.03810219952456,3.01219044996336,3.13432840527237,3.12535149295474,3.16642638214366,NA,NA,3.04854787948623,3.59771049246257,3.6779966318371,3.31471888108278,3.2356825363365,3.14824153191759,3.64362377094529,3.64466694647491,3.9133815006551,5.0860235573826,4.20304020319188,NA,4.58665238001688,5.58737060290631,4.44351254053465,4.47139723697368,6.126948247818,7.73813893167616,8.36608270774671,5.5340771448562,6.772105745016,5.6237419470846,5.75410145038579,6.36358234323548,6.48159360847404,5.7515714679039,5.07040239333384,5.59781095643972,5.18511734656776,6.22031214044044,4.7767078136077,5.30689641614798,4.45140432649516,4.66070806178343,4.71814377903352,3.51990442791315,3.98514868983314,3.55712125122368,3.76709888222982,3.78269644279811,4.24548535193154,3.96364537440386,3.70653521651545,NA,3.3988098674639,3.74017035552363,NA,3.95964720807285,4.05679109398252,4.06135452776555,3.0336386082933,3.93679118232397,3.58807767847976,4.17169361345344,3.9063638653179,NA,4.05149098390028,3.70909158569574,2.95407443098342,4.42986635384848,4.3306984436266,4.27307396472497,4.32805759497751,4.47906044607275,3.94654359939257,3.05329509296151,3.5177951103385,NA,NA,4.29463903742683,4.31385666276111,3.86970126414524,3.72562555343154,2.88846412272238,3.74176192319009,3.66479331317719,3.79924836522681,2.66123719329083,3.00202661349126,3.33557734203804,2.80806668586029,3.31509777296918,3.41832937050704,NA,3.80625605579454,3.90067455482574,3.9035287685432,4.56843187442797,3.42293346424336,4.00618088074465,3.60491417021925,3.82852372455502,NA,3.73952793927645,3.78199860116478,4.52354893445502,3.59599257032664,3.51023432051269,5.34291398958019,3.94550777791319,3.52476616012994,NA,NA,3.47951369693826,3.45328074783944,4.33123820173488,NA,4.40774086013514,4.47947939614823,4.40745447160397,4.21518343060431,4.5978171922098,4.60628023473304,4.75647866409241,3.65016927638831,4.84482301761065,4.74063758864553,6.54196231054826,5.44997377286158,4.41546533967816,5.16952204673238,4.42663606123794,4.16612104338721,4.69090679517962,4.40054609752566,4.59956495514397,4.24262072728399,4.15701432970739,4.23423878547298,4.37144319252053,NA,4.37655699106774,4.07340042216587,3.91261690167208,NA,4.08381251898909,4.23566910917169,3.93804349574354,4.62952563801811,NA,4.0238223940477,4.13135862077164,4.61109100500637,4.38187592860128,4.80618762015147,4.35802751696194,NA,4.86517609576013,4.23312990603896,4.41025344108763,4.2214644230221,3.94473177921975,4.1556782513626,4.19290031943049,4.03539985851969,4.14929393266808,4.5123501759127,4.14231325101718,3.94393266283548,4.36508762251788,4.53582205619276,4.60946255894987,4.29745192779073,4.5556837550743,3.80067501318912,4.35632389849009,4.23794076628199,3.55478902860345,4.24817691580254,3.74060036472507,3.88906468179256,NA,3.71834697988405,2.88871687456441,3.41785946392832,3.68549860262755,4.57148136720248,4.48406297026311,3.75887406060004,3.31090212124769,4.42427563921721,4.87343581580829,5.10948171579547,NA,4.12236144390669,3.18578641871605,4.57985063764102,3.78954081221824,4.0810216330355,4.02958299624032,3.95638002766986,4.08602777184902,4.24601379526006,4.30249289909921,4.40690198876968,4.44150956917548,4.66224525660177,4.01582630079299,4.57487676013999,4.35240764586429,4.62515935872361,3.68381208619584,4.18504797668858,3.7100901217438,4.92312050198707,5.24171348545452,4.89936558438811,3.7968320409238,4.1173864442791,4.3063269270977,4.43491819582759,4.5581132165798,4.49794388904176,4.40452345570211,4.12036462295969,4.52228083718221,4.22570989620281,4.27835442919205,4.40262504285302,4.87438729385677,4.45184813229092,4.82703266351426,5.22393578430283,4.70593231681557,4.84543486926288,4.45003240872964,4.79953193543461,4.53861405898617,4.23910772045171,3.72234877979522,NA,3.53247873492035,4.23475760877725,4.49054252820947,4.26576667091031,4.06407069396579,4.04123796828066,NA,5.01176959334195,5.10529689151986,4.84015522322401,4.47576824301439,4.62529540845365,4.50787799419672,4.69733803404774,4.15900183442188,4.14035331150184,4.07260629751106,3.82831891956695,4.40212771263474,3.89488218307324,3.36260115175334,3.4015961115787,NA,2.7978972008743,NA,3.36996573055315,3.68392528408931,2.8619885327341,2.60597309959139,2.75968672584731,2.61768829342483,2.83992815816741,2.83744994197311,2.79668438514516,3.07269292632609,2.8068168933466,3.51750916606665,2.98785971111468,3.51709027824759,3.66964508647332,3.64401393017072,3.51882245318436,3.3151572912712,4.35528233652243,4.28416817315643,3.74842283156558,3.91836394814792,4.00359658636136,3.66395198659446,3.17903009867366,3.87196860058923,NA,3.59165810733026,NA,6.00907337734211,5.10944490124567,6.35272146404004,6.37879611939148,3.72977978720413,5.37843257620378,NA,3.44007185789439,3.7255047499543,3.31654097075784,3.34068874246941,NA,NA,NA,3.91233285104056,3.77100959536298,3.71018921305259,3.62450470574721,NA,3.31029225422677,4.06792752496927,3.39363990829511,3.92012734834112,4.01054414384076,3.67357689927402,3.79072954863832,3.44860676807683,4.34872769848613,5.11167946625626,3.58986231815071,3.7227814357288,4.21930209394963,NA,3.48004342953138,4.16838611264006,3.73084779391042,NA,3.447530062463,3.55369278124239,3.26036336629932,3.66681167700218,3.95234430792491,NA,NA,3.75738876514082,4.2188798788306,4.05979728854954,4.07984577827831,3.73594964899414,4.27884081234856,3.93069977490097,3.39113409669441,4.26053795620498,3.54611505699813,3.34321960831963,3.73944093695248,2.99030167057718,3.27901897216933,4.48974617715445,3.62611505209619,3.16314787193256,2.83260953060309,2.42287940150502,2.85958181101425,2.2269483436052,2.18518615230133,2.62095051047608,2.50666274796467,2.01947804290416,1.77194604211134,1.84255148886143,1.36067401015511,0,1.56328460061644,2.4443185890715,1.23833649454871,3.22404085734778,3.50690969781495,3.09970439460482,3.18512758562022,3.18254443070327,NA,4.09758169880172,3.78720516232437,4.13240980761272,3.30577133184624,3.67819518948632,NA,4.17863740547915,3.55853310846914,3.39989088979237,4.41194186632651,4.41276158676648,4.32629949850208,3.024241706226,NA,4.30113677858341,4.25921826318975,4.29684096131012,6.03839158622983,3.75175712972785,4.02333817818003,5.08929946259171,4.12708155572165,5.74517989983241,5.00336019343752,2.54328192691275,4.1716689340103,4.11184198756282,4.0091166059114,3.74532808161148,4.37890713996939,4.8276906712469,4.38225437072459,4.13852387206034,4.0920514877583,4.27778476538108,3.7536900760002,3.61288194075178,3.4020027896457,3.01427679833769,3.218247943453,3.40026892759081,3.45638840402653,3.01760117142089,3.06126655102504,3.34556775474963,NA,3.29740368144357,2.98497802510669,4.73938441819048,3.38445399410652,2.99948286797012,3.23784207644075,3.1385834818164,3.34605588513951,NA,3.2859759171507,3.80010652954737,NA,3.63765854446139,4.11439601406742,3.84754448626282,3.17295001272007,3.32148891116162,3.68114334207644,3.62271677180059,3.21631340889563,2.99280489073886,3.56158659702149,3.23557644008765,2.91720297795628,2.85265611572755,3.0194658936493,2.32926959120463,2.6794330619158,2.79334026064525,3.12116545256434,3.41993309898391,2.18464341866931,NA,3.59436756114466,2.50524429475692,2.39857044225558,3.4125649433167,4.02626039753686,2.74633181836472,3.56266645257932,4.16398866589994,NA,2.94298385039536,3.81054027548269,3.95657045052105,3.52446023640016,3.16703981112631,NA,4.37539464049371,4.0875485206747,NA,3.53913653207564,3.09683983731441,3.02659199607063,3.64075965749066,2.79894268362434,4.1789434819904,3.5729720805269,3.01570842511223,3.55450430412543,3.92566847696832,3.84944917053768,3.9056938561473,4.15466966237296,4.08467864239931,4.07223382553227,3.90897222281049,3.47333429663459,3.51106783945506,3.81010035705175,3.70184740580426,3.70624008958646,4.55620545737408,4.38782292785305,3.69898135711534,4.11344537304503,3.47374452725994,4.33717002143205,4.04707191786433,3.33611699402826,3.39763251800769,3.21990910191424,3.41682957758946,3.73434984996707,3.41244048612221,3.49060431310878,2.86931626814861,3.50119130902692,3.72487272036205,3.24691593323052,NA,3.14035091644495,3.3969113102399,3.55608238837439,3.61905224661474,3.62058877984103,3.31279549364065
NA,NA,4.05891086771061,NA,3.94993894452963,4.24729650983444,4.02834345553507,4.56007713957028,4.99218497386909,4.11734296304614,4.17634000302728,4.67285944913238,3.95448233538601,4.25263737095924,NA,4.37590404685713,4.41858998557051,4.41410515895384,4.14453901056304,4.12375736672693,3.72435624729083,4.49639540227015,4.52068421413572,3.55597854321161,3.7940161705863,4.03385399055249,NA,3.70622666629873,3.54322089032386,3.48143765109393,3.35620154423299,3.34047341701666,3.35510657923739,3.25632632399608,3.28931839462111,NA,NA,3.17995826721166,3.70469313105243,3.8448565945028,3.33722994558691,3.29984557858052,3.27905360266947,4.08133200530743,3.79827407804418,4.25177130892094,5.39008633886004,4.64844333281455,NA,4.98489758342143,5.94778353533343,4.80227520126348,4.93125347003084,6.49489255971914,8.05409473108817,8.60115823963744,5.84045690431968,7.04880515399892,5.91202827362517,5.89435246257642,6.48535013889629,6.75057981718793,6.00224872040425,5.37524778510174,5.89237582797776,5.50929622307119,6.49691787254519,5.12827125941784,5.64557643391391,4.81608400183986,5.0650279887057,5.11616807695902,3.91436582506322,4.38579643993047,3.97539029889326,4.13155683029473,4.13927193799237,4.61409366921987,4.31964468839,4.12400423815442,NA,3.80870925753436,4.12365838717518,NA,4.34449876255988,4.43195560267228,4.37855519591874,3.47112234550457,4.24670149173015,3.89923759378473,4.44888065888321,4.19520747668829,NA,4.3100503412686,4.08505835585119,3.40089654895576,4.79930930313852,4.71568322055724,4.54854168345006,4.63871227239697,4.8133238161568,4.26641791765353,3.49787176085436,3.95325656051833,NA,NA,4.63562238878034,4.64633807146621,4.45074236195027,4.32345583246723,3.40547386036168,4.33879102295115,4.2552141882848,4.30679930977479,3.31312679428478,3.53034967050314,3.98953950423932,3.35258183478793,3.73929543410755,3.76940694964607,NA,4.32603654005293,4.32567850455259,4.30592214713087,5.03708555405712,3.85970922030188,4.4890389954225,4.07409024075057,4.20022705965209,NA,4.00815580115265,4.01318335792572,4.960556904402,3.9969793478185,3.88700215670229,5.56967557802807,4.31420421039053,3.89103574529819,NA,NA,3.9169527822815,3.8626019057318,4.71091029436792,NA,4.7273558314697,4.83038046783944,4.7812860313512,4.61865635205387,4.99566210030684,4.96449312267096,5.1967265142563,3.99300058081572,5.02951993386803,5.12034256735337,6.84559807727613,5.7705291869875,4.7538687298252,5.4804950026157,4.79743594355357,4.60659856197833,5.1412310266964,4.82124205773632,4.95664075540461,4.65198367519447,4.55170391032084,4.70028522992624,4.82966590631357,NA,4.79304527699205,4.46154579941623,4.30080645177818,NA,4.58495425285337,4.73374037372052,4.40296877111587,5.08615922518355,NA,4.41345142459122,4.4530686250333,4.94983303523929,4.70793611778791,5.21764393771133,4.79646475201311,NA,5.17328246545779,4.75953351777103,4.80031410865533,4.61522900744434,4.32061299159187,4.60036024459002,4.62467016535173,4.47273545284327,4.59798703025119,4.91141124190272,4.56957594246431,4.37309852718728,4.83805404453111,4.97168689988754,5.05583831081142,4.7609602945762,5.03269438613473,4.29311007616714,4.79409652305738,4.70893550944775,4.09737555939854,4.8031303286831,4.27736432191487,4.35672154996205,NA,4.34192229902387,3.44180259129452,3.88073988042493,4.15414799117352,4.92352611328105,4.81620115088803,4.05889311922873,3.652846994525,4.72286601720951,5.12724714392712,5.35184707404815,NA,4.61084503498306,3.80335757772887,5.03354634474734,4.26459001169248,4.54609703048952,4.4472037633832,4.32261317620674,4.44642936859604,4.69812560437312,4.72949367935137,4.79601728507215,4.84500615513209,5.0294925948579,4.50669482291117,5.03281133364321,4.78257362685656,5.10557612677418,4.16017572231996,4.56620323644263,4.20023015619027,5.31197108968639,5.60473034317169,5.268560760599,4.30050713292633,4.61969448673181,4.77831165672073,4.86357799783147,4.91248453179085,4.90516302607788,4.80536272954996,4.61326095434045,4.93246608337591,4.65948587291746,4.78229626139535,4.86553746991211,5.30736877426721,4.87767585214544,5.20700808804995,5.57244440995395,5.12092657021976,5.27158705118502,4.87673385310972,5.18465897622645,4.9952725272793,4.65927268617319,4.25368002522826,NA,3.96441809332437,4.66646415755289,4.89954178854839,4.71943329019833,4.5004407849615,4.5917673178837,NA,5.45969526616652,5.450971553463,5.18281452701202,4.92515379432602,5.08722507482429,5.04487386340296,5.20842268779075,4.60391288499622,4.6414835755315,4.61366213113034,4.42695445367167,4.90325289871817,4.5418999219143,3.87293889694345,3.88166020830767,NA,3.31215868451587,NA,3.82409383293268,4.17478551743142,3.2194454422825,3.01282491008132,3.27801002005377,3.10585992183542,3.31622204927499,3.27750689531265,3.30844344518047,3.57891443882532,3.27554829184248,4.12944682739625,3.59351093410529,3.96747301644197,4.04813745523234,4.09345545486945,4.01382750538588,3.74270323868647,4.83871167144809,4.79107565522262,4.18939874137785,4.20672393490531,4.41282462246308,4.11397122045963,3.60774022227864,4.37298973668322,NA,3.99279959594484,NA,6.37016092565981,5.47620151584336,6.72013998094905,6.6664615950911,4.13206396998492,5.82419954634048,NA,3.80178747714478,4.15777814287788,3.74740900589035,3.64897526250724,NA,NA,NA,4.13372925913165,4.16818109682712,4.13085780637654,4.09657785970759,NA,3.7032422202373,4.3749509114775,3.76052032695308,4.38013362916296,4.38116425286857,3.99741544440001,4.13814187472126,3.8982247290441,4.73494019622023,5.48750505842156,3.96074838911454,4.08323827370808,4.5034358346494,NA,3.7545471769441,4.42487515254531,4.2179791695204,NA,3.8959385836755,4.00604029650858,3.7965622554101,4.14400786802268,4.46808546888229,NA,NA,4.1798759804698,4.61050532062092,4.5490265299447,4.5240506585563,4.30979103670829,4.73656767122193,4.43357622609498,3.94595370366424,4.69732568874374,4.08024750588012,3.86606923284818,4.15999583313086,3.59451913116884,3.89004385569161,4.97578232736623,4.01262588526016,3.58111399389567,3.37416365357602,3.05162373620378,3.38503812924906,2.82876885808851,2.65855225532856,2.91220275580743,2.69837573896848,2.61110755566528,2.32811835527569,2.13260411222237,1.38539271799551,1.56328460061644,0,3.04787204678186,2.04280383160874,3.42471884418715,3.92948306341853,3.46220803738623,3.46515217899906,3.37562607543151,NA,4.29629990409263,4.06613315914885,4.35082426986686,3.58112032755801,4.09239477858902,NA,4.50200044007947,3.84027309683707,3.63096810712503,4.78156062954872,4.66311542745483,4.6743688746611,3.40284888541412,NA,4.59792510222829,4.5744498515044,4.64707568449243,6.25625223207803,4.14293740282877,4.35894864768854,5.44714786192014,4.50173998345012,6.0727045597677,5.22939352097949,2.90611444025552,4.4093906797691,4.37964120514022,4.40899509294489,4.06921071529586,4.69367938753138,5.08850018746614,4.65662649153876,4.38274281737543,4.27410139954967,4.54800795940547,4.12691232389907,3.92587322967313,3.75744764595209,3.44649135350903,3.60095520904335,3.71290971574892,3.80954602691324,3.41153750577528,3.54451653732299,3.77429101354011,NA,3.75228963067242,3.46317378077553,4.9351420579109,3.86765095829531,3.47401172219426,3.71051497937147,3.6415200751883,3.82684865036678,NA,3.77241350506002,4.25763716102373,NA,4.08727892063029,4.51694938993246,4.29377631450733,3.7055837315616,3.86100523957171,4.27133782032973,4.15047402037238,3.76251947506852,3.47317695542618,3.89036253062503,3.6525957595412,3.3270462134882,3.07582623424348,3.41952817634335,2.76786556872629,3.13104523089411,3.2064674997174,3.49407527284042,3.74112503977478,2.70233377716548,NA,4.07453433367102,2.81110177586129,2.69094343882749,3.50356179413202,4.08181466815379,2.95651127149391,3.74204924697781,4.24503173401213,NA,3.10401272915392,4.18190017858767,4.23805083268796,3.95149323070081,3.59910335620525,NA,4.73314370896861,4.37094933769265,NA,3.90486190537534,3.44938702551971,3.3763908421226,3.95435919884962,3.18735457526339,4.54861817375501,3.90561953998473,3.33026616413424,3.87880641861969,4.23451973407068,4.12358792072695,4.18399339367908,4.38166463103073,4.34986370531396,4.29669600349324,4.28120373773183,3.68106767037736,3.77505517577105,4.16281239513846,3.9369207943033,3.92897551273162,4.84205543065271,4.5936116394933,3.94506906517079,4.3667857921586,3.70014076855601,4.57151280319219,4.35469862605741,3.68000760009074,3.68567575280495,3.52787121481555,3.70140820603371,4.01049244806878,3.78246714123732,3.8684938776113,3.23323051994852,3.88281174707083,4.08755339284448,3.68832718070408,NA,3.53662161049115,3.75619900556995,3.99052388835824,4.06757545016508,4.01300793085622,3.75006598927239
NA,NA,4.36821356371768,NA,3.99420465252378,4.48636062332818,4.13853520894215,4.95630900693146,5.39831390844108,4.21808072469892,4.63352112817247,5.04265227237794,3.82382339741719,4.18861775680986,NA,4.08459936137871,4.64024223255078,4.53585033975466,4.20151373600541,3.96780936742731,3.47055805189263,4.21113052740352,4.52773068721571,3.43868441414566,3.85998241386257,3.99144164551508,NA,3.77836998987222,3.61382239569021,3.76052624671651,3.49894686905783,3.37172694122954,3.40167692213459,3.49693654882266,3.43264810238753,NA,NA,3.34638978723304,3.93782311099925,3.99118554811108,3.68052742031492,3.47736202132703,3.46091839553683,3.94416207198576,3.88468622264345,4.06010592819803,5.42474236960348,4.45737911697804,NA,4.59352177817673,5.80218740340488,4.60096888184425,4.60233597781057,6.22219488456216,7.93015578293941,8.57569599832809,5.7528141785027,7.00248671502512,6.01019008875296,6.11153928490539,6.69999005353577,6.73383868554978,6.06566034856833,5.26774170725042,5.80599679568388,5.37530337890993,6.49504094362404,5.06352803858489,5.49891335450959,4.57057182829961,4.78448011901521,4.67274095164948,3.83050220865705,4.21975157278467,3.86461506012556,3.91532615988747,4.11961628921081,4.54374898913914,4.30802383063366,3.92894220168662,NA,3.74081010884657,4.02352222870365,NA,4.29451962593735,4.36993728875352,4.35353201507373,3.35506393587295,4.29560629032203,3.92652389302956,4.5593281292793,4.21509602468147,NA,4.39348431644127,4.05467681430821,3.26927662763482,4.612235820838,4.6216918701742,4.66183541023281,4.70819146778788,5.00119174563668,4.2248232787913,3.16732536290165,3.86295741329381,NA,NA,4.40787475646364,4.87469892143719,4.43557235417886,4.0574286377306,3.24401892222047,4.0753120389476,4.00592652331289,4.4705914910581,3.13688474565067,3.48422391652942,3.62803783361948,2.93798485484862,3.76902283183045,3.80765598836359,NA,3.71947845161514,4.01849329369736,3.91866096713199,4.52037308171813,3.59244608602292,4.22292989630948,3.92277118684704,4.16186959598861,NA,4.03350461134308,4.12140324223231,4.61355649040667,3.94630518244575,3.88567517322049,5.85914966206608,4.65546010685561,3.77385388917599,NA,NA,3.33908425169683,3.65087361362038,4.34469386730516,NA,4.51644841947835,4.68412224874549,4.62975875200071,4.40655598407001,4.88809451537046,4.87154404146342,4.93140101176424,3.82737855303927,5.10544672333801,4.91287613888637,6.7119935547266,5.74624158070428,4.70478836356795,5.36354900323777,4.44931469960444,4.16072793938648,4.76119610644534,4.49754887221199,4.7756043495377,4.42147438522543,4.2561986562742,4.54251298197562,4.55064922596856,NA,4.44546436250305,4.34319546532921,4.14510259055367,NA,4.07264165597003,4.43774465780063,4.01941785370072,4.78519999217875,NA,4.09334932957312,4.16086629028249,4.56348747467067,4.60261012870872,4.94484276589918,4.41595655966185,NA,4.810757755208,4.47219382301259,4.57083033466802,4.45233427569131,4.09127838482624,4.20165819571354,4.42492828618157,4.24779182545631,4.3424617770085,4.77032331569944,4.1909685546591,4.08495870211032,4.35043765289454,4.37168060073393,4.49846831833854,4.07083537867854,4.25975114452079,3.61679941143311,4.06593315401099,4.12620697584508,3.48551534486356,4.00049029719252,3.84807533146107,4.03166322331427,NA,3.92093992615412,3.23810752146047,3.67817924539446,3.94031576862103,5.12330270325227,5.00350570178139,4.14350811268347,3.71843670928222,4.75755755953821,5.23970615770863,5.29659640460169,NA,4.39605355139693,3.25450324812216,4.75532120582344,3.70351046510914,4.06080727263622,4.19050661265006,4.27148600850775,4.31039227526685,4.22762061098275,4.40570007457557,4.53255280290376,4.52583315694366,4.73574513621904,4.16702152398803,4.50207942538596,4.396535710751,4.79081333564134,3.52333833986074,4.10272947086857,3.99567894710913,4.89146727592168,5.44264489815709,5.04193648102356,3.97485407001998,4.18254537171536,4.32396765953896,4.57086169907729,4.63600756832346,4.60005917447282,4.50998766706105,4.13766002951515,4.59545993013529,4.34000566545728,4.34522757087767,4.53953321646111,4.9125487957462,4.47610470259835,4.81937325899652,5.34726120952283,4.81589856871856,4.95361930893958,4.59675861202776,5.0479929966436,4.89033183141928,4.45174471693032,4.11056925799457,NA,3.77903666069513,4.28723495602358,4.53839253933203,4.43459594619366,4.29461870943646,4.31471750652188,NA,4.83424333602181,5.06656571849111,4.86188797199732,4.42691757796297,4.61670126172905,4.60643365045366,4.67781080793566,4.21573075762656,4.27660361296472,4.38768361788622,4.15689091122936,4.44821904996236,3.79423929426552,3.36363959604933,3.37649801980079,NA,2.88550788956887,NA,3.42580791382069,3.49430323681698,2.79208778206225,2.82714115992506,3.15837369596631,3.13340814622375,3.0119333490501,3.16645663539285,2.97186752809537,3.14141213456219,3.08238407443732,3.52135669293522,3.13062424037134,3.76337007773987,3.92982686771074,3.75157507249397,3.81905026585006,3.39436358529277,4.4674000185155,4.23003349755103,3.65566321821164,4.04484840962887,3.85199777198455,3.69244117355227,3.39251377934748,3.91195987357654,NA,3.87003068704515,NA,6.12182660041926,5.47996003751863,6.58668279378623,6.51870671792022,3.96718196858315,5.43490222470836,NA,3.88420488695248,4.42141522588857,3.64318137197835,3.77908487831146,NA,NA,NA,3.98491253773366,3.99320395520396,3.70074904710685,3.62552571515222,NA,3.50359875195244,4.4326125325289,3.67656237907598,4.17274127402803,4.36918610211633,4.23813222848556,4.3426675348968,3.93509637898532,4.85089817236796,5.49701360329833,4.32783482921778,4.15936686101596,4.3655790980297,NA,3.69331031775897,4.46465621446809,4.13474676279747,NA,3.78005048255372,3.64350951354653,3.51098377455294,3.81107809399786,4.11790789021346,NA,NA,3.88586174359364,4.46932056512657,4.2799089615591,4.23596888611176,4.12914793614213,4.26258744614149,4.03187629462131,3.44003816215863,4.21017752964457,4.0354543707744,3.90310350136478,3.91853617854895,3.84028923400178,3.85321201557393,4.31957980930746,3.67746091669142,3.20659840377389,2.91684465963169,3.03498161283279,2.97150980806315,2.70939959167568,2.91553698285689,3.30003672408917,2.85008582572607,2.60085931667646,2.53169617088534,2.62985414368759,2.88110765296776,2.4443185890715,3.04787204678186,0,2.32710381984845,3.19259931474152,3.125487630472,3.24870105265092,3.20965406860741,3.60934153104719,NA,4.64045136974149,4.36153626209054,4.57531738667644,3.84092340337657,4.04307758567688,NA,4.52692267789554,3.86065984905613,3.65333180981005,4.5929045639534,4.62834378433054,4.51685921041702,3.09746049264844,NA,4.63905557475673,4.6096735920351,4.65846738314782,6.2464351923966,4.09025452271289,4.43347639967733,5.44319365640659,4.38249728313082,6.04089873643867,5.34211462879993,3.19637127536462,4.69361089560209,4.53826715777891,4.44118898349452,4.17727175681502,4.72671093036768,5.12661666135227,4.67337522447813,4.5810361485969,4.58371266154742,4.50565190650096,4.15411548906897,3.84802081972547,3.81209903348199,3.55114322291916,3.73281033217543,3.8544012111699,3.80048437380556,3.58996784425241,3.61179620854904,3.79191863216722,NA,3.51705936077742,3.32570093064547,5.22632730298297,3.72259932853987,3.44515750379641,3.58206007735461,3.48041919382841,3.62786337216333,NA,3.51144245661193,3.91559427997263,NA,3.87892334659597,4.26399046991233,4.04736625826976,3.65132787102467,3.65308288033156,3.73928314735518,3.78416140784602,3.46830420431499,3.32858085346098,3.84731489632153,3.37888291484979,3.17954966172405,3.32618699413326,3.46101312834443,2.92679767617604,3.26614904829892,3.35312357123497,3.73680456872249,4.0742316309974,2.97129527030563,NA,3.77492209079982,3.50246282379206,3.35019888170315,4.46149097170862,5.14962437050437,3.73432058789596,4.41686261437365,4.87115949632389,NA,3.55124201844594,4.28814515435714,4.52302022060631,4.0867060237184,3.68580510243168,NA,4.93334679245976,4.50972080421129,NA,4.23841231143009,3.62092072685579,3.46078221364906,4.05176717826874,3.27521223418049,4.63149817199633,4.06720084746657,3.62581377485228,4.13061910635053,4.42810131102987,4.31428180885919,4.46428927448855,4.57139257271228,4.52254941463968,4.50955194822865,3.9724857531248,4.07966894479183,3.89241144740175,3.87997791352901,4.17428585238621,4.3421838985825,4.87620280775024,4.61139938604562,3.91361380579525,4.49547317407193,3.77118882063649,4.63442992732126,4.36378837790237,3.72830267371819,3.9423162638947,3.72885000564756,3.75944014252388,3.99145321541443,3.79500052117768,3.97944745911564,3.41084373923922,3.78559184316274,3.86480055226343,3.53957631505168,NA,3.39413110654856,3.61081099196262,3.73123667030077,3.84060676385329,4.03125773779317,3.78501833167728
NA,NA,3.7829967358205,NA,3.47720513100549,4.05530588176004,3.69293240411488,4.30981301201006,4.8003112191588,3.85304827581783,3.92880747971257,4.45915596037977,3.48469082530387,3.93216100829892,NA,4.06479394142236,4.34632767894681,4.26216696176817,3.90027661283633,3.84817182361852,3.39221684809635,4.32914600249672,4.44377158034742,3.3138788075181,3.70805140445875,3.73972817282085,NA,3.68208041626225,3.55395919700136,3.52645255486009,3.22820555667024,3.19427369952323,3.19554562106338,3.16922072002255,3.21785661135202,NA,NA,3.14465743410651,3.6689392215514,3.76656674486299,3.37873066299519,3.26631140756463,3.16295298035364,3.66878856401193,3.6438240507597,3.8638988815427,5.04381700398209,4.22522856144164,NA,4.58016453603995,5.62055696023484,4.40331883918455,4.42151052495603,6.05317691407256,7.69847314971971,8.33328296408152,5.41625619901835,6.71735519360655,5.59750387992817,5.75512133817915,6.34658951624016,6.4150465755505,5.69654567096043,4.98462581952458,5.54448454454245,5.12692758060096,6.20356936418781,4.74268283473794,5.33990700230403,4.38079911171363,4.61971592502467,4.64397955038451,3.54372842400562,4.00896702921743,3.59051739351844,3.75310980435221,3.78308059184004,4.27012934346951,3.97404758531577,3.6861115062135,NA,3.3866230227991,3.66772218116795,NA,3.93081188694685,3.95831395346662,4.02004297435098,3.0837451644548,3.90218345728924,3.58246613693627,4.15363578653597,3.88833991802562,NA,4.03951184594273,3.70204384587304,3.02353465449121,4.45459208439519,4.30911568024386,4.23334573506964,4.28487478475715,4.52900086645891,3.8948141120556,3.06409825658178,3.63827053835675,NA,NA,4.30807510800856,4.40289566166215,3.97952259496263,3.82962557241873,3.00891092162336,3.81839831248391,3.68576799442195,3.97743878214307,2.6781960716419,3.20388138880212,3.40676450797426,2.8160947077436,3.46808288214443,3.63463476043804,NA,3.90360596148061,4.06612536711844,3.98397182361279,4.63900994291859,3.47247701135192,4.11857264160823,3.72196674304907,3.86734484218211,NA,3.76876316223719,3.78606377253468,4.56018206887076,3.62910897416456,3.50682204829151,5.30659260702812,3.91661302487849,3.51396011914036,NA,NA,3.33947933214488,3.38021749260859,4.22038307294417,NA,4.39228265286686,4.44548934653162,4.28783435835324,4.15318120123683,4.56387815461471,4.56826003546641,4.72890656081867,3.65227708491174,4.99770951020301,4.72973987252885,6.4304333875307,5.31422311858867,4.26225493264059,5.06957619262935,4.34425021530844,4.08561232343614,4.61953482338232,4.29428932477287,4.53625865948862,4.18303167108242,4.12430726438488,4.19304305507278,4.33688843481576,NA,4.36693530972933,4.06494235321447,3.91740105189307,NA,4.12046004880212,4.20580384696476,3.93611609911021,4.65243251542423,NA,3.97908934101495,4.11653060415178,4.56400330045096,4.35515927121195,4.81404915604246,4.33970140840697,NA,4.84366885016427,4.27188401164421,4.3829854521518,4.18416719149533,3.94955515627558,4.17117103731392,4.21682002584767,4.03657593105255,4.11690053255858,4.48830950867511,4.16624633165993,3.94803000248811,4.37810635882669,4.48875939527328,4.58025032231211,4.32689936464104,4.60446936065495,3.82443266372027,4.37266964374667,4.2849574579178,3.61000559421877,4.27733958239019,3.76091030879436,3.87412733923536,NA,3.72135232007444,2.80214019831214,3.27961654165895,3.53093967145348,4.41274330680786,4.27943609295571,3.45160294062757,2.94174850334238,4.26244107300492,4.6552099732092,4.90863532283846,NA,3.94271953736448,3.09176076291211,4.46429794173513,3.83038922406083,4.12133255898816,4.04074566042225,3.93013417549577,4.10210746115739,4.16523614353581,4.20819114014192,4.34912086354721,4.31635508998633,4.56187767380407,3.97595107271113,4.54716753763645,4.28446138030025,4.66960815473857,3.59176378067307,4.13486424917665,3.70399197613793,4.85061649514148,5.18487498743137,4.83570449971831,3.75568590998174,4.1121159951763,4.2465679609666,4.46194612232136,4.56680677726109,4.46191824430497,4.31169054170426,4.0467411970934,4.51416413048055,4.25407602743452,4.28098477154294,4.36484323083082,4.84903756018592,4.40197661743396,4.75988902942597,5.21599552654836,4.69373768620096,4.76854786626865,4.42040651801072,4.7936902163603,4.61349158387867,4.21474206882265,3.76580035914167,NA,3.56153127172944,4.25193530805777,4.46879775244536,4.26558590029209,4.04046701183906,4.06840606213005,NA,5.05536106367092,5.07775170685147,4.85840838458894,4.50758253661409,4.63784640919836,4.52334963057354,4.74105594751546,4.14285519587704,4.19757629223622,4.22575468717128,3.92247557571595,4.37187984720588,3.87993039275062,3.33970453965476,3.37834018793764,NA,2.79464717201833,NA,3.35091802750497,3.7175425696068,2.71063394700115,2.5143597690728,2.68696444102459,2.63512327921953,2.84711856224327,2.93322463237099,2.73914170823347,3.01558458856041,2.86775894962332,3.57938210108497,3.09282008203612,3.49275309802459,3.61965551839022,3.67815902375134,3.60294532318807,3.2707682568203,4.4372595681947,4.37774461470248,3.81808408506591,3.93643647062205,3.99776655357262,3.63465956615911,3.16950401514154,3.85945117626751,NA,3.61518321299671,NA,6.12183246960293,5.21456927575988,6.43174322016827,6.41905568702552,3.80060798721777,5.40627656515475,NA,3.63035862543362,3.95904964589106,3.48548285659893,3.4431786151922,NA,NA,NA,3.90595664989137,3.73303038389518,3.69191125525362,3.64267988872251,NA,3.36805344939538,4.20600100340529,3.50197668813479,3.98374133498139,4.15528669241003,3.93373109250622,3.89012564220787,3.53913232497634,4.45658635384231,5.14305450286375,3.85907608734504,3.77318586046125,4.1722373596769,NA,3.60111278990086,4.27988609894772,3.77173546109489,NA,3.44336181835755,3.51674323957298,3.23634215857555,3.6114867619662,3.93977826915196,NA,NA,3.81395219946126,4.22175674074983,4.0867394397635,4.10481297745381,3.83098508202065,4.20922351943362,3.86942713210872,3.48242511753398,4.29725516622808,3.59807535354437,3.46182740431908,3.80529336466301,3.08149163032484,3.37762946878661,4.43079293376969,3.73498464130274,3.19958347081518,2.97713933917163,2.54883179337331,2.93145171827977,2.27304463605864,2.41461500705228,2.88893164042312,2.58976098826929,2.19866009247881,2.11547331310277,1.99279991827199,1.71469262921364,1.23833649454871,2.04280383160874,2.32710381984845,0,3.27680694500607,3.57769678355105,3.04628254152357,3.09054903385986,3.10037993825556,NA,3.87732628399254,3.75715140028854,4.08615968380512,3.38055804510125,3.73042342631483,NA,4.25501495401472,3.61937733989542,3.47637288526735,4.49762726769946,4.34110164538162,4.37639388060631,2.99102081960706,NA,4.30754196580085,4.24884384163399,4.30166260930485,6.01431215778414,3.74242544759296,4.04882129446795,5.11327415472814,4.16657227888998,5.74865732061773,4.97626917048363,2.54704783053288,4.11094558220475,4.10853807919109,4.02804955055656,3.72466015555111,4.37695966474403,4.821018125749,4.36719917520158,4.20619031848693,4.08618413344195,4.1925821719315,3.6511497842653,3.5111070886694,3.38302626083262,3.07203100657703,3.25706875945217,3.43471437993602,3.42331471624817,2.99711333000887,3.05482367722987,3.35105585394442,NA,3.32292385275427,2.98017301015603,4.73840907177964,3.37486284520044,2.98129164330344,3.25249002479191,3.18993810061957,3.36288348216887,NA,3.3062320803983,3.79956430633726,NA,3.60265977417693,4.1404297338369,3.84013932807138,3.27519692111191,3.36113276232931,3.65032081736586,3.66465215277225,3.28131699507841,3.04054142204585,3.57138968251581,3.200725345213,2.86994509627446,3.01331514092767,3.19542701065682,2.42173373872742,2.70951258425814,2.79660107812781,3.16295580236188,3.70235613121186,2.44322446401026,NA,3.64790407183387,2.7582691101877,2.36670498031708,3.64406346673126,4.29748621676467,2.93225907479579,3.76593423004322,4.31042152036032,NA,3.02980296936207,3.86341000901562,3.99747188812735,3.54752725479557,3.09721033337233,NA,4.55948102555973,4.13320595250294,NA,3.71629457579387,3.21190913003076,3.06128660781654,3.68209177269014,2.89049097703037,4.23040797331828,3.53704816716539,3.10616156530834,3.58340988858773,3.90898871828993,3.846944525787,3.93391013470669,4.16504061728529,4.13663375209251,4.13939623509994,3.93989330056933,3.58200171134975,3.64104990474073,3.82733661317623,3.62531505188481,3.59764897163924,4.55827672899524,4.33609302180561,3.59844115126341,4.14558833374811,3.5131844360864,4.3014246697245,4.04878299139304,3.37027233245983,3.49736207094243,3.28551733143405,3.4388140965237,3.79729452269182,3.51247493296955,3.55556795461538,2.99596925939771,3.58217077240827,3.74300392790567,3.27956561542188,NA,3.16198053714141,3.4082131084854,3.53428928925383,3.63648237082677,3.69844854510772,3.35111542058933
NA,NA,4.84447554120493,NA,4.68623038125223,5.07939503983468,4.85197709963102,5.41055685839984,5.74269166261634,4.53756624441574,4.6284224586463,5.01403661630556,4.41534631615441,4.73793137408295,NA,4.85671491730529,4.93835702185189,5.09899886443426,4.76075907215805,4.36678462308484,4.18729899093823,4.60405017263779,4.61172056431949,4.21780360745238,4.35929606361143,4.30038959946839,NA,4.00190360697832,4.11651843181481,3.98819310897028,4.04641687332781,4.10514312783737,4.08442161465758,4.0532866492359,3.86479682214358,NA,NA,3.83172720527872,4.427824871268,4.5137880671915,4.01796407810711,3.85699713728612,3.80952985103061,4.47114156843047,4.0287245177946,4.54651827248768,5.82710634150489,4.89575619198981,NA,5.1725880308421,6.07900288091565,5.07106021093639,5.15841601079196,6.4987132242912,7.86714232898441,8.67960858507794,5.75190919046959,7.07509444672648,6.14597058632939,6.23321205159433,6.65725918336787,6.9257108666255,6.25378248896401,5.45721431065877,6.10785706636165,5.7641035692499,6.82855208731714,5.56555903539474,5.86501140959735,5.15918440336414,5.38626153976839,5.57214382988438,4.52208905097436,4.8836314276945,4.56418369865159,4.65546035110786,4.66987651032901,5.17536770257424,4.99571102870577,4.71547201559989,NA,4.49341068908732,4.66170168943756,NA,4.99564800023998,5.10370734957114,5.12272451719241,4.17064145307658,4.97728732032298,4.66238730000202,5.25442084040168,4.96431202993483,NA,5.14483755306869,4.85224462210394,4.12427921089734,5.44581895971254,5.34155441885553,5.3949395022863,5.46540636384277,5.53992926747163,5.07399091432419,4.15331294118269,4.75061218351758,NA,NA,5.53493833077209,5.61107456807842,5.15953489406813,4.84922632526933,4.00005097889496,5.14940604049131,5.18160132049548,4.95507327712879,4.15037416936786,4.47048979089272,4.50567745914153,4.22077899131077,4.37591038803561,4.56795238254379,NA,4.81732766512481,4.6235141300203,4.72837294828535,5.41703427471274,4.52107401629543,4.84053314584702,4.48563313516004,4.78706128346805,NA,4.28717061474411,4.45299509194476,4.90756185215345,4.24106253448937,4.22538585235653,5.89904192859709,4.75541842475683,4.34234840182757,NA,NA,4.47190320860264,4.33866365636299,5.1017180937841,NA,4.90131132171696,5.18352720667726,5.25099195694037,5.01516944487982,5.34602368902114,5.3425598609835,5.38353915554438,4.49291877921287,4.97058262472877,5.10270761791419,6.8228717624432,5.66000481042287,5.06771581634875,5.69292200499623,5.12554213941845,4.9315307539086,5.48429956631362,5.13141866991308,5.22551881862736,5.08214115636391,4.91293527770778,5.14585368258851,5.29535337245946,NA,5.1078782268131,4.97168706892547,4.80710278925663,NA,5.05998822419308,5.34704908659636,4.94762416577472,5.69046836423241,NA,5.02399519559277,5.00986294341873,5.53842458715857,5.44527884237339,5.82586090415828,5.38503234311658,NA,5.88573569805481,5.33334450212655,5.31545308677574,5.22163039464029,4.94222978614041,5.1557129205468,5.21674593716219,5.05381487010399,5.17443338950549,5.56074705984323,5.10451425673441,4.98742526660949,5.3618963231031,5.55560360760062,5.56041422974809,5.18116242344315,5.33080742434633,4.84450112735979,5.09539712641155,5.09284193001534,4.5503043960827,5.04276304549369,4.79323185300581,5.05042650401509,NA,4.91262806730133,4.12666644293738,4.50927119811761,4.85248486128812,5.3783982421475,5.30625244016323,4.55272613236636,4.19105397722195,4.83005723924597,5.32644675158612,5.02417937062983,NA,4.82274427585041,4.29460831731559,5.31968722916861,4.62559532415019,4.91445487716361,4.75953174501577,4.65572444986988,4.8187061505302,5.03984522255805,5.12285070517808,5.02394702457236,4.98352901363102,4.93455755080793,4.80258060620966,5.29370496200785,5.01234123965132,5.53029734441351,4.53683519200307,4.93367741024173,4.7998117941453,5.58864002057743,5.81925485298953,5.42754485451133,4.6981466506927,5.03354047579436,5.13612841356897,5.08168667111515,5.16072995342124,5.11580618288156,5.11757132964638,4.88074876599081,5.19402262589306,4.99451788997667,5.04144652437678,5.19656293566633,5.60013867585794,5.15329441384348,5.53063438647723,5.9569151852099,5.57641374854052,5.68278182120795,5.35095852063172,5.71533559772819,5.5655545958719,5.33335967629868,4.95140059351632,NA,4.78493700063752,5.22451096227493,5.43128960652807,5.39781437916301,5.29572879679867,5.33334882788127,NA,6.09915839631434,6.14679727831895,5.89142914657696,5.71031318167921,5.80690612630132,5.62983574316829,5.67120189060493,5.29205623381003,5.31659552148786,5.33868785472656,5.28506065745599,5.69218805189845,4.89657552286226,4.39028830456026,4.57889075883523,NA,4.25938148092208,NA,4.59381840435641,4.79755805190748,4.13078150882559,4.19071331352939,4.22501427952818,4.01149800202498,4.1151883888681,4.1377131534238,4.00657424248728,4.10038365410473,3.80498533411659,4.63891048254848,4.19971080954103,4.42825059655196,4.44840468066645,4.39465465601434,4.37586245850155,4.12285926898003,5.08741745112752,4.71914886757873,4.13260212527434,3.96850982322392,4.28870917802989,4.30946780370122,3.99246485988276,4.57120464081539,NA,4.03606288077563,NA,6.14020858187485,5.48972300284927,6.71748708298746,6.29057453393707,4.30480741913823,5.7074540060411,NA,4.14680763632444,4.45726389503691,3.79889342152135,4.01382271360683,NA,NA,NA,4.13722072896277,4.53025853220473,4.28573692235959,4.12715677474027,NA,4.00398914552722,4.75398583393388,4.05959953021482,4.57266581676268,4.70955303239415,4.29921003485824,4.66857935462297,4.13591733908732,5.01862983498098,5.76515361170267,4.77590573506898,4.62208210578134,5.08622161174028,NA,4.38195412442463,4.67810029364773,4.80313485216565,NA,4.66039362524741,4.92621284493906,4.72739557986544,4.98875614211673,5.27274986124578,NA,NA,5.05288756574719,5.42302609883099,5.36312571241005,5.35540963200181,5.20981810222625,5.3768100557267,5.19328797196876,4.64888453875688,5.2915841812077,4.86043516581976,4.82279117978973,4.93471090673893,4.5642715018065,4.62243575217011,5.57086494753584,4.55014166798488,4.18754432924821,4.07175496447291,3.90867974632241,4.10688816032271,3.72246104684345,3.65712467780994,3.37665618602113,3.61130169204733,3.35149025325804,3.48904402667576,3.44350939230412,3.38772452839977,3.22404085734778,3.42471884418715,3.19259931474152,3.27680694500607,0,2.35635275907382,3.64690265493025,3.66805204817703,3.9154431931592,NA,4.83326387151989,4.57883082431772,4.18847085373999,3.8170761242687,4.30518464623478,NA,4.58624544804198,4.12016643080675,3.85409526778263,4.65231722342269,4.67658155648125,4.69177148289991,3.65900116978679,NA,4.72030047270043,4.67586419607331,4.85070596260015,6.17928161285051,4.22856098645098,4.5035705607883,5.49235133683319,4.45530529805875,6.03697608081451,5.37538723630201,3.48568446437445,4.81770812509935,4.7842681991998,4.73682806917357,4.36812936542848,4.97155897693699,5.29031732232865,4.87826467563005,4.74527134239288,4.65824250158443,4.93986393536029,4.83352910711061,4.54351414295807,4.43405948110838,4.28566828862097,4.43970153201478,4.65427152113488,4.63532130011078,4.36917858343878,4.50930982123132,4.69875794812985,NA,4.53433840033427,4.39417634260746,5.48653457001238,4.75774760089336,4.42541086000867,4.62908656742212,4.51118726848307,4.73104767415539,NA,4.74953478454059,5.21602628437144,NA,4.9882923342554,5.36470302090419,5.211833231585,4.72582450225833,4.87759589496494,5.01107345362773,4.79638662656298,4.50050590008867,4.36856655010654,4.50974635654776,4.51599568368186,4.21459967435644,4.29307697209239,4.65429115480767,3.90477923354532,4.07105737820299,4.08361454070864,4.27201006077648,4.81147957023012,4.1496257768183,NA,5.04341308693408,4.34787715578961,3.45989844535157,3.95689645960845,4.91570936994761,3.49184789405745,4.34593048742409,4.81671476397649,NA,3.43905813365052,4.18461822849312,4.47748304043286,4.1861132594011,3.86823792563655,NA,4.9746666011789,4.46729436456878,NA,4.51027096363337,3.67264739285364,3.33364427913715,3.55444650119004,3.07779498735448,4.18366538067143,4.15565932818425,3.63836512846796,4.08419797833614,4.26274321101775,4.10869466162397,4.43344931794815,4.5478511141469,4.62510684055863,4.68316525567852,4.58423980132004,4.11359420848852,4.05037368248349,4.38398217111684,3.72958281627196,3.91135057897584,4.64380956016139,4.64802020550666,4.10878184771804,4.74396192109815,3.94671793039465,4.78131736172854,4.5945080683336,4.19626839460184,4.1170213419611,4.13062099904235,4.25468497487258,4.3686339175753,4.34892832246285,4.52472416447161,4.11045213187243,4.50126910622847,4.57798801925074,4.39635931404287,NA,4.23693501087729,4.49013224197337,4.75577564283064,4.83859324639191,4.63413388391937,4.41115347370069
NA,NA,4.6893323940954,NA,4.40304741510732,4.73376990138765,4.48250841175614,5.20357265348997,5.47195463852549,4.23959863708814,4.80882017145936,5.01671290935169,3.96647133521901,4.47658516371496,NA,4.17041699851709,4.52526759889728,4.63421573453758,4.29170598362952,3.94266817631574,3.65237532777507,4.07001362117695,4.34808718794334,3.7485999486733,3.99207716616512,3.77414614264669,NA,3.74071900460807,3.82357368873711,3.8195339116851,3.6051183221594,3.8797103058907,3.8767463604303,3.91052471221544,3.53691691880212,NA,NA,3.61975066932765,3.99286499709672,4.01462042240035,3.64420258768233,3.4546001117792,3.50441562718372,3.81290715842538,3.81849024117389,4.00607531587263,5.31532645386213,4.20304123712225,NA,4.47135622965785,5.49231167507755,4.58337273332147,4.48094196001077,5.94211193712341,7.34579122406666,8.30574852876577,5.0762242155416,6.7082074594618,5.85910688376697,6.01202461534906,6.45550393310921,6.61056187834145,5.90893586224754,4.84727176528651,5.66971727667376,5.23232623476338,6.30203671872403,4.96958824871204,5.18301692591441,4.4192872809663,4.65413478515306,4.76317973095039,3.89943643526691,4.1139017129602,3.8595046447701,3.98812518475749,4.0759226754618,4.43229853552489,4.32003347524171,4.0443499274909,NA,3.89955872087616,4.10003643012634,NA,4.46032555962459,4.63552020070013,4.532226458153,3.56790089164006,4.47286806231239,4.06190464780964,4.6660454682808,4.42341972686392,NA,4.55634840461657,4.39663370749856,3.57460123519525,5.02267513487017,4.93632526626234,4.8877535924669,4.95468487867454,5.12469262211031,4.59791691150508,3.69427847583823,4.19521538732655,NA,NA,4.96806283322601,5.14699837413204,4.79254265385567,4.56900609641271,3.4775584692038,4.63229918000826,4.67300932751932,4.83895591157577,3.80568388231811,4.07505053248337,3.86143154978472,3.70445738378192,4.05149300399698,4.15438482321476,NA,4.01450729341631,3.7458519136787,3.88884379429892,4.50784506272149,3.89386929079302,4.17733120122372,3.81589307508005,4.2210091542341,NA,3.82874595258425,4.02827919849583,4.38149473423331,3.81714951438326,3.86819414952909,5.85861503846092,4.74874387279252,3.78914521783799,NA,NA,3.90394347590555,3.83683110145071,4.47702215014023,NA,4.36220882513392,4.49451139338119,4.55708558435323,4.33037520572251,4.81753372981128,4.65939148238205,4.72392404004543,3.90748196685536,4.52139650559866,4.51603842017549,6.33991024154163,5.20810625248889,4.56894434726236,5.17607099432509,4.55371755922854,4.27308070315047,4.78249922413834,4.46622255620911,4.62228285979134,4.40110758428287,4.24673099422581,4.52206895912653,4.57537981589586,NA,4.44263839251824,4.37200993186062,4.21938308291383,NA,4.29971253154558,4.64630151908866,4.325889246245,5.03040050828219,NA,4.38632431895478,4.34037807956884,4.84208598295851,4.76312854102198,5.0698310861311,4.68207066837725,NA,5.30712894352328,4.72326256800215,4.74341226806831,4.71170314383514,4.34783514675204,4.5643967011947,4.73417711993833,4.49531198865802,4.58070718105385,4.96546562619939,4.60730040845121,4.42745689327344,4.78295341323708,4.9531947026051,4.86772287604827,4.34402144590475,4.60840882924946,4.1607878394467,4.38622755763487,4.48658819286899,3.92529170279259,4.34783295281345,4.12703653584213,4.51399809576188,NA,4.51201445349633,3.97054058936241,4.22030333492615,4.53801708846948,5.24877707985907,5.16509425008067,4.35767444596393,3.99769379298692,4.53142583128514,5.13191046937885,4.72711117730512,NA,4.03554294840807,3.49857158858191,4.57791292085062,3.67408221121402,4.01665077589196,3.85393318547811,4.12208519516523,4.17463896180244,4.27489367385353,4.39002319134513,4.32451764103728,4.35292141433947,4.33820406714397,4.30763741876929,4.67541415155024,4.38661481805744,5.01592043353044,3.93822393482352,4.25220347385221,4.17286350252469,4.91578811167602,5.25392652485454,4.92372665734793,4.21288012867082,4.34434570806908,4.51443127422772,4.48803054717618,4.65695258103016,4.63948694818267,4.48267150271706,4.26936089843818,4.62054867134513,4.37158094250085,4.30997249095048,4.46198845483155,4.9359841222198,4.50437920111744,4.77060286634265,5.23845748878513,5.04393006039568,5.20371713439156,4.69950334683698,5.1358120442235,5.0777581543643,4.87718569305262,4.40358632741297,NA,4.29631823191263,4.58411353371958,4.76084022058291,4.88701983419011,4.760872201301,4.71481107370223,NA,5.36393772187207,5.34651953898891,5.08341423986474,4.98830989638751,5.16269765701969,5.0759767536779,5.02873909452761,4.70799232935169,4.74130936170256,4.80074115962929,4.73924417907017,5.07949989571235,4.48039057306088,3.97485175281951,3.90541304586729,NA,3.6566538290711,NA,4.0899808728812,4.11628904964354,3.57408864570535,3.74499674499112,3.95379397571112,3.83597489292772,3.4847350291875,3.51649145234668,3.24168969919457,3.28051542786215,3.19642271822202,3.88462818059975,3.48602189145746,3.72381500961399,3.64145730103214,3.54256405927159,3.81089971508162,3.6077780841292,4.35804352884827,4.17426504505379,3.46548629304741,3.49212665427273,3.77997423184387,3.64465007143445,3.35657149649383,3.80371569342134,NA,3.37867886721413,NA,5.73605139158801,4.8528829233939,6.27233523253047,5.81126021363212,3.66805635360004,5.01638117848215,NA,3.85645818727177,4.53626226520933,3.56852923176967,3.74795400138395,NA,NA,NA,3.69460452691758,4.02970738376515,3.62450652445115,3.49343143926774,NA,3.50790283767386,4.20416255251087,3.52241936129264,3.95880958458013,4.16330315860544,4.02210765321464,4.24394066372513,3.80365222716801,4.80108501445204,5.36473113629159,4.30277604942237,4.04858185750356,4.52649166007172,NA,3.8577636077722,4.16707712964375,4.19468425057954,NA,4.058602105987,4.36362798367495,4.20827525925521,4.47806959794853,4.80475648761805,NA,NA,4.53564876898676,5.01445472776819,4.9107103307739,4.80015810143328,4.71196975366615,4.77100083252601,4.61493132218528,4.1168537945029,4.62616791562626,4.43377264570404,4.39706696824074,4.44110221645858,4.39814783736267,4.36837502434298,4.86267435576086,3.96022894608702,3.83696693046174,3.67409295537692,3.9117574028491,3.96345468023696,3.70025063526578,3.59651599935536,3.89537190117205,3.67444911780895,3.68357767505471,3.53566774564595,3.65398536702075,3.81733872183096,3.50690969781495,3.92948306341853,3.125487630472,3.57769678355105,2.35635275907382,0,2.91717893332091,2.82047643033397,3.68978608729802,NA,4.80778962128206,4.37481510781578,4.2334900950266,3.64772087313965,3.82257855075928,NA,4.26091787337486,3.76645200415173,3.5269666681688,4.11314164347529,4.23747258517386,4.13213743731104,3.08348892643122,NA,4.41768453674553,4.38682497611295,4.28545729617537,5.72058668973226,3.72176321306014,4.0508406735156,4.9580132947883,3.94999970983297,5.77243176106613,5.14347506946228,3.22468778182853,4.69205393954617,4.62261338261543,4.34586065619508,4.11495867617852,4.52468821173891,4.93550734191964,4.52714052734371,4.68527167483533,4.65886715663833,4.69197733851458,4.41446743369666,4.10338797109275,3.98177922677715,3.82074126806517,3.94363557900175,4.08414411256706,4.098498555245,3.93789157075744,4.08436250165074,4.25097320214154,NA,4.02870191916153,3.98161269905352,5.45404707193785,4.35437471643412,4.05518867371407,4.19874448975091,4.13057692530302,4.30155113444624,NA,4.32531127366873,4.76252892521677,NA,4.55139761171833,4.88591801960365,4.76821771111049,4.4263170275332,4.52495058929465,4.4947366904603,4.50836415476371,4.24723505266546,4.06260205588755,4.42275626099893,4.33148877972159,4.01489027342289,4.19337576327873,4.46471608890341,3.98060218655297,4.19075912071095,4.28192385131262,4.51945343587334,4.6315396857551,4.11937669672452,NA,4.64450722937143,4.5106957459081,3.97184470747319,4.61458227532661,5.49968081407027,4.04858528316334,4.63665740573182,4.82556503960896,NA,3.61892919941493,4.1752920957195,4.42275711166977,4.08777939189131,3.60766622009097,NA,4.80614457138994,4.38813105319278,NA,4.30697290865694,3.43711563963351,3.27159299917538,3.77565135789419,3.37323895556806,4.12890568490334,3.78098226774083,3.40744391245897,3.94384614834734,4.12235294459125,3.85295776704617,4.13282226841153,4.13464827862385,4.1315789217537,4.27130519111322,3.95430929498006,4.06796230014206,3.58321685813488,3.79980352567708,3.69165096612723,4.09828365542451,4.28897517381552,4.14889356771106,3.5631328751517,4.4311487705954,3.52407021389483,4.21164582775671,4.01057064433785,3.70202901109729,3.70179390288658,3.5679225586558,3.62327559387818,3.65328487336693,3.69951776533194,3.98788968135203,3.69397376632861,4.03555803080888,3.94155509450296,3.95321980190746,NA,3.77538721867758,3.99112193471125,4.25516743513071,4.36158465997086,4.20175136468325,4.06327681979601
NA,NA,4.04284201794635,NA,3.88200806244306,4.12333855996683,3.8240358194408,4.59605335981717,4.87493683733686,3.82649736888655,4.48303811849777,4.75683792163793,3.47250733052682,4.1854663564752,NA,3.81298961403022,4.2839301276594,4.1068617012686,3.93078807372239,3.60985428330173,3.25856056005231,3.86321661157908,4.24595984605518,3.16848122627848,3.41413961488668,3.36252180418074,NA,3.10818929646748,3.15387251795567,3.33228723554729,3.03919749121592,3.29263115069315,3.16663519866434,3.16955432742173,2.79162084842088,NA,NA,2.77138266246423,3.11690253881303,3.2354175888259,2.8021122645825,2.6291357008009,2.51197972188385,2.94184379028777,2.60193305457793,3.07866962221836,4.30043241955075,3.37001599250302,NA,3.6817334783856,4.63387456818931,3.40332627599379,3.26328355122198,4.82025970734108,6.45576463289594,7.31191034677847,4.38119283009391,5.81070638658198,4.8572495057361,4.95674714977402,5.48970437787038,5.57223233409844,4.82883718340156,4.26037858222263,4.73809616503277,4.28759299623946,5.44075556726006,4.02019160691982,4.53951271034132,3.512912077977,3.78891137583084,4.03577746214443,3.14843062803568,3.56408135470484,3.26641128219528,3.35951614002971,3.33933546707231,3.79160304959038,3.5635349926134,3.33940993138139,NA,3.1343670706682,3.41626829718881,NA,3.70245694693245,3.85651815973214,3.75848733214093,2.81482326260741,3.71638623959321,3.38055747881273,3.96409525267637,3.70592155852462,NA,3.86836466824149,3.60817561654931,2.77936671182799,4.40408524219922,4.29005533454832,4.29344848283529,4.24946810029427,4.56213796370601,3.89299861828117,2.97962980671408,3.71563673613488,NA,NA,4.31711345083838,4.66333272446258,4.39990226526952,4.00859140620905,2.79627222689302,4.07093897247324,4.08286880922707,4.41876815428642,3.23495069390517,3.66395268005309,3.52167117236101,3.18494341083559,3.60824194853516,3.82760476750877,NA,3.47030127766891,3.45273870332324,3.536892515738,4.07570776502061,3.15199314639941,3.64275467646803,3.26302147304211,3.36283526373537,NA,3.12075675126091,3.28328173297697,3.59882404626977,2.85634509715214,2.72226491750813,4.80435683278025,3.82416677633989,2.94447318973282,NA,NA,2.97832756990312,2.7352828468745,3.62310000963496,NA,3.34588553006205,3.54766511163907,3.52315249353506,3.21296064696259,3.56047920968942,3.5245637234659,3.55191199303487,2.73351649437346,4.1340004518997,3.72289870906218,5.37343845141806,4.52052726816746,3.59313853825662,4.14824185835842,3.57932705566529,3.35096402472226,4.13231717812058,3.7752570154187,3.94418554046775,3.65996802050897,3.47903486471998,3.78888269846952,3.86175636149088,NA,3.7583640659991,3.54290559095912,3.50882627562201,NA,3.73400575993955,4.00041793013357,3.57697870331758,4.44024506353188,NA,3.89512129603195,3.75455583002994,4.25504958825001,4.17556109843286,4.62966511460643,4.10235816367999,NA,4.68728195742923,4.15639851960263,4.18281998142032,4.01651242937147,3.76957200644363,4.0203315271316,4.13104662241503,3.88357377306341,3.95208575825566,4.35030380052197,3.99932294235406,3.88442862018988,4.40405786102187,4.35671429516378,4.32625550709878,3.97529181584979,4.34277878826406,3.72876370402892,4.1345399642397,4.14550675670241,3.43400846382497,3.94872440745345,3.60687556514268,3.80229430330145,NA,3.9844525775673,3.44293224764489,3.74855689563734,4.02442260268045,4.36112527655413,4.15425249681244,3.48180789577534,3.13698676469871,3.7000980259497,4.26154445491848,4.64575728944832,NA,3.64767231197976,2.95030122810146,4.04834274810931,3.14734321816269,3.38534949679411,3.24068091906379,3.22711417124942,3.23595695260522,3.47148257106107,3.56212592602465,3.49475293984078,3.46802081574578,3.54587425671546,3.21275799923331,3.84421747155088,3.49626520553167,4.10463753672561,3.07573599799626,3.56282068252278,3.23770192836376,4.01533519504964,4.40002383330228,3.99318862055097,3.08266080604099,3.56325418675711,3.67837635248221,3.94291657506024,3.72699752310353,3.71661817752981,3.56098344183399,3.39594627607773,3.94328173160827,3.50121960604338,3.55793688964962,3.73870414933155,4.28828214955125,3.80042922019524,4.18130053734129,4.69639009639079,4.38084600432267,4.4152661996465,3.97833155736826,4.48421079181218,4.45383276278163,4.08662274173315,3.74547596413259,NA,3.58731721829139,4.02915211653951,4.15318640266865,4.24089229137008,4.17049215308358,4.17648350739542,NA,4.87963489237475,4.90007694936707,4.68331050417591,4.45347631899353,4.58579317409032,4.44741253975763,4.45336477446412,4.08375574222108,4.16744465385804,4.19211980644097,4.05470827803589,4.36944863149743,4.01601874446017,3.41238880367264,3.22925067588669,NA,3.00027888978519,NA,3.42938471952386,3.45502016567551,2.79785515323045,3.00420683549972,3.55657711646552,3.23371761068049,2.9707855539047,3.11199775167306,2.50959328699533,2.63276211704653,2.4360571555137,3.01641300711139,2.85271659330788,3.08587921934288,3.07213285422448,2.98306985174807,3.18306977770103,2.72857629560956,3.67243615159141,3.52227491943237,2.80965991263811,2.92319653392899,2.95951906467227,2.75688039645609,2.34879879605081,3.05651293325857,NA,2.41314346994226,NA,4.9534713062576,4.05461246734417,5.17995235639621,5.21927205552302,2.77345293292113,4.04230045995641,NA,3.12632249376446,4.0116061329953,2.85712547229253,2.7789453037946,NA,NA,NA,2.66008662950126,3.32619688513996,2.89866373630288,2.74398091539352,NA,2.55043802819319,3.50120968926659,2.70547676076737,2.98473721098332,3.35303839943415,3.25952884751836,3.19076321613661,2.8621268912389,3.6121472594864,4.76572322458356,3.74891248989475,3.59594263425736,3.7833529588925,NA,3.06083409323219,3.87511851879972,3.28861509802352,NA,3.28130368342295,3.58425739270136,3.54671207158214,3.7510837746587,4.09436624943532,NA,NA,3.83968240635071,4.26496026733662,4.22047858977082,4.17176628776605,4.09739873329808,4.13709556342033,3.92668066287821,3.58500329277029,3.98839023913087,3.84022142059695,3.78535685762542,3.84112280391255,3.89770772406813,3.9307000458198,4.35556443508,3.61193763614949,3.41798295946012,3.24357462172811,3.46003059860796,3.55849981756288,3.16633062199337,2.94067000063777,3.55452799029108,3.15046605427205,3.24180532008009,3.30505678667791,3.22922989437938,3.29573170483427,3.09970439460482,3.46220803738623,3.24870105265092,3.04628254152357,3.64690265493025,2.91717893332091,0,1.29465542842123,2.09186537775267,NA,3.709234556328,3.10893338506198,3.63213117963418,2.7342591620047,2.55591842294825,NA,3.08708664428324,2.72733478862133,2.49735271441316,3.34841814593883,3.26709846507154,3.09233696245323,2.03526829142787,NA,3.27659837394354,3.28203375431855,3.33771964464568,4.75855678405056,2.68709386456285,3.2508668384015,4.1152367718251,3.26088607936019,4.74040150688842,4.16498718673407,2.28639553975583,3.64539859601076,3.56270390454447,3.30101048150411,3.09254757576783,3.62067267903454,3.97132784686096,3.58287938462974,3.63974935615185,3.71339748728928,3.69600512811539,3.31001174921266,2.88939115963265,2.93251895617207,2.82389548706313,2.88859733291292,3.1772429642748,3.18408587828548,2.90239799074258,3.11104492534878,3.37751512316382,NA,3.1910373155962,3.13717035201781,4.38420035503632,3.48373033234633,3.20573481348506,3.36439526805603,3.38046804197742,3.45951931086481,NA,3.46111982096195,3.9419685608268,NA,3.71983298591966,4.03614214097107,3.89932058811188,3.6654559917943,3.7314064636851,3.79982538797845,3.77260660083428,3.47078303702676,3.24236470470911,3.71904866243437,3.57278929025348,3.16703886062722,3.48301545427706,3.7834107255987,3.35766706165686,3.48372148946967,3.67456450992286,3.95530266587738,4.08316658895568,3.39120152525366,NA,3.89174132694827,3.83762597536991,3.56854150758507,4.43770321481072,5.21880603098805,3.63661743709129,4.3574440668391,4.46949374719827,NA,3.13755628602205,3.8201436150316,4.01053461895232,3.62768691592752,3.01373048207859,NA,4.38989848179902,3.94064967972258,NA,3.76776962286109,3.10290373006508,2.89691473425206,3.76414398088485,3.03673057933452,3.82332844993287,3.05860468752705,2.56968378062178,3.1520418357239,3.42036524116204,3.18800326675297,3.25418342315816,3.25667101643742,2.97255268920362,3.1022025474646,3.31390480635986,3.50517820460199,3.10421894104762,3.25687190244653,3.20258311388839,3.77540908946098,3.57732688210795,3.33924140295731,2.73291528826595,3.35914464091518,2.7192441904596,3.19679418741677,3.09368041011279,2.50761712901938,2.7879143142918,2.47328115912074,2.67509833444401,2.89411922624253,2.92704247930927,3.15120910920022,2.82321555141121,3.40506548977986,3.28311401930292,3.16447278312429,NA,3.08534787028258,3.27425099150086,3.42484733906639,3.55217721262508,3.46524620765821,3.22879768104439
NA,NA,4.20168047536598,NA,3.98074353006598,4.18020306834434,3.95003559289695,4.53260910293918,4.80640933171141,3.81287412794969,4.57141207595929,4.92523489021899,3.65628710277239,4.29150787321194,NA,3.7369220661342,4.30391042617216,4.15995121416371,3.8797848700356,3.67980110143073,3.33586815618167,3.85189023287222,4.06157954687481,3.08378266339739,3.45325864181753,3.59994055765539,NA,3.24726773002373,3.27442375380844,3.36459003382316,3.09808901460416,3.42818479457726,3.30438001867965,3.29528630140453,2.97662973454729,NA,NA,3.01524112078097,3.35450204524445,3.43733053409325,2.95644120611172,2.9140255604359,2.85731721501802,3.31837738887964,3.05405787121272,3.51858845565732,4.73376428569686,3.77101858886672,NA,4.01959805540004,5.04812495933786,3.86626881699952,3.76177520897148,5.19848917563581,6.86381837282446,7.71349406057307,4.75019066927179,6.25758998380968,5.305591893222,5.37234200946122,5.89775600199797,6.03682047019215,5.27384561614598,4.59346443657349,5.15401453076675,4.70056046445651,5.76835552144534,4.33454875191228,4.86957623052923,3.80623998610516,4.10255658287418,4.19587959626428,3.37852720104409,3.7366042395475,3.418306634574,3.54075687071708,3.53380412347239,3.92039107072538,3.71540247010726,3.49437353030798,NA,3.29624669559976,3.61253286821623,NA,3.84186617089515,3.98910215325841,3.84001462765077,2.98441346356344,3.81981083181304,3.44561920041656,4.03168130421025,3.79640425680789,NA,3.80984034585583,3.71967564879937,2.96020375642336,4.5407049859838,4.41676586751787,4.33494336022698,4.27763052494475,4.69239393575171,3.95054118166795,3.10488842763256,3.73420515597237,NA,NA,4.16747671717694,4.50743600814184,4.31734272420708,3.99295299629466,2.91549849821852,3.78480785509836,4.00482061117932,4.43530692420108,3.29626189829258,3.60956951289097,3.53346712789132,3.23771736766514,3.66215191102366,3.87744182827831,NA,3.67475193715316,3.61074259820164,3.68572956689772,4.22557525779462,3.39325070782862,3.91410910513517,3.48668345965374,3.50691451743238,NA,3.26761131995364,3.34202613292672,3.85361680502134,3.32787178543687,3.20297253297768,5.17588850865761,4.23986785015443,3.29529981071286,NA,NA,3.24061516206127,3.12240096226818,3.87239917621471,NA,3.72939394747218,3.91492414315358,3.7462069569999,3.46669078190929,3.80423950162106,3.79761650965553,3.97168227206006,3.11567411446407,4.25616219444599,4.12535905472112,5.84372422449123,4.89987971926963,3.90187529817372,4.4882730482219,3.91846845022454,3.69622609230101,4.36485265933624,4.01781143552745,4.23893372242736,3.90155976634735,3.79106453434079,4.02663832244894,4.04378499485476,NA,4.03315344576275,3.76419647189715,3.76224941357331,NA,3.90509039681673,4.0862185171626,3.72110814902689,4.51995709264963,NA,3.96183299862714,3.89448383555097,4.36673927883242,4.20211458005769,4.67337037127363,4.17629523793304,NA,4.72142958598851,4.2381997514445,4.28223813520091,4.12088528003958,3.88862750211407,4.14678540817136,4.27005118067215,3.98119768007312,4.03361876988828,4.36565121876957,4.1553764235761,4.02256630864591,4.48353035818622,4.42012229999425,4.36998864273897,4.03148622409522,4.46799023888464,3.83274809179517,4.22260387236396,4.17708181456841,3.47455706310593,4.06074695663962,3.64664532216032,3.86852482700057,NA,4.16838167709664,3.5730812965794,3.80966305938393,4.06045485341358,4.65498713362593,4.46824788728967,3.72863899246305,3.34008386290907,4.03941992241111,4.53996251505776,4.66545285776348,NA,3.81126955174131,3.18405831793462,4.2624389945094,3.3495017181241,3.56248378951005,3.41748570648199,3.49306165309261,3.46158687402179,3.73975541813046,3.79593651625684,3.76844868892724,3.82137279171219,3.88327280535467,3.50219157959911,4.10857579973965,3.77571395643494,4.33601405982989,3.34192833085015,3.83370976869429,3.51046962875287,4.2554592097917,4.69003451775386,4.36145486931141,3.42609513072424,3.81940872985687,3.97355489239678,4.23870813324797,4.12287970173401,4.10144360457429,3.88983361175295,3.71902430334071,4.26029365212054,3.87359552415703,3.83362722427666,4.02239184316605,4.51945818999609,4.06609151940272,4.37716788360239,4.86963489962414,4.56506924315361,4.63567953575672,4.20487876718423,4.63628768676324,4.65261811515875,4.27979130094999,3.9197247316164,NA,3.72465265197814,4.21308621957889,4.2923116402318,4.37630110469552,4.23399830376292,4.29338893394506,NA,4.98428021228505,4.87606144783788,4.63730638101844,4.4602018528889,4.58114981659845,4.45317985381045,4.5738594721304,4.05846262519048,4.16370922992651,4.16723298605217,4.06762051354715,4.40055324392057,4.06128538027833,3.47584399570881,3.24594375592183,NA,3.08400065651766,NA,3.55024419205004,3.54576298339555,2.86012092361343,3.08478519189283,3.63911151117768,3.29693606580329,3.06456788331025,3.23371081614413,2.67838264190773,2.72200443553837,2.48206990514234,3.15325679862533,2.94027679218988,3.18898805085553,3.13862901041906,3.1536045475953,3.47381038057238,2.93517031121638,3.94399849133869,3.82726942291048,3.16127578680215,3.15755337477594,3.35906343867219,3.12689615306236,2.69932356619112,3.4208735013865,NA,2.69399255691214,NA,5.26241686505308,4.2719228241241,5.6633571332643,5.56420408944961,3.15384793914377,4.35651171552803,NA,3.24572195057498,4.22042343220112,3.30475216432199,3.21789428407848,NA,NA,NA,3.05263663011478,3.32405724177486,3.11725497235523,3.05156292712362,NA,2.93548098696029,3.79922578858116,3.04669029292284,3.3898771807679,3.59933040882275,3.63553117414887,3.56692329821966,3.33416185595179,4.15651550483502,5.03952860597429,3.96484541723553,3.59202037420755,3.92457602234006,NA,3.22351173887759,3.77102388322751,3.55826333684701,NA,3.5041179948647,3.67175506933594,3.61247956984839,3.80985293824392,4.17001222692907,NA,NA,3.86025038002275,4.35455608983502,4.28679082300763,4.22263005825727,4.16483340977679,4.18551264127586,3.95944624203089,3.613296427783,4.09422546681743,3.92680713670089,3.8872408262748,3.89990328687969,4.02052161743994,4.07654685330282,4.41813184886233,3.65302505708201,3.40227152541813,3.20885815646105,3.47253571705157,3.58154191693952,3.23200104268269,3.02526037229212,3.73772153276193,3.26099880346084,3.424770331652,3.42434379764109,3.30355473604326,3.33705462645592,3.18512758562022,3.46515217899906,3.20965406860741,3.09054903385986,3.66805204817703,2.82047643033397,1.29465542842123,0,2.61504148144082,NA,3.92272938552796,3.55593301603717,3.96717482544223,3.14557936140268,3.08037728449686,NA,3.60664638014927,3.23539671984703,3.02545089884093,3.79872686133793,3.61680164409706,3.56500852796461,2.44911029545508,NA,3.78294328567187,3.83922792530317,3.68756885701799,5.06816623469739,3.08610273132016,3.59283098771556,4.55270390753445,3.63559704746364,5.24700606073982,4.60796146517543,2.71408293175394,4.08892632068457,3.99374657804109,3.75875416821186,3.53410835320948,3.97251478697345,4.38356308918092,4.03343971759112,4.11809868544736,4.0849857944189,4.02046587081764,3.67196788498637,3.29175638134168,3.26480563968292,3.16371897762151,3.22519625842907,3.32429843300368,3.36292397081325,3.12037570902672,3.30604671640115,3.56391007531967,NA,3.35033795761574,3.27280778010683,4.74283131341041,3.5646092072954,3.31271081360647,3.46406631741918,3.49767609986435,3.57841753255338,NA,3.50561863039939,3.9396947780628,NA,3.7673696162232,4.0468629945104,3.88995225857199,3.74379838044419,3.78596127888197,3.78552476975973,3.73047424491346,3.44576235571878,3.20232940148645,3.74528403300743,3.57485198074575,3.19054821490767,3.46718039869264,3.73283651290505,3.42757702637609,3.65070441383897,3.76037810286131,4.01308488451045,3.98641478731842,3.46865635990656,NA,3.88739893331535,3.8694817373473,3.67957964595891,4.52215638625974,5.31094648427523,3.77472611542564,4.40313926980674,4.5634201949006,NA,3.18708821659118,3.77041330473216,4.15884096511977,3.8304859980434,3.1982776128808,NA,4.20456639393352,3.71567942981468,NA,3.95923642872368,3.35263982642884,3.1564275757878,3.88490114924593,3.33754457466404,4.13529606482198,3.37804563891202,2.94788463672923,3.54230640536133,3.8355105797466,3.52685531703169,3.65115653857794,3.57387862781493,3.28896486768946,3.21612975267759,3.42122150969461,3.52149975817953,3.20789671503327,3.47583481733372,3.55378956619585,3.98283117080704,4.02076758790624,3.74088188263311,3.04426615569619,3.82035937861277,3.08739186780846,3.62095483038171,3.52996706775273,2.98110100086294,3.23756718140525,2.91896299444016,3.00560003815298,3.17303483997679,3.15693121667998,3.38366885900927,3.08072144321013,3.62969055481783,3.46412208448442,3.32840442171174,NA,3.20964065129415,3.38162065090703,3.54616894297742,3.67060430499826,3.57230491745941,3.42575736646775
NA,NA,4.05186285285432,NA,3.86592647262375,4.15641764137816,3.82082409855158,4.54067901633437,4.92973632794583,4.08868305572854,4.48529487180072,4.80984527100359,3.69076526234022,4.33240421652442,NA,4.25772799009444,4.51580478816315,4.41072770256196,4.31313400262256,4.13195579005704,3.72757128453497,4.32037422489004,4.58259447743092,3.48556297965429,3.74487356483827,3.79126102392741,NA,3.58511532000451,3.56501731295027,3.68135487301918,3.46348933327776,3.59561106107909,3.5198707379875,3.41856155686935,3.26156914809444,NA,NA,3.0716672476877,3.50789883901434,3.65483581110434,3.16492553341441,3.08788964234069,2.77345184864287,3.33376445818459,2.53906802853363,3.05082825223938,3.88803306091981,3.50863951924267,NA,3.94376081622587,4.33762527346055,3.12444884877621,3.34714062064316,4.84797780222024,6.33463850572469,6.72235808276247,4.43375656206856,5.20760402627145,4.14772961788869,4.25737161178005,4.88596321534486,4.8435699955814,4.28262368645506,4.08254600460752,4.10738369598644,3.98186083095499,5.16496429157926,3.9574739102699,4.46296129890941,3.64195453605417,4.07881537761313,4.40274946490949,3.37154621371411,3.89844221056886,3.55383836517861,3.62195872981542,3.56473017381962,4.08907571349377,3.79637038777482,3.64518641816987,NA,3.36506672392777,3.58080272097723,NA,3.84539449112204,3.96001235828469,3.91360466239398,3.09227968300309,3.74875642750826,3.55215548577778,4.08094154914781,3.82983411317328,NA,3.95945975137457,3.67303639236712,3.01388606558031,4.49904339196912,4.36157066155145,4.38080986448808,4.37905466430411,4.53490611359416,3.91054701712293,3.16899115799586,3.9397614051505,NA,NA,4.55537247207617,4.74030000431229,4.54979715504845,4.35383782422393,3.05814154542131,4.37604399081944,4.30665532113636,4.41665040909875,3.39007415288516,3.87696346616792,3.89780996724712,3.43071132902534,3.7719218194085,4.07528579606876,NA,3.97050649168146,3.97902788611697,3.98739905375337,4.54340089989159,3.43382074801335,4.01365178058388,3.68426499959971,3.6980766644342,NA,3.33227862830293,3.51017009916266,4.39079220465955,3.24507338438661,2.69207553893062,3.7363751198406,2.81730563299238,3.08472916746689,NA,NA,3.30024335695015,2.70125866431422,3.9736012711323,NA,3.22555143038079,3.58748154875234,3.83423321768708,3.68918486427647,3.45428919630909,3.77273682559864,3.73725702964821,2.97143452158691,3.98399608699572,3.8188636770274,5.05710696719827,4.4866040786162,3.68333149674608,4.18120163316981,3.69717638880692,3.60605160408835,4.46403299954968,4.06240856341229,4.11257891931318,3.96710933783145,3.82325305783647,4.04423330383346,4.15334998057278,NA,4.11223080023894,3.7858645182363,3.68625774932147,NA,4.05436931534412,4.27135508717312,3.73753210978107,4.69236973595987,NA,4.08529423273924,3.99051683809723,4.53240902457637,4.4545454859772,4.88124799319197,4.32514554246775,NA,4.86912980235933,4.36859485513521,4.40773441771791,4.15130445584385,3.93958791891481,4.18634265290633,4.28541543235026,4.06669612076126,4.14554106595823,4.54444051635723,4.16590124847179,4.06140708028773,4.6643568079659,4.66340478256394,4.75069107142386,4.39560803170378,4.72534454065167,4.11473021733402,4.53615570925731,4.5234675030567,3.8102072548371,4.45891101421628,3.99820640848728,4.15136239840683,NA,4.12625058924195,3.44685319960784,3.7984236966095,4.07305810628123,4.38060195145158,3.73333880456436,3.36598179087552,2.89971731627655,3.07317322825366,3.40360424700859,4.38267878267077,NA,3.88183994109121,3.34795040456871,4.3779711108228,3.63460575843336,3.98537989691151,3.68840950284267,3.28952520694134,3.505999320632,3.82310485901592,3.96652163037374,3.914623133859,3.95230564780876,3.81254847757195,3.69597055858085,4.48570507827669,4.15316148888864,4.71154984917172,3.6737177409802,4.03826529796712,3.7570868543327,4.64206068754525,4.70986088357142,4.08912335145862,3.45915344917537,3.9492767742617,4.05721298284564,4.17876719786547,3.80437607978206,3.84668571038442,3.74181373514162,3.78306540827263,4.11879068025686,3.7188510184429,3.95607227828019,4.05800330170385,4.65640648114929,4.14498238322651,4.57894324189829,4.96712269649884,4.67614328325973,4.75608913708732,4.19625828539735,4.76053548367469,4.6557781725937,4.3695339302099,3.9222987721852,NA,3.74582995650983,4.29329896361791,4.41791465063921,4.42213372865533,4.32702246857394,4.37273458667135,NA,5.22953272070719,5.26105544711435,5.03329236403124,4.78982664830889,4.9644843495611,4.89055367715758,4.86683254071912,4.37040600846667,4.47156168697098,4.45730626397668,4.297902168086,4.75855754958339,4.39955931106445,3.81092080634533,3.70165208911927,NA,3.34546134404791,NA,3.92363134353027,4.16908817260273,3.21261728332857,3.22218478968497,3.73213767688607,3.6155083457955,3.58351219992766,3.60801897192604,3.18902604491165,3.2979427124684,3.08878519845844,3.84395786674048,3.43045054431845,3.66795442911213,3.6298574683813,3.72628862228431,3.60306905814338,3.29005345096443,4.3106988272872,4.23993910583998,3.24908329480091,3.13522718734362,3.06160785825559,3.25554834750624,2.76054054202332,3.74886098345796,NA,2.79606389605144,NA,4.63582320230522,4.16687886307359,4.86534369950602,5.12705799705412,3.31483267672081,4.40704033735726,NA,3.41659019172353,4.15867212386116,3.09231739423291,3.0290403758598,NA,NA,NA,2.96185609583942,3.76608903205645,3.44118583004386,3.31657262193985,NA,2.89715347699555,3.71858134031583,3.00725429230314,3.32452969422386,3.79135904613331,3.33748227243205,2.97134303836723,2.51140641439689,3.2382872700094,4.76457502983239,3.59431946419534,3.75532478052365,4.00543329679078,NA,3.35419258226291,4.26948089820536,3.52237858259719,NA,3.34020681901922,3.77751372675883,3.67931177384365,3.9861621288988,4.27567413994037,NA,NA,4.09136686926925,4.42233287707008,4.42907626823557,4.38566234566538,4.21451805247678,4.3805728515256,4.12985246680901,3.85326574526433,4.35371939052924,3.957653482712,3.86343455356189,4.01617897715658,3.78325705174233,4.03520696439202,4.7249730511642,3.91205274179797,3.69363718643448,3.50764053366614,3.38959909183276,3.59442453687766,3.21794448883424,3.1771386177381,3.52187160851292,3.07083812059213,3.22532017804786,3.2823119071709,3.1330140595369,3.07260545443104,3.18254443070327,3.37562607543151,3.60934153104719,3.10037993825556,3.9154431931592,3.68978608729802,2.09186537775267,2.61504148144082,0,NA,3.15300241324269,2.07640694538427,2.83631230285534,2.22263384870029,2.5634183409389,NA,2.66504943356027,2.44069591893659,2.28534092226518,3.46249563266433,2.62702020301391,3.14898280202041,2.50790556713906,NA,2.96990368709647,2.64784147340848,3.31501764177266,4.47465321887152,2.8287848839063,3.05874171802953,3.77927639643013,3.13139835504955,4.17777306105596,3.5046454215315,2.24313753966687,3.17708245073333,3.23104879391872,2.89730200042945,2.65194694328591,3.26881269200641,3.16758174605457,2.84952509991164,2.65378246199128,2.75375464875817,3.15375131751019,2.82012986783251,2.40731723628601,2.91316810636771,2.61749088752455,2.59593909502538,3.17868802420638,3.26810373086391,2.63601959808396,3.10951119930676,3.4436148279849,NA,3.47491043785528,3.27892892397325,3.29744365103066,3.634615541948,3.25293582753092,3.49268659861413,3.55782681985214,3.61056758763355,NA,3.62795599732704,4.18539735800347,NA,3.88777796782033,4.29022164258201,4.11489558995629,3.72005968602597,3.85364131433154,4.14461154622114,4.0642013840648,3.65711610619235,3.33182446811449,3.80764213501202,3.6272118487463,3.25057446628421,3.37688570862983,3.8107448442827,3.19358590889054,3.36151158151001,3.54640037552693,3.88711996590049,4.2454149307764,3.32897588390737,NA,4.02761134289555,3.50029690406187,3.22533769884637,4.24353708547996,4.96977413703238,3.52692423011818,4.18409208219964,4.41923978234768,NA,3.10379462074424,3.85232884447938,3.99135057321004,3.67340649495762,3.12173307716042,NA,4.55572610497092,4.07662811925497,NA,3.83665686485465,3.18481950018037,2.94565912060341,3.62553879889913,3.04792274720125,3.96293833868542,3.37984477488851,2.41204387514965,3.16936652090252,3.32167889135344,3.20129150335073,2.89103610525105,3.13344739482558,2.91990062050418,2.90987042395899,3.70696671427468,3.44145174434938,3.45035658336227,3.56556426660718,2.86003913604081,3.46880846125628,3.3005655223429,3.04217494133638,2.61059467627354,2.48110958077748,2.45611344834998,2.97964727304779,3.02573915256864,2.37522170453601,2.47955479438885,2.38284851945328,2.76574007786013,3.12028760625933,3.06145313709173,3.31050372824492,2.81702677848195,3.60475156339109,3.62638231603974,3.3868311999744,NA,3.2888414452601,3.49821813533651,3.65504437675971,3.77534851262136,3.63899355194984,3.36085909859442
NA,NA,NA,NA,NA,NA,NA,NA,NA,NA,NA,NA,NA,NA,NA,NA,NA,NA,NA,NA,NA,NA,NA,NA,NA,NA,NA,NA,NA,NA,NA,NA,NA,NA,NA,NA,NA,NA,NA,NA,NA,NA,NA,NA,NA,NA,NA,NA,NA,NA,NA,NA,NA,NA,NA,NA,NA,NA,NA,NA,NA,NA,NA,NA,NA,NA,NA,NA,NA,NA,NA,NA,NA,NA,NA,NA,NA,NA,NA,NA,NA,NA,NA,NA,NA,NA,NA,NA,NA,NA,NA,NA,NA,NA,NA,NA,NA,NA,NA,NA,NA,NA,NA,NA,NA,NA,NA,NA,NA,NA,NA,NA,NA,NA,NA,NA,NA,NA,NA,NA,NA,NA,NA,NA,NA,NA,NA,NA,NA,NA,NA,NA,NA,NA,NA,NA,NA,NA,NA,NA,NA,NA,NA,NA,NA,NA,NA,NA,NA,NA,NA,NA,NA,NA,NA,NA,NA,NA,NA,NA,NA,NA,NA,NA,NA,NA,NA,NA,NA,NA,NA,NA,NA,NA,NA,NA,NA,NA,NA,NA,NA,NA,NA,NA,NA,NA,NA,NA,NA,NA,NA,NA,NA,NA,NA,NA,NA,NA,NA,NA,NA,NA,NA,NA,NA,NA,NA,NA,NA,NA,NA,NA,NA,NA,NA,NA,NA,NA,NA,NA,NA,NA,NA,NA,NA,NA,NA,NA,NA,NA,NA,NA,NA,NA,NA,NA,NA,NA,NA,NA,NA,NA,NA,NA,NA,NA,NA,NA,NA,NA,NA,NA,NA,NA,NA,NA,NA,NA,NA,NA,NA,NA,NA,NA,NA,NA,NA,NA,NA,NA,NA,NA,NA,NA,NA,NA,NA,NA,NA,NA,NA,NA,NA,NA,NA,NA,NA,NA,NA,NA,NA,NA,NA,NA,NA,NA,NA,NA,NA,NA,NA,NA,NA,NA,NA,NA,NA,NA,NA,NA,NA,NA,NA,NA,NA,NA,NA,NA,NA,NA,NA,NA,NA,NA,NA,NA,NA,NA,NA,NA,NA,NA,NA,NA,NA,NA,NA,NA,NA,NA,NA,NA,NA,NA,NA,NA,NA,NA,NA,NA,NA,NA,NA,NA,NA,NA,NA,NA,NA,NA,NA,NA,NA,NA,NA,NA,NA,NA,NA,NA,NA,NA,NA,NA,NA,NA,NA,NA,NA,NA,NA,NA,NA,NA,NA,NA,NA,NA,NA,NA,NA,NA,NA,NA,NA,NA,NA,NA,NA,NA,NA,NA,NA,0,NA,NA,NA,NA,NA,NA,NA,NA,NA,NA,NA,NA,NA,NA,NA,NA,NA,NA,NA,NA,NA,NA,NA,NA,NA,NA,NA,NA,NA,NA,NA,NA,NA,NA,NA,NA,NA,NA,NA,NA,NA,NA,NA,NA,NA,NA,NA,NA,NA,NA,NA,NA,NA,NA,NA,NA,NA,NA,NA,NA,NA,NA,NA,NA,NA,NA,NA,NA,NA,NA,NA,NA,NA,NA,NA,NA,NA,NA,NA,NA,NA,NA,NA,NA,NA,NA,NA,NA,NA,NA,NA,NA,NA,NA,NA,NA,NA,NA,NA,NA,NA,NA,NA,NA,NA,NA,NA,NA,NA,NA,NA,NA,NA,NA,NA,NA,NA,NA,NA,NA,NA,NA,NA,NA,NA,NA,NA,NA,NA,NA,NA,NA,NA,NA,NA,NA,NA,NA,NA,NA,NA,NA,NA
NA,NA,4.9688324851947,NA,4.67581107407078,5.10541860888531,4.7761190401935,5.53307790502276,5.85471835146163,5.18064026949406,5.55864874697555,5.92902044857966,4.62387743127418,5.22612397336682,NA,5.256568517045,5.6300191419057,5.44068460220188,5.39843282892035,5.27213962017769,4.83543849592443,5.31472977289135,5.61235549604982,4.53766443184963,4.88096345312369,4.79739546915817,NA,4.53047902031542,4.60886333202763,4.74653080181064,4.52788617567541,4.56729985763203,4.42951603073284,4.42750816485159,4.27692819256301,NA,NA,4.2203863046279,4.59176431887242,4.768435398278,4.36323537847598,4.31551575367932,4.10687673273992,4.58235073316574,4.34760428736644,4.49887228548611,5.60421049141484,4.93195218541294,NA,5.27299967612544,6.04741124114458,4.96180639703829,4.99099048083844,6.58982262310168,8.16199508590693,8.61092290739031,5.84058934122247,7.00516164112449,5.87859065245301,6.10971789635806,6.65614124065127,6.78561743603329,6.1635464097064,5.41394400256672,5.91525305335214,5.61200012113585,6.71574114590174,5.36955600042229,5.99517532515986,5.00213515974206,5.36549483632893,5.47941586117908,4.48098102338115,4.99989748964401,4.58763927914035,4.64072580448231,4.61016431537181,5.12931989184456,4.79341317901649,4.55784992890448,NA,4.33349000244413,4.47839526601473,NA,4.69832379631622,4.75536562660966,4.85037347225189,4.17748490829348,4.6767929567727,4.56104882828311,5.03733073089212,4.75437861917475,NA,5.04441916612883,4.60172335256753,4.17014779477213,5.35297799799382,5.20654976059772,5.30765891840421,5.28012406227944,5.44906089939396,4.97719509819489,4.43595110590186,5.00373090682853,NA,NA,5.47448716103754,5.65621675332989,5.60987105172081,5.39325808543078,4.32472533959613,5.33244502562115,5.32964031863049,5.65645033301886,4.41953504216233,4.91804651865001,4.94102873279701,4.45982917524586,4.85915956335276,5.21594024813859,NA,4.99418880321499,5.08469557877858,5.096337296502,5.58057342812244,4.45441048251357,5.09093259640993,4.84616790092555,4.82421466225308,NA,4.73689647348449,4.90450380205133,5.57579862746892,4.59327540517248,4.32798601384756,5.96701824989066,4.83752448092691,4.37350166598226,NA,NA,4.42265791989496,4.12324434213848,4.96366119568148,NA,4.92369382589798,5.06666175650057,5.00039953089499,4.90907246979616,5.08453947924465,5.28846573798842,5.39155586385182,4.53968259605533,5.70040844377748,5.30963097624839,6.82763226466167,5.89918458197881,4.81598615547134,5.53214690325257,4.98028859805346,4.81849271927002,5.47128499788137,5.10573433836899,5.20791608578297,5.05114022087355,5.00313707985503,5.19852660200636,5.37406414015453,NA,5.22881342658785,4.93923660522417,4.95177775793009,NA,5.15378946472484,5.35046950929191,4.95166305829317,5.78097188570598,NA,5.14900500129735,5.10027343818571,5.60006456094913,5.52372534682839,5.96167231152555,5.40077536121032,NA,5.94375632275417,5.32768832942192,5.2962921531072,4.99474418041903,4.90438269838861,5.21703884247738,5.30458254785681,5.0194309935406,5.01449654265459,5.41683495187441,5.18902503561735,5.05495107336366,5.63229591788361,5.62149125409474,5.72823646360591,5.44229912399033,5.75389110433822,5.22623831779238,5.53787156637259,5.56568489503385,4.9253910219008,5.44653322722501,5.02974718841818,5.18922720895282,NA,5.13635206330135,4.43786782455435,4.8966716991548,5.13798704288064,5.27213050772434,4.72376950955006,3.60974580099082,3.03637537191979,4.73000164272495,4.88196115452471,4.91305577095648,NA,4.73237911906782,4.24985525387221,5.35175543318469,4.86359251294902,5.13333575033608,4.90249970545055,4.5955156996114,4.8242362379144,4.97667636124084,5.06981134530192,5.11031127398457,5.07061862250089,5.14947030834755,4.87012418558865,5.61647561887724,5.31293359124552,5.92732287256963,4.75053160754287,5.20578778596028,4.85597874530847,5.70378967351736,5.80311820235007,5.4027946092188,4.67538771498001,5.09327044644689,5.19046857940297,5.24866270444086,5.15197935964324,5.08774859833549,5.01705339973181,4.9210061519364,5.33480288759484,5.14485060353096,5.1975005980356,5.17676312349325,5.65248718584157,5.23820009891784,5.64162455664376,6.03008710625517,5.71556065733001,5.78927399706829,5.31631861604288,5.84881626704844,5.77946097192446,5.47947141237647,5.01828598187672,NA,4.84412856379203,5.34744332053887,5.34984100446515,5.43275939145008,5.36534687764865,5.43273299338538,NA,6.30286489513919,6.37915571664156,6.1540314860539,5.88978494223092,6.07648443274867,5.90495137320909,5.87857842663262,5.40865687961602,5.53337430290984,5.50258175568142,5.32834879653599,5.81314619876611,5.4273565091677,4.85669001051614,4.7564906750462,NA,4.46278824357863,NA,5.05375361733732,5.27700543036378,4.37948160195157,4.35101839225848,4.67426775830456,4.49652095767426,4.53648162258181,4.61058173685328,4.24977331740508,4.33121761754576,4.05859321484585,4.77602262852159,4.41655396964391,4.58854771040288,4.5935214296249,4.8175197459716,4.71260105756069,4.35330981378931,5.43411403645947,5.45845804593047,4.55382421829505,4.62115613976575,4.74958402989957,4.6313284480954,4.00904066107474,4.92194837228363,NA,4.33303614133372,NA,6.53911025859183,5.73301931190141,6.79877537230644,6.96195951526993,4.58325861391053,6.01376688859519,NA,4.64345076843759,5.33325509584235,4.43637648829192,4.3391448392338,NA,NA,NA,4.45141144164443,4.40234227413301,4.5011800966546,4.5639439318989,NA,4.19284692046273,5.10131367480843,4.40645221081308,4.71936922545383,5.01141682433979,4.8391212909297,4.71572414285664,4.28672958953806,5.21358865968982,6.2103797718552,5.00477249468859,4.88694617352282,5.29700186203246,NA,4.66470384512204,5.27725239249462,4.71957499150685,NA,4.47452749057853,4.88704089432864,4.65052491449713,4.9230951835644,5.19827616943082,NA,NA,5.1028499141294,5.44939452073034,5.42699852609795,5.35680200794111,5.16531914101191,5.30942299414509,5.10015130817915,4.85344822129895,5.3417187327775,4.90071405650848,4.81181127435229,4.93682347236575,4.64592817744925,4.94340632500602,5.70762816728549,4.9250468606117,4.77850631751441,4.57455214749178,4.34442411740166,4.66811499681591,4.29885892726779,4.38173723713166,4.79543149673848,4.19034230551315,4.40945166120381,4.39883698336556,4.21547434821618,4.09681942312513,4.09758169880172,4.29629990409263,4.64045136974149,3.87732628399254,4.83326387151989,4.80778962128206,3.709234556328,3.92272938552796,3.15300241324269,NA,0,4.21754877836463,4.43080645246862,3.93490700475348,4.23014123708728,NA,4.64671922253038,4.2479896593812,4.03500248699378,5.07041042178984,4.58739801788803,4.9059977246398,3.83423639803908,NA,4.74537028021015,4.69447487997018,4.79181520733005,6.48745030516173,4.50076497794119,4.55705688392059,5.6474381365935,4.69318603852878,6.06772842226315,5.46541904814047,3.53948356691605,4.66650239212249,4.71365871390199,4.54126846638377,4.28341109206702,4.85849244226612,5.33393524642514,4.87554906835825,4.7969438481101,4.86289421245708,5.07143499254215,4.65333637806386,4.36002460381014,4.13767243723997,4.04154239474713,4.10692955626479,4.40829802018209,4.28053781640263,3.97178595346358,4.17677832686696,4.34744338565859,NA,4.48483876621282,4.3661140781317,5.56850617661967,4.51204159152065,4.24040923572531,4.43923412447124,4.53489373852149,4.55954356973121,NA,4.47530823888796,5.02350980160607,NA,4.75611915420506,5.1444047059313,5.01780890389951,4.71960368634613,4.81995430681743,5.02123963939807,4.98162605990784,4.67822730915818,4.40762151835332,4.99178383064245,4.7083753808592,4.31897472607759,4.40458360930465,4.62281096784462,4.00433810441612,4.26050175510097,4.44805065478662,4.77264058605633,5.30806418294779,4.36685744025234,NA,4.98655767800383,4.5021507606672,4.17731551662417,5.35055602450905,5.94513518006311,4.48090750849698,5.16773730846073,5.27309367488216,NA,3.94241811712135,4.74835091701552,4.81802573481447,4.46634321074018,3.79553587182225,NA,5.54759104573086,5.00022884416863,NA,4.84153104850201,4.23279203941657,4.08783488370973,4.77766982314233,4.04698868604326,4.96099546973992,4.28187036031081,3.79048505153196,4.32000182394081,4.56040795900139,4.36788509151503,4.22329542030687,4.62579014824783,4.55930582606396,4.62588615797184,4.62757879230611,4.64667300155203,4.41267468184544,4.51717649307546,4.43622482093029,4.54117015202604,5.06246574296748,4.87318250872965,4.14150100123519,4.6624075708242,4.11180346978083,4.81096245563402,4.52707776774858,3.92968381689247,4.34419338714846,4.06568336622185,4.1097430280046,4.45767866193124,4.29094454038904,4.45180887727477,4.03572697702018,4.60710235788432,4.56954073509847,4.28697365744975,NA,4.22973422905934,4.48923347855079,4.61308902327721,4.76867845384858,4.57719882978753,4.31750522621678
NA,NA,4.68351268427656,NA,4.50375648225901,4.71123880687659,4.51137221838427,5.06393591194421,5.38603869837324,4.62058243337911,4.91277482918878,5.2353263101059,4.40565632748514,4.87866197795536,NA,4.79610587441267,5.14159182752274,4.9272366682195,4.91958087807916,4.87322385444705,4.55692510949177,4.9741347032179,5.31486530593516,4.41470680352899,4.68839541789697,4.62833169103221,NA,4.41719329878272,4.40267397530956,4.42280281620039,4.18491267636621,4.4056592353611,4.40379322421609,4.32177978321525,4.22381524033061,NA,NA,3.92785047659479,4.13701560666885,4.24824372264742,3.79330323272769,3.86621629882296,3.4450868856601,3.68537942365084,2.83165494795147,3.40893901785218,3.64910023333256,3.704327786456,NA,4.19318659768205,3.88734050053887,2.93748600880055,3.25912018975187,4.39742079560058,5.77130580020099,5.9712593821263,4.4432919571203,4.6423059013106,3.70730793818893,3.81916647604384,4.44863522438071,4.25464761798489,3.97451428787835,4.34709684642919,3.82521757796365,3.94741769008884,5.05988740769857,4.13470353033879,4.58882350545511,4.06803258693322,4.38572073329161,4.93412731044132,4.00704721388117,4.41536137107397,4.20228047517343,4.28057225187159,4.27543080896232,4.54421096869232,4.39431324092614,4.31130449212209,NA,4.1084576142029,4.30590117198333,NA,4.50444763144166,4.71913479546386,4.55084328768525,3.87802903819595,4.49924454354056,4.26098032758254,4.7600317791287,4.57031569737572,NA,4.65125655421385,4.47784722853534,3.80058044702886,5.20720496840471,5.08107771162383,4.99757467397217,5.08850434622644,5.14455959802654,4.61720257257416,3.8424589338339,4.56713421554063,NA,NA,5.23349622211023,5.15965169543654,5.06479405033512,4.92381580352862,3.74669554438135,4.98775544790116,4.93165596364553,5.0804062650992,4.14629510837277,4.55747806730091,4.62046322450962,4.30410944413963,4.70441779150461,4.78841806439986,NA,4.65160632031152,4.71533059402231,4.76634665611339,5.17796163426836,4.2375158596334,4.67961287645471,4.35949076277495,4.40286972198713,NA,3.94515349512952,4.22053401337544,5.01941252779217,3.65301159759434,3.10693052309202,2.98206564421061,2.39887196782771,3.43930347897277,NA,NA,3.90114443533785,3.12735132249769,4.61463430414006,NA,3.48770964212883,3.72796622173437,4.18249455834018,4.11366292488722,3.60121802025733,3.93341870674612,3.64716343563954,3.44137847075291,4.37228640842918,4.03922415572169,4.55800235773724,4.38542145783878,3.9624891318909,4.31680542104942,4.0340277466612,4.13746290969744,5.0409928439357,4.58628770407405,4.54606615624906,4.57115909104502,4.39813872772143,4.64321756341407,4.86202519540924,NA,4.71555495583835,4.5573121925233,4.31386440208558,NA,4.73741396455913,4.98768628713904,4.47304142106048,5.32815778313536,NA,4.80816039339113,4.77007286873741,5.31931375691217,5.15704064599068,5.50409450231122,5.09473241056532,NA,5.60614994054708,5.00285211550047,5.13356685562818,4.92764468461774,4.7269968063067,4.96266124982131,5.07500945669999,4.80239136740128,4.89325516840511,5.23401671552367,4.94686645019304,4.80556587288256,5.27474712152129,5.27880300241013,5.31047289243356,5.04647700843369,5.26789607414504,4.75126112509163,5.10119331508213,5.10924081521646,4.56573149283631,5.07949932996112,4.70894953779072,4.91839129780843,NA,4.83285462343662,4.18801477203366,4.54940611533198,4.7390462105682,5.03560122277265,4.24222599425094,4.12828875653435,3.67713981957091,2.90589624491154,3.57024794998925,5.06164779109647,NA,4.42321896665667,4.03380161916369,4.83234103799,4.19546565452328,4.48861837304546,4.2089761416507,3.65693579018777,3.88601135367791,4.2668289116292,4.45312316168832,4.31224258137991,4.36841333252752,4.01015394918211,4.31110748181714,4.92803252512919,4.53676958502352,5.29432748175286,4.26499947175189,4.59718029866134,4.30266478466419,5.35648298005067,5.02521127925672,4.36173718724158,4.10483838771241,4.47774027373192,4.4921472389619,4.63369283461645,4.08329531271259,4.19448367774065,4.1448555571813,4.28116624962671,4.48444491090414,4.0396004533949,4.42167354552721,4.54190934000715,5.18058683990461,4.64832683690282,5.10857119029612,5.46611167696961,5.2671530304553,5.34132704762385,4.8535915625299,5.33851703316051,5.23369342982254,5.05515829252187,4.64794122828597,NA,4.50589286781986,5.05339396396977,5.20402979755423,5.12097896307825,5.06293225113763,5.06719049080145,NA,5.82322529298172,5.86649485370823,5.66230916807664,5.47958981638712,5.57954768124404,5.52230678102148,5.50482630337039,5.12272295923298,5.1626588998559,5.17340936832926,4.99619773269565,5.36837012017471,5.03387996045909,4.54041682903273,4.52673047184973,NA,4.14840249150517,NA,4.6260281883181,4.84924013912317,4.07440267223107,4.03807526223065,4.33052721733699,4.17768815079842,4.1731658262301,4.25896142490627,3.98750454488451,4.07252246507514,3.91251760193026,4.55020958316433,4.16575642292796,4.38555646833981,4.44513571012631,4.35895662749588,4.17721285345295,3.85503014591357,4.69982816661342,4.61744491552605,3.71643228262433,3.56781174829082,3.25842118966788,3.61053689847235,3.38529845677111,4.15353680221971,NA,3.23015883785696,NA,4.06288751704331,3.87238068083,4.14035091362692,4.64872060991077,3.75266855259521,4.38542596149646,NA,4.10307839884361,4.73675039967526,3.46145789891774,3.41611491255674,NA,NA,NA,3.49094117587845,4.3342151510127,3.97636736621839,3.94413795718711,NA,3.43899136381681,4.21287808029261,3.47769850076052,3.71765815593161,4.29871775399239,3.68390016459828,3.30235274363829,2.87287132307172,2.99466348120601,5.0889223890834,3.81888032891423,4.2983728776721,4.69392283963411,NA,3.97673183705355,4.86797192752002,4.0702409335306,NA,3.99789319612916,4.44484494694225,4.27571659587805,4.61402766858599,4.90324702747455,NA,NA,4.73362759411233,5.0453533191835,5.05106333815031,5.07024104783566,4.9242155782367,5.16941672286678,4.85783576394637,4.55017217136973,5.09196840521456,4.72789447311357,4.63016359499639,4.78582647373768,4.4729559974381,4.56642765324333,5.30401424629988,4.55104974466054,4.39641375296452,4.3146681849499,4.14250955443642,4.33628408909646,3.95586165293893,4.01401532839996,4.50037168546797,4.05326196404578,4.08449225582073,3.87320020622184,3.84872393660327,3.78802655382716,3.78720516232437,4.06613315914885,4.36153626209054,3.75715140028854,4.57883082431772,4.37481510781578,3.10893338506198,3.55593301603717,2.07640694538427,NA,4.21754877836463,0,2.4818838510182,2.18946646674795,2.47341997322467,NA,2.34816078425674,2.5846795739076,2.59868562061132,3.41524393090838,2.51149799410212,3.03420667790669,3.10466486226545,NA,2.88671729022862,2.25476137801154,3.46266613827226,3.812327982722,2.88080473884771,3.27303088541113,3.25278907643709,3.25604522974253,3.66687234224312,3.37789510136254,2.96848226560104,3.46004765551161,3.70668766273235,2.88932214341494,2.87579100803674,3.41092662751268,2.69457150889851,2.70467589291858,2.33167901526798,2.26621233226715,3.02805689394542,2.88202311802742,2.70817716315014,3.57160148438399,3.05345350547922,2.94900775836237,3.77639680624352,4.00188105721728,3.24629913778265,3.83438310099896,4.14765866395433,NA,4.1787773697657,4.05639847855077,2.62320181478588,4.3866613328058,4.16967149669798,4.28266829847764,4.21148400835742,4.40879165064794,NA,4.36647932510935,4.76543508955334,NA,4.59487164676885,4.99000508699689,4.79707978584572,4.43312583156674,4.56436042824661,4.64408657453737,4.67533971519913,4.42212166079434,4.25515115905394,4.54957328100795,4.45234318382655,4.10865857557497,4.20147494672049,4.43877945463741,3.96509224449213,4.18267414071673,4.29137295535075,4.60152018809685,4.69085412719174,4.10514948347346,NA,4.74337360615399,4.37950199580407,4.07932314260751,5.00125320331092,5.6964016630927,4.3188363405834,4.87997671695434,5.08074056846925,NA,3.98174580713938,4.65725558601739,4.72982398111413,4.40442144010615,4.02279652980332,NA,5.25085232648928,4.8598048219321,NA,4.45060867022432,3.8081409574599,3.6214655361072,4.23728376968839,3.70435255581078,4.52351706452803,3.893493282907,2.99789955387366,3.63184522201879,3.74394972264827,3.69926414500797,3.25269533978186,3.48710465299565,3.2587715747496,3.20477565959207,4.46306422265655,4.10525945963912,3.91083668667694,4.14954630709858,3.00581054446324,3.87472422821927,3.30572335231863,3.09408962202922,2.96105845595749,2.11376854280728,2.78922647993464,2.87728278262375,3.37917911534559,2.86721886935906,2.8225500891466,2.90644943845167,3.39029223620574,3.64521731929844,3.65592128735428,3.99735405558911,3.49903981428975,4.19599275127816,4.38670774260365,4.04893457827231,NA,4.014030914211,4.25206702415409,4.4454828862189,4.50001753121934,4.38637456331307,4.1459553981245
NA,NA,5.12310259359905,NA,4.97712585113395,5.23912956290242,5.00899263660088,5.62379957035307,5.96543490502572,4.93771428447623,5.31350827834176,5.55380566769268,4.83756676952993,5.23500865241992,NA,5.36293787565967,5.5697969629214,5.49483974731743,5.42660176686737,5.29471425788036,4.92164185334044,5.49551912086866,5.63120831636224,4.76013612716353,5.046426654848,5.01707525735908,NA,4.64650084245967,4.6820185453403,4.81659284773517,4.59815068925798,4.68724596911199,4.68110688763382,4.62930655988818,4.55068090941966,NA,NA,4.28457055259653,4.63463392523533,4.72228777665797,4.15162476509775,4.26675486442658,3.83556987732939,4.03159865790375,3.34715865277859,4.01921316162388,4.45361323839064,4.25300990291733,NA,4.70528787331139,4.73299046386341,3.76628096451735,4.03788448501702,5.13582443888147,6.54939221011568,6.7838928776942,4.90589087800242,5.29597980640613,4.42179407315964,4.67317934479228,5.12566118878087,5.08116086896662,4.76063240827269,4.88427904350696,4.6500408454172,4.61301742057817,5.6679347388454,4.67666297334093,4.9936735869466,4.62826740596692,4.82935495498168,5.41775255000791,4.41175368167258,4.78313176847535,4.56250483405587,4.65390896786687,4.6583350493061,4.99906808515448,4.74613729429526,4.70949613024577,NA,4.51881295733113,4.71852931671408,NA,4.94806619389765,5.17803735470374,5.05319856058194,4.26371368783705,4.97642174101998,4.72884142253962,5.22830686401654,5.03759522406592,NA,5.12150207592965,4.90210042397492,4.20942022865262,5.5441561292955,5.42860078461898,5.47252255107614,5.50457567433322,5.55081873456434,5.10191098656476,4.29298044798485,5.05869259564995,NA,NA,5.67778812422391,5.72927014835391,5.60905707906592,5.44405745293873,4.20000289432441,5.46519853014574,5.31565303277251,5.53067219004341,4.57520747498476,5.06705509256349,5.11643562786317,4.70022845085828,5.09211894358963,5.08545063125268,NA,4.97201549016128,5.08716145947042,5.15833051960064,5.44321094305222,4.54555606314267,5.04838417587823,4.75214453993517,4.69516105729703,NA,4.52713996808661,4.63691083231483,5.24168053723869,4.01019172180157,3.51082538434994,3.80370457331296,2.94922744019631,3.68093841217427,NA,NA,4.29725592990409,3.57571042387436,4.97136386634979,NA,3.86533783044556,4.15806699174197,4.56238277320929,4.55613524755561,4.26905858454843,4.45029680403276,4.30400416330641,4.00319499384547,4.85634636892672,4.4180204629108,5.08369117716865,4.5327443268217,4.27278786658013,4.64808414423771,4.4355035301709,4.49947517330013,5.27242606931381,4.85913331844805,4.87882576340081,4.84147124914511,4.78669731656765,5.01011780521743,5.17903048010564,NA,5.08188893143637,4.91788308647292,4.69179250488164,NA,5.11820266026634,5.41175463827149,4.93610270893901,5.78988490505267,NA,5.25153345428757,5.22410971731831,5.69826696947475,5.5832220794283,5.92736914546196,5.53449111239952,NA,6.02672824852616,5.39827775154041,5.50458059755006,5.28232000477196,5.13891187701,5.36686320651401,5.47911851393955,5.20433266966528,5.32202861505232,5.66637598819802,5.32311811283397,5.21553806096907,5.63559253199755,5.6367730116085,5.71538697894472,5.46723393151999,5.63516154251535,5.21749759323018,5.47247927366622,5.46976020748072,4.94469790822857,5.38168950949647,5.09894297009054,5.29164698929541,NA,5.27189296527404,4.58647541305344,5.05449809256416,5.30094431836697,5.54679571712948,4.73893454220844,4.39474297361979,3.85256992348539,3.17742778326878,3.96377508084711,5.00116217865454,NA,4.68494273594427,4.40973762204511,5.10392863140932,4.53811760905741,4.75818842721804,4.57230846711414,4.10476607438606,4.32539173858651,4.6713526951978,4.78776290921507,4.52125163927603,4.577592701475,4.15041338155978,4.59645582434313,5.25164448036763,4.79207958896053,5.5004252172688,4.69197401322929,4.91169195455288,4.54945800430314,5.61596523615355,5.27963388594828,4.73073148658537,4.56041467553052,4.86493102537157,4.83489510760164,4.90712802885811,4.4334754412295,4.50652286624413,4.59794234444718,4.64330502951344,4.66574764228414,4.37765013447808,4.88692728075594,4.9378871630388,5.50700636730136,5.04060663739811,5.45534272979644,5.80161004356285,5.65588835878402,5.69466235093116,5.27165830866965,5.74513620839146,5.54434068375512,5.44690483385526,4.92869427728404,NA,4.9244527708123,5.42608811624306,5.54187429185551,5.52605652657143,5.44823427663974,5.49938371111689,NA,6.24887248402336,6.24948000128949,6.06420035783955,5.89510867760963,6.02951077510479,5.84401434872834,5.86035641518378,5.44857072874915,5.50643220892745,5.54547333025661,5.40159878756184,5.83349247954014,5.37424505074224,4.87935456610922,4.96940557036518,NA,4.63793843496715,NA,5.06639864914562,5.20348312664457,4.49971314739648,4.53157857461554,4.58430199148174,4.43409294104636,4.53141997692205,4.52551155920046,4.4287035324096,4.48256513713739,4.24758354820869,4.87005996875179,4.48435817627995,4.63780513329022,4.80254972265047,4.68129088558009,4.46819968357718,3.97586245831629,4.9151801708742,4.79962203741516,3.90193443378674,3.75663059209176,3.56919570034951,4.05973784176235,3.82059059338373,4.37769822482589,NA,3.72861000166125,NA,4.49058794654516,4.25929759957438,4.94610929257191,5.0559821936963,4.08743957203641,4.87821466706774,NA,4.79579176796336,5.1899379548549,3.91921297319916,3.80426868182924,NA,NA,NA,3.92722380862172,4.67916059186602,4.41839317720053,4.3738401539682,NA,3.86600369687995,4.56172722557114,3.95579002777026,4.26006945828548,4.619312591296,3.96803705130689,3.90339961455263,3.56626877667099,3.87986942161883,5.55894254427008,4.24165905742862,4.78629780234746,5.23056486669269,NA,4.44317038965318,5.19931067317831,4.51834621371013,NA,4.50874203468595,4.94744856649353,4.7800149134735,5.08177049591119,5.37736566657543,NA,NA,5.29488517731663,5.55426895986203,5.54542633165412,5.53712939307198,5.38324678659251,5.49524635083333,5.28988977770039,5.05212542205599,5.46842235726385,5.13622539550494,5.05701552516284,5.18875360463372,4.93428939944735,5.07250667907533,5.77079024199369,5.02098396715845,4.88744111731402,4.76705955028418,4.58360791360932,4.82709389668986,4.41661040259205,4.21187907234769,4.82067675128062,4.40531533676321,4.38463286038943,4.42044090261728,4.21859057781106,4.14118006911293,4.13240980761272,4.35082426986686,4.57531738667644,4.08615968380512,4.18847085373999,4.2334900950266,3.63213117963418,3.96717482544223,2.83631230285534,NA,4.43080645246862,2.4818838510182,0,2.15429209387045,3.24077187891522,NA,3.24559801932591,3.37476689193396,3.17889683233753,3.9668007631263,3.15824941676603,3.75561362578814,3.51004598833059,NA,3.40304013193855,3.09942355984029,4.07280490106413,4.62090581682841,3.58739218804422,3.76425518912292,3.99626654604827,3.65590950605083,4.1457006496397,3.87287751142127,3.4770314226257,3.80776793430544,4.01157259085385,3.68481134422548,3.4628811196109,4.03598038123276,3.54901775617049,3.3432089918347,3.14208792952688,3.12436650259126,3.79802079493053,3.67784901499881,3.50022309725733,4.06519446231254,3.68955243651348,3.44900855988468,4.31921301386896,4.48995748595912,3.89154581186038,4.34884232314232,4.62383233578691,NA,4.74770119501934,4.63223669008854,3.77385353707348,4.91042647212088,4.68331011937149,4.80974206441736,4.81283999218413,4.89955769309763,NA,4.90183217901354,5.33688287511088,NA,5.11252732663708,5.47717561205671,5.3295037964317,4.97499044933368,5.08532188362818,5.20113306770421,5.25203499142736,4.9999743673118,4.85210012004072,5.31756158570388,5.16193778317668,4.7710222901787,4.84283726607678,5.09004391564161,4.50911530799085,4.73305441923138,4.87517953587221,5.18998427470895,5.45033281551487,4.71523911764983,NA,5.26903940695385,4.89187102248847,4.58624614329403,5.42721829290433,6.04293902188454,4.57675433027932,4.94107255766812,5.16855360149153,NA,4.237023728768,4.99813885375978,5.03637084417301,4.75164918941793,4.4314113160336,NA,5.6700055170029,5.28602219674843,NA,4.92311824124338,4.08623365829169,3.83748217741435,4.20479678849143,3.98461732497923,4.74866471249261,3.92454973793169,3.47213146283593,4.10394723584031,4.21688675460994,4.06261491491407,3.74278070966348,3.9835203784131,3.92029178302643,4.00837374982041,4.84614075248648,4.80288703732111,4.5496328563857,4.64151681537409,3.08102549660336,3.9344675412745,3.88330045690699,3.80101432968953,3.53076034064241,3.32178150807672,3.50685834089338,3.74407504679904,3.99280879720643,3.63112777049474,3.56054749493858,3.69019378375972,3.97856162609975,4.25422209525817,4.27468487940955,4.56997461343821,4.15672083043425,4.77593584964319,4.80388960345297,4.57675509003441,NA,4.5541741898685,4.77643606184776,4.92632885546587,5.00479961648343,4.8944524969747,4.63031087007015
NA,NA,3.97977148166371,NA,3.85526233635667,4.10011165992354,3.90669938151095,4.59659526771832,4.94351882589147,3.87439019367541,4.33394929179148,4.56784420580661,3.61580795292154,4.19195329334703,NA,4.14149293692901,4.5469922478968,4.39540336321827,4.45493492371533,4.26965253903781,3.86508938618135,4.44250720169535,4.77516237512068,3.83033692925688,4.1468257133389,3.99450816175768,NA,3.79190325814199,3.75398751943874,3.88000591389406,3.49471972590078,3.79627323776627,3.80406951152856,3.6944231762266,3.55669810813782,NA,NA,3.27836586818115,3.68036978175228,3.79354713510531,3.26211437922114,3.19019125309789,2.88390807120265,3.14662567502503,2.59532374956137,2.96990677391172,3.8997848897738,3.37403515579542,NA,3.82580224193699,4.23374006508071,3.22954640531547,3.4584937483808,4.97566290909166,6.52483883082563,6.94189116254482,4.5910726947497,5.40042687156512,4.30702995380602,4.46808828564828,5.01007795413366,4.97554492071835,4.43941456653048,4.2582766838717,4.33480197370889,4.11510776904524,5.30112820716275,4.0191284118139,4.39436655463573,3.67366105968081,4.01868787949505,4.37071591103397,3.31541129981434,3.75978360921494,3.52213249685293,3.54375037563586,3.51792941512783,3.95258513291198,3.75720148181716,3.63530404457426,NA,3.39546650942576,3.60236231009505,NA,3.8579200023933,4.07978565231791,3.91430584015924,3.16883779908869,3.80583119579121,3.53951177005436,4.07901433691374,3.88825189109229,NA,4.06072284596034,3.77891687845691,3.13433199115512,4.44109890086638,4.32062958456264,4.34725159912959,4.46598973383369,4.47956441459894,4.01047820530643,3.3324700650971,3.9472850815003,NA,NA,4.69505598064614,4.78314205315899,4.65532928301195,4.46671957409002,3.21795624314283,4.59650559742095,4.48273217819035,4.54900678971361,3.64835674130892,4.12344465750155,4.19459877776865,3.77569787472232,4.15973953388712,4.2750387936468,NA,4.0344864061652,4.01644490801737,4.08785860032656,4.56235292185239,3.62167318130433,4.06304596204074,3.77471219276233,3.84858234959983,NA,3.63896892366096,3.74074975685825,4.46935070841861,3.27111152496646,2.71614005890428,3.80844273371318,2.89304766755058,2.85321038620575,NA,NA,3.40229316141729,2.77125112597681,4.02136817467731,NA,3.25978079162229,3.64253010393805,4.09695806315094,3.80126106140364,3.62587194551102,3.88790109890573,3.75335920544762,3.18364402738869,4.25286455271134,3.76098301297705,5.24380348406396,4.53372748000843,3.79628196415576,4.22711316437836,3.75915850089899,3.69596650476912,4.40007358665865,3.99458013428426,4.01703254064192,3.95346302189168,3.81829900009595,4.08020221059317,4.23384691028742,NA,4.01378007968383,3.83677803213602,3.69337786241533,NA,4.0799527521399,4.47196938834083,3.95067146566898,4.77632025213768,NA,4.19403401955856,4.12617031274441,4.70226796947995,4.62843258467713,4.95927891741619,4.49405384111432,NA,5.03758100711278,4.38365753144664,4.42071934599441,4.24271200515872,3.98978063606182,4.26117246881225,4.39666004478308,4.09275845453923,4.19366153079311,4.64263592889194,4.2221097904486,4.11584825630154,4.6016277001137,4.6378017461194,4.64852798897802,4.38085052461961,4.58498480237794,4.17044342626296,4.45151163442318,4.46288925539127,3.85446566953323,4.32522818076107,4.09749958376476,4.3293146178584,NA,4.31062037126506,3.5948866909734,4.06554280754612,4.34356545561063,4.72558197448509,4.11923286125857,3.68351698518643,3.28508554362003,3.4241162954085,3.93599831335081,4.85054224728069,NA,4.16173743281064,3.65282234244568,4.48137171617611,3.7056179691187,3.9612285504773,3.64941918341799,3.40077691603453,3.55981272455931,3.84026789005127,3.9902249166313,3.97791681108346,4.02856963258354,3.84319919009541,3.85278311557405,4.56079887811572,4.18197897114986,4.91340721668697,3.68455348236927,4.03255194058362,3.93241491964944,4.63926372605316,4.71503502941824,4.20328241903672,3.63974088580457,3.89864989984927,3.95072642976892,4.02196895744183,3.78656250354804,3.73866060887627,3.73958368367193,3.70027568772933,4.04929926877276,3.69354661312077,3.94576766478176,4.07854192739913,4.6392235712732,4.13695856566474,4.55053301586609,4.96892264264707,4.74746990472931,4.80225064601598,4.25232531036049,4.82808406776108,4.75263938618502,4.53229003710782,4.1021823869335,NA,3.90777590471577,4.35504208767696,4.49674256979611,4.51444221450702,4.49617820958672,4.51350916711995,NA,5.27897673874052,5.35969687838924,5.14729590899759,4.98015604381919,5.13253025644614,5.07850689130342,4.8808871194091,4.47966995860319,4.56166338724605,4.58748514727426,4.5082161745844,4.94771493200562,4.46504276756607,3.93506788835179,3.90387605891575,NA,3.66017229548937,NA,4.19743030431008,4.3688267219618,3.52152139728624,3.54875045752852,3.83132431402734,3.51486770396331,3.57070855014008,3.66978797444147,3.4728512251231,3.57897159465137,3.32249210941577,4.04986381481734,3.67785551135457,3.94148348925193,3.94278052190953,3.7539520203615,3.68216516313056,3.26246443073696,4.15559215394461,3.92468034562802,3.08021138303281,2.97597304426442,3.07648829009404,3.13841807940724,2.79914003480924,3.66881384641257,NA,2.8141081136727,NA,4.57455529506915,3.92289916341575,4.7845926146215,5.16151787612747,3.29953320947199,4.43375434958799,NA,3.64918592770592,4.26353061578745,3.00345617026908,3.04413807265668,NA,NA,NA,3.17889092859397,3.76033521786413,3.41198773509226,3.34842696390432,NA,2.98559153562457,3.75413711033875,3.04510855885182,3.31506272688772,3.67861185455356,3.0966110761049,3.17065850134797,2.59159114421742,3.2386346810648,4.77016687003893,3.54011964447227,3.76222915090035,4.17766613050594,NA,3.51870213858734,4.27223733068164,3.58243629035111,NA,3.399715932976,3.95700229387197,3.7461827980248,4.0315334506801,4.37472663285229,NA,NA,4.14944344317267,4.50680918933033,4.50310297083831,4.48623774951998,4.33152191708464,4.488762197078,4.2372218635274,3.89701799451431,4.28093511951548,4.03447246810439,3.95648713765735,4.08892416254391,3.86162424627622,3.98895603757902,4.70510548072778,3.99889969597531,3.91374113978497,3.85527384107079,3.76331915168953,3.92791435142106,3.54275076919902,3.39526691323158,3.88653713105789,3.42254902802623,3.44178248073811,3.39778042733114,3.3711930761979,3.30208704592771,3.30577133184624,3.58112032755801,3.84092340337657,3.38055804510125,3.8170761242687,3.64772087313965,2.7342591620047,3.14557936140268,2.22263384870029,NA,3.93490700475348,2.18946646674795,2.15429209387045,0,1.93501360880897,NA,2.59999539136514,2.51353532648068,2.3037440130223,3.43606958467742,2.8686021154643,3.26110425886182,2.55406680540794,NA,2.85918993221177,2.7294250460913,3.39803849874698,4.56123102552602,2.97993617969971,2.98288062802549,3.75084543856135,2.95453059523156,4.09051696513816,3.44378657926224,2.31940343293659,3.09308561529122,3.09056336955339,2.77315346060332,2.52478726058674,3.25619105808227,3.26701661497801,2.87208015134288,2.65976985348378,2.68948891218752,3.32742294184466,3.20485392067127,2.92822451565871,3.05872193716506,2.72263584587375,2.68638600428338,3.29650545346212,3.35188261584461,2.89224115181427,3.30017539809378,3.57141867306646,NA,3.53733932696629,3.51289662343441,3.52960006443982,3.8121656278305,3.62253778814567,3.69817304018927,3.65424793617788,3.77721584457254,NA,3.7828901371999,4.29139517353774,NA,4.03822312708415,4.44474593221964,4.30439890468734,3.88900210620998,4.09323962068491,4.1145634225277,4.22285929882908,3.92204311212503,3.72159829072422,4.14197097628822,4.06793750439499,3.71527697816575,3.83582436715567,4.15974483761612,3.64248757556413,3.8253317395751,3.92317811940203,4.23394628870424,4.44662345373258,3.77446238130049,NA,4.30784128888499,4.08630178631292,3.6873907465804,4.53827335189725,5.25686582140629,3.68017112861418,4.21334469791491,4.45931194441984,NA,3.40564067742429,4.198209267516,4.08282511381352,3.8294445845705,3.4625385888633,NA,4.79663849898751,4.34796022469215,NA,3.94664870546452,3.31262940954259,2.99146290439183,3.57417360857248,3.20028646719567,3.88436797652185,3.36523285354537,2.42331958971156,3.2640175895012,3.33913137955302,3.02624515932532,2.76112682324642,2.97742272403685,2.89103525780518,3.03317366734308,3.65595066614866,3.74393411957537,3.39105151512911,3.43533354605634,2.64734273063472,3.4045923250023,3.28483198674515,3.28389871545165,2.84152070262415,2.71095849877578,2.43304435202964,3.05110984339576,3.12497284131835,2.60186192298787,2.57183221963041,2.53125923215151,2.85110894250334,3.07948592452498,3.10223526007693,3.26812084974518,2.96715247914564,3.63884900940006,3.543657840229,3.42682205849639,NA,3.40281203769617,3.65290541183551,3.86477150339678,3.94991870715705,3.80963479555651,3.49924072254307
NA,NA,3.92266098121954,NA,3.75713431369415,3.9863536917806,3.79720818895633,4.54439122450237,4.72215462972347,3.80561541953536,4.46421068194298,4.63720355137505,3.27279396823166,3.92331186839561,NA,3.77951782106242,4.5185947232587,4.15555350212636,4.26547017227394,4.06273327094744,3.62949479208033,3.93504186203744,4.56699694108076,3.69672268957137,4.07509070134048,3.93821038728305,NA,3.6930329098273,3.66000096437008,3.82707356900969,3.34188215004894,3.74581022279847,3.72303191986417,3.74309744580105,3.42291940739599,NA,NA,3.2075650607911,3.16180951167802,3.31030439961386,3.04119646014828,2.93586147786472,2.68402179235196,2.72228904666415,2.49005656702257,2.52706754628939,3.52527252607451,2.97318678148726,NA,3.32205316757923,3.77498287387452,2.95568737710808,2.95691054351391,4.62290159674073,6.25334840145351,6.63916320306239,4.20445964368924,5.15779675292634,4.15827185161428,4.18248620278903,4.79652809638965,4.83503373372589,4.23123800922686,4.0712777663202,4.11480110100904,3.6838387201219,4.7394892916838,3.45049298054255,4.02503750747878,3.22190484396953,3.33679790021704,3.82376545181831,2.98272748876637,3.32948193812692,3.15353593003416,3.20003110093242,3.19651211617511,3.54775446320903,3.42293918522217,3.29485443648709,NA,3.10976826266376,3.24709586437862,NA,3.53039291236167,3.85221672576004,3.6683440459859,2.97070627654257,3.66161470062299,3.34103797220991,3.94657548340507,3.66726926625023,NA,3.94979383369139,3.63267933859944,2.92571412626334,4.24366756332438,4.17930970695899,4.20067660583615,4.27488460862855,4.55224838932727,3.83826733458111,3.12881019937057,3.8293474462845,NA,NA,4.42760767431117,4.69517147843273,4.67847891542645,4.30562246937001,3.05262613660978,4.35646528847629,4.33566829837153,4.69449854230812,3.554636589494,4.04384277716386,4.01235600929404,3.6871588887141,4.17936198911876,4.26826664518344,NA,3.7451158691217,3.75840087059987,3.87959886548954,4.18856867807161,3.34328733032442,3.77581328574943,3.4649097971802,3.55547034591333,NA,3.42930781228086,3.74132433071552,4.14433575763746,3.0424601889072,2.43441445124116,4.16818009853336,3.32893657946978,2.64250153187532,NA,NA,3.14539261709165,2.57353600248187,3.60314187068619,NA,2.85030747808274,3.14509203844022,3.59678604446211,3.18140089156929,3.0619479715522,3.27800637712216,3.13153465122658,2.70400672432485,4.38065477668628,3.29650974280366,4.89050717981572,4.26153207664387,3.45246700513913,3.76769394032229,3.31213405888222,3.33580611140654,4.08309189884673,3.61904794036468,3.55073204178131,3.53214394411884,3.30355799509787,3.69098709393628,3.90196499935094,NA,3.62526648843228,3.59396225447043,3.36514241896122,NA,3.72674131087528,4.18202560124503,3.67813990189751,4.53758111900028,NA,3.98206159955049,3.79427368097905,4.41468381735809,4.37480563866146,4.68169606943958,4.26509292331563,NA,4.8596779985687,4.09466238546077,4.16603640970056,3.9129213011064,3.7326032275371,4.06104134418205,4.21066808073326,3.80739493002832,3.86869907876044,4.27568193714134,4.04155895714035,3.88810244042811,4.2967917897739,4.3422639140185,4.27191866837971,4.03496592309299,4.28262553702623,3.95440449975102,4.04317882880136,4.07968247836909,3.58983810853704,4.00344410227388,3.77654656136218,4.08398805463163,NA,4.28411485289613,3.61434317550498,4.05042402057714,4.3518474575834,4.73487207037342,4.29579473299768,3.9038955110707,3.61189739529819,3.73424698462716,4.34866009372974,5.20610160154164,NA,4.18668912837237,3.65115857257464,4.38365183074343,3.44946495942326,3.53143876980632,3.21958767163094,3.04844951072454,3.02974172280213,3.32254620385798,3.46180182687399,3.38866614582487,3.46372154072897,3.34958400351974,3.4693472372478,3.99743878957647,3.61102365065956,4.56120154451834,3.25563020197951,3.55277469279691,3.59891872942779,4.27836274257835,4.16057604081477,3.73316243932089,3.26443856230384,3.48364067878242,3.51468384118322,3.61579158279238,3.31933574640205,3.21161432675884,3.21371832311653,3.21109971998567,3.67111185645715,3.22553113933748,3.40982458769665,3.61339073508901,4.19213013039906,3.62978168206913,4.09151506778177,4.58186592307306,4.37365833833758,4.45402458580771,3.9561049359225,4.45969537084787,4.50920855892701,4.30081269465573,3.99107899095114,NA,3.69578967159822,4.07764985107818,4.24129615277258,4.24698646196864,4.28967220238423,4.35785693944991,NA,4.99112727993282,5.13208100094005,4.94990470136944,4.76192162050871,4.84352263191447,4.77678119996774,4.55301262794434,4.2063837017614,4.28687635606277,4.3490867865787,4.33615948991441,4.69186933098714,4.32652098237741,3.85699171455725,3.66719385962862,NA,3.58518309193843,NA,4.04284790614078,4.14687008970222,3.50901789984358,3.69200269990589,4.06409710964839,3.59911374498805,3.47844343226802,3.54141889198084,3.22090559781851,3.28680987146756,3.14937622165588,3.63640232835021,3.40488878384898,3.56260401418778,3.64173276523999,3.3769182286596,3.53244477717156,3.11321210478496,3.67452728773415,3.54244120538667,2.74192708915823,2.87551571478732,2.82964127882992,2.7703411360786,2.43223792021433,3.13570967830182,NA,2.6085847279372,NA,4.45515171815728,3.48524554443162,4.30950565059166,4.81383046712251,2.82705168834202,3.94901992809252,NA,3.48732816820742,4.54952549536758,2.76407398143573,2.71747072027051,NA,NA,NA,2.85866149363191,3.48330899878114,3.00035787560073,2.96351879941401,NA,2.56782013366821,3.41659194126555,2.67893462540434,2.89675861652052,3.25776291925269,2.9649204617164,3.06469642261496,2.36008518726933,2.95539561309814,4.53501493327517,3.5456293601169,3.59513746225269,3.95467818497673,NA,3.33507043947579,4.18200602470984,3.21897425809943,NA,3.31356815986172,3.83615505825124,3.72833695089166,3.90792183714626,4.24165839171489,NA,NA,3.96854780401746,4.41099339644329,4.37623994541704,4.31702462889171,4.22939800604411,4.29504567649322,4.07311255986899,3.69056225415053,3.926472266957,3.84158921213,3.80137879018246,3.86020492694964,3.90620479958365,4.05094570604946,4.40976728141732,3.85259444760698,3.84649824417209,3.8795441163032,3.90529066565704,4.02480855498881,3.67942793543534,3.72674719512461,4.28369430153887,3.70457221956441,3.77991403285685,3.71604865022318,3.72039466823262,3.86792042010032,3.67819518948632,4.09239477858902,4.04307758567688,3.73042342631483,4.30518464623478,3.82257855075928,2.55591842294825,3.08037728449686,2.5634183409389,NA,4.23014123708728,2.47341997322467,3.24077187891522,1.93501360880897,0,NA,2.02256075253524,2.02546774873641,1.90580463722845,2.82401134714967,2.92804187924417,2.51178719917692,2.16506494757899,NA,2.42533134107852,2.47436266607286,2.83076081035147,4.20953523230577,2.44111328966935,2.70497690481472,3.41014205495803,2.69208363454053,3.91260611625218,3.51669248971712,2.27118521626674,3.15583737924927,3.15259308527942,2.63306562652855,2.36649450397071,2.94021130296248,3.37272176460927,2.99933796274605,2.93882297173972,3.25451099105678,3.41254774480176,3.25282255262678,2.85358325917076,2.83494759442978,2.55016343116492,2.59166827008473,3.1256201788378,3.12021169996889,2.81386250401121,3.20505529871446,3.3918402059301,NA,3.28112753677263,3.41395362588494,3.91023998153558,3.57430193244539,3.50744722973788,3.46057048276617,3.36573750470099,3.63379698522794,NA,3.61515960929211,3.92953857863604,NA,3.83128210569164,4.06931891852749,3.98991891810376,3.9981431838502,4.04527578691454,3.81904557785226,3.92714486659774,3.77414269585042,3.66900347794964,4.01644993983774,3.91245111356598,3.62062583365213,3.91023918197251,4.00282999914994,3.84730573095162,4.01999947786571,3.96336145495326,4.24647666457457,4.27563653237611,3.87059296995638,NA,4.11859807347821,4.4940741272255,4.05339309677914,4.92253403045303,5.6876129283895,4.08143348373882,4.89425120250465,5.02963379859036,NA,3.82315008335882,4.31818304469021,4.41168815728341,4.04099229625878,3.50626996683688,NA,4.81212185168405,4.35641410346995,NA,4.04409748040167,3.49288177096624,3.24763250734115,4.17793464754269,3.38071344988573,3.88866020960221,2.96453840140847,2.41333294713074,2.88565938265763,3.06389130279154,2.86814788762889,2.75088203136577,2.89499686503844,2.61239957391818,2.80681612044123,3.12597815049449,3.91378939809395,3.05257201491966,3.1420148656265,3.29308518943626,4.01994729388219,3.30691338974351,3.29104949765052,2.82195261303202,2.85874826963566,2.35601061893726,2.70355726256675,2.76022647985856,2.15406811602931,2.61736630972912,2.28570100812002,2.49691745012397,2.69899584753055,2.75902069920239,3.0170790602498,2.91802467997528,3.44157356304367,3.20282940879775,3.20251943946752,NA,3.20769701567144,3.42568099110019,3.63851693456759,3.64363796475687,3.44358432029569,3.25679021465043
NA,NA,NA,NA,NA,NA,NA,NA,NA,NA,NA,NA,NA,NA,NA,NA,NA,NA,NA,NA,NA,NA,NA,NA,NA,NA,NA,NA,NA,NA,NA,NA,NA,NA,NA,NA,NA,NA,NA,NA,NA,NA,NA,NA,NA,NA,NA,NA,NA,NA,NA,NA,NA,NA,NA,NA,NA,NA,NA,NA,NA,NA,NA,NA,NA,NA,NA,NA,NA,NA,NA,NA,NA,NA,NA,NA,NA,NA,NA,NA,NA,NA,NA,NA,NA,NA,NA,NA,NA,NA,NA,NA,NA,NA,NA,NA,NA,NA,NA,NA,NA,NA,NA,NA,NA,NA,NA,NA,NA,NA,NA,NA,NA,NA,NA,NA,NA,NA,NA,NA,NA,NA,NA,NA,NA,NA,NA,NA,NA,NA,NA,NA,NA,NA,NA,NA,NA,NA,NA,NA,NA,NA,NA,NA,NA,NA,NA,NA,NA,NA,NA,NA,NA,NA,NA,NA,NA,NA,NA,NA,NA,NA,NA,NA,NA,NA,NA,NA,NA,NA,NA,NA,NA,NA,NA,NA,NA,NA,NA,NA,NA,NA,NA,NA,NA,NA,NA,NA,NA,NA,NA,NA,NA,NA,NA,NA,NA,NA,NA,NA,NA,NA,NA,NA,NA,NA,NA,NA,NA,NA,NA,NA,NA,NA,NA,NA,NA,NA,NA,NA,NA,NA,NA,NA,NA,NA,NA,NA,NA,NA,NA,NA,NA,NA,NA,NA,NA,NA,NA,NA,NA,NA,NA,NA,NA,NA,NA,NA,NA,NA,NA,NA,NA,NA,NA,NA,NA,NA,NA,NA,NA,NA,NA,NA,NA,NA,NA,NA,NA,NA,NA,NA,NA,NA,NA,NA,NA,NA,NA,NA,NA,NA,NA,NA,NA,NA,NA,NA,NA,NA,NA,NA,NA,NA,NA,NA,NA,NA,NA,NA,NA,NA,NA,NA,NA,NA,NA,NA,NA,NA,NA,NA,NA,NA,NA,NA,NA,NA,NA,NA,NA,NA,NA,NA,NA,NA,NA,NA,NA,NA,NA,NA,NA,NA,NA,NA,NA,NA,NA,NA,NA,NA,NA,NA,NA,NA,NA,NA,NA,NA,NA,NA,NA,NA,NA,NA,NA,NA,NA,NA,NA,NA,NA,NA,NA,NA,NA,NA,NA,NA,NA,NA,NA,NA,NA,NA,NA,NA,NA,NA,NA,NA,NA,NA,NA,NA,NA,NA,NA,NA,NA,NA,NA,NA,NA,NA,NA,NA,NA,NA,NA,NA,NA,NA,NA,NA,NA,NA,NA,0,NA,NA,NA,NA,NA,NA,NA,NA,NA,NA,NA,NA,NA,NA,NA,NA,NA,NA,NA,NA,NA,NA,NA,NA,NA,NA,NA,NA,NA,NA,NA,NA,NA,NA,NA,NA,NA,NA,NA,NA,NA,NA,NA,NA,NA,NA,NA,NA,NA,NA,NA,NA,NA,NA,NA,NA,NA,NA,NA,NA,NA,NA,NA,NA,NA,NA,NA,NA,NA,NA,NA,NA,NA,NA,NA,NA,NA,NA,NA,NA,NA,NA,NA,NA,NA,NA,NA,NA,NA,NA,NA,NA,NA,NA,NA,NA,NA,NA,NA,NA,NA,NA,NA,NA,NA,NA,NA,NA,NA,NA,NA,NA,NA,NA,NA,NA,NA,NA,NA,NA,NA,NA,NA,NA,NA,NA,NA,NA,NA,NA,NA,NA,NA,NA,NA,NA,NA
NA,NA,4.46090073919885,NA,4.45443766523505,4.50827052072773,4.36187922990191,4.91006804158525,5.11422545243673,4.1785839793046,4.73947357177709,4.9369038618143,4.02987673498505,4.5603282166904,NA,4.29410500303901,4.76441443911252,4.4798525519029,4.62137954464764,4.45728815458537,4.13580593733245,4.45217309355227,4.67665442957813,4.04560391775771,4.28289924587148,4.151040739564,NA,3.91854178712712,3.94741594086075,4.01161317483917,3.7117559327015,4.08877382225301,4.06257891976455,4.0430639666598,3.75305731261273,NA,NA,3.57196061369529,3.70166895975152,3.81689027780091,3.32150718243168,3.31698898868925,2.9705730778573,3.17081988353065,2.32557436979633,2.87691825622365,3.36144351729939,3.05662320581242,NA,3.42558612899182,3.14322936318116,2.60231796572913,2.7143953743822,3.98801373180005,5.52080299128751,5.80193177226732,3.959907270935,4.3466202869203,3.38207299559383,3.37982077855399,3.98506390188408,3.96313823776255,3.44249386585583,3.84540554532285,3.38055994452778,3.36096627778049,4.24178700255033,3.33344548062576,3.63417952978017,3.24280429670074,3.4828892459246,4.22902907709455,3.49364496530326,3.78831684703027,3.66600633666919,3.73240153425259,3.72374001025425,3.99393145267721,3.85797229618058,3.84142922187532,NA,3.70163946572484,3.85177074848855,NA,4.11878146125266,4.43573428075126,4.23769706450178,3.55900545915433,4.18553594029484,3.87632547496303,4.46219497421658,4.22503893948722,NA,4.32643684067096,4.22771353919157,3.53691615561303,4.95268835080084,4.82646762692822,4.76164366895017,4.79339554442812,4.88041251321229,4.35105791886266,3.70343259787083,4.32539274399166,NA,NA,5.00863051295047,5.06922520223195,5.04705373635041,4.84041730297308,3.55173261836528,4.86942270723084,4.80996130174866,5.02991375641826,4.09981510263936,4.47249666478506,4.37229495906237,4.18914751454084,4.50235333286912,4.59817916751565,NA,4.25592998529209,4.16793838925141,4.35128726791062,4.65150498882345,3.88307139232688,4.21694099597283,3.91370707783357,3.96997735591662,NA,3.65620008173312,4.05010465581095,4.56742607735042,3.46827698873967,2.75258733676952,3.43262286949457,2.95618834741263,3.06166712099378,NA,NA,3.6392594223131,2.8013703558101,4.07937889726805,NA,2.6978505154326,3.18748781720015,3.7878109419834,3.49130643437874,2.90485675325044,3.29719205088816,2.95242569906597,2.902591261641,3.85382591237926,3.28902951850205,4.24773462789747,3.94796111080177,3.40462560906183,3.548953693749,3.30288635106698,3.53786535784837,4.50186367589308,3.99086460208791,3.81682595500111,3.95903538359918,3.78054748756911,4.08801592081635,4.2744719402345,NA,4.11969273431192,4.05722772161827,3.81792432368547,NA,4.24355157414946,4.567034242059,4.00198882733329,4.84766530966164,NA,4.44853146960461,4.29545959572743,4.85716126283405,4.71167461542957,5.07718633812968,4.6530879610584,NA,5.18677123906486,4.62771283166796,4.705965431719,4.54221128302446,4.36565905763649,4.58984217930882,4.7239414092736,4.4610963891257,4.59208751497736,4.91757681494151,4.63732550107736,4.52516506466974,4.94461089060922,4.93613058596315,4.88060028315052,4.59538812473337,4.79966807008241,4.51901054055772,4.5892496885097,4.63301198480158,4.14295802723334,4.65306308238588,4.30540381046886,4.59922228454387,NA,4.80436128232715,4.20036183896372,4.55558171044107,4.80253741987268,5.06934689112452,4.43276835325659,4.19646216490042,3.9131839617374,3.57461550017676,4.13357859644775,5.33966330331506,NA,4.48073876197973,4.02599614483356,4.7657420851086,3.80709873475392,3.93321323595575,3.56304150363501,3.10365430206398,3.16201838511316,3.62064033908274,3.75777225821335,3.58560767819995,3.68666122157978,3.38292308488026,3.75141589001386,4.32606580615459,3.93912762566089,4.85466689883588,3.77659746354657,4.05260722762583,3.9699549718583,4.81366870011949,4.30497693520281,3.79140504093199,3.67581825793454,4.00207855154004,3.93723029190877,4.01870641791538,3.32017931289459,3.3752785167825,3.43466573267141,3.60593011253502,3.90501180228867,3.34376444844389,3.74826898488788,3.78845639653698,4.48673950207342,3.91129699020346,4.41586115840894,4.84573922676834,4.82866914433103,4.91515284380133,4.44913666034348,4.87783826753389,4.81109639001425,4.69847364128679,4.3896382717158,NA,4.20258169263361,4.64790408452244,4.85064294730268,4.84255532406945,4.79467945851533,4.80212321820582,NA,5.50659022474081,5.49346687287986,5.30479464344601,5.15272245469702,5.28823873838199,5.13257975031723,5.04492697993449,4.71310519528303,4.77572791802787,4.83567902498792,4.81586544168003,5.1599522188581,4.89039512009853,4.38572136280845,4.25338659702662,NA,4.14625509491126,NA,4.60760406308689,4.69863265090359,4.06516412496093,4.15522084075501,4.57505147909354,4.28177436135476,4.2512735353748,4.15167255289001,3.85959644056168,3.86073734958754,3.69707457347075,4.21946623894307,3.9472078728743,4.09090615837374,4.14628209536522,3.96655918781582,4.01366060652734,3.6534365092986,4.22232440431446,4.12663454262719,3.13493691669229,3.01587146043947,2.91598990554942,3.28482607994626,2.90727074461729,3.60191453896964,NA,2.70764799780322,NA,3.45168600421277,2.89536450556159,3.37146488421083,3.81890524156345,2.91068346076627,3.47309764700384,NA,3.68904256808545,4.6676221956358,2.77519943065447,2.81301963271109,NA,NA,NA,2.78229694211286,3.84937244518607,3.22616136801607,3.29518461807123,NA,2.88720123602369,3.50657547614262,2.9528323804511,3.18219566134646,3.54850222667345,3.06087650718119,2.91901786874534,2.45681011359479,2.71710321972747,4.80619764332635,3.61124289910157,3.97096974736464,4.36780644537573,NA,3.58075193875949,4.42789097387912,3.74780139349508,NA,3.81640474018416,4.33960445641364,4.30971830191982,4.49144388984145,4.7734545216077,NA,NA,4.59220888503115,4.84012117606043,4.89176032134261,4.86353205492081,4.79820824892842,4.96169714799738,4.72607188188489,4.39056478714893,4.74294585400414,4.54005804820709,4.47152180352833,4.55860459476806,4.49064288355807,4.45437646121752,4.93979001537989,4.25911650491418,4.25652447642929,4.29652915905501,4.30349130822928,4.44126834857018,4.1617496025694,4.148723502857,4.50184711815137,4.17014587901976,4.22526861718835,4.20037058336403,4.11009614207992,4.22287299728757,4.17863740547915,4.50200044007947,4.52692267789554,4.25501495401472,4.58624544804198,4.26091787337486,3.08708664428324,3.60664638014927,2.66504943356027,NA,4.64671922253038,2.34816078425674,3.24559801932591,2.59999539136514,2.02256075253524,NA,0,1.56821942130495,1.69042161203069,2.33653558264786,1.96247164110573,1.9612517057777,2.68854853904095,NA,2.37085523767824,1.88984946158225,2.70806741285284,3.23707590648611,2.32233849934534,2.63452766564738,2.59345308288864,2.51540554069642,3.08507974916031,2.92610508017973,2.76680900954417,3.30322502499241,3.45359886790431,2.49934759393989,2.47257101326348,2.7072420940956,2.52839736402761,2.32818937691958,2.37492851252645,2.6833082329978,3.0553617045723,3.16151488081827,2.74065256018892,3.27313520096128,2.93656296441771,2.83375499544614,3.53432374789594,3.80364682434679,3.30293473318118,3.78209340300714,4.06052133442724,NA,4.06782799992821,4.07377119687216,3.29247254854519,4.31607732720928,4.11703871160026,4.19566760184736,4.14852674900342,4.2625325328858,NA,4.32078205036298,4.71621070506428,NA,4.49938864579167,4.7864645113017,4.64931546395457,4.41128430537326,4.53173101698397,4.65892452276254,4.67808373994523,4.42482596052262,4.21368629933267,4.6792715397204,4.57346197686972,4.27408527252811,4.45547402689786,4.68311466240334,4.36866517135628,4.5261422158895,4.56935515558898,4.83017074926403,4.82525736435019,4.39985357264894,NA,4.63968513141869,4.8022158609318,4.46315604859478,5.16380114440941,5.95246814098116,4.37904787500487,5.05716758400551,5.07406774794858,NA,3.98812039851792,4.50124807954931,4.58511944211866,4.30069832470857,3.82248260493852,NA,4.94208372371161,4.51193237264322,NA,4.45001244181392,3.86838103308261,3.66583055841347,4.41438636356184,3.78855099508968,4.25676665031802,3.51003936030758,2.81764577279871,3.32473539286003,3.35794826689126,3.11506226788263,2.88423784703911,2.80336155786537,2.43562849216757,2.52685721681939,3.75307591487475,3.92276186345374,3.32678347908395,3.52941037031274,3.31774169726701,4.16628443636313,3.00109703793286,2.95417505198273,2.8144378936313,2.16921677966321,2.23746905891805,2.39489668626187,2.77576075723138,2.44574977175412,2.66778524899151,2.54666890787167,2.91805252393972,2.94186510716344,3.0826067803656,3.56765214961312,3.30104665576182,3.73388034017569,3.88348203214849,3.71052164183918,NA,3.67266453732029,3.89633266559738,4.14256637331788,4.17206203014232,3.87464486182314,3.75307595007008
NA,NA,3.99633462272067,NA,3.93774967349025,4.11981921413199,3.88652886644077,4.60137744723859,4.85477043342808,3.78168089558177,4.36875987973148,4.51634703879386,3.47547226691781,4.03828501110394,NA,3.80696226624361,4.34276172845135,4.02139188144755,4.11941888093688,3.99300303390178,3.61181256224594,3.93914020242533,4.1592652436646,3.43641525910853,3.68130337405206,3.46551281166472,NA,3.24653720798693,3.27449972669211,3.41515856427041,3.07747946504188,3.3083113102056,3.30430380098087,3.30373241926319,2.96925994956916,NA,NA,2.88966735077669,3.10088785620159,3.23199221614611,2.77641854872088,2.6761530108687,2.33736494145581,2.74822923785333,2.21906650277194,2.58139907679815,3.47797290666422,2.9386118536737,NA,3.35113640479111,3.61112118926054,2.8436335823271,2.86419963548817,4.50737018502361,6.14662692552538,6.47370471956052,4.18864104424717,5.03331956807483,3.95126248479144,3.87227932220393,4.55200372387698,4.66874456285223,4.07829091245225,3.91197886294064,3.90009798971528,3.64517700811467,4.59813684171531,3.41607398555151,3.76055121656501,3.1469248530134,3.26145771228784,3.80050758395068,2.94828884990267,3.27369880867739,3.13008073670641,3.28039363663632,3.29496057858142,3.59962201253682,3.38976452942956,3.30282824796951,NA,3.15158576936082,3.29435345475056,NA,3.68042739951476,3.92264124404119,3.80670407877041,2.988176390536,3.73283529381345,3.36689352625793,4.00742473216878,3.70381649480767,NA,3.88121604187776,3.70014360913763,2.95381150594951,4.47517283696284,4.38069604026967,4.36774207826966,4.35280965060172,4.43976671658142,3.92185448079098,3.12958094659246,3.81406999718569,NA,NA,4.57785213384097,4.63815112320442,4.52209871699225,4.3872853672469,2.99259835945509,4.42319629026313,4.27433602404247,4.64174203422492,3.50018203530436,3.93915992675361,3.78779428783893,3.48586649398706,3.8921727799505,4.0182691835337,NA,3.5792075661226,3.57806968262527,3.76974382156518,4.11387407683331,3.29401084044229,3.76240782476267,3.38427375682753,3.52980920095829,NA,3.3232304070883,3.64243171361758,4.13466202027526,3.06290037054208,2.48741433927439,4.05424505025505,3.24551584698222,2.68640696762924,NA,NA,3.16689933663259,2.49922022769982,3.69887028915568,NA,2.84159855328586,3.21474977543384,3.65963339052505,3.36066527930357,2.94897139194643,3.27211473187583,3.14221774341904,2.62178870482543,3.95571191675221,3.50390943315658,4.83606018525525,4.28975334249859,3.4683443029311,3.77674618345331,3.2606302923855,3.23151298549937,4.17194482098189,3.66125283925737,3.63831193879579,3.56803009437759,3.43788831028052,3.69765270240249,3.90327433151912,NA,3.76452864773869,3.66393407380162,3.41742823785572,NA,3.7555328898063,4.098899125378,3.58771808900963,4.42853501656629,NA,3.93021596919414,3.75875530028499,4.37893977551922,4.27428744674025,4.61846426646328,4.16974439907418,NA,4.75699702241219,4.12317560448141,4.21084575294252,4.00785389646485,3.83211084328278,4.1193574547983,4.21858283348496,3.94347278133547,4.0923689042418,4.41770632558131,4.09885937746216,3.92732098127732,4.42277675019525,4.3459531196317,4.31556800533274,4.03684309934351,4.24217057542474,3.86427874928117,3.95876997809131,4.1711401907322,3.64669309957785,4.0704230013279,3.72357243184653,3.99379294120869,NA,4.25531487525882,3.66781324317075,4.06827331648886,4.38030853788632,4.74429851437559,4.18068431196159,3.8411738626292,3.42702518149276,3.58339348533779,4.13085247808471,5.14178711193849,NA,4.09512156261793,3.38686253014483,4.1665406045932,3.20240389455572,3.40198347440917,3.27766930944058,3.03495133684199,3.01364032701057,3.29274147110478,3.39173237269344,3.28783563578201,3.33782630422619,3.36470541751204,3.409008904955,3.81831059380116,3.47075307863486,4.27873576087458,3.08841597277336,3.55054355158347,3.39213713815472,4.36987786484873,4.10883344686604,3.7582900124794,3.2092031432571,3.48787842227394,3.47810652088653,3.77599072895078,3.33121524068225,3.33587983582536,3.28743583363953,3.20446403348161,3.68020263257616,3.17685143494107,3.42038076550683,3.35921409817654,4.12794024770397,3.42338804285243,4.05446164823348,4.53017213639025,4.38248561858801,4.44216754825628,4.02542909349676,4.4669392792107,4.38213396163137,4.16445750589967,3.86053596575228,NA,3.58672487100225,4.10045622960282,4.26871098783711,4.25172638885733,4.19564140066987,4.27573008732995,NA,4.96080605906758,4.98948434110868,4.82250512451185,4.60207791639678,4.71664476668558,4.55863344983986,4.4873246449514,4.13020175229122,4.15115230774148,4.33669205467902,4.27557948282018,4.50428599097941,4.29416241708868,3.77755554976451,3.61449360277691,NA,3.36368385475937,NA,3.97578468476051,4.03485246676786,3.36856379510937,3.42554007547938,3.83602478753019,3.66511254664224,3.62882561184003,3.55261036954039,3.17679545548604,3.21481788447609,3.06655102961906,3.58919374957809,3.2854116530209,3.49554418386087,3.57353738958692,3.37183132325698,3.45063633774406,3.14214475629159,3.81941323550694,3.79548447824008,2.89228812094268,2.9762294755885,2.84720044265376,2.89602732421608,2.48642009737998,3.1738104328654,NA,2.46206518233849,NA,4.07482877164784,3.17541843854015,4.07513978333341,4.47694450276377,2.60322501877475,3.73891585790762,NA,3.33875398522047,4.19319464131838,2.47340655771538,2.26067882783945,NA,NA,NA,2.52078062342795,3.4060813795783,2.74712417553261,2.82117747391381,NA,2.31413504345936,3.05038811774853,2.39008481257508,2.77270726308747,3.13922633700319,2.82240323071289,2.81932295884989,2.33622385992703,2.87107341994502,4.65286334167872,3.39465411037101,3.59035917984055,3.96871011183065,NA,3.10362851587204,4.09838025054847,3.27009103075799,NA,3.28249974872261,3.76694289080476,3.72095609267282,3.85668870585452,4.19498531710511,NA,NA,4.05194657491368,4.3005704126176,4.34261778565232,4.29827893951404,4.23861028516771,4.41173224018976,4.18013819938716,3.83304604967328,4.18640132566473,4.00866096570665,3.88049588290445,4.00068824283607,3.85683372870167,3.90032648758107,4.32982842243725,3.6208906469841,3.64546284176952,3.73805942077793,3.72863603128814,3.86123355199559,3.55652660026119,3.59054797167696,3.95950437557572,3.54816342849469,3.62598469809951,3.61477372091271,3.48310003071172,3.61889673128029,3.55853310846914,3.84027309683707,3.86065984905613,3.61937733989542,4.12016643080675,3.76645200415173,2.72733478862133,3.23539671984703,2.44069591893659,NA,4.2479896593812,2.5846795739076,3.37476689193396,2.51353532648068,2.02546774873641,NA,1.56821942130495,0,0.83921850424231,2.48582008150978,2.57452476142955,2.19059822289407,2.15053409375446,NA,2.59967719362666,2.45526662609799,2.84826422610383,4.09892605003962,2.26338153305895,2.6851446837335,3.17538345901964,2.70802342697889,3.81911916874296,3.51610665527449,2.31495675884039,3.38521118986534,3.3851312336662,2.53379924762724,2.58241171775521,2.90925615525647,3.21076775391584,2.85179661698304,2.73322574633599,3.01322945786162,3.14401910771289,3.14251510939192,2.69325957880997,2.90208432243314,2.56845822698705,2.54701258974567,3.11733109800778,3.32219639595209,2.79488655174066,3.22814806195481,3.51240197356305,NA,3.50353827982277,3.49582051915788,3.64263300888179,3.77163829099526,3.51272291518709,3.64440505776841,3.63547044351572,3.68697730752043,NA,3.77438697307968,4.24066972497647,NA,4.00950863931036,4.30940796774207,4.14922687766892,3.81192015840974,3.93028331273499,4.11429985155225,4.15786733931454,3.86497442511233,3.63150127795152,4.14336577032796,4.01810031385509,3.74205315572081,3.90505408558665,4.12659964664386,3.71851679030981,3.93124991115073,4.0261109501929,4.30639266259925,4.38011937245924,3.74964489008339,NA,4.08893682651155,4.16818502133645,3.81618580568817,4.74825352606335,5.59106945473474,3.9114532185904,4.62080226387982,4.48974168609309,NA,3.48020110774262,4.12966372073397,4.18379073201521,3.87612698208246,3.33842395999391,NA,4.63764074389385,4.25380321883215,NA,3.91241810612108,3.41185696472806,3.32566992337572,4.10591626224318,3.26543266491426,3.9346018095324,3.16128449816028,2.53064756293894,3.05967460483044,3.1102215593788,2.94085443266313,2.88676822391004,2.87730033029913,2.53867814004939,2.63257758960115,3.19266067831924,3.51098160151365,2.87430943827087,3.05116366466454,3.35703692657022,3.97553874514836,3.2221891762936,3.15021617041584,2.72559713535422,2.43356677097634,1.99491787252446,2.57601905608014,2.6825670154206,2.08081282915933,2.51516724769135,2.22762187234204,2.56688013916975,2.62100052603497,2.61185384930308,3.05586203904752,2.7260371002328,3.11813621604235,3.32710950714892,3.08744887143933,NA,3.05274719758381,3.31095456476996,3.59886988430126,3.64645874729973,3.37920660308983,3.19461671501936
NA,NA,3.91056563880405,NA,3.89358795944783,4.0478893296967,3.82448998954581,4.53212642922213,4.83140147430033,3.72389477334881,4.2794579607133,4.42279183344462,3.43046973060277,3.98214740636504,NA,3.83012992560188,4.1616221056333,3.97261022827836,4.13379952689896,3.86087069690161,3.43526458122452,3.85936623298661,4.02199843014703,3.2783020092015,3.49470239177147,3.3860102747575,NA,3.102491300397,3.10956625715233,3.24330462800361,2.94372770008841,3.19414897870592,3.15066115709383,3.13131417662741,2.79010972819548,NA,NA,2.7266611417573,2.9971086821846,3.15556580598716,2.59359603937516,2.47777946190787,2.08929362278071,2.64305058307712,2.07862277312268,2.48115027910495,3.56024675150352,2.96182987691053,NA,3.27536392486301,3.71899299042452,2.87094873013462,2.89200308945459,4.53275328354635,6.16598865617449,6.57237991061838,4.1046735343645,5.09658501339763,4.03016261517007,3.92752917664361,4.54583213588272,4.68951128730506,4.07376071305849,3.77678616636654,3.92804286930711,3.66515502553953,4.69595629648685,3.4729357719442,3.779512236076,3.1249949149564,3.38620722294873,3.8589667069745,2.91620195589607,3.30870736105189,3.0920336918734,3.19392239555738,3.16737213594839,3.58893810884415,3.33981153908946,3.25525995322358,NA,3.10019897566284,3.23747187414037,NA,3.67184105676515,3.85523149605694,3.77535165000857,2.86436889151077,3.6708059971746,3.33148808403045,3.98102848461007,3.67082334740326,NA,3.85511760940999,3.65803905251658,2.83912670518957,4.42593008431975,4.36666302132532,4.34703359093906,4.33744115247166,4.36026047553999,3.88908103917531,3.03296582957536,3.75460584878646,NA,NA,4.52846527588601,4.66498282821635,4.55351053975297,4.37026151724852,2.87375963553968,4.33477040372015,4.17196304973466,4.45950500302079,3.39739426359674,3.76605491475597,3.72756639161256,3.37349528263863,3.70394511999513,3.86811113146183,NA,3.56078058298024,3.48558683032631,3.72354385510443,4.1461117848893,3.20250048435197,3.64841956451564,3.2782073253944,3.41821255841262,NA,3.13072023032339,3.44591641407182,3.99393927255249,2.87301211381533,2.30889985203122,4.03637259753816,3.10358194472664,2.56117084658325,NA,NA,3.02287546059351,2.38584413385333,3.57005355736084,NA,2.66985934160801,3.11316977098529,3.56383994010136,3.27563660363742,2.98588905448102,3.20504359486592,3.24390435990749,2.50786121413586,3.79604522194029,3.36324031420354,4.81663219930431,4.19517933466204,3.32587782201642,3.69055820926047,3.15623218504392,3.11528713097665,4.06171914527293,3.60245758478714,3.52975471455675,3.48982816935564,3.30925083082348,3.6969711092622,3.87896361283242,NA,3.6711880081453,3.56011425081769,3.29192558409801,NA,3.64164123851068,4.04246504990717,3.49675642384804,4.38684860775565,NA,3.8967604070819,3.63494347089074,4.29423481221044,4.22652348953328,4.64834874060752,4.15072425322895,NA,4.68985869591015,4.12187079755488,4.16846792768944,3.94939682172831,3.73306767432072,4.03769472040104,4.13042002698403,3.91517597854065,4.07612376401605,4.45181521642476,4.04053771384245,3.88583191155743,4.36695431477135,4.32916934668328,4.32169468982752,3.98063648280799,4.21125162990851,3.80405518419706,3.90729786643009,4.06427534108109,3.48188718962707,4.06904664815343,3.67504445076987,3.93205649711568,NA,4.1630336663499,3.47087403334648,3.837141285107,4.15923787417876,4.5566733667263,4.04700772403234,3.62149127314988,3.3044391167002,3.50842087541735,3.98858155074332,4.94552602745316,NA,3.9852296806807,3.31803075618949,4.14932313597033,3.17104619956679,3.33015877870664,3.21922339331155,2.95367792850014,2.91403638671416,3.26557526229232,3.35841810787451,3.18432925441219,3.3097012490926,3.26079437480792,3.34976604885721,3.87826772503418,3.43594577199007,4.2602605168767,3.11029868248378,3.41124313904922,3.35320662961686,4.24126136368663,3.99699164753373,3.67490431861967,3.14411991254128,3.45379324665757,3.48676556324324,3.647834084567,3.24103567924517,3.24203541325557,3.22338933585653,3.24068400133861,3.58697102849266,3.1223637548785,3.42751192410783,3.4209214365452,4.09672379671622,3.46841456654679,4.02415638511627,4.50410851987843,4.32027554782711,4.41373143984071,3.95610690870271,4.46158720078365,4.36310809147053,4.10898868835726,3.76356336621465,NA,3.51956345451443,4.04128407689449,4.20577567325499,4.22140981724762,4.15010422009548,4.21914182422196,NA,4.90236762573996,4.94907808342082,4.76969357628711,4.54525976391084,4.68417900789162,4.57042317703403,4.46168623998958,4.09310239632855,4.15486669785659,4.25797216864476,4.24376386751655,4.58744020014954,4.24463580657832,3.65373868944909,3.53304994384277,NA,3.29831802824893,NA,3.83291770044705,3.91469883262552,3.18532339210131,3.28587199043708,3.80969375345323,3.6018169931401,3.47917513796674,3.40822478657962,3.0448401923764,3.10220792376897,2.92900637157783,3.55432193585561,3.21254329770865,3.43769672425948,3.37586214958444,3.28981256945761,3.29365264101261,2.98821367841531,3.71303863543373,3.69257892561494,2.6805968895185,2.76473624047903,2.71511612092255,2.76093819317067,2.30712567077637,3.0906674781729,NA,2.27189081232355,NA,4.08183166176446,3.20039515880277,4.1733520938774,4.45200632623473,2.45014990209076,3.6856509271524,NA,3.25957826340019,4.13592826107406,2.35112775682154,2.18914855947382,NA,NA,NA,2.29737734142493,3.34319508056447,2.70993449410021,2.72572293899946,NA,2.29238416887726,2.96163724147297,2.31819741442494,2.77037225801945,3.06365733769081,2.71607436936808,2.79172611064225,2.29119598677218,2.9430257603872,4.54439933784794,3.27443836499705,3.48951178312775,3.74699016704858,NA,2.96960284283466,3.95949507760174,3.18761046807501,NA,3.19266985571503,3.63553578032704,3.626439798923,3.77546226282777,4.15081806903555,NA,NA,3.97345786790973,4.23454193947301,4.30555190241274,4.23403573175367,4.16863080411676,4.35866504078697,4.11051926641898,3.70774447265145,4.09154761956879,3.93229604707863,3.80646847238002,3.87807689654266,3.78312244689875,3.83404745643962,4.35278031315233,3.47860793050129,3.44591904765262,3.50768476652258,3.51409109484448,3.59720170994454,3.32025133221474,3.38074009044978,3.78297752150721,3.3814244775908,3.45990491605518,3.47007246200571,3.27221008789642,3.43354043080451,3.39989088979237,3.63096810712503,3.65333180981005,3.47637288526735,3.85409526778263,3.5269666681688,2.49735271441316,3.02545089884093,2.28534092226518,NA,4.03500248699378,2.59868562061132,3.17889683233753,2.3037440130223,1.90580463722845,NA,1.69042161203069,0.83921850424231,0,2.38274794182932,2.50837261818003,2.12191480113536,1.81651650553675,NA,2.52950062164417,2.43482623108454,2.76622168699645,4.13359177316442,2.12937769528363,2.45355962529917,3.15156296766356,2.52840036791735,3.81095094464056,3.42583932722096,2.02979093564372,3.15268494061449,3.13582291485216,2.5008599146503,2.48287977424251,2.83080822662721,3.09698023921326,2.70941586405085,2.61497389127121,2.89558174685542,3.0526673477985,2.93859592898459,2.4970032482813,2.75795088761352,2.43502025611569,2.39450209422361,3.02514824133266,3.21157265503484,2.66490444177097,3.11175648584167,3.40411358667451,NA,3.39546417818039,3.35547676048487,3.68934606313194,3.68448403062958,3.36412974441741,3.52320707281954,3.50470994742862,3.57076459109236,NA,3.65965340198724,4.13946859138785,NA,3.90894544451053,4.22366849243559,4.06889182338018,3.69995755301863,3.8195506574343,4.01688342286043,4.03034409712748,3.75972692300353,3.48314255612478,4.01700130586826,3.8700063556312,3.59822440939442,3.75761385271905,4.00321427689248,3.57007855162421,3.7732155608535,3.86852238535852,4.14316094061214,4.28817182506489,3.59386090490373,NA,4.02007551965149,4.04221488653375,3.68826309247279,4.49761620310603,5.32464444879724,3.69121525093517,4.41218409433993,4.3846769269201,NA,3.23876898163918,3.89854563214029,3.96462110902647,3.61769460213712,3.07105698730255,NA,4.39364057811004,4.00810271365064,NA,3.7200610914625,3.12401306005763,2.99341765299617,3.88846024722984,3.04795075661469,3.64118642885221,2.89177457141382,2.26909273342737,2.89700093036606,2.9008419896172,2.7382327207794,2.68205295031942,2.6859316885782,2.44913906970307,2.5433378210239,3.08175992217868,3.31493159021168,2.74056252129863,2.83907946912828,3.10106112929146,3.73570030767168,3.05851898584964,2.9390086390242,2.48854698748896,2.37647334464536,1.71000729268143,2.44090852718151,2.48914611697381,1.90950699470477,2.23613346897926,1.97708979763596,2.35465978845262,2.42933103276048,2.50215132102875,2.96769999619475,2.558118901085,2.98826962924927,3.19272800954969,2.92782854745623,NA,2.89223917412109,3.16299151809984,3.4559881508007,3.51383240994794,3.22779640130522,3.05316623292046
NA,NA,4.88847414188615,NA,4.78736570565769,4.99051753614135,4.81513767047934,5.48201800372513,5.66174304496049,4.5883605869644,5.14638440497087,5.2766182614554,4.26980332625258,4.79123605626129,NA,4.54423837697346,5.04642289550569,4.81783413272988,4.92480479246705,4.59466874379267,4.27246118630783,4.53447976091436,4.7882231334129,4.350464845635,4.61187839801963,4.43765916525079,NA,4.31359709502576,4.34329907290308,4.30449257586726,4.1430011123803,4.50004167709665,4.46173089607296,4.47297885057302,4.13343978765127,NA,NA,4.08473924488069,4.18769514009246,4.25868113677217,3.7922085949685,3.70162196445114,3.39313778991822,3.52127523411653,2.95671881635538,3.23764788749807,4.14971908781153,3.51481050328866,NA,3.65252749586044,3.76965855828362,3.43659287588826,3.14939540711921,4.21094497314063,5.83702425148299,6.47965137842667,3.77044749465829,5.17367066230878,4.10110651812053,4.32034318948606,4.67611945203242,4.89455431677951,4.3764319429102,3.82341824629998,4.13839750524219,3.80414437801519,4.69313972814039,3.85965768207665,4.15270584110321,3.72205782371611,3.80205317155526,4.4624929771164,3.84202278347081,4.04406456475749,3.9260207234165,3.90086798533894,3.87552052642003,4.21073526822705,4.17975052959396,4.12728668607791,NA,4.05541786219786,4.18012150192941,NA,4.48416932827245,4.80246159035175,4.7143515224347,3.92705814941991,4.61299412254802,4.31404360412742,4.94755984838595,4.63302831603721,NA,4.85308250567868,4.64417543292858,3.87767575353507,5.25076505296013,5.20822380716195,5.28464130503635,5.27139165737953,5.42333523879998,4.83856370063425,4.01223730137646,4.7917593924257,NA,NA,5.44873263346178,5.59273248624081,5.47220841361754,5.21097256985225,3.88697349835825,5.27649797303897,5.22933641292501,5.40672377560727,4.47200959639414,4.75293295152162,4.60607322136038,4.49522252496428,4.81464571283211,4.86780629534991,NA,4.54139509174419,4.45416441326551,4.68794947659947,5.00423457563612,4.18629444954234,4.40098658038314,4.14415852601757,4.27205683633138,NA,3.91047300958676,4.33033332499294,4.59631814776121,3.6177013782633,3.28235517696252,4.6231367556828,3.91026688609915,3.49585399805986,NA,NA,4.05975992501172,3.41413828437465,4.31205519206454,NA,3.02833878593217,3.33855977164823,3.83175806826411,3.43914006696494,3.520952498827,3.26453671333055,2.94231239081704,3.217306245636,4.30410132889245,3.25761956508416,4.5170773916079,3.79523312623554,3.52657870807151,3.7561898106557,3.60359524878202,3.74412606754717,4.72949253657596,4.2507157330446,4.05457703674347,4.19940438052402,3.88519888481555,4.34389619374026,4.61963026445131,NA,4.24143347840669,4.36093782864563,4.11902089034531,NA,4.55208107627281,4.9220747116198,4.47341615059839,5.34204365460952,NA,4.82293952718212,4.59709359748235,5.14367555454159,5.09045295333808,5.47780195290115,5.01106056445788,NA,5.62680298944135,5.0452026404665,5.06245752005795,4.91682005989843,4.7411062343277,4.91480123875607,5.07079530808146,4.86583863757694,4.96325576419438,5.36565238003115,4.97386788476995,4.88542292314829,5.15970622046034,5.30823572806164,5.19144269677458,4.85911617452906,4.95995538157086,4.76828487756038,4.65266895235056,4.71691947138419,4.26736471734133,4.75623795249307,4.54216471943849,4.81344996591825,NA,5.03406698458634,4.4407700451024,4.77142289676872,5.0959182064864,5.24170155985856,4.87110922535502,4.54281230553311,4.28610869362344,4.13735140424276,4.7413205425604,5.59545856700948,NA,4.60092776583082,4.23223173743419,4.66568280059252,3.80256236084581,3.83575834111873,3.5236748912257,3.41134803266648,3.34887884171537,3.63892321301601,3.65730452768766,3.4786396925286,3.62647277455461,3.31799596667294,4.12736612133039,4.31562306791119,3.83335220623848,5.05769839624707,3.93068938408145,4.12852711120754,4.13350443265318,4.91708231577236,4.33953312499607,3.95356900451822,4.05910428389442,4.36928806404419,4.23983943003705,4.23697840874167,3.78487774255776,3.74740603445524,3.80945934514322,4.03347756544477,4.30056234763883,3.85506860580765,4.04585525689508,4.16488631839686,4.79192233315678,4.16586012193274,4.5438223511131,5.14495759252553,5.0451249736979,5.13220411103241,4.78468781755253,5.13792098592366,5.07640292795807,4.97779763114934,4.78773405080252,NA,4.56578060545367,4.96101323293958,5.22491126583417,5.20604505765822,5.19382177216608,5.19414125063088,NA,5.80309900993169,5.80532959787842,5.60337997828989,5.47813001334322,5.60244928743121,5.38346751776672,5.38741612162975,5.08266469896081,5.16108091729137,5.23502932419596,5.23185771162832,5.54754408636089,5.23436401832008,4.68894649410912,4.61312451367627,NA,4.46110530619039,NA,4.77613569361189,4.82458699460727,4.26017544431239,4.43165467755386,4.80697975292471,4.51075447154483,4.39856597334667,4.31010379536921,3.94956271914142,3.94277237507644,3.97070670050382,4.33940112895088,4.17550536564214,4.2914967029021,4.17386996791186,4.12882387070554,4.2038122068881,4.03657322301549,4.43813492408988,4.23467986567207,3.27746314542622,3.41800548540141,3.45075180517868,3.74644729904396,3.14496255010197,3.58139678805914,NA,3.01495750535672,NA,3.92593700420176,3.01503847935093,3.66767743790649,4.09483791605805,3.12055504083269,3.30001589622337,NA,4.03928145646252,5.15264172661114,2.95044696287458,3.12826339376498,NA,NA,NA,2.94071018737354,3.96839570391706,3.49268404144073,3.47515594382324,NA,3.10417528912689,3.71476109003648,3.29408904572421,3.54054965032983,3.95763212725525,3.67919736265335,3.43415308367184,3.00563717836574,3.28587924840422,5.14732839259706,4.00097305385485,4.28293323048836,4.72387502395501,NA,4.07913989028763,4.85206915620961,4.08368801902474,NA,4.3302787639103,4.75416878337063,4.76744080047375,4.93823749055394,5.23234089626444,NA,NA,5.03516220834534,5.31002394617526,5.35626134503435,5.27427075256679,5.21712960643687,5.27557558252173,5.13421340243155,4.74406790111102,5.08072560311397,4.9466860372635,4.90907689536677,4.91165458854022,4.8976659199152,4.81487262570008,5.28749812264523,4.59877882179166,4.54491711862231,4.4714987508529,4.62957804027313,4.63530596340462,4.39860397404866,4.38379585525112,4.83269075265214,4.44202108323982,4.48719141218528,4.45508519219627,4.44245873522267,4.63098391837318,4.41194186632651,4.78156062954872,4.5929045639534,4.49762726769946,4.65231722342269,4.11314164347529,3.34841814593883,3.79872686133793,3.46249563266433,NA,5.07041042178984,3.41524393090838,3.9668007631263,3.43606958467742,2.82401134714967,NA,2.33653558264786,2.48582008150978,2.38274794182932,0,2.73626664500753,1.16655794369952,2.44858194025865,NA,2.61066332777661,2.60445944407904,2.26252552166376,3.59602462852368,2.20417082874382,2.43950895729079,2.75450683875382,2.2617498989519,3.70058940474228,3.54300645677368,3.12147871175078,3.77934391437868,3.9513144800089,3.33374711278155,3.20880933318297,3.40524895738206,3.55574136296129,3.1541577355414,3.41093457894276,3.71326538008955,3.87725411921442,3.65634700345577,3.28138043598968,3.63416757336424,3.39774601810566,3.397706010277,3.92041884843008,4.17639327824484,3.74067353265552,4.14698326778799,4.34619591212625,NA,4.43521412158839,4.51547101791369,4.45629961419189,4.74667019433374,4.48129180159545,4.56279618049004,4.46291726167089,4.67679337521229,NA,4.78620000285591,5.1931447211552,NA,5.0271872847407,5.26914426167309,5.14770953878061,4.89628139013918,4.99458297512529,5.08658384287141,5.07776793459727,4.85743106114754,4.63513513987192,5.12523416370119,5.00637583700367,4.73929671704216,4.89561352406701,5.03052801826674,4.72513475731049,4.87196884619985,4.93697089534555,5.2051748595422,5.13949397687437,4.7391259605041,NA,5.12365996680329,5.19701032282949,4.85487421706569,5.51378906205443,6.28216220619931,4.79724762822867,5.46819747438856,5.49957435930739,NA,4.36746916870206,4.84504334031327,4.93598680152204,4.58417936386266,4.06808102176747,NA,5.25401731042479,4.8561387118732,NA,4.82967024356239,4.09728243273929,3.94725193127108,4.71472484101041,4.00893949050257,4.44542989641055,3.41888671755245,3.14738511806483,3.33908371293184,3.5148666880836,3.4108679460523,3.37483314099239,3.21435148049484,3.09634926632229,3.41527774006549,4.04546665915191,4.51739484060798,3.67347718539404,3.6153957313917,3.73257924777558,4.52572061070135,3.09730526580973,3.10384386122222,2.89740840241409,3.2335579301666,2.89941696667455,2.85411887266041,3.11773240591107,2.96420745271075,3.17041074110709,2.97341946864665,3.27410257876167,3.2779826483339,3.54814015382827,4.04061887554147,3.77495739883627,4.09815891820807,4.12119725349491,4.09183837865855,NA,4.07007299813173,4.29612422495123,4.53532655146774,4.51830288240529,4.20090854371693,4.15160072886512
NA,NA,4.96771731931707,NA,4.83142485087075,5.00692357225688,4.80155158327126,5.39397897552069,5.72199078343148,4.85000386540122,5.21953854715097,5.51759521664287,4.60092124293551,5.19548985943621,NA,4.92879890643036,5.23731365574746,5.13811930485357,5.11387308713447,4.97354116341645,4.65558446829526,5.18481398936359,5.21966385803356,4.46667672278375,4.70937843253252,4.61820980715507,NA,4.31054781897083,4.37422384908778,4.41538673807788,4.30080359755325,4.51788283019724,4.41794512759218,4.37019372152842,4.15829463944384,NA,NA,4.0908001124544,4.36485798561407,4.48894580553166,3.88412765171508,3.8733565057085,3.50838478584173,3.79319262284606,2.94637497953154,3.44966776700719,3.87928405597998,3.58387145195398,NA,3.74603039009154,3.43212180419042,2.9423328821101,2.90747551461595,3.82173746521159,5.22417269701778,5.71945254318461,3.72987731433092,4.0868535950646,3.37434671221447,3.57145582765908,3.96338565739266,3.82058028329506,3.39336623844446,3.61860385126506,3.35234544260222,3.51629231771665,4.44241744621703,3.72334975340189,3.9773051302513,3.57348292392785,4.06504278322751,4.70301670413676,4.0741680427411,4.33994065179741,4.18526499135955,4.19244726995847,4.14094948461056,4.53082348095021,4.35230661366828,4.28016409263059,NA,4.18208801678113,4.2619353168665,NA,4.61702038698386,4.75776822367935,4.6543728911721,4.00943499411334,4.57812294576543,4.34529855911039,4.85155123438799,4.61873826060071,NA,4.80920062552111,4.62625907565597,4.00504476974226,5.34424702148545,5.25538480551206,5.22764154659044,5.24853034348819,5.44203372452148,4.78237285565939,4.11974463286887,4.94619989488454,NA,NA,5.51158598835958,5.66933114006829,5.6108044717047,5.42130657738036,4.05519681003805,5.38019355616468,5.31643622496095,5.47434166801849,4.53101415376901,4.94582888444741,4.82778911459901,4.56897790966679,4.88144106173631,5.03702958860529,NA,4.74119482429935,4.72828571563843,4.84004225226964,5.27839378085578,4.35945621905426,4.79059247189497,4.52348714976323,4.4628226880217,NA,4.09755504295434,4.37144040014088,5.13574459449174,4.05875625127626,3.36376057195724,3.4431754351737,2.96227988101093,3.65008096214241,NA,NA,3.93608763864811,3.08624376713169,4.38227761576018,NA,2.86288762072174,3.30706685365284,3.86772756243889,3.78707006300015,3.30684831521305,3.43668144548968,3.30399743239382,3.34782135513756,3.90997929421576,3.30826072028253,3.9350080840703,3.71751109054259,3.33902549994211,3.60244303709631,3.59723245119338,3.7930269826143,4.79341651198205,4.29591353672012,4.20063788145098,4.33392929499897,4.19123994300067,4.54970532731306,4.7431321374465,NA,4.55913280770066,4.49424958271321,4.28684298555036,NA,4.66399418284563,4.95944221232969,4.48681797146133,5.36428350714034,NA,4.85528821670705,4.74074791292481,5.23126687231902,5.14521319647202,5.53768913705993,5.10230177198999,NA,5.70089773796788,5.19726273058153,5.14734039194989,4.98377403451307,4.8218951767285,5.0950742288374,5.21295066760626,4.98074576504995,5.06760775350372,5.45921782342012,5.13286669792843,5.02836074132779,5.436950198891,5.45420669993307,5.47315205183951,5.11686107679143,5.38576801826308,5.0422623185583,5.18643607327435,5.20148659673968,4.6755400294228,5.20324826538191,4.8257736919288,5.03715908291094,NA,5.16940875394648,4.58164427075012,4.90087801161464,5.10921382722651,5.23234183239328,4.46537055950425,4.13384710633611,3.80946759683132,3.35770357379348,3.91152058249392,5.04459216268087,NA,4.41386528115939,4.21130836820743,4.97364664190183,4.12677766495517,4.34263110076037,3.88706458163464,3.50318548752343,3.63366336041283,3.97540327935609,4.12497083257263,3.95183817599828,3.9866305103005,3.48715798893987,4.14624777639243,4.77503706392658,4.33381483781364,5.31895180453887,4.27976918833233,4.51820875765256,4.36956546327393,5.05704184125922,4.63849072328876,3.95271617909904,4.11112748632423,4.5045662972043,4.4203078800761,4.45007508408767,3.7492879534136,3.78340142252347,3.75876131489298,4.07816901225742,4.339989222672,3.81357020035611,4.21498119917874,4.2748942404623,4.95520004140676,4.37285933244252,4.80463799862434,5.23137808382863,5.17058465223694,5.25286665174657,4.82148839411196,5.35642839842324,5.24456086152914,5.07129961680768,4.77046278922516,NA,4.63617497961652,5.08125687750648,5.20088468119637,5.2452849085669,5.21991579259646,5.25517393451414,NA,5.99258694320218,5.9418706628583,5.74242162448468,5.60913642922841,5.8052209664267,5.65332266193241,5.58011626693581,5.26635447753063,5.34665405874705,5.37516085739209,5.27772373526022,5.641322844802,5.35631591939108,4.84173595898491,4.66224636945142,NA,4.54845009413948,NA,4.99579346912092,5.10930139834907,4.2869603851937,4.43519792938142,4.82666898474441,4.75006495539237,4.63625593573366,4.55103369977943,4.13674261291985,4.11860118827267,4.05102537181115,4.62394629035029,4.37916566397981,4.49165835675037,4.34211447423486,4.45021680923319,4.37680840223881,4.04464187562295,4.76309981429865,4.71488306841743,3.58412654853865,3.30828691849992,3.35306696904408,3.86891799066585,3.34702196092571,4.07587395222562,NA,3.02321687568389,NA,3.54272063269565,3.58260621265424,3.66433748449382,3.6879163845026,3.58844906555824,3.63760527010111,NA,4.23254280071019,5.11469520793873,3.43409853278433,3.43192871295671,NA,NA,NA,2.8864574116668,4.27293910059901,3.68167613661993,3.68394660980788,NA,3.41838589331902,3.92628668312056,3.42746133589063,3.71082944773971,4.19567022563839,3.71527893487939,3.43002306181466,2.95854412128152,3.45401576672379,5.10785866266885,4.06534899549515,4.38278562527823,4.64099567625566,NA,4.14218427364553,4.85504298998222,4.32804311645651,NA,4.33066238300287,4.75801491832614,4.78858218285582,4.95877872959598,5.25215859845319,NA,NA,5.08987547226563,5.34971633066163,5.39181926275566,5.33037027612291,5.22271908292768,5.34222250772908,5.15874047284538,4.87812059793048,5.1757683007608,4.96338042779741,4.92101763675799,4.97695834468431,4.87595382060646,4.95011930125819,5.56833722823867,4.82764022544898,4.72596511619591,4.6260439060321,4.62462203590207,4.78904853098471,4.49692957826178,4.41376577937512,4.75868055208515,4.4229963302865,4.54494757905547,4.51805748768063,4.41792282675962,4.38379544212699,4.41276158676648,4.66311542745483,4.62834378433054,4.34110164538162,4.67658155648125,4.23747258517386,3.26709846507154,3.61680164409706,2.62702020301391,NA,4.58739801788803,2.51149799410212,3.15824941676603,2.8686021154643,2.92804187924417,NA,1.96247164110573,2.57452476142955,2.50837261818003,2.73626664500753,0,2.41364057277881,3.02148535409395,NA,2.78291041173074,2.2012194662828,2.97536557313939,3.04566734898439,2.52486030969982,2.7049612679812,2.47795464266424,2.56311457259811,2.97241854246304,2.67666674188082,3.03405953655959,3.3782528589926,3.72393608774617,3.20416312245914,2.86022149794639,3.04673982182245,2.25532907545143,2.1794702772583,2.60837195769176,2.76407835910758,3.30715916397505,3.1592080254662,2.84333537643721,3.63476729816217,3.37883339692476,3.26698547093469,3.89176836233764,4.15272141984291,3.68530301863358,4.12846083147569,4.40643628046418,NA,4.53980645174893,4.49030038869119,3.39174596484686,4.74653582171208,4.46440363699169,4.64610445631095,4.65551869004302,4.70744447503158,NA,4.74408490819958,5.18442457228825,NA,4.94845309815989,5.24477300020801,5.13002424520347,4.87617147315156,4.96667916520325,5.2282710821453,5.18591389724188,4.89159292092003,4.66427294507948,5.20211196985648,4.9858052283679,4.70146589873181,4.81706001841212,5.13802612264089,4.70974996156138,4.87715348046571,4.97040883072215,5.25309791096965,5.36854359158193,4.78768083504232,NA,5.07619436571707,5.01969762400523,4.7393277720722,5.35205364379375,6.01606560682891,4.57280786147824,5.0935777418503,5.16718904889872,NA,4.0740730534789,4.65320714449088,4.77780480962086,4.52828780012632,4.04481865048391,NA,5.28194524693349,4.77721584985055,NA,4.77396931300745,4.04979307767428,3.86574966091217,4.42933878798075,4.113934974513,4.58825778583363,3.90689867152004,3.25853166348999,3.88618831138082,3.75383303675919,3.40829138070918,3.15515625057972,3.04539667409847,2.88560879825249,3.02794072391897,4.35134866868209,4.32560592515353,4.02940995526051,3.94845574260626,3.18497202808051,4.11998077091155,3.0447535219454,2.78249228298868,2.77901136193889,2.41092886689442,2.77172536509683,2.63251163146288,3.09668824456415,2.9346767196055,2.99319817910164,2.96250085469913,3.30795677059183,3.47411411933472,3.65139220921976,4.15889814362712,3.82438554935956,4.38574862802968,4.34947405713942,4.25302739487865,NA,4.19222239263261,4.38186338257252,4.57777765441425,4.66045134194614,4.4856480748096,4.28862515297547
NA,NA,4.8351596360664,NA,4.68656267408968,4.91446170554849,4.70724162780795,5.38058978923498,5.58396075464867,4.49986025651199,5.11407878784733,5.22222907601107,4.16095723176589,4.71350755474044,NA,4.47591305385867,4.97744586231944,4.78263899478811,4.82263219007799,4.52062107586843,4.21698152740392,4.44113390980148,4.81041756477663,4.2306786150405,4.46390242951868,4.41171863844377,NA,4.17132755005298,4.14736885304945,4.17488375772033,4.00226425734647,4.30371150738986,4.28492834783486,4.29455207835652,3.93012274977798,NA,NA,3.87075396847521,3.91388134750599,4.00119794800934,3.57907629128491,3.49314269013103,3.16266961729228,3.35178015356056,2.64981512733752,3.0353556969812,3.80468001173303,3.36650934631875,NA,3.49375876470315,3.4723468074902,2.99416053652661,2.71348960615189,3.72029453391829,5.39703550903858,6.03680012261264,3.49229687333441,4.70260604482119,3.70371751270628,3.84379645783046,4.25814075712725,4.45543299207867,3.99054570316053,3.78729790541603,3.82376807151145,3.53253839354579,4.4288827792698,3.57949677798712,3.97936136578517,3.46930838216806,3.51998545419092,4.28312032713781,3.6952766807497,3.91176965638905,3.79613462935957,3.82752776917696,3.80354628316168,4.12722906137028,4.0663415982887,3.99789631860779,NA,3.90433909772521,4.06755062952096,NA,4.34549642783791,4.65548626587683,4.54357670831324,3.73919100061291,4.49355027936845,4.18240009147388,4.79577808709507,4.48904505898277,NA,4.67645386878572,4.47534792016934,3.66387824120497,5.10398523617655,5.07701242064678,5.1325049512798,5.14141101669062,5.27270983895469,4.6616986025457,3.77445434857684,4.63267940211618,NA,NA,5.25405710417818,5.45156792693555,5.29688650479184,5.00815190510167,3.63097457567197,5.06387633595419,5.02202042817649,5.29132618041232,4.28259108676717,4.61571081834846,4.4752745020604,4.32710826629049,4.66002767906917,4.73709390885085,NA,4.36723439287312,4.29931583244567,4.52152043240674,4.8473565055399,3.98957923992983,4.221592083715,3.93758270928609,4.02311837144351,NA,3.60479890014466,4.07359661373602,4.34691894990431,3.35493980890773,2.94160312738735,4.13246794195742,3.56994189191007,3.33619924735694,NA,NA,3.82153169316881,3.12771106209478,4.16738868828873,NA,2.68945609413292,3.0998183637644,3.68070783769973,3.24937786784667,3.02058625747979,2.99947486387356,2.74788121272487,2.98709482525874,4.19237624589175,3.14705889331588,4.14157986635939,3.70599118465063,3.38657164608963,3.59918720741614,3.47315825259709,3.61877213079884,4.59589989153232,4.13797228782263,3.94682951457413,4.05736648092356,3.80529824308287,4.29465237601264,4.48285361299852,NA,4.16684460525132,4.23238436500364,3.9886738210502,NA,4.40060875172803,4.78771405108291,4.32094445966655,5.1944774420764,NA,4.71212521304255,4.48207040660642,5.00573114165625,5.00027367244259,5.34748966006777,4.87176311065857,NA,5.49748076556548,4.92273294335486,4.95848311250802,4.78786386956741,4.60033128979142,4.82652917321235,4.94291752598257,4.71991403935255,4.82583803451502,5.2294460396483,4.82279972328791,4.71899618628105,5.10981178467882,5.18793436707016,5.0751162971899,4.73753796368656,4.90417624095777,4.63779081874436,4.63940264501283,4.7126871460266,4.17927017066768,4.61597239267389,4.40353430975391,4.67263263899082,NA,4.91466623945045,4.35005217094213,4.67300728316307,4.99747682950591,5.17133073981601,4.69809921046123,4.43850225865833,4.17101629006118,3.844503239364,4.51208714947984,5.53580155068425,NA,4.40412025831584,4.09468502593427,4.44725712349072,3.5792267694391,3.642982148457,3.42766400581105,3.19548213503419,3.15928755372603,3.50643830530069,3.56118017081097,3.21651192976651,3.51557381888233,3.15979435568029,3.89096128260577,4.14642746419941,3.68415863881046,4.87497501592717,3.78727207095949,3.99128706704418,3.96996548063229,4.74158440377582,4.22347809686529,3.7686980129741,3.84465315184292,4.11865742967574,4.03652412960564,4.12085615269778,3.58168310054172,3.60112851656475,3.64613330509711,3.85633052623462,4.16026740470762,3.60277485026887,3.85444776500705,3.99534793401813,4.62896384309009,4.01943987797524,4.47004180030548,5.02618469331295,4.93143845894471,5.03423157441383,4.63657325572027,5.0460261700858,5.01379267546241,4.84969617973011,4.62336169838261,NA,4.45764162036147,4.83122430436927,5.02689459569353,5.0342423701043,5.02477559236861,5.07526709660914,NA,5.63619632920764,5.67305637515067,5.4892476489561,5.30302865820663,5.42014572864219,5.2554956595636,5.21515335071725,4.89555174053311,4.97060929801489,5.0557918930127,5.06984526598834,5.37781365912634,5.03643909019661,4.50268363294213,4.41767515379421,NA,4.28200893904335,NA,4.65185222589882,4.66790611337171,4.06729430476945,4.23973927265521,4.69520619394325,4.42325293773401,4.26471741281804,4.18485477074128,3.77251747113961,3.75021392618543,3.74551915315587,4.19484919279826,4.01100839816605,4.06568005217579,3.95518429466948,3.93441113147069,4.06740167610348,3.83888186115798,4.30624165153368,4.13935715427431,3.15311210563123,3.27100639037103,3.18193215973632,3.48162297870222,2.97462578055816,3.45616042798008,NA,2.84212546846773,NA,3.77253692419625,2.98624702449394,3.44772734551507,3.87583873008767,3.00736013912826,3.22004758811775,NA,4.11075496712274,5.11839102268819,3.02398107359405,2.9158473009259,NA,NA,NA,2.65376876783246,3.8905790414825,3.37485685055862,3.27728518553328,NA,2.95832436905485,3.58709036083194,3.11181246420889,3.36947178221761,3.74958558842899,3.46022693466808,3.26394572180938,2.79733743765799,2.98158864735833,5.00187529725846,4.01033324978502,4.19248404429161,4.60681311792362,NA,3.87316657321993,4.71420693519979,3.90583016764452,NA,4.17400397516695,4.55021490551633,4.60633283126428,4.7284184145222,5.05721605645162,NA,NA,4.85224826460341,5.18020711449295,5.18685389518053,5.11001102665871,5.05219528209758,5.08259456406995,4.94829785316642,4.58437427862225,4.886097546635,4.80710720486421,4.76123930706574,4.79722570908663,4.78088241212116,4.75579698647499,5.15223054555085,4.47472946078984,4.40964571722628,4.39768037024823,4.53366312747843,4.55267653539167,4.3056093607983,4.30954898422682,4.74844525775791,4.3556012050287,4.41955511389999,4.40741534281142,4.35557600478677,4.51586532937447,4.32629949850208,4.6743688746611,4.51685921041702,4.37639388060631,4.69177148289991,4.13213743731104,3.09233696245323,3.56500852796461,3.14898280202041,NA,4.9059977246398,3.03420667790669,3.75561362578814,3.26110425886182,2.51178719917692,NA,1.9612517057777,2.19059822289407,2.12191480113536,1.16655794369952,2.41364057277881,0,2.30217773535422,NA,2.31687830896788,2.22504283684047,2.29483189886645,3.22823138618439,1.9587382118204,2.52487832941989,2.57571556425475,2.37635812109248,3.41547239958455,3.40790120068252,3.0121142574456,3.6156483187861,3.79512780459218,3.0154696663748,2.92799946494867,3.16149270797427,3.18797013673942,2.89345474531896,3.09962758230952,3.45777814585456,3.59015717653187,3.35336221568762,2.99557279460711,3.4684068528777,3.20085043642724,3.19211525383373,3.80801346800501,4.0341923530486,3.59021186367807,3.99766958398318,4.21830953500083,NA,4.24551244159383,4.31543152763851,4.03600116098895,4.57842950605209,4.3200600515005,4.40928116835585,4.34687279866632,4.51054973810911,NA,4.61075822090232,5.01988216624791,NA,4.8399619153209,5.08127772321925,4.95956643557174,4.7495397940077,4.81253230770615,4.90736203967348,4.91280092751058,4.68582547117093,4.45712973047374,4.96908894574382,4.83497717162826,4.56966463058585,4.75429061362108,4.87280379381347,4.58194658814338,4.71467941793016,4.80442208132203,5.06850694145287,5.0273064704962,4.60093802954179,NA,4.94682077482658,5.04687370241276,4.72431426370589,5.49741235779033,6.26983744232618,4.76451685315161,5.48837595451691,5.58437625427043,NA,4.35722919930689,4.83628269656129,5.00579097899758,4.61183134845128,4.0579725707471,NA,5.21655100028182,4.81685976629724,NA,4.74433015871596,4.02571453170321,3.89066596002699,4.66830666880379,3.93900362841033,4.39358835558818,3.3582138647418,3.08720404050159,3.24200931914852,3.4434515600764,3.42804395075491,3.34259269186735,3.27310826867838,2.98939071931485,3.20559714761829,3.90058166228053,4.4110987884578,3.64611221962211,3.61079089334679,3.63628284531096,4.52373806411129,3.19397318963931,2.99805672800799,2.77195449717609,2.83024127523737,2.72091816449511,2.68927881252336,3.08594585181822,2.76875820216593,3.04120930322714,2.8393145056124,3.18093196816438,3.22391984450656,3.44990491548353,3.92488235527606,3.63829304366427,4.0181591698901,4.02123171402746,3.97454775957333,NA,3.96840756928292,4.19034050532673,4.38597251009221,4.38560892384118,4.12092704009547,4.02277626336333
NA,NA,3.68940118104968,NA,3.45991178275007,3.7874597891386,3.44944563448512,4.38498826418014,4.72095372021386,3.55566281707806,4.24595379345797,4.42802024251919,2.99173738330557,3.68677093829456,NA,3.50548900356137,4.04338453415611,3.76833207268435,3.814145014754,3.60816401493034,3.01299057467306,3.65893535038875,3.99456795819527,2.90531657178815,3.24986057308484,3.24273071271283,NA,2.99029123770616,2.90483307633789,3.18510587154357,2.75272000489853,2.94855456909593,2.88184479662495,2.87500798295355,2.56669568590579,NA,NA,2.40611561846084,2.77366153466259,2.93975811971394,2.52441513197976,2.16956613785224,1.94396317560562,2.4997485059895,2.45680689820427,2.49552987891231,3.93809995169795,3.06784748947359,NA,3.18618534485829,4.23495861490629,3.16454798941489,3.01024227051071,4.7430326893555,6.43134299253028,7.17365162427462,4.05801002132284,5.65298195560234,4.57705966830074,4.64312096534288,5.15378669860599,5.29743329701486,4.54526731466692,3.83348239005518,4.46762215258741,3.88226607639936,5.00418832097392,3.52133084292205,4.08735736010393,2.99171781083476,3.19951102985223,3.52131111239242,2.56116376634896,3.02701975101708,2.71555801484697,2.77770186263868,2.77332565529727,3.23069509353264,3.02576281445222,2.83120151602931,NA,2.66959843914417,2.93207052152534,NA,3.26764586679301,3.4547996869159,3.38668605859364,2.42496723934165,3.33343950842541,2.94803609720843,3.61189828528396,3.29397016925038,NA,3.55944843009626,3.21569699416662,2.39276585685656,4.0047871996506,3.97170746030849,3.9720686518689,3.96481602986935,4.13869412972259,3.58056002088907,2.61573982106626,3.39760556658057,NA,NA,4.04163576343316,4.45066444438737,4.28754353484661,3.97370003122545,2.53002450050423,3.91740203980193,3.82908158545054,4.22893442871289,3.00890193521349,3.44122235177097,3.40335456133989,2.94309534308698,3.45338505413531,3.64102976208592,NA,3.21289712992078,3.25889983814694,3.3849959509072,3.79304080123721,2.67017632374185,3.21649606497071,2.90888242673768,2.96881610747705,NA,2.998480986421,3.26075124119122,3.6397971188029,2.66436633105906,2.36541233200484,4.7410759942257,3.64716489634647,2.45380167476536,NA,NA,2.54550780316577,2.32147581605087,3.11559635248877,NA,2.78721781737485,3.10522264469373,3.26678200405246,2.81633665277118,3.1471591178469,3.04282628366274,3.14604600554546,2.20081532447259,4.1397478649028,3.24096539982816,5.20181566703889,4.28509840496659,3.16260760786132,3.61574096680423,2.9741653017081,2.90737779668997,3.65404932415024,3.23339893185744,3.21248021176695,3.07732959168376,2.86069091726189,3.31941795844987,3.48456641792953,NA,3.25278158212498,3.15303112839655,2.97894072901078,NA,3.17222551298168,3.53325139649213,3.10739260908558,3.99160622751574,NA,3.42777348685484,3.20328613155051,3.77628448314861,3.79296860010084,4.26184110365251,3.77614446587076,NA,4.26194391604851,3.76029274218749,3.81368545371175,3.53386568741531,3.26829015216873,3.60106909298608,3.67169848231787,3.4699358033679,3.58603231946307,4.0462210217114,3.54614275551368,3.39634612123783,3.92529571316994,3.91077947580421,3.86033707092233,3.47233221465733,3.74909113222629,3.26059792286083,3.53400952964134,3.6227776973197,2.90760409275191,3.46727741410537,3.15034851822677,3.39164541639958,NA,3.7273375446619,3.00200224893739,3.41386701147588,3.74243740156071,4.44282834701812,4.18693803724744,3.44031593742543,3.13843415732564,3.80947092087727,4.37049696759779,4.84520455521625,NA,3.71345414321007,2.91531687661573,3.75375251276838,2.71209959618703,2.85498199481054,2.71998250834481,2.78199088242361,2.67272180008426,2.77550052844834,2.85454680723893,2.77392857008408,2.95889763263052,3.09031016661282,2.82665483447598,3.33288400056499,3.0205303691489,3.81645866625246,2.50500916282294,2.9034186047132,2.84633848417869,3.63671643481896,3.82561125140932,3.55427416365263,2.687524947054,2.97814012111384,3.05432230846247,3.28169755157481,3.18699603645905,3.04153053103708,3.01611154983153,2.86443636282775,3.38712059077555,2.96178809337672,2.99441770414098,3.15322468502731,3.78341120280146,3.21388889703928,3.65010101633371,4.22383726735627,3.80441942038713,3.95056049048359,3.5486047438493,4.02795419429299,4.0145652919934,3.63376420913731,3.32643302930442,NA,3.0894028901124,3.52659207012799,3.73816276994865,3.74067123128837,3.72050959751502,3.80425114061326,NA,4.45611324194029,4.6284167753828,4.3853997103697,4.09531592958616,4.24992181386669,4.09612155830041,4.0205878466566,3.54972065088072,3.68118566331775,3.76498105661355,3.68506317736526,4.04772104715422,3.66268964424965,3.0278911853378,2.88695081078767,NA,2.6873613338879,NA,3.32711306487701,3.35237036872434,2.49998145410409,2.71396068166099,3.3406729918041,3.22746658505218,2.86794341350995,2.90076810474797,2.27158017714738,2.31154485155868,2.31661055841746,2.79822134851073,2.61293091779106,2.83312735304943,2.72845441541551,2.64880752825557,2.86209638501896,2.50036696532433,3.23628651210919,3.19792118856106,2.34446607995147,2.66117332448156,2.74061575070713,2.41689624387464,1.81056398433451,2.58560746959284,NA,2.12472398920961,NA,4.77728749932962,3.63102806559898,4.83014821852223,5.01051325240684,2.2790951351503,3.7633107954326,NA,3.17271273803439,4.08552569712683,2.4920945625597,2.32550760635331,NA,NA,NA,2.42870652291672,3.0703022111684,2.39832059371273,2.25827312762076,NA,1.98771158421566,2.86839707485084,2.22223755057369,2.65524129679084,2.91713646154572,2.8043471285304,2.93748198927258,2.4930566722106,3.41664016161097,4.39332679346896,3.30842990273318,3.2962796673999,3.34353396676522,NA,2.77159768370957,3.79830430515802,2.85112151590345,NA,2.8385454330421,3.12704826937616,3.16444460041941,3.2742193885254,3.68426871936847,NA,NA,3.43868314188661,3.82511235902653,3.78366195148321,3.71727880595429,3.7098904281129,3.88458840929011,3.60809502584227,3.17552807371219,3.55094980717078,3.4770749638658,3.35169281436793,3.40043609363416,3.44420877425181,3.44527411728128,3.98723054868696,3.25564134141836,2.96161100563258,2.91102584254986,3.1339964872982,3.11214330600856,2.84823609609773,2.96409778451879,3.54901131779213,2.91151949487267,3.02791666027285,3.05632864427779,2.89980686899933,3.18633843231939,3.024241706226,3.40284888541412,3.09746049264844,2.99102081960706,3.65900116978679,3.08348892643122,2.03526829142787,2.44911029545508,2.50790556713906,NA,3.83423639803908,3.10466486226545,3.51004598833059,2.55406680540794,2.16506494757899,NA,2.68854853904095,2.15053409375446,1.81651650553675,2.44858194025865,3.02148535409395,2.30217773535422,0,NA,2.72865257932402,2.92082257000918,2.72789125406831,4.62876691251477,2.06266026623284,2.49621627822178,3.6796856639102,2.57995408993935,4.40791351359426,3.87216162139919,1.73711899081687,3.22978283749049,3.05601123196776,2.78047836516124,2.58313525786881,2.99052836846437,3.71227117520947,3.20751615208308,3.25263975004806,3.46273557149243,3.41922319120688,3.05299766731937,2.57324254755081,2.40625820291837,2.21948159939718,2.25299098294499,2.67595874507315,2.72570640756897,2.35458303025398,2.60603601277815,2.89204703112785,NA,2.80681005974927,2.8074601775832,4.33816665119763,3.1620828818419,2.86301285426257,2.97133445366724,3.00469037359339,2.99179182932373,NA,3.07742986313999,3.57676836865275,NA,3.37729619126003,3.68424874000837,3.54759431381582,3.24452619832554,3.29415123169784,3.49989959592297,3.46468255627845,3.23045456188458,2.97409883501906,3.72768930711695,3.4173467487835,3.14524753437452,3.41829946524292,3.57059277619449,3.22653229857332,3.44896250746838,3.64035248465349,3.92973409362014,3.973288252723,3.14870270791529,NA,3.52686739314588,3.78138457386469,3.52135250825331,4.47466629788644,5.23754925956066,3.61241710651454,4.36791101559622,4.48531563264789,NA,3.17900675634487,3.78821254650149,3.8785854410858,3.45599982180297,2.86762135810301,NA,4.28589333546434,3.87912546587917,NA,3.58954453000221,2.96817451297946,2.79686892745808,3.78970697876648,2.86188712014884,3.61343747039658,2.60492743640903,2.23240223310951,2.85633579412233,3.08815435122591,2.86838330165773,2.96293062730728,3.05314786261442,2.8051836602607,2.96675000714187,2.71782411767717,3.47674316260758,2.70004817003598,2.55909433807498,3.22978629592214,3.73955914175828,3.43503402845855,3.1668017100281,2.41783936653042,3.12396649438362,2.22044190078883,2.8384634975756,2.65490949429509,1.96389546194569,2.48462919957962,1.98387578368021,2.10235083327574,2.3315744778521,2.37712401874618,2.63801014625397,2.27312830192561,2.75784504145308,2.67616267977248,2.51212152841467,NA,2.5195867851994,2.75222306444446,2.93357431685072,2.99086356408442,2.89145746487092,2.69091193283137
NA,NA,NA,NA,NA,NA,NA,NA,NA,NA,NA,NA,NA,NA,NA,NA,NA,NA,NA,NA,NA,NA,NA,NA,NA,NA,NA,NA,NA,NA,NA,NA,NA,NA,NA,NA,NA,NA,NA,NA,NA,NA,NA,NA,NA,NA,NA,NA,NA,NA,NA,NA,NA,NA,NA,NA,NA,NA,NA,NA,NA,NA,NA,NA,NA,NA,NA,NA,NA,NA,NA,NA,NA,NA,NA,NA,NA,NA,NA,NA,NA,NA,NA,NA,NA,NA,NA,NA,NA,NA,NA,NA,NA,NA,NA,NA,NA,NA,NA,NA,NA,NA,NA,NA,NA,NA,NA,NA,NA,NA,NA,NA,NA,NA,NA,NA,NA,NA,NA,NA,NA,NA,NA,NA,NA,NA,NA,NA,NA,NA,NA,NA,NA,NA,NA,NA,NA,NA,NA,NA,NA,NA,NA,NA,NA,NA,NA,NA,NA,NA,NA,NA,NA,NA,NA,NA,NA,NA,NA,NA,NA,NA,NA,NA,NA,NA,NA,NA,NA,NA,NA,NA,NA,NA,NA,NA,NA,NA,NA,NA,NA,NA,NA,NA,NA,NA,NA,NA,NA,NA,NA,NA,NA,NA,NA,NA,NA,NA,NA,NA,NA,NA,NA,NA,NA,NA,NA,NA,NA,NA,NA,NA,NA,NA,NA,NA,NA,NA,NA,NA,NA,NA,NA,NA,NA,NA,NA,NA,NA,NA,NA,NA,NA,NA,NA,NA,NA,NA,NA,NA,NA,NA,NA,NA,NA,NA,NA,NA,NA,NA,NA,NA,NA,NA,NA,NA,NA,NA,NA,NA,NA,NA,NA,NA,NA,NA,NA,NA,NA,NA,NA,NA,NA,NA,NA,NA,NA,NA,NA,NA,NA,NA,NA,NA,NA,NA,NA,NA,NA,NA,NA,NA,NA,NA,NA,NA,NA,NA,NA,NA,NA,NA,NA,NA,NA,NA,NA,NA,NA,NA,NA,NA,NA,NA,NA,NA,NA,NA,NA,NA,NA,NA,NA,NA,NA,NA,NA,NA,NA,NA,NA,NA,NA,NA,NA,NA,NA,NA,NA,NA,NA,NA,NA,NA,NA,NA,NA,NA,NA,NA,NA,NA,NA,NA,NA,NA,NA,NA,NA,NA,NA,NA,NA,NA,NA,NA,NA,NA,NA,NA,NA,NA,NA,NA,NA,NA,NA,NA,NA,NA,NA,NA,NA,NA,NA,NA,NA,NA,NA,NA,NA,NA,NA,NA,NA,NA,NA,NA,NA,NA,NA,NA,NA,NA,NA,NA,NA,NA,NA,NA,NA,NA,NA,NA,NA,NA,NA,0,NA,NA,NA,NA,NA,NA,NA,NA,NA,NA,NA,NA,NA,NA,NA,NA,NA,NA,NA,NA,NA,NA,NA,NA,NA,NA,NA,NA,NA,NA,NA,NA,NA,NA,NA,NA,NA,NA,NA,NA,NA,NA,NA,NA,NA,NA,NA,NA,NA,NA,NA,NA,NA,NA,NA,NA,NA,NA,NA,NA,NA,NA,NA,NA,NA,NA,NA,NA,NA,NA,NA,NA,NA,NA,NA,NA,NA,NA,NA,NA,NA,NA,NA,NA,NA,NA,NA,NA,NA,NA,NA,NA,NA,NA,NA,NA,NA,NA,NA,NA,NA,NA,NA,NA,NA,NA,NA,NA,NA,NA,NA,NA,NA,NA,NA,NA,NA,NA,NA,NA,NA,NA,NA,NA,NA,NA,NA,NA,NA
NA,NA,4.57500554132061,NA,4.32185035907258,4.67805749491134,4.44754218033239,5.19262053505908,5.52552607220535,4.43061081226919,4.89340952951113,4.96393208568407,3.89172143628414,4.46757854016373,NA,4.62159857539153,5.27840763559844,4.9936938474865,4.87167333796306,4.63164500707124,4.23545679811551,4.67823443960119,5.16950170623129,4.44911342865464,4.84519216522689,4.73755393116659,NA,4.48205526829856,4.46323412292451,4.60845742806359,4.21611081897171,4.51987485184566,4.49128922649401,4.46254996998324,4.15776671151888,NA,NA,3.96641770384927,4.02609856861704,4.13948141964866,3.71743734402468,3.53413110469866,3.26145035676746,3.34300441215607,2.49639828477511,2.55604606084396,3.23651270335279,3.25426888145245,NA,3.3864402941888,3.28849581458778,2.68497302282541,2.77392585630789,3.94199291885456,5.47589501863624,5.85399175494924,3.65137510386201,4.3972705478312,3.49428713680173,3.34176077467129,3.72618301618576,3.98236688702867,3.51630886334107,3.46075244970878,3.44211445017877,3.07200057381272,4.26748044425165,3.51237185191186,3.93244323939114,3.46050656173062,3.49549770167922,4.23590343643691,3.59621948501504,3.91395144495785,3.73290565255153,3.66339809589437,3.62559220597376,4.09477388603729,3.98607179873362,3.90223467119096,NA,3.76790938303808,3.77270815110104,NA,4.15249767002028,4.44880724871232,4.32190600854976,3.72321856041073,4.25250262143439,4.02411571715912,4.62440194557656,4.36194396125455,NA,4.59813813539338,4.27674733908705,3.65065454833083,4.79881663519137,4.70604725379577,4.93869557173588,5.02002095154558,5.18766541536233,4.51683606124971,3.86481705187397,4.70312534496611,NA,NA,5.25613361277195,5.49537441032989,5.21989590799129,4.940337061259,3.79508271319699,5.15707209786569,5.12362701277886,5.34653968400251,4.28182783164066,4.86762809176365,4.76848748804414,4.41890100355553,4.87064293375699,5.01360155840715,NA,4.49885112605075,4.48361457421814,4.58294551480699,4.84229270513345,4.01019974843432,4.37622401730887,4.16974175675261,4.11408334011264,NA,3.90613786508515,4.21335931286746,4.48654532216065,3.4221148008731,2.78212845741003,3.79258876050723,3.25950502602703,3.31012909024985,NA,NA,3.80912526559396,3.03263927255037,4.01696245068474,NA,2.60508053543174,2.9937195023924,3.58975010344606,3.27616153212152,2.92415153883471,2.98326245378877,2.64537232264296,3.10231025170098,4.45487603580223,2.56961070631799,4.03598937956468,3.6034937329,3.01919334615974,3.46967699041999,3.39051268459165,3.62141938342558,4.44942310230046,3.88537097173208,3.7097908533105,3.84534804486954,3.58714587526507,4.0276880470061,4.26174561182548,NA,3.82588984989325,3.88765224943582,3.6800680172075,NA,4.28010393768458,4.72449632895887,4.16572711358315,5.0719703473318,NA,4.47373685110998,4.31439369065821,4.95138932434963,4.92010445249898,5.3185682650922,4.84354632957675,NA,5.42790871068793,4.80690683759169,4.71024911806073,4.55452328337581,4.41566720217397,4.62992278667912,4.75483725914335,4.45177898181681,4.51469993654756,5.01001494144473,4.59141498209074,4.53613966575685,4.90561356443412,4.99185872016922,4.94494266582325,4.71323928751761,4.73207238137879,4.60746528726837,4.47021368685239,4.50877083341927,4.00857626602792,4.35319494169413,4.3046028370815,4.66988488953854,NA,4.67851938223342,4.09188948742293,4.51306594296584,4.87866782662899,4.70596935516886,4.43496561990992,4.23216664490127,3.96480788329046,3.6711540808667,4.25670569299673,5.53295778230969,NA,4.58888547397375,4.20461476565715,4.6094583875068,3.73393448274217,3.76101173689524,3.34080423832271,3.08898643798643,3.23932003512418,3.4872257288144,3.50279211246678,3.23021921112069,3.49727191540747,3.06175080889626,3.95788748988268,4.43407440172791,3.90764884717436,5.06809640594047,3.85258823593162,3.85540291814062,4.06945230146504,4.47575449830731,3.78075808433641,3.29511652750146,3.83023741675063,4.02498392563312,3.91078375104623,3.66668006543938,3.14570258066885,3.22134779758071,3.39667640406972,3.75868315719074,3.81813452583157,3.51383962106615,3.70471095331354,3.85424459445292,4.41848882749751,3.77607212464705,4.27730427957889,4.79826750695207,4.8652064172556,4.86562659887239,4.37359115379162,4.86931562015949,4.85933930687099,4.78256912732992,4.51371095724318,NA,4.33268552943728,4.67059005302034,4.86856544419748,4.86201688623086,4.87991673592604,4.93278620619845,NA,5.61549123009474,5.74112813543822,5.53529972110467,5.36603673989922,5.48159882206518,5.30089512421369,5.12288971167003,4.85634455614442,4.95694879648357,5.07011199263667,5.09644014499823,5.39925345598803,5.0364898473904,4.54593461585964,4.49662513643634,NA,4.36216681220765,NA,4.77627792823391,4.83209673165484,4.26326209141396,4.43725054864878,4.70127890695919,4.44060888190408,4.31251499597264,4.23890180375567,3.99877906910313,3.93610347700183,3.8662490548265,4.36439085744841,4.18451586167911,4.2062770250611,4.05424300551037,4.02709210317437,4.21635338333368,3.96462288635488,4.49002991174791,3.95634581830286,3.14454943250054,3.29256154030742,3.23470299573312,3.56654632643918,3.07768440287051,3.53045215624703,NA,3.05679360866156,NA,3.87521505324144,3.51366634938675,3.59180951320054,4.16135138372767,3.23496782756891,3.59579985647882,NA,4.18134325672955,4.9377894340212,2.87594611952098,3.07053265463594,NA,NA,NA,2.80508885761978,3.96779177930868,3.52419091231248,3.47157113059418,NA,3.25193105841695,3.76987317522631,3.31692634760698,3.59772660748596,3.7232325512911,3.27646337879611,3.1278728533205,2.49808356040997,2.7473292300141,4.77492002256093,3.93718647449694,4.11741809218122,4.63248071809768,NA,3.93028359189725,4.69248895998587,3.85614362532419,NA,3.9259188243953,4.52411240570915,4.42554691299835,4.63656206827198,4.97986852588574,NA,NA,4.87315402308379,5.1587219469091,5.15564999210823,5.12004922732084,5.01477666497548,4.88978635460275,4.82730869706908,4.61718138398971,4.79539313999978,4.63865300706485,4.63982563089161,4.67803501392147,4.54030273070573,4.74922345777307,5.23672532641673,4.61167183660949,4.56506110527844,4.51886295296239,4.45404443515575,4.62899011106731,4.28734903003643,4.23289516784452,4.71415888933493,4.21847348527584,4.27683656788091,4.36090068293991,4.23578710054952,4.37094551963888,4.30113677858341,4.59792510222829,4.63905557475673,4.30754196580085,4.72030047270043,4.41768453674553,3.27659837394354,3.78294328567187,2.96990368709647,NA,4.74537028021015,2.88671729022862,3.40304013193855,2.85918993221177,2.42533134107852,NA,2.37085523767824,2.59967719362666,2.52950062164417,2.61066332777661,2.78291041173074,2.31687830896788,2.72865257932402,NA,0,1.54992986807143,2.22362552663415,3.48035681886833,2.60362244471659,2.19035021909279,2.70374639136061,2.19367924288152,2.89750848027116,2.68591582343264,2.88539060619265,2.51609647077733,2.98821511307651,2.62716421291756,2.29743782837094,2.80390214743525,2.88978152743857,2.61935387919069,2.55316931078447,3.012156044941,3.35434234343729,3.53870636370303,3.12140900216567,3.25765122399444,3.01996747973398,2.98643958672586,3.6400435829947,3.78372655030486,3.32795976860153,3.80929830999189,3.98800553865425,NA,4.19288201761232,4.26212826727067,3.64034064685478,4.52072976803852,4.28523965766301,4.32765230283025,4.33634276521739,4.53863671029819,NA,4.5765704173583,5.01475932560859,NA,4.86083858949704,5.10952573708312,5.01608882609212,4.81063081108847,4.9173150161812,4.96285917398786,5.0589986785895,4.76776316636684,4.57199470150772,5.03267168276278,4.86708197055804,4.50842279919253,4.72036645848791,4.90586055571275,4.49082166577714,4.5852985906165,4.64975765237005,4.9279398305638,5.10619570757221,4.58346096839715,NA,4.99082747275363,5.00900874655128,4.52876969364015,5.47563498087875,6.21034086370675,4.61115960428788,5.46134716123719,5.59334396754113,NA,4.4753878867413,5.03300107961728,5.00905287534817,4.61252357026658,4.18062202091919,NA,5.53474841366713,5.0330243607779,NA,4.86578174019973,4.20374211070748,3.88461132284908,4.55112261532108,4.00901937590987,4.35468587495379,3.39867505239923,2.8435569978305,3.11411214909158,3.23797404659231,2.98854812733253,2.73743025255688,2.82376911078227,2.75004265831857,3.14069246659301,3.87417425089175,4.47263988430812,3.82452072990848,3.43667889877048,3.13294862105349,4.19550232426133,2.86452565806149,3.20371445314773,2.92393676911663,2.87631762514879,2.86829492820894,2.71407899115116,3.12912859400065,2.83360397121418,3.19329954946564,2.84625879055949,3.05526245452945,3.2207186502058,3.44267006992324,3.85732334806964,3.64975817848295,4.13457501173168,3.84975441747938,3.92870073490233,NA,3.99354198485394,4.22373204328204,4.36473342156276,4.37284106898523,4.11595823539242,3.92420502636037
NA,NA,4.66133696990323,NA,4.44773722401045,4.79390052669761,4.58293630047004,5.24389887112442,5.5546424668806,4.6028080271702,4.97714674613234,5.22029389897672,4.219715097822,4.65826915408168,NA,4.84660740624516,5.34036060733933,5.09398022210336,5.02374599697166,4.82362876570888,4.47381607699009,4.81193747747978,5.27407754244754,4.56027776066549,4.89725137695225,4.81571285825985,NA,4.60082256376442,4.58953088235707,4.65490265815937,4.35307506492225,4.64530806467119,4.61522353734371,4.54256568528951,4.30239271684516,NA,NA,4.1087875252703,4.21516371064697,4.33897264854921,3.8895748048445,3.82347458558295,3.4381539622128,3.56814288381073,2.63378509748947,2.96586131074253,3.17308105433993,3.43380387718607,NA,3.66488656866553,3.13322867588201,2.48826421219426,2.59837630295995,3.6782924294365,5.03201585214502,5.289372432944,3.54030082223789,3.80316345423132,2.91718420722578,2.98082220429463,3.49213363497369,3.50651203653559,3.24209582822509,3.61674112584807,3.11791451984786,3.1157198735396,4.20226036166723,3.5182403278992,4.00131434505659,3.61653942307598,3.84256700229977,4.55363963658549,3.8651462875641,4.18357176476482,4.02849711815092,4.01971986599834,3.97023789732327,4.3719402718353,4.21557601813606,4.17350485075044,NA,4.01567098439194,4.04610408409716,NA,4.35961084114907,4.67252141190374,4.55498548770185,3.91408569230826,4.45995229467618,4.25565763928861,4.79739807680786,4.55291086101152,NA,4.75322271085879,4.50242768873017,3.85795461917861,5.05001885426088,4.94738242117666,5.10251868101269,5.16408706605414,5.29937832317744,4.66451973394168,4.01648464508293,4.81681953532683,NA,NA,5.3962186438982,5.52445415563229,5.30029984156797,5.05268604972785,3.92100217782459,5.22681200245349,5.21289682168331,5.37665670439323,4.39253028135737,4.85946570037331,4.85465708124053,4.52677763430075,4.94717368075477,5.07498193697068,NA,4.69172808985811,4.71657685674664,4.74799072431278,5.12519385976521,4.21781729354612,4.61819002868275,4.37996051439184,4.34893800959218,NA,3.96610362810711,4.25957861333505,4.77778041399421,3.54303435998881,2.94995946202921,3.12530767555147,2.67903217740662,3.4286714455654,NA,NA,3.98133382452619,3.07411552686767,4.37189145047918,NA,2.80921011945729,3.1547264370717,3.83696083192987,3.61255918031192,3.0979363197811,3.41042098209679,2.80579501609471,3.19720367025507,4.1646211152088,3.02909041003508,3.83119912227871,3.75205120506852,3.3929496949417,3.63586579745629,3.55948830592207,3.88817678443841,4.77350305105386,4.27072831447697,4.09365318459819,4.25619235008407,3.97859521068756,4.36881273925678,4.59525757690887,NA,4.28027990414301,4.26698632589393,3.97690176210861,NA,4.54905302983116,4.90805579941251,4.34139256415448,5.27803609016871,NA,4.76323895642514,4.65180603073106,5.20803418583983,5.18574172580652,5.52473302408677,5.08861632322648,NA,5.68864525051043,5.04104310758328,5.05507095722694,4.87566205634777,4.69244718315002,4.91340787249899,4.9623871988048,4.7626563748793,4.85459928797116,5.26483294963828,4.90598519243988,4.78726602385363,5.1577823982298,5.30199407314263,5.2654061394494,5.01386700771652,5.10139492066674,4.83137974790181,4.87692520852662,4.88400277852093,4.4057028001212,4.83956712743799,4.60208173843609,4.933738498451,NA,4.92345491181656,4.25180122367684,4.68591756197313,4.95590569318429,4.92446510794309,4.33842842290836,4.21184636346179,3.92695738824142,3.31715520323479,3.93318589453869,5.40837387951533,NA,4.52244905574705,4.20799505355887,4.8099123393937,3.98241770972995,4.16107061936385,3.81645697629178,3.29211487943364,3.51857392953944,3.90611783734093,4.06766927021716,3.76385794272345,3.8418676313846,3.39105282942057,4.08469857748849,4.67183307522429,4.18879601489068,5.23334640439372,4.10304015226703,4.23327034563068,4.29168843785883,4.93989138622727,4.32932400613109,3.55558772606255,4.01393668204431,4.34867504831916,4.19067736821209,4.11418204508255,3.45146944330411,3.56508045033761,3.64151228167932,3.99378886887111,4.07394368486509,3.66874084511129,4.01788515669534,4.14469830242033,4.76738664684731,4.1748853885793,4.65090611368981,5.11706568826595,5.0807833136296,5.13518956808732,4.64944141543765,5.10985200023502,5.02837562001405,4.96783955581216,4.68126990154328,NA,4.5006192547732,4.94344309360422,5.12742035098536,5.07663509560027,5.05079510320324,5.0639474798488,NA,5.84419149275107,5.9205799107346,5.71428603768553,5.55123262155354,5.67224263000529,5.53505855230372,5.44614914205019,5.14873056141161,5.21331717762394,5.25879463771127,5.2288405600172,5.57473965522024,5.21085505292281,4.7361192782157,4.69037555112683,NA,4.47034781533111,NA,4.84900701287818,5.00821773583387,4.36046575852968,4.44900306431793,4.74369008089044,4.54066176726701,4.44070493874647,4.43910919013429,4.18043423380759,4.1956114583996,4.05693612715703,4.57625530146682,4.32589296107057,4.44075576629203,4.38233606493334,4.33144301854388,4.30817546486926,4.13261393010818,4.73951085551742,4.34440973748112,3.50637709904255,3.48975142409565,3.28813542131864,3.69160709635099,3.32480285712301,3.84482197941206,NA,3.09065701826345,NA,3.42502405314048,3.45548669393528,3.21990035984331,3.82426626491547,3.41358277529547,3.69356311269901,NA,4.22542331409064,4.88962448736954,3.03001161949919,3.18541256331074,NA,NA,NA,3.01875862599843,4.17572265721115,3.72146216281199,3.66089078787252,NA,3.33683643504687,3.99065879745391,3.48420910794817,3.6201781505361,4.0628363163536,3.46515079763943,3.1061268945583,2.40484268105134,2.62068461569561,4.80839527485921,3.91703300705079,4.25049187001543,4.74660197027037,NA,4.03396288647742,4.83133982444682,4.03670655780917,NA,4.05848577458492,4.66273808950475,4.57062710024958,4.81400060892146,5.11990416173208,NA,NA,4.97257546218692,5.26773293488099,5.26384610477208,5.22858742178646,5.12306448507114,5.12480795009519,5.00521978531059,4.752852905592,5.0820654097012,4.7987029493674,4.76119271219838,4.83038070716377,4.59385754742835,4.78602637733012,5.41418364979178,4.77010342632042,4.61360110492263,4.51802414887957,4.44371887976179,4.64892938869769,4.31802828028986,4.29686158802385,4.646348258438,4.24618520958804,4.28791257494341,4.31114007468174,4.20274496393824,4.31282303388434,4.25921826318975,4.5744498515044,4.6096735920351,4.24884384163399,4.67586419607331,4.38682497611295,3.28203375431855,3.83922792530317,2.64784147340848,NA,4.69447487997018,2.25476137801154,3.09942355984029,2.7294250460913,2.47436266607286,NA,1.88984946158225,2.45526662609799,2.43482623108454,2.60445944407904,2.2012194662828,2.22504283684047,2.92082257000918,NA,1.54992986807143,0,2.37784256715967,2.85832103853492,2.50182196865919,2.36778533674168,2.2917793140199,2.30868937314017,2.68789499448757,2.49976589001261,2.86139029991268,2.62806671111783,3.2880207793415,2.56919572256718,2.1787257870129,2.73898451031206,2.22073233859999,2.11843208046116,2.09955767496379,2.41289516530764,3.05565718941016,3.15519872862839,2.76239498068871,3.38773791922941,2.99360796625048,2.94982825477911,3.74527061347897,3.97654425288924,3.38413867542841,3.94770575536653,4.16302360010167,NA,4.35837381328272,4.32609782109649,3.02832475389715,4.6530885022302,4.39237196343129,4.49982569536302,4.48545474004731,4.67170318661664,NA,4.69777963005613,5.13454963670525,NA,4.92983348729359,5.24420423513491,5.11574442699085,4.81884124053475,4.94021840768032,5.08676000697654,5.13410118608149,4.84716517742702,4.6473245413461,5.10133934217413,4.93615569025882,4.58258670315329,4.71696112566505,4.95818558408095,4.51143106052538,4.60764664117232,4.71095910139759,5.01135428929996,5.19240191685871,4.61900657430701,NA,5.06849606354091,4.95617716170896,4.52073680777111,5.38890894349865,6.07977531258757,4.59542610017299,5.29674233212427,5.46796586658589,NA,4.40957178965675,4.96544853853194,4.98326189707224,4.59905853940916,4.19984331824659,NA,5.50611797156312,5.00369475687808,NA,4.83651491587191,4.16800787070459,3.884862046404,4.48624215936083,3.93243063885386,4.4087514108604,3.6006622805375,2.8782798841737,3.2270439822377,3.21011545491221,3.17527528166512,2.71103363080815,2.8940859278109,2.74799006474196,3.02434803045742,4.25079431158957,4.3713820828045,3.93823732467005,3.84202153278023,3.01089855856877,3.98638380098179,2.75573323448307,2.94245003615065,2.88534044234482,2.19410012212925,2.76619330174021,2.5944928610349,3.16335712130264,2.87046479632739,3.06568716419306,2.91852992311351,3.22444007431275,3.44439853514859,3.61656465056009,4.03355117374346,3.73281752870816,4.32833780404237,4.2420452359797,4.12707717832758,NA,4.14730565594542,4.37783415559786,4.54046778622686,4.55982071681438,4.36041656256631,4.14483446065616
NA,NA,4.50055855575997,NA,4.33230099335754,4.62202581153233,4.32341518839415,5.17649370859358,5.42868301609251,4.48394266090588,5.08986389617255,5.19798415856174,3.89392692757097,4.64839377397193,NA,4.43855390077124,5.25821785889138,4.81919270974108,4.88562854331532,4.70922304009233,4.28268788456438,4.64480173064582,5.01321706173162,4.31997229747964,4.70048986698749,4.59583126839455,NA,4.29873651575051,4.35330420561711,4.4801137778991,4.15368794551654,4.4615654620426,4.37098425569378,4.37455544963907,4.0270923491543,NA,NA,3.95513082450968,4.07682327864868,4.19600409614536,3.71401535370199,3.5834937941672,3.33203454777532,3.41557915555715,2.99282157833346,2.87897435388564,3.78506935646522,3.07744489188954,NA,3.02531312793372,3.41567825858825,3.16686111713731,2.7179526080883,3.93376194240462,5.57202513081405,6.29837007495719,3.28821031944856,4.80236103746425,3.69723960580809,3.75874502047666,4.02014576443981,4.42909436572014,3.92530273775904,3.11732271073055,3.75819087758461,3.09775422727914,4.25306056827136,3.38608685710407,3.77066443251565,3.16484393214844,3.48221762794734,3.91713156026645,3.44866225984695,3.73420044239466,3.54802798580079,3.36431838066179,3.23545350264446,3.73861843238351,3.65386721684483,3.62900661018742,NA,3.54637122090017,3.62901996275936,NA,3.85865067711351,4.13086614635821,4.1451636901235,3.58963428720099,4.03193310294985,3.84123123912765,4.38440084650805,4.13180556753531,NA,4.44103138745706,4.07378413230759,3.58467639410545,4.64028553383532,4.58628544246824,4.81127529542118,4.82656497920237,5.04568400200237,4.30819078038405,3.87829990958723,4.59902030292839,NA,NA,5.14325360010862,5.43128368597299,5.30502273317925,4.96333709701892,3.79285463989973,5.08077910921675,5.03406450957904,5.31838153012394,4.2602260471425,4.7492875372579,4.58724828077565,4.35583457151704,4.77949098651352,4.95074963201868,NA,4.39855283524752,4.43627904821114,4.52341842757732,4.83690982122494,3.91258723006167,4.30456035693019,4.11074700410362,4.09759607578775,NA,4.03712557020603,4.30363201761151,4.66464456093866,3.73914602682802,3.11983457520151,4.64984551362729,3.83733323831529,3.4014912224079,NA,NA,3.80089268009338,3.05541514609233,3.7750558242996,NA,2.59672577477952,2.71051184005885,3.2043205923135,2.92416323349911,3.17026835952942,2.90712784972047,2.68407107749118,3.00034980281087,4.28954343210926,2.59275470609423,4.3290674749727,3.50687240182967,2.79482239584555,3.43260681587456,3.33523433801364,3.31579290391225,4.23909080245055,3.67948925152355,3.69000098620544,3.84078958216066,3.67823294896098,4.12989334912444,4.38307337235087,NA,3.6198152389026,3.81665507572784,3.6758914168925,NA,4.15478955690841,4.61452843096682,4.18112357692262,5.00670222152126,NA,4.47963531657956,4.33371721230753,4.89332009828954,4.93987074771451,5.22225665220403,4.71548968673993,NA,5.47751497930597,4.76999433738323,4.63308854986749,4.55202841050632,4.41160115003158,4.6246403786327,4.73995647818777,4.46116005216591,4.56564620729726,5.01777616704315,4.58651980442739,4.49560972663591,4.81632631561955,4.95200841165429,4.93295495175301,4.61122588944183,4.72663709774256,4.62385144064427,4.55471150390268,4.65242621940021,4.0977272568099,4.53580842222739,4.37872448656112,4.74302256807335,NA,4.87587658398559,4.28351109188963,4.67672384663257,4.98236595543455,4.99515555922973,4.66304361324401,4.1337403583183,3.8909094179327,4.05977029365943,4.66858614387063,5.54747422410841,NA,4.59099526715856,4.13532493687889,4.4370535971302,3.55240482622547,3.58044184137211,2.96487840695087,3.0087875473559,3.12795117836983,3.30926779824945,3.365646153639,3.15620578657595,3.39687045836062,3.09339349696085,3.92011316452569,4.46259078399856,3.91858903587799,5.06710759914508,3.7950909197263,3.72778680465273,4.0972661131549,4.27301546053443,3.57224259913109,2.81663848819921,3.83987400213029,4.05466608988864,3.93723549970569,3.44812007417672,3.08588294457469,3.09044597503005,3.12095276718417,3.72558743228076,3.80425202803496,3.67783268825254,3.70610017573722,3.67907539968833,4.26811763066557,3.82988319796153,4.14848752073598,4.74445270062772,4.83537751852346,4.86922771701664,4.34413717368352,4.91010554050456,4.85779073075717,4.74775428968098,4.45144054279265,NA,4.26868751058354,4.57785131502308,4.71919438622653,4.78694297431556,4.81522101113247,4.86675632810634,NA,5.60023374646566,5.65823539372608,5.49440222703685,5.32814897650484,5.49938438946872,5.31069735017252,5.16286867324037,4.90770798089109,4.9970629637718,5.08004892101579,5.09134670828087,5.40955896134501,5.15122222356913,4.66333282993148,4.53752439143873,NA,4.3927610085534,NA,4.84863438688912,4.90829118864809,4.25410275632076,4.41915348568747,4.74314818304706,4.55764657064128,4.34652573357527,4.28300148312883,3.83466636737922,3.75957314459562,3.79752333498803,4.19821278832911,4.0662478271727,4.02283865656515,3.91769498226565,4.03184282861753,4.1760151357786,3.91908305040845,4.42442742361746,4.10975484656784,3.23793613782989,3.43697023118016,3.46122129494043,3.63105731836304,2.98345161380306,3.49316833732129,NA,3.00546102353902,NA,4.19339052259784,3.47247893685787,3.7081820421779,4.16070851367229,3.04791349393314,3.273445427563,NA,4.09760189200836,5.12807669774199,2.81890112193533,3.06439616982784,NA,NA,NA,2.7260767243682,3.66591277014044,3.2721437434588,3.38464845253977,NA,3.32226550554412,3.77536119258633,3.34958205989411,3.58348713986377,3.77988607524148,3.56195850248119,3.27767678211677,2.86734934229011,3.40154326847661,4.88170082076807,3.79835463112302,4.01941128876965,4.52437514282227,NA,4.02482584773511,4.66487833548506,3.95578644393298,NA,3.94815085231189,4.48671691031033,4.45235336536725,4.5624877902906,4.91759033739499,NA,NA,4.72092150464162,4.96282917117622,5.05055837516966,4.99015782387267,4.89099066799837,4.80811483470418,4.7910954258644,4.53464061068798,4.71414563241232,4.57209367903705,4.53883992592382,4.53668598747705,4.51275136622124,4.61759993690384,5.0918283274563,4.6043371028244,4.61599980141894,4.49921200612708,4.58163699392052,4.70453475550803,4.3984170160553,4.37413657286007,4.78382303716322,4.27780429562098,4.39485075159916,4.40691373120031,4.31506249168867,4.48001933590225,4.29684096131012,4.64707568449243,4.65846738314782,4.30166260930485,4.85070596260015,4.28545729617537,3.33771964464568,3.68756885701799,3.31501764177266,NA,4.79181520733005,3.46266613827226,4.07280490106413,3.39803849874698,2.83076081035147,NA,2.70806741285284,2.84826422610383,2.76622168699645,2.26252552166376,2.97536557313939,2.29483189886645,2.72789125406831,NA,2.22362552663415,2.37784256715967,0,3.69747698363251,2.86752340991597,1.09932820547949,2.48471743452049,1.64459204859993,3.43512068978684,2.96576927936769,2.85499192769907,2.74860047758739,3.15390696202072,2.67559558868486,2.62717743919701,3.11899066315235,3.42674113637762,2.8257285654886,3.18023787244834,3.64744102266843,3.79440389063097,3.68576631200493,3.2013510496227,3.003920001308,2.92538453906083,3.01401297939382,3.61026082413235,3.66791204378459,3.43356820907716,3.71483430557755,3.79585126839971,NA,4.04546532757669,4.11890930378727,4.48080839921355,4.42122928549567,4.11465373384548,4.24829406513468,4.27461695284693,4.42994562892967,NA,4.48542449561965,4.96860630001157,NA,4.78067109013615,5.03978178152838,4.95937170173969,4.70425243159883,4.83667319918433,4.99144679746256,5.045714557996,4.74037261454196,4.5142213861811,5.06587090184369,4.85523285815465,4.52682153551788,4.7146710293846,4.94193651475433,4.56455763548236,4.69315373625688,4.77121630634875,5.10334063431269,5.17108741202216,4.58845504555952,NA,4.92324075463915,5.04788470411563,4.68900405219372,5.59328474507454,6.31396434297005,4.76738656703184,5.54952948158495,5.6300298378906,NA,4.40944009228698,4.93218330221169,4.96890828397572,4.60122247450404,4.03145812736309,NA,5.46356973624927,4.88864007910915,NA,4.8567349083981,4.2028315899195,3.97521354056611,4.82648872897646,4.12533122591219,4.49505572165481,3.29120814443557,2.9223186081308,3.13081343100073,3.29711775872822,3.06300613128983,2.86781681568575,2.70314580144934,2.74486371547689,3.36223017458133,3.75000273278184,4.51985578692408,3.80218702159776,3.2344222924989,3.75774612787627,4.48324978778943,3.02088622067289,3.14650789141074,2.83272261448621,3.36025545613469,3.03875424955012,2.70392773167726,2.87235575730286,2.71561892894718,3.23523099202392,2.8050117103468,2.94208757978102,3.05901538696018,3.32485076961516,3.70572216134403,3.58696155404504,3.9289835512941,3.6688385292244,3.73644984288614,NA,3.85045703821544,4.14645067864906,4.26971781934812,4.26572812215547,4.07416578530807,3.83845645196175
NA,NA,6.40706914648596,NA,6.33380884329218,6.28130235773539,6.25237406467338,6.51938953074475,6.7385841817091,5.87468601593007,6.29736939823356,6.44049130215408,5.9640864872376,6.23934763635176,NA,6.01289230235151,6.56602658616686,6.36796060498269,6.14115293291298,6.04949949970501,5.97313277690003,6.1844194334664,6.42341009500344,6.1078952894259,6.34835131228544,6.31763870827556,NA,6.15621438325968,6.15148325169142,6.05816739927963,5.85535944923196,6.31521095329438,6.30704626103233,6.21885942329014,5.98762435057591,NA,NA,5.926970704046,5.96059147103573,5.99152131769181,5.48500957050525,5.52972847403083,5.26838290207245,5.2753406770898,4.18374147481975,4.65887860206299,4.63017215189306,4.743223492948,NA,4.9689329087632,3.70777836363931,3.95118184196973,3.88307655555763,3.50375314140223,4.48214372690835,4.64805723396873,4.29712164355657,3.95067183071495,3.70459768521953,3.78596141149502,4.04897866982762,3.78410347287301,3.82248765938249,4.79089116838641,3.9094174813357,4.27517215942375,4.81294315179402,4.77723222857279,4.89416530020912,4.91292842317338,5.1518384631059,6.04410813943711,5.54290413236676,5.62826277893153,5.60436347853933,5.59232850468952,5.56715158568301,5.80159711319713,5.7992569339851,5.84473917298821,NA,5.70861599951921,5.81184801125806,NA,6.04823908079354,6.37086056440986,6.05042380578294,5.58926121764659,6.0594449520313,5.74650282153158,6.20500331068982,6.09580382328685,NA,6.09305834153324,6.14736925409399,5.54330135831682,6.69339988107162,6.60853833778775,6.53319049871681,6.63079810077363,6.78155126959298,6.23846768796425,5.63539371542237,6.32434782920497,NA,NA,6.81275159966523,6.74877604668825,6.74324395852829,6.51164303155875,5.48767809650448,6.64321664023879,6.74898805670751,6.78300054142792,6.06019876106188,6.42789430870616,6.36321362307307,6.22706556986401,6.48679002445142,6.59319402288052,NA,6.30783085386711,6.21511224957344,6.37579548058261,6.70626380131813,6.00262080683245,6.24453807076807,5.9363531196209,5.95304160112823,NA,5.24391375761861,5.63285222684798,6.05658807153822,5.1373993499944,4.61318010758522,3.61857572528221,4.17313288903331,5.03824762230024,NA,NA,5.66488039107441,4.83034961974536,5.9873293356046,NA,4.07953764120413,4.34228268124084,5.0959870920797,4.97846366107925,4.2280901476708,4.31136588046047,3.79145517593514,4.69339978666005,4.93932556373233,4.21447476940472,3.79710034479312,4.44220547570835,4.6431026209284,4.49701732787731,4.93852919040397,5.31786078445554,6.23094700302459,5.74878073024121,5.47857408023253,5.77909667847174,5.5285746300099,5.93141042796243,6.07302060333436,NA,5.77706470948545,5.83245280620875,5.50191842137007,NA,6.15914837450468,6.44262294472253,5.98407827037745,6.72160636263195,NA,6.2821379756253,6.22692049806766,6.67286735116466,6.47727819196399,6.82826042053527,6.4975079951615,NA,7.04000565906844,6.55094254693112,6.54979686719826,6.5096139098865,6.3107945607575,6.53222784987698,6.62654162339309,6.41292581277182,6.50733564148307,6.76249363371141,6.47881667475224,6.43807497702316,6.70842755867232,6.8476890165162,6.72794585553468,6.51413126965074,6.59536210225842,6.44739917478431,6.35834935597784,6.32036182225525,6.0152230402179,6.43672799881677,6.16592463936836,6.49051017044191,NA,6.56496372511613,6.07795767072482,6.25018423523588,6.48945964177736,6.56381065671769,5.96359376736275,6.01545277805799,5.76335025268784,4.69733316278043,5.43481849761324,6.60763181422179,NA,5.99119472714884,5.92166920601281,6.13426811188727,5.42335504864536,5.58183944662638,5.03998500161002,4.768886383835,4.82193475669083,5.30769826426849,5.41317486706637,5.11384578634667,5.36668905711644,4.57733051249097,5.61470500729988,5.92685945436551,5.51352369585802,6.65017023946892,5.73407092667839,5.78554876111408,5.8747518324978,6.47613292166218,5.61857086223641,4.83049056790721,5.65127384476098,5.89501756874438,5.76520447550259,5.68925343315033,4.98125138911812,5.13107127954638,5.12496436340628,5.55814694348357,5.57778144157775,5.12530659819643,5.49365056686408,5.67400353130157,6.26226433659272,5.71560354240753,6.03811896319459,6.42471211829541,6.56613433625407,6.63320988195876,6.21056805714483,6.53035888026674,6.46506183716838,6.43981808218389,6.25792480874194,NA,6.13278587127445,6.48700821369151,6.70117374117265,6.64726243686717,6.60383497182103,6.66202636047071,NA,7.27323620623898,7.04632098023539,6.85945547836181,6.8988756724096,7.03054972399207,6.90616239925837,6.93388334907146,6.63216950387749,6.67157333738554,6.70791507018645,6.77167306223471,7.06401723476731,6.78447108469318,6.33319150054326,6.2382871039152,NA,6.21077617115044,NA,6.446569014523,6.4487479195427,5.96202533178259,6.08842136090004,6.35079633272693,6.0858642904101,6.07467696317004,6.0015695691834,5.80306516924817,5.75706928272149,5.7369002561523,6.13968941412519,5.95877947875706,6.00867720814156,5.94246298330273,5.86384865656053,5.95456399065992,5.79532234315609,6.19349110673932,5.78509041035697,4.98035386409621,4.73451680572252,4.67907085581695,5.30376635523423,4.97942639126538,5.3059692565292,NA,4.46135733906278,NA,3.17549156529825,4.01466649411979,2.71239227168876,3.33492286166598,4.89378001901222,4.16295573703597,NA,5.36073121063897,6.30000956418257,4.56007376727503,4.79603291461868,NA,NA,NA,4.37074824173242,5.74000274989799,5.36088909832163,5.26765489468729,NA,4.93187425774545,5.48846387035409,5.02631244239313,5.14036757343233,5.49771232857577,4.99909142564168,4.51683766618973,4.23975749559118,3.94960425537247,6.23951230933579,5.29801495782264,5.58307295182651,6.08524884043912,NA,5.71665364355791,6.01555438551196,5.79899536648189,NA,5.99069934594841,6.41048864086101,6.4182110337986,6.56376764987888,6.81704790285048,NA,NA,6.55320726766759,6.82409525859516,6.82989801856997,6.80499888845018,6.7771426703284,6.81962669013223,6.68461031772984,6.41912974149097,6.71871421467384,6.54402744679691,6.53506478224365,6.57572368761728,6.50347090950435,6.55062624821789,6.99000603974746,6.28187232274815,6.23243398881644,6.26849508602182,6.33147724963671,6.41962918290201,6.17058584219616,5.9784336676687,6.35197400370132,6.06603428376529,6.09846622600757,6.10854830828159,6.05226471178409,6.02054322224889,6.03839158622983,6.25625223207803,6.2464351923966,6.01431215778414,6.17928161285051,5.72058668973226,4.75855678405056,5.06816623469739,4.47465321887152,NA,6.48745030516173,3.812327982722,4.62090581682841,4.56123102552602,4.20953523230577,NA,3.23707590648611,4.09892605003962,4.13359177316442,3.59602462852368,3.04566734898439,3.22823138618439,4.62876691251477,NA,3.48035681886833,2.85832103853492,3.69747698363251,0,3.64362590120455,3.91382666373108,2.92473454597791,3.6986262713535,2.9673242125572,3.32491396111087,4.78456390961693,4.60703429049658,5.0598566534395,4.41155436378946,4.15635403329477,4.34282408684297,3.06349583937119,3.41506836959473,3.64777084720316,3.64223732021593,4.22274694005178,4.70069800324163,4.34556896590555,5.21246974718219,4.89893670294093,4.86788448167881,5.3429856442039,5.75453224593404,5.25086558355826,5.77722507911453,6.0158289946711,NA,6.08931053736251,6.08210708297398,3.73908211319939,6.37059643653989,6.17404920399938,6.25344771042996,6.19649369579017,6.39582779682146,NA,6.38990160541389,6.74218089536509,NA,6.58038454792275,6.80345571382516,6.707160889358,6.51298259984625,6.6204566596612,6.70606016846763,6.70639518152802,6.44780316596966,6.30835902120489,6.65990954694979,6.58715159480731,6.25807183148504,6.33916524492774,6.59837537965226,6.26511443355744,6.33878557879189,6.32719280288776,6.5459514540906,6.35766208486909,6.36536813143212,NA,6.6670774657781,6.58884931217437,6.28353216679902,6.68911709826688,7.45085063201911,6.17074096926982,6.65471770206911,6.80427019221377,NA,6.00004310061986,6.38122901229592,6.56795614965212,6.32181651975116,5.91246095818466,NA,6.6516179115476,6.15730022295567,NA,6.33625908175933,5.72037472367812,5.49526949986012,5.92007302382714,5.6094057971964,5.8946057623458,5.21655236457907,4.78872393533248,4.81949363006207,4.80695040932045,4.66917373437973,4.58121169988147,4.16830119915137,4.0754929569335,4.30449612637113,5.87124339286216,5.69766289226803,5.47043403932971,5.63888973538859,4.6060036818999,5.74721301948425,3.99297410672377,4.15286355111335,4.38163185707074,3.71324167929666,4.30808379373974,3.56638463588732,4.59177067440928,4.56823994893094,4.5069021454462,4.54461251356257,4.90884563122535,4.75953476249372,5.15295702546976,5.68212481908841,5.45793914559748,5.96574650550603,5.9047967409038,5.95433627698245,NA,5.88704595594228,6.02353905094446,6.23441107778587,6.25674370342937,6.04093566561606,5.94693548038759
NA,NA,4.46809680330702,NA,4.2688043809578,4.40203143309539,4.27844790047962,4.82124450879259,5.11508866039812,4.07525464987706,4.63749262196748,4.83794491917101,3.8458338126823,4.05297600528452,NA,4.18112855522805,4.58043635406256,4.41875307423989,4.36095465729765,4.12987631037853,3.85577198309531,4.17211814402058,4.60656363587258,3.9365714589456,4.19563165018345,4.15352614077351,NA,4.01996660962121,3.99462078419616,3.9503824679336,3.64591875757202,4.05857819344872,4.05069959266401,3.9817220113501,3.68366417498507,NA,NA,3.65732463157425,3.77982066178435,3.85046213980474,3.3949629823798,3.30056679788855,3.02300287071764,3.22459517884141,2.79411122080324,3.07535740550965,3.96275586412612,3.52812017464995,NA,3.79600183545824,4.06437605723066,3.23625994482735,3.16017772774088,4.33218370351096,5.88781738995765,6.43485359052917,3.88672524439336,5.15669644972242,4.28587239567446,4.28347935500333,4.82977650796887,4.88653523301056,4.23799293302373,4.17027517364878,4.27977430217216,3.90947068113365,4.62450589531264,3.62614249514795,4.25026416451758,3.66092671289417,3.56335647469641,4.36381121954531,3.47178454136134,3.76491984925005,3.56696744387262,3.68599710621392,3.71823019706429,3.97686921164413,3.88291117674766,3.81396326959368,NA,3.65745536403203,3.80876180684351,NA,4.09197894456276,4.4799311399511,4.21891916968265,3.44636443536035,4.2214332914128,3.83374544745141,4.46562798561466,4.19463273563486,NA,4.36014289246292,4.209388081147,3.38567142792981,4.89214713201218,4.83893208211781,4.77649788869922,4.7955964021764,4.98150279785211,4.42397078678718,3.49977167924202,4.30371844613684,NA,NA,4.94447168343974,4.93933719927128,4.8086005787588,4.59737842851626,3.34658957160251,4.65824479156655,4.6485255429849,4.85617088368358,3.86786910677023,4.22968933980776,4.19590166106476,3.97567699850993,4.3338457804472,4.46394560378277,NA,4.20374281686907,4.14011673951532,4.31891428535858,4.62921879097119,3.8057236288701,4.16242905945892,3.78245826760772,3.90085783791151,NA,3.4313219299174,3.80251436769583,4.23403568274781,3.17436704551612,2.90533195344731,4.27362181046732,3.48162157276768,3.18570901568901,NA,NA,3.71098718228367,3.13574753900496,4.24032307559987,NA,3.24455332988733,3.44454467501672,3.6697852466892,3.40570547489894,3.35388751852488,3.12876940355318,2.96711194739594,3.00467507872201,4.27986620730679,3.52730830549047,4.6254824117082,3.97319733522736,3.50658797302125,3.55315715199663,3.31507355437478,3.68490937553341,4.59622078469818,4.01719897754437,3.72516473647556,3.94809484952114,3.69390169628432,4.09086963905746,4.3367445231061,NA,4.10859317665646,4.09850321332689,3.73803187482318,NA,4.20116162914457,4.54018769784949,4.12363881147845,4.93357673031619,NA,4.37928720216422,4.20957333588739,4.78888786312196,4.66066159273171,5.06428543812501,4.6538716021862,NA,5.27112430062061,4.61403787125285,4.72693909776952,4.52213332224558,4.3223044159968,4.57128600363689,4.67161248304722,4.42913252242368,4.5224357245628,4.90713586689621,4.57216559671557,4.45700655959486,4.81549401547997,4.95242898904394,4.79280698431679,4.55273485924349,4.74120026516468,4.34794360977804,4.32864362424431,4.31561449406361,3.91376945101052,4.4510547857372,4.07166998342714,4.47749826150211,NA,4.50160621725872,3.8687442435572,4.24303321398983,4.54098447329426,4.85365002933653,4.49394580339117,4.19687561099418,3.81774199425273,3.67826070083985,4.30794391962984,5.15535019655593,NA,4.22612517220026,3.77802665041216,4.33322015422897,3.50662102778438,3.66884554622258,3.51722496035706,3.22917197702706,3.15586539521036,3.54582213642041,3.62160843834898,3.35076087804996,3.41262702052187,3.09427872139061,3.82501088605546,3.86313092434992,3.44309720925606,4.68005112732756,3.52596772563644,3.77301397919656,3.54199155485231,4.73262460068926,4.13099866107386,3.84437323361776,3.69059264187225,3.95345628831998,3.94568062796551,4.10442917618372,3.56533516558304,3.52054101717796,3.65638185858103,3.61146707189602,4.00319466936091,3.46877558454237,3.73796787496862,3.88562015406495,4.47987198778039,3.86821919286093,4.27348288225076,4.7853430004066,4.65594375262209,4.82748394253009,4.39173352282858,4.69404603829586,4.706534455743,4.61685497191148,4.31373250351619,NA,4.01064973151366,4.5670570424178,4.78219635354207,4.63211768873486,4.64794919753447,4.73856695797435,NA,5.47295097608744,5.44526014059266,5.21418744983291,5.04421941924145,5.10054124854981,4.97350933039848,5.01150422742361,4.57442733280719,4.65632215157487,4.71892852782851,4.70801453902691,5.01260547927935,4.67204057051942,4.12037764326476,4.06669111024318,NA,3.86855141131472,NA,4.25144622606861,4.24855279281018,3.64316980016462,3.78717811619258,4.08680773586836,3.8523706004011,3.71766157767347,3.68328159468469,3.38144917522431,3.43729996380568,3.45624669110661,3.92324671138618,3.66384032428376,3.89096334541041,3.74374824598956,3.72818316536591,3.8129609823792,3.64494714192373,4.2618588997985,4.16089117827048,3.23661659223277,3.23968517139495,3.21576524666486,3.3377228609449,2.90180560215366,3.42075259655289,NA,2.7110789007242,NA,4.2468854752849,3.27193376029323,4.27004034491946,4.40252981474219,3.0070712255278,3.75650832808979,NA,3.66045606927279,4.57288917736788,2.83111816385245,2.82821661630779,NA,NA,NA,2.89481139928839,3.75975695384469,3.42350830315759,3.32496977440308,NA,2.69928093658705,3.50259356095496,3.01035828592088,3.26956799631286,3.59560946841699,3.3451792178123,3.24876779834176,2.751239582721,3.16137493677854,4.76698913985294,3.48986831540172,3.70863724192039,4.26440729928993,NA,3.60427885135714,4.27877891067523,3.45569073187657,NA,3.90547609421322,4.31871216140389,4.27506054686421,4.43814037193698,4.79110624715956,NA,NA,4.54811873454226,4.87890352853489,4.86336658647765,4.80262169623596,4.69566752063042,4.88059611110489,4.64336178458766,4.24088495680994,4.70650534312153,4.44605235442741,4.38456285569098,4.46941543013661,4.32042386545568,4.43711452434764,5.0377523267155,4.1854546280112,4.03565212295894,4.00531789762647,4.03649246970661,4.16190794963594,3.79124520102411,3.73313422702671,4.2967449244978,3.9012250769766,3.89254237903011,3.89852672405349,3.78798907842798,3.90639201206095,3.75175712972785,4.14293740282877,4.09025452271289,3.74242544759296,4.22856098645098,3.72176321306014,2.68709386456285,3.08610273132016,2.8287848839063,NA,4.50076497794119,2.88080473884771,3.58739218804422,2.97993617969971,2.44111328966935,NA,2.32233849934534,2.26338153305895,2.12937769528363,2.20417082874382,2.52486030969982,1.9587382118204,2.06266026623284,NA,2.60362244471659,2.50182196865919,2.86752340991597,3.64362590120455,0,2.71407387956164,3.17458448263401,2.85055651649736,3.96916778326051,3.72364275279091,2.57252024237746,3.52678496544043,3.69201663895722,3.06785039988095,2.78150320582327,2.66116463991103,3.384476435199,3.17116760522353,3.21004620288175,3.29983108169967,3.48675154979336,3.37700387371023,2.9639869276838,3.32773795436258,3.00127371191011,2.96092822102444,3.34846960464151,3.73061138767008,3.08370776557609,3.64304765522099,3.9028476599857,NA,3.91289643889004,3.88662397123198,3.9848655849089,4.21386947466534,3.93226383375038,3.98767922920591,3.92360425642495,4.18917386133582,NA,4.21799156786681,4.63770574552135,NA,4.48820121172775,4.76124898950839,4.6238220150716,4.34571835097634,4.44966072126975,4.49131578114509,4.45538058316149,4.22895242556009,4.03359124777721,4.54171700859659,4.42954870985063,4.10237118804134,4.27483314146861,4.38859806337794,4.06887052707045,4.20553626329687,4.27688571611818,4.55718984583691,4.42277004037586,4.04588486981096,NA,4.58097110241323,4.46412424507973,4.0833944592488,4.8053233569585,5.60739746564489,4.19893013292789,4.88444127283343,5.08268501983646,NA,3.87789647737192,4.36274367674037,4.63779724146617,4.22690785402699,3.7184362884775,NA,4.77640884622938,4.39588557962382,NA,4.19649570914136,3.56037741923438,3.39227019083193,4.19935317261774,3.36164538118155,3.95794054598945,2.96136460538519,2.76287555362425,3.00354958884287,3.1394104516807,3.18866899032722,3.18069548141896,3.17019693350179,2.89483530479263,2.99901009832503,3.7266331110681,3.93786648794136,3.19765520042191,3.62460004125899,3.41488621014289,4.10353008889499,3.37771395174526,3.20102267934623,2.81945460478831,3.01558813013605,2.64762413889661,2.70380575310439,3.02447153913019,2.61564163576304,2.85979093390791,2.62074814709798,2.87840233493855,3.01398398004943,3.12254638058593,3.61541687184412,3.30720040006686,3.84535231873126,3.8278487900783,3.70289607003068,NA,3.66410648843977,3.81882034260536,4.07323351679708,4.07271807249358,3.70256440239342,3.72977295599885
NA,NA,4.20805121779817,NA,4.12204475551845,4.38865754741264,4.10763943990106,4.89853622802083,5.21365551758324,4.3058740434698,4.74821618828072,4.92180662017616,3.80699574562546,4.50743035665859,NA,4.3845425088656,4.9131078609304,4.57878460260614,4.73817112974015,4.60039622695496,4.09004624628055,4.5825787802132,4.76054991561691,4.07978845075367,4.41839234607552,4.29538994695852,NA,4.06171479091801,4.10319210920181,4.24014435225168,3.90612680476408,4.18885803696503,4.12205349293055,4.12350737909987,3.82440029709837,NA,NA,3.68265414719002,3.88355258406522,4.04077552908059,3.52332715696575,3.37129647851078,3.08200739802179,3.29172814909357,2.82835192152779,2.77385621469764,3.81117070677313,3.07436391455737,NA,3.04185485013849,3.45281658935654,3.13119508631236,2.86187721191347,4.07613472429904,5.63170282651321,6.48784778697644,3.53329016348822,4.8912637001302,3.89464838828389,3.84437304860759,4.03185496549019,4.33671882340064,3.80899231436734,2.98599860102297,3.6838128977049,3.18263952336733,4.38868440657829,3.43527612907504,3.58596300746698,3.01313029870984,3.45407788922055,3.92164177395913,3.31568686423771,3.71479359175959,3.46015002939077,3.26499604640454,3.11995917291637,3.63240065289069,3.56354157129728,3.52824530548087,NA,3.44167619122783,3.45800523764482,NA,3.82536108972329,3.99195039247805,4.02752764663608,3.42390426639262,3.84642749891884,3.69557263674807,4.232198742486,3.99090364604816,NA,4.27796947959435,3.91006056565425,3.41875650961698,4.59489401102277,4.49514607609896,4.65771553098101,4.67400181985483,4.76233704313851,4.16610338776633,3.7158800640121,4.41085253275182,NA,NA,5.03237461257263,5.2766442044829,5.12911508674518,4.88929123469052,3.62738833209957,4.95048520617863,4.8751600874489,4.98548046631417,4.05485343170595,4.5303520765792,4.41919644118354,4.1603680233255,4.50801471460651,4.72483916670958,NA,4.28989451361447,4.2666547384198,4.35851847744257,4.73471751924352,3.7735067833075,4.1766041744897,3.94475647371919,3.94882920592435,NA,3.87738331454822,4.17173254541733,4.60142436175948,3.60576115346033,3.01158586320766,4.44481136175308,3.52244390662334,3.218810880397,NA,NA,3.70415250544174,2.95591096608659,3.75179037154859,NA,2.58882479173448,2.93231998806416,3.32652916858913,3.14589978939408,3.25427318961382,2.96474890283819,2.79039402844755,2.91622014211748,4.07862950063234,2.60957612744282,4.44554617269276,3.54775457485673,2.80209549940841,3.44736825323165,3.24342254378586,3.21238085989665,4.15907343309781,3.55082177866334,3.54289655194228,3.7260172457848,3.57083200205749,3.96752281930347,4.21167870559051,NA,3.50672089916731,3.66209549585606,3.53068263277872,NA,3.97170948536562,4.44321078594571,3.97168921552463,4.82967547106729,NA,4.31818186683287,4.13663445321903,4.72295232149014,4.76539372830835,5.07552937884269,4.51078710805128,NA,5.30626226167072,4.58842136677989,4.46622944560101,4.34788605857696,4.20357964489127,4.42132274550801,4.55493658152895,4.28434618187611,4.41177823362202,4.88359625643932,4.41061443685451,4.34328037736737,4.65456379375847,4.85680092806731,4.85596346639221,4.46307852831097,4.59106018462665,4.46652874203847,4.42709089275479,4.54774448743248,3.930208896639,4.4842549920702,4.24481780938973,4.56971333225143,NA,4.67413372061918,4.05617281631909,4.49249783668596,4.76105451820646,4.77083386318898,4.48401507803009,3.92420310863594,3.65829205979286,3.94466757359658,4.50671889356305,5.32000944153361,NA,4.43764891240756,3.96036345349407,4.3785961911048,3.48545478441101,3.5819011873087,2.98299957525592,2.90317083585711,3.05628275058389,3.27833808732516,3.33357358019376,3.13807814721044,3.3608418121327,3.13957449926835,3.85340732755337,4.44148151612177,3.86974857693137,4.98515007972659,3.71909496186175,3.68589355294534,3.9351807939237,4.18811594977911,3.62594473631395,2.97215184854957,3.73096565318751,3.96325844413087,3.88853272691496,3.41003730851706,2.99383249926779,2.93607272795879,3.01328766413772,3.59950328361835,3.69821459599509,3.56797965879771,3.59967530939135,3.54199538435224,4.16393516210506,3.69454037712138,4.01911267420057,4.6028893099336,4.696740358598,4.75111415494783,4.2029629395187,4.77334882526729,4.68343366639598,4.59681833871087,4.26574242370886,NA,4.09450685428755,4.45427087557218,4.59451706637298,4.64905078232281,4.65108369634585,4.67451950185103,NA,5.48003984081852,5.53203616618635,5.34545587816918,5.1806087696186,5.35599497622729,5.18766575295827,5.00971651458779,4.7403413810078,4.83439407936253,4.89513274797273,4.88946501116748,5.28189940600596,4.98215656348004,4.47135109702017,4.37064655424277,NA,4.17868243568723,NA,4.66793214105835,4.77785930559234,4.06633857661594,4.20900043453293,4.53026741622276,4.40608664068937,4.21098363214308,4.13606289310834,3.70919096663894,3.67262446646059,3.61711333165886,4.1282478017918,3.92152688889549,3.9864879653859,3.77080168254733,3.93719584013615,3.9981968751758,3.76032402626306,4.34065048331084,4.06354630575704,3.10703438464707,3.16599410818312,3.36741607703832,3.51581892528348,2.86613912079619,3.49318033235364,NA,2.81452406190647,NA,4.03221099671339,3.41768402320392,3.85426566679234,4.16676668909924,3.07143415801686,3.35716664546416,NA,3.87546446508027,4.87531143735312,2.66409585900529,3.01466064996394,NA,NA,NA,2.62183776830627,3.56406501217642,3.09354141046472,3.25258597673221,NA,3.21877876537031,3.48096152711811,3.13677701361172,3.47677488616604,3.59965026275469,3.28751588067645,3.07971691375077,2.63930649996261,3.39814474352658,4.55379810818299,3.43965980152106,3.8602331222258,4.31094531310116,NA,3.79187661844943,4.50319747502334,3.76053486943021,NA,3.69140073041549,4.287816396136,4.23727602574692,4.35632089810376,4.74271351781726,NA,NA,4.57745633112508,4.72535604120861,4.86410048925076,4.81185353065239,4.65913977787608,4.6854228823945,4.63511155282785,4.35273118485477,4.58704041675435,4.34392331182124,4.28253071745671,4.33927490087577,4.22567999187867,4.29853865949587,5.02093361502649,4.41653872502837,4.38857137539681,4.23548745875241,4.27737632264102,4.42275328373618,4.13204940103406,4.13852964295053,4.43714273005173,3.9972112582426,4.11907823839972,4.16920419557972,4.00223466089141,4.15853333878624,4.02333817818003,4.35894864768854,4.43347639967733,4.04882129446795,4.5035705607883,4.0508406735156,3.2508668384015,3.59283098771556,3.05874171802953,NA,4.55705688392059,3.27303088541113,3.76425518912292,2.98288062802549,2.70497690481472,NA,2.63452766564738,2.6851446837335,2.45355962529917,2.43950895729079,2.7049612679812,2.52487832941989,2.49621627822178,NA,2.19035021909279,2.36778533674168,1.09932820547949,3.91382666373108,2.71407387956164,0,2.36590990156842,1.42701901472525,3.33285454461927,2.76045243513588,2.53915209161127,2.49674972532466,2.82033901873955,2.45676783756678,2.32659664246176,2.7724737366806,3.17548519212467,2.5355549140572,2.79443433801909,3.32174872414312,3.6117376909222,3.54227697406766,3.05853502840067,2.85778179062587,2.80171252494136,2.78446534782658,3.42101616479865,3.51674776356402,3.18508464093682,3.4971934125327,3.67857867567283,NA,3.882789259213,3.90399229055886,4.24571042222081,4.21243354795332,3.87864112402778,4.02584120663139,4.07326794237261,4.19097859409145,NA,4.26965606765871,4.78237379669776,NA,4.54566151252466,4.8478739338602,4.75045490499833,4.40711908578138,4.57947069313105,4.79519604047469,4.812802237613,4.50123469156075,4.25671375349574,4.84112064044434,4.62963791720418,4.30842817014695,4.4578149704517,4.72226089592174,4.29964002504148,4.43334289999206,4.52126154790784,4.84682969377813,4.99688156277904,4.30010971374342,NA,4.71243143507694,4.75514464419383,4.35668198038041,5.21496555829021,5.94551683035057,4.35690557310754,5.12373944803268,5.26651990230726,NA,4.06228812172388,4.59536179916289,4.60714163159805,4.26107058053539,3.70897438562795,NA,5.10811413831492,4.56619543875348,NA,4.54917125701484,3.90327661001118,3.63361577011617,4.42354279716849,3.81506906063575,4.15600785328597,3.19098527516921,2.65395076836785,3.21346406949897,3.12278311275993,2.76515909938038,2.52444473960082,2.38598058498884,2.52308861492613,3.05785740577574,3.58010637595213,4.17351118910292,3.55307975896668,2.92892790767519,3.38480447040755,4.12372626424083,2.75438337340446,2.97864189335066,2.65037633715247,3.04727608177757,2.68660233384991,2.54128061036784,2.6120902158554,2.46702509864003,2.8773621877562,2.47512251806402,2.67997976648708,2.79064059719156,3.03612558603157,3.44211533845118,3.2571702717505,3.62122082608109,3.47340685631322,3.47523141495306,NA,3.58760285396282,3.88340139533662,4.04290402018935,4.05128023383766,3.75773601461628,3.53958158054934
NA,NA,5.51245537949579,NA,5.36864831109261,5.59415267294735,5.38034878796402,6.00689611162553,6.27452572821305,5.26662665566916,5.65130885753249,5.85419202984114,5.07778322293353,5.57773667686303,NA,5.38094666829789,5.68499318662327,5.58974086682579,5.65384610760255,5.53388582221249,5.2039518305264,5.55243520984651,5.66693639775139,5.18810753822074,5.39989120144599,5.31410197547131,NA,5.17251076041429,5.11264367137199,5.077496099656,4.91983851044373,5.26591004107834,5.25059856239861,5.23644817066507,4.96728680059996,NA,NA,4.82590180429525,4.86995297079952,4.95845844952019,4.49162112838458,4.52530127716988,4.14532067987767,4.10156743915923,3.40393358143809,3.71403721991965,3.94160853504084,3.63900691858668,NA,3.70418910327606,2.97578422753504,3.12532414598189,2.87149802134355,3.56681018725257,5.01971805346531,5.62015043531396,3.79073218296371,4.11957965103957,3.45549371120891,3.5521079897955,3.79339319166159,3.7565433272401,3.5454273517598,3.59501991485977,3.37927558393545,3.47689217369196,4.33031138307831,3.91666604403692,3.91204382596597,3.90543261005049,4.17503543047509,4.9206372119092,4.3990051128271,4.64844807966013,4.55746935165601,4.47688642429748,4.39184027112135,4.67406799512635,4.66523673209851,4.702339631504,NA,4.65177944702758,4.74086841926003,NA,5.01577938044594,5.30107068141217,5.1609270794206,4.57319336015977,5.15087100157347,4.88927960455791,5.40904778924335,5.22441496195918,NA,5.39692995285346,5.18599157999968,4.53514581611116,5.80284719943666,5.72640189742716,5.79029165857745,5.81822272997936,5.92250689151317,5.31612353451176,4.71822507272545,5.46849576339814,NA,NA,6.06839795668819,6.17607536679273,6.06037310267046,5.8364602439717,4.57288178645365,5.8689383568588,5.81803515743884,5.8974474910504,5.0918165243249,5.40693991874499,5.35518857961762,5.19786211361951,5.51145524194103,5.47635256472108,NA,5.23176385715688,5.23335759741229,5.36362666427267,5.65994840635847,4.87152000016318,5.04815987112146,4.82840331291755,4.85999357296015,NA,4.50055681983384,4.96987025182704,5.41973122937814,4.30867420789215,3.79128401437323,3.88510655852945,3.51122039879262,4.15791974757439,NA,NA,4.67393927358896,3.722691744516,4.87290297154929,NA,3.1274157592522,3.33168904149735,4.03820646550337,3.92125394155405,3.59134374609289,3.31108649808106,2.9400664104606,3.73353724206718,4.23757048555821,3.17471784729564,3.61658322352333,3.31025750967257,3.5244001390298,3.87543892462153,3.98050559194813,4.10681477765818,5.11987453631093,4.52211325823954,4.44447612803346,4.72290329095032,4.58429135812678,4.92644412249595,5.1471154014251,NA,4.75893435581605,4.87794626788549,4.62343112835523,NA,5.09204484724016,5.48780742216,5.03481858823075,5.81718383928302,NA,5.37759958364616,5.26691770700628,5.77205521372234,5.69191966924177,6.00786526679016,5.56760166220334,NA,6.30760861320372,5.61262259388621,5.62495132718421,5.49818895554779,5.40692920946188,5.60751952901966,5.69784369646872,5.47466814570291,5.59460685253381,5.95334984583188,5.63520653134293,5.53189595039402,5.75575892878607,5.94620068411909,5.85937964591721,5.57528161150772,5.67083645635855,5.53305604823949,5.46406952273153,5.52969103271906,5.14286595468444,5.6053823619058,5.33426759524479,5.60927441994412,NA,5.73866097989417,5.21378658693409,5.58272156198735,5.79920015283586,5.75139013375197,5.19494553614251,4.99337367310622,4.7286141200152,4.06968432739902,4.84755705687087,6.02504444377645,NA,5.13982094730295,4.95816844408808,5.35032721653208,4.49891096930887,4.53052188708466,3.99223215499994,3.79376377451484,3.93869068366015,4.26576916047085,4.31476415148431,4.12350562931573,4.21038861442083,3.73312485752759,4.66250682294692,5.14874758266601,4.57058001438274,5.7363131807913,4.71672996632981,4.7242824812312,4.7222603038228,5.36741349192902,4.55043552656605,3.84390521604819,4.63892562711156,4.87887299687276,4.741807425884,4.57724882988879,3.9900969595427,3.9706770836472,4.01638702989293,4.53263832750472,4.60703735703186,4.22584109843498,4.53550712727062,4.53000750395015,5.14558663266335,4.60333500533821,4.95422434322484,5.42898066203466,5.61286713334603,5.65994968237997,5.21422968441465,5.7340887606233,5.62437845757678,5.5674897105462,5.31593600487907,NA,5.23734323805964,5.59799297165224,5.73150082897668,5.73733158543603,5.74199361453206,5.77606539480179,NA,6.41522847895912,6.38924465216025,6.22456839611966,6.10410301849029,6.23167740436774,6.09180348348302,5.97245799343724,5.7927373378775,5.85743052377716,5.9300557351891,5.90825034376493,6.19773569129055,5.93075033607191,5.50294300213359,5.41600417677877,NA,5.27439961396256,NA,5.66339445090639,5.67106373902744,5.10303773751212,5.25262991308376,5.47416597418331,5.41674208722996,5.22258939146075,5.11480571451155,4.75762460734879,4.73265252694189,4.75167250308502,5.15270770585598,4.94520863588062,4.96411727049551,4.8591914962707,4.88298809231769,4.91082300373029,4.68058156809067,5.19306733683932,4.93358090238526,4.01212391023971,3.90759004984061,3.85090568843199,4.33809935570321,3.88456638602933,4.31755114564885,NA,3.70151315276994,NA,3.10390092143421,3.351370738425,2.73602711990578,3.13034845499332,3.86042647336941,3.43634710638698,NA,4.84035719987904,5.7445895332758,3.57808196722434,3.8627851088398,NA,NA,NA,3.49883495329236,4.66859654020474,4.15892629744944,4.22277968395318,NA,3.99768439220653,4.34124608683512,3.93454211292309,4.14175030067766,4.57934435459765,4.08224896926646,3.67187450594684,3.37651315578292,3.51771940895539,5.34066698515742,4.32846732383049,4.88713097217894,5.39505170627079,NA,4.76115498582951,5.48957019255956,4.77912810762867,NA,4.88084530488901,5.40733317679121,5.4209211078105,5.55460127912376,5.86229832129184,NA,NA,5.71180571835356,5.88754523048102,5.97348906390829,5.93159567785713,5.82526501635181,5.89172467839167,5.75519464378962,5.5164254193932,5.77720644613218,5.58614365029093,5.51963533026836,5.60253486375311,5.48775738538789,5.40878778471959,6.02436870996217,5.4321316773828,5.43555059914962,5.32494547053386,5.39188166258992,5.58627097024019,5.2807069079995,5.23771884009406,5.52289621955104,5.19123517175551,5.24967255759327,5.25392123810682,5.18677659852305,5.24193519629459,5.08929946259171,5.44714786192014,5.44319365640659,5.11327415472814,5.49235133683319,4.9580132947883,4.1152367718251,4.55270390753445,3.77927639643013,NA,5.6474381365935,3.25278907643709,3.99626654604827,3.75084543856135,3.41014205495803,NA,2.59345308288864,3.17538345901964,3.15156296766356,2.75450683875382,2.47795464266424,2.57571556425475,3.6796856639102,NA,2.70374639136061,2.2917793140199,2.48471743452049,2.92473454597791,3.17458448263401,2.36590990156842,0,2.15012735440747,2.50007525959442,2.8636012341994,3.76386206054192,3.61899247048925,4.1713717643197,3.30579504394462,3.17454167557513,3.41175999230555,2.65673980110982,2.55467335329628,3.07436954531634,3.44761440793811,3.88841516133322,3.75625900301409,3.54335424248007,4.14325311718553,3.87573216417027,3.7521050854895,4.50105259436155,4.77638017048427,4.2920139919489,4.74563716848356,4.98079354763454,NA,5.15349102363343,5.15278938951662,3.99972906076878,5.415042604801,5.13299884626156,5.27162190611559,5.21664174888903,5.4017193209214,NA,5.4776360282633,5.8917723042888,NA,5.67870556801563,5.94690960015106,5.8454089100311,5.5698985940252,5.68736304008577,5.83635489725574,5.89094021754238,5.64222599799402,5.46095598485737,5.94270915429701,5.78270128712682,5.480446535732,5.61464934670952,5.84093088687276,5.47781872522335,5.60162686704835,5.68771682330836,5.97325384876895,6.03932259810238,5.53106006443994,NA,5.80017769710098,5.86662275153236,5.56912678670214,6.24310511408792,6.87467593701137,5.50967059257504,6.06265616936263,6.2229062512096,NA,5.10772162894411,5.57886492107006,5.68304289762063,5.29110070840554,4.8631686796869,NA,6.02446613166139,5.53582576160591,NA,5.53450709952854,4.75146616562684,4.62147508437778,5.06026417803873,4.76269972640408,5.16400831480593,4.27481716175478,3.81547161469915,4.24274339860947,4.09157838075093,4.00055700668818,3.55755038881258,3.41104341877134,3.4687623262687,3.84648303000274,4.9050377513761,5.21603868104331,4.65159079718974,4.26585095161937,4.00167956814002,4.93144865134229,3.15972489765762,3.33239222117067,3.45983255544141,2.99768828129963,3.47768060227611,2.97900695102197,3.54863663676724,3.53810427061253,3.61529121684329,3.53026520199284,3.90062663343518,3.93155356615726,4.24863293462047,4.72514946906263,4.46389635191933,4.87231070362406,4.8875982429265,4.83890212768311,NA,4.88060454681221,5.11039801747933,5.2601857545118,5.28399510485924,5.09295182441521,4.92365186440659
NA,NA,4.41978382424846,NA,4.25341468092392,4.5609630749185,4.32312076096555,5.09000860557338,5.39278081377911,4.29741956841088,4.82872352842642,4.9850124249559,3.89659509680577,4.61183081153507,NA,4.39091811974809,4.95340654599753,4.68570220776703,4.80822393832969,4.62305514883832,4.13328957339542,4.66947907766529,4.75104744342345,4.08254197208951,4.43644541175429,4.35527208052725,NA,4.11277571593748,4.09361379015541,4.19143623833668,3.93934574160139,4.19700646663747,4.14878202780639,4.16845448747073,3.87299082227592,NA,NA,3.7593457399808,3.98381597822227,4.1121228546677,3.56412268687264,3.44552624358654,3.1589371557741,3.38034152226364,2.77881665941962,2.89750117814126,3.83916868054898,3.08113538269881,NA,3.05204146710022,3.38107367032242,3.03305625025511,2.7546598594324,4.1288051069875,5.78395816627464,6.57549955412276,3.78192127981067,4.88922449840479,3.78278982024655,3.92246430502158,4.15932552776546,4.33335436244742,3.74734251718358,2.98935132126819,3.55801238676461,3.23856522371898,4.38780983843006,3.45594996785918,3.44368662945844,2.93664147756509,3.42877615732704,3.94382670404452,3.36563219200689,3.72159432084417,3.48124673087683,3.31733545731373,3.20138813954906,3.70053427087029,3.64860733924308,3.58529291219584,NA,3.50283728296469,3.58643069268658,NA,3.93918611234168,4.11071496504159,4.13471011037832,3.44556284193439,3.9887705472403,3.76324878857093,4.38047495921905,4.07532693579299,NA,4.37325716830417,4.02533007329771,3.43941900159911,4.65033445316279,4.57389324190942,4.76807895869086,4.79782811058022,4.94826219978071,4.29346993790688,3.69167587948831,4.46248790536358,NA,NA,5.08332551835014,5.40164156641017,5.30089365500881,4.99851289653462,3.60929308073108,4.97346111741707,4.94059508242217,5.04000006402216,4.13500688575926,4.55956988451005,4.43570893745497,4.19822387270714,4.58131453928931,4.70026809291173,NA,4.3405204423558,4.31272007941219,4.42688146349541,4.80999381355301,3.83436484203059,4.16987688398997,3.97870472864378,3.99513627320081,NA,3.86613671773528,4.12288428354494,4.5288520595923,3.57739224961914,2.96792053135469,4.30477722822645,3.51255502684955,3.23693046151979,NA,NA,3.66391508378524,2.87468045745257,3.67714234969542,NA,2.32298508835518,2.80223188010729,3.3523040086439,3.03487959637293,3.20092350657481,2.97174762510977,2.76332616267464,2.86274273518945,3.85326489432968,2.41933119142811,4.53776569929894,3.61828012229859,3.13119010040217,3.66909322185674,3.39148459771878,3.30872865279784,4.2205814648964,3.59702751167928,3.63880184494497,3.70006651542713,3.51874268055752,3.97674781444201,4.20137351690425,NA,3.5701588746515,3.68241950801013,3.64075528818554,NA,4.05580342058166,4.52544824087465,4.01635662511119,4.86610616699655,NA,4.31019529934153,4.14533256576039,4.72164009348062,4.73186848922603,5.08041655301779,4.56596993225434,NA,5.24321097968972,4.66910327836579,4.50006735681791,4.42656247241988,4.26371259158527,4.46708725673988,4.66977681672659,4.3750443986823,4.48877282684384,4.97569445859255,4.47808789266433,4.41911647900153,4.73527776112495,4.94998302007931,4.89350213979935,4.51362356765273,4.59970020271243,4.53997143918454,4.48616729605606,4.54012208617993,3.95364276317362,4.43437125571925,4.26169883227678,4.53798288443828,NA,4.77736178150088,4.11594513032669,4.53713366560414,4.83267469729438,5.03013173229863,4.61738825442852,4.01682929714344,3.78158386608306,4.00390922939808,4.54941030787625,5.38086462352617,NA,4.32029077770252,3.98534412940596,4.71608262547443,3.72486320449398,3.78168056415594,3.06990488121176,3.18595871878379,3.16501863167457,3.46915818769265,3.51522825234701,3.51540257655485,3.60890207954433,3.33400179274767,3.82494400977682,4.48341693357618,3.95363097867202,4.96069106802052,3.77533404708865,3.7847292345833,3.98851584431537,4.24737231000457,3.91599223369515,3.30600741334654,3.69935266602752,3.97900529538795,3.91628222747126,3.53087111680886,3.19519534888701,3.15630775484186,3.1498149254746,3.67261261169472,3.85533410482853,3.57433187109941,3.65836593522307,3.67196989867992,4.24706399224355,3.77912678034969,4.10109294927518,4.69703555704056,4.7628184352192,4.78422695990368,4.33008623831632,4.92432526261709,4.83344083225145,4.67181057540758,4.38287333614992,NA,4.25631000715769,4.53693369092756,4.72267077135444,4.79755035806416,4.78386530040779,4.82764475821446,NA,5.50203070648011,5.60129744662517,5.38258617223979,5.20919577552968,5.42271468921916,5.19582778910736,5.06817545304942,4.76851132342928,4.89062474216904,4.94669372080794,4.93804763849328,5.32913091759118,5.0134627364175,4.49178445046537,4.36660525388718,NA,4.22947783475731,NA,4.75188960110846,4.78972263082648,4.06158452124292,4.25976919220276,4.61968436409935,4.49016964034359,4.24890182632062,4.19178927277444,3.73385463140949,3.69234449904018,3.67053113672567,4.15239507396322,3.9647296916223,4.00246065250478,3.9005974330845,3.95036948006059,3.97235497492868,3.71923084281806,4.35078335242427,3.94618495769693,2.99805140609497,3.10923557203398,3.30333132540031,3.50495110905516,2.83795468762578,3.52244454148907,NA,2.95411887200273,NA,3.88667487591837,3.35554189615146,3.80254864541197,3.94279337119167,3.02594621568866,3.31648906362606,NA,3.92424049641141,4.97354001422796,2.7675406313679,3.08720480408007,NA,NA,NA,2.69039361993648,3.6282777666677,3.04971995968599,3.2332374352144,NA,3.12642190305965,3.47047695684235,3.03810960338702,3.34915849436518,3.53408194384416,3.15308860232567,3.06205891671574,2.54574384646946,3.25423548172719,4.71464900741056,3.64447912982149,3.97673487774127,4.25958207295928,NA,3.77643745957878,4.54825991179085,3.80390827212151,NA,3.80011131473684,4.26626952423915,4.32369738693939,4.45083846614986,4.80513757229399,NA,NA,4.59952349225822,4.8355624846271,4.95615683419326,4.86649753073483,4.7962780122493,4.78779353318301,4.74430435387667,4.35821044999559,4.60505187068755,4.48131833637726,4.44205895995223,4.44440498715668,4.42852762599667,4.44221106925899,5.06235705727113,4.4936142447378,4.37707656011907,4.18406273432726,4.32287773476583,4.3904529098926,4.19874135499143,4.20406190409005,4.47677331871725,4.13414239097527,4.20387269136284,4.20475571066587,4.16386375835121,4.28626647629675,4.12708155572165,4.50173998345012,4.38249728313082,4.16657227888998,4.45530529805875,3.94999970983297,3.26088607936019,3.63559704746364,3.13139835504955,NA,4.69318603852878,3.25604522974253,3.65590950605083,2.95453059523156,2.69208363454053,NA,2.51540554069642,2.70802342697889,2.52840036791735,2.2617498989519,2.56311457259811,2.37635812109248,2.57995408993935,NA,2.19367924288152,2.30868937314017,1.64459204859993,3.6986262713535,2.85055651649736,1.42701901472525,2.15012735440747,0,2.87251567759524,2.27335823392121,2.5596788910896,2.63449436266227,2.78785185474886,2.52702381104076,2.26121272060243,2.6973784209772,2.81956573856074,2.14094932074774,2.53636270405507,3.22005034520481,3.53078691416081,3.30767378385456,2.92506793844391,2.92838534566156,2.81304941808915,2.87263908606466,3.583368239754,3.61537282255285,3.34415036665858,3.66415306359373,3.84351689467955,NA,4.03750573058918,4.08730789214072,4.19572943558718,4.35731147491597,4.04810241428479,4.19909225069613,4.20150497147978,4.28456603342405,NA,4.38201638105363,4.86266545694082,NA,4.63177636070346,4.9104598782912,4.81360282425879,4.52589413293012,4.64728776271268,4.85516432015386,4.85176968363998,4.57308217664295,4.33609954109745,4.96782011498061,4.73961428209884,4.44974133778476,4.62491708620672,4.87437246264884,4.47059236328588,4.6279753586551,4.72704520552593,5.01430689982017,5.13188277980418,4.49031170956969,NA,4.78129673812343,4.90638418912929,4.59122629979605,5.32522616640132,5.98710279202723,4.46669413758384,5.16277345464091,5.35157038918627,NA,4.10902787463263,4.64007271575835,4.70124621601023,4.29453024381638,3.79433690257046,NA,5.18212777395149,4.58215747032042,NA,4.63218489700568,3.89432614649276,3.61049548682297,4.28901383758878,3.85009180385286,4.23199096586154,3.38546920476532,2.75733569696152,3.31043295233129,3.34414261288816,2.91902483614504,2.6820454938467,2.48746688805265,2.65882476705593,3.21590990520595,3.6658196402602,4.31059596198195,3.68274634182966,3.10231560301298,3.16998018462381,4.09372140502303,2.47755975278563,2.80044527581834,2.57939144125776,2.97772527706892,2.64535871199647,2.55605192337806,2.5563727011217,2.49899401791022,2.79343880122367,2.53744883825651,2.69487557921193,2.77612557189711,3.10201165292023,3.55464644575809,3.34728878291296,3.76433803991864,3.56237114729269,3.64082115064224,NA,3.68038922063284,3.97340820420509,4.10702543712252,4.10432192812779,3.89872464752008,3.67281983293919
NA,NA,5.88682459641501,NA,5.83059223578714,5.96346777740619,5.8079769749932,6.34570795980838,6.62489425149563,5.70374666641586,6.03428725727832,5.90502613728126,5.47309199182694,5.71775889486486,NA,5.79329876080134,6.38320678438091,6.1052891910413,6.17667137259958,6.09204498475441,5.73923207205159,6.04944352763725,6.16774573606721,5.70432242482046,5.98419336934146,5.86947822862018,NA,5.68172253855379,5.69403026510662,5.78017267501667,5.51991552913876,5.79188991630913,5.78593963802282,5.80122498388878,5.55470432834467,NA,NA,5.38490355570215,5.4692865854427,5.62557934719157,5.11906953895817,5.12830947802375,4.77938695158573,4.74831516361308,3.86336696216078,4.15327576497464,4.21735473085165,4.20749217044657,NA,4.25197713884543,3.04962095825262,3.41857954085681,3.37830090391885,3.80337731162903,5.00623654824404,4.75508553591113,4.23962743271156,3.67962028127522,3.09846458651687,3.33088336823789,3.5382105864119,3.20333228307856,3.09354615368252,4.05425127175323,3.25556730683224,3.71664604541683,4.27484233620909,4.2175416047222,4.12169276054671,4.22830648816801,4.46293425684945,5.38097648012645,4.93106664400322,5.17432547366342,5.0902611811148,5.02045161667502,4.97623249847712,5.29078033014033,5.21806125709242,5.22325327361923,NA,5.18564511280451,5.14883346133637,NA,5.47579839113529,5.73537427540034,5.60972968814698,5.13517336050696,5.55074092681242,5.38365553142081,5.84825928654596,5.63170076750333,NA,5.85713183314293,5.61939137285787,5.09549654912786,6.13821767501091,6.03078954667818,6.17784068631927,6.23527235277934,6.36324275533796,5.804271976045,5.27046546720842,6.0176770372218,NA,NA,6.54014130957321,6.73972556349573,6.65836398838182,6.33859029403844,5.18681309360679,6.40852392883575,6.34438411071155,6.49239224530421,5.66738232348299,6.1787378486335,6.00681009095663,5.8055687000392,6.11796334226714,6.17930432137007,NA,5.82409173885504,5.76789222977473,5.91451705424454,6.08813048874664,5.40747817001325,5.71487256537009,5.5136843478917,5.48400280983069,NA,5.17243836426131,5.53317991167346,5.85689821423889,4.87657721867594,4.17584113860464,3.63302737939527,3.76426296101097,4.54728795057281,NA,NA,5.17337906277095,4.23517536939339,5.30490434323673,NA,3.4482242107917,3.89267573832282,4.5554385170027,4.53946304445042,3.55917211661058,3.83479004740793,3.50535104406801,4.25018189827083,4.82145700526827,3.55533036020662,3.93431702169191,4.12300010345486,4.15467208716915,4.20642767911743,4.50698273652691,4.70324568658711,5.61231748265309,4.99812391867757,4.87942017741057,5.13777749937795,5.01173454103012,5.35021064815994,5.54887308851048,NA,5.16049450686419,5.27341727417762,5.1232812773181,NA,5.57593438163202,5.9950188079957,5.48146714612195,6.27366280832767,NA,5.83453218877718,5.72063363285818,6.18899129553778,6.14383280373004,6.44185894967409,6.02093830503785,NA,6.68543889637532,6.06606773939475,6.02631722345232,5.9044139773228,5.83314138229342,5.99978307748334,6.1523582396913,5.85482173508261,5.96131598705164,6.36800442242338,5.96058165567755,5.96211145795222,6.24037123257066,6.372081757276,6.30124193368498,6.05796958684139,6.12989194704407,6.08049042387093,6.01581756360689,6.06625411620189,5.62485898540891,5.94116079022088,5.77036173209345,6.03824299761847,NA,6.20338152328446,5.72156928308209,6.0962605064434,6.34743869665527,6.38207182926781,5.67264170566574,5.42383215777805,5.19767596642036,4.60942718619239,5.31607240074664,6.6307161731755,NA,5.7791129153316,5.57026188985529,5.99660539565508,5.19241372019577,5.22757493107574,4.68477882270695,4.45227727665815,4.54286564808004,4.89248415620236,4.98821843158451,4.77529188530473,4.87634053016502,4.30947266894569,5.1679731866752,5.73888977883533,5.29827096628933,6.2956877885576,5.36149321057565,5.28483588608117,5.14677010621684,5.79651020335993,4.91217417578722,4.23487724039875,5.08502266174835,5.31088656647229,5.20950464957622,5.00266065930228,4.33029752926512,4.33575906169315,4.4566944926818,4.95239485972484,5.0351068053315,4.72452827163337,5.0333623893065,4.92834779573406,5.18481466788312,4.90554570516561,5.49797280146245,5.94632076469375,6.13440501826019,6.1208912206343,5.68248819188565,6.25085659173379,6.16638620008944,6.07655810630423,5.8217997463851,NA,5.76253183430805,6.05259330308749,6.17449758291778,6.19942572784153,6.23536203120609,6.31492718744346,NA,6.91755901830632,6.96187999808757,6.77586886062447,6.65109378289569,6.7796340959081,6.56504278662367,6.39691200051319,6.21965382663632,6.3022868145894,6.37778800244696,6.36146564915595,6.68929854367662,6.41237413028508,6.00052030303537,5.91494120401472,NA,5.84239804495581,NA,6.20088022294906,6.25340382056927,5.74834725013683,5.85416112415329,6.08979222880553,5.989462739849,5.90096096906204,5.71848330392771,5.47513922042858,5.46306436699631,5.37574580010728,5.76700789520692,5.58661051090884,5.64454012031495,5.68463320379334,5.55490170417564,5.51273266681663,5.30935553890771,5.75465124028199,5.33610736734976,4.59265666279609,4.50118688625257,4.46338327144299,4.96164404788443,4.51341157344483,5.00152747277933,NA,4.38171860898664,NA,3.41590021862663,3.95743823493361,3.1158174235416,3.50336807676421,4.50002370530192,4.26007506555858,NA,5.40288440732926,6.22195619899389,4.23085070052368,4.44993254024311,NA,NA,NA,4.03274317139081,5.1116655540423,4.63629490362176,4.80754276741789,NA,4.46178519363248,4.85229202364896,4.47629908039858,4.57166714115041,4.72095255393921,4.34634882957207,4.10236403536288,3.78260244971035,3.68905333657014,5.82671916279368,4.87503252881871,5.41608125511755,5.85701977067569,NA,5.19968361585031,5.94006272660047,5.13083026207021,NA,5.3295530559098,5.86129063824128,5.9082483418295,6.00373216420369,6.30110587689704,NA,NA,6.18525127418208,6.33977619544113,6.40759030319111,6.38559406078813,6.28795616690588,6.22315691577062,6.22425476972792,6.01110955219271,6.15488887757886,6.01802022880772,5.99758621357593,6.07542602951494,5.99890637590908,5.99548977263896,6.5301658733191,6.01810234348392,6.01616431118871,5.88738937891303,5.93973987300656,6.06393514234047,5.82254304358372,5.75948743482309,6.00923898781905,5.74055115423564,5.7698076401597,5.86731271608194,5.76759881082592,5.78328391169648,5.74517989983241,6.0727045597677,6.04089873643867,5.74865732061773,6.03697608081451,5.77243176106613,4.74040150688842,5.24700606073982,4.17777306105596,NA,6.06772842226315,3.66687234224312,4.1457006496397,4.09051696513816,3.91260611625218,NA,3.08507974916031,3.81911916874296,3.81095094464056,3.70058940474228,2.97241854246304,3.41547239958455,4.40791351359426,NA,2.89750848027116,2.68789499448757,3.43512068978684,2.9673242125572,3.96916778326051,3.33285454461927,2.50007525959442,2.87251567759524,0,2.24362121130766,4.29679296031843,3.62449426789369,4.02322604611556,3.67449581430654,3.3862090431349,3.65972946092938,2.70668803578716,2.72744140207068,2.83288078779126,3.53097618846708,4.09832209777445,4.34661038587182,3.98526727714321,4.56071220025391,4.37741957037211,4.27015601996708,5.03259486086606,5.23586717393633,4.8006422174549,5.26763638459191,5.49595087052736,NA,5.67297666606816,5.6877525000568,3.86629653017422,5.92177422032697,5.72226979803894,5.78931435235308,5.82158967745855,5.91680412905278,NA,5.98738859157902,6.40037591463924,NA,6.16653983147898,6.41111278322778,6.30847722659261,6.09729474542007,6.19402318611663,6.34005258183932,6.3779402568736,6.12878133811922,5.94865410148932,6.43960300009987,6.27456573843744,5.98377171598204,6.12312025468646,6.33836780150219,5.99571649303201,6.08411792102414,6.15499825970859,6.44324160856696,6.50548121255821,6.03643878003486,NA,6.3045534475643,6.34740358520163,6.05848629656807,6.66364461336992,7.27562135053754,5.80712229433878,6.49418700600908,6.65231847115226,NA,5.63946188025946,6.09913143942772,6.15944058394205,5.88664669959457,5.43968209668794,NA,6.60262255199468,6.11747489716055,NA,6.1174422866978,5.44944590383886,5.19053055114228,5.63151091271443,5.33018457610719,5.69698330192287,4.84915323051833,4.36836234417108,4.7024462894456,4.68585053861805,4.29566016176403,3.96245640917642,3.81200346963489,3.76806904851966,4.18036484637718,5.29621160881742,5.64404049949058,5.12371902180171,4.93614453364936,4.20184267301228,5.36711778225683,3.61141262393923,3.84542603887535,4.0149603361986,3.31737524443642,3.95282406802068,3.4488788388036,3.90907012169043,3.98400914188968,4.15811296357948,4.07667319056862,4.33733601322559,4.3591858259338,4.62934119726414,5.14812049487921,4.96742584563399,5.39705562339793,5.28566462078709,5.32677725372886,NA,5.37080432695108,5.56233431377044,5.70958278832363,5.71388367852846,5.42848210816416,5.32033847666496
NA,NA,5.05771349326256,NA,5.03571617134516,5.08797473099687,4.9618710699205,5.54099702410717,5.86630116213763,4.88648776309906,5.26246749565211,5.37381026447207,4.74713411221744,5.371566123392,NA,5.20654101589668,5.72181913515061,5.46328489533897,5.43899430202731,5.40574235838386,5.07519386041681,5.62390925805781,5.74627162352873,5.05968969325083,5.35822919875978,5.26166893766619,NA,5.14042609431191,5.09496316841951,5.2146053388583,4.86914772556313,5.16531630302864,5.12406631918613,5.10173865081804,4.90370695196291,NA,NA,4.72959145594243,4.9680548488544,5.09333782530177,4.53743845053412,4.46078806013496,4.25266267643609,4.34619722606589,3.44296555070636,3.694349425745,4.13796249311279,3.85718375509952,NA,4.00133106354551,3.5746238280797,3.45448748523084,3.4047385998921,4.29263346571766,5.53145112749697,6.03171047117607,4.3165863188609,4.43787646594977,3.43100477685848,3.65235119134857,3.80109398226751,3.60691948011883,3.07613887785676,3.63287906791497,3.22525800240582,3.38882246676551,4.46908046283842,3.93805059388078,3.90006590744778,3.63484691545229,4.22330586411455,4.89860583399341,4.25714046735817,4.55541622729646,4.37730732150117,4.21976901477452,4.13456665115641,4.55617768117318,4.55161141726081,4.54381789597652,NA,4.3960717293932,4.41538490072825,NA,4.71962055885139,4.91223577334094,4.80180695509509,4.34761374374408,4.63871623256352,4.4677648385517,4.95079492608858,4.74666229610861,NA,5.0065755879776,4.73024852030393,4.35911032162553,5.30840571808768,5.17732461193265,5.3421446828958,5.43252907119073,5.56151629837463,4.93085978124421,4.57745268221535,5.24792755526246,NA,NA,5.82795777680624,6.04676436413299,6.02164623366816,5.74511249768788,4.5619742226096,5.84255940557811,5.79306899560137,5.7766217072149,4.99037912552411,5.54003054440694,5.42944947093103,5.13308604360383,5.48841149955933,5.66648030421158,NA,5.30959958114629,5.2974140198989,5.37458357754158,5.74578560617304,4.79728007050507,5.21209208015047,5.03899086300813,5.04714211425002,NA,4.7005011756337,4.95303183295797,5.50233034621793,4.51837747930167,3.68508712628995,3.67765729580261,3.4247255836221,4.02203759762811,NA,NA,4.54709376836446,3.68223674986008,4.62356707306274,NA,3.0184625922211,3.54499818512646,4.24319063075195,4.06161304652602,3.72581403972705,3.85861913511598,3.45176225808611,3.74998458925255,4.3420145633999,3.05803497629892,4.53755389868812,4.18987166415136,3.89675684421376,4.12482628251005,4.10991926367883,4.22566936763082,5.04486046646137,4.52788365418945,4.52256009917315,4.54738690299255,4.40920781114898,4.73869561182492,4.98206744494888,NA,4.45058304153704,4.4996203417308,4.38596753346669,NA,4.88038432155962,5.37579911279854,4.79291773739456,5.57789254372239,NA,5.08448373925283,5.02735035566088,5.5013832502868,5.4601097728991,5.79030399506976,5.33266886922745,NA,5.87777543610541,5.4624717892425,5.27829411253512,5.24955730837936,5.03705294682673,5.22899461395708,5.43624332139717,5.13362867887807,5.2709689465936,5.71920274907593,5.164504572459,5.2036280027444,5.57538235900326,5.74366962612881,5.71704189966862,5.40797935530034,5.4595565795324,5.46347859273996,5.46111105591061,5.47030920786553,4.91210952092605,5.30562386313023,5.17430045761346,5.39890198075998,NA,5.48159361691478,4.92800812071833,5.36096321307248,5.61458769702724,5.80941423012587,5.16750006858103,4.78585394358989,4.55799318258616,4.31076518598481,4.7804589277504,5.94445271190948,NA,5.18640045686365,4.93129719025681,5.60015345936916,4.71029398470902,4.85759486647399,4.14942865709959,3.99931839315409,4.09273441373544,4.45583718085889,4.57502957375129,4.5680810878682,4.62139653842197,4.12600609641633,4.72169755549066,5.42925867517718,4.96390640514127,5.89898850385058,4.80878443221755,4.75098509176697,4.97656615967808,5.19395526937609,4.94500237913254,3.99178981811572,4.57918516495661,4.86353666827743,4.78607292111752,4.34932040215285,3.8114443065493,3.86476612202656,3.97279289585923,4.48573443939711,4.52620170495252,4.25191935521158,4.46603089383895,4.49994906534256,5.09366078424823,4.67533178117449,4.97321830154325,5.42707630776982,5.57888401604655,5.56934718761074,5.04839060329015,5.61959950033378,5.54806754258287,5.41003055340901,5.11223502939173,NA,4.97043767410491,5.26840860587016,5.44851362225967,5.49566560411411,5.49879107524221,5.52721381639152,NA,6.32107657981157,6.34120811629233,6.11639809560047,5.99585628578417,6.23299967541214,6.03239852014925,5.91996922508792,5.57411897696688,5.71193826414683,5.7565610138503,5.72050933959545,6.13313890176748,5.82296602066383,5.38010467628086,5.23621554996851,NA,5.15712934960533,NA,5.65840503133012,5.74384200664417,5.04076472720206,5.15531128295636,5.44356328185377,5.31843728390298,5.30965643318778,5.17250315809472,4.8592971642446,4.84285771188051,4.7294762612882,5.23886593000951,5.01682471168248,5.07793139437257,5.08473962652995,5.10806890582742,5.05702657057942,4.79155367882231,5.37061352725326,4.78664122860642,4.10623550611793,3.96841954127983,4.10564631477111,4.51481461516781,3.9382925033684,4.59398280790349,NA,3.85862332982233,NA,3.98570863575266,4.10427042938741,3.87986529114658,4.30324193634126,4.25544694054385,4.22159580931142,NA,4.62724171381845,5.52551169348798,3.74647334608035,4.08957725670616,NA,NA,NA,3.6874960134808,4.74031925682822,4.23836420703183,4.34826807900642,NA,4.16673640427448,4.57213337418408,4.11035329046496,4.31605048095486,4.38053769521209,3.80366237932696,3.68105310650332,3.23877562765141,3.54700788321241,5.3412843638245,4.2486521098299,4.72388765954256,5.02693330830086,NA,4.6875328223093,5.23210269339237,4.74013839636224,NA,4.67250905439698,5.18668763193104,5.17844296874797,5.31838684173648,5.62462035570475,NA,NA,5.39186595964858,5.58354024661367,5.68193944708129,5.67500282907866,5.56565705171107,5.5737549537402,5.54814184146038,5.27894211488234,5.45336718322971,5.25064989485733,5.25611860819616,5.306399521931,5.23781018851081,5.33887749277404,5.94833264119079,5.41926395194918,5.30281986760756,5.24045986371287,5.24408111734122,5.33481203501914,5.13713227649435,5.03450085769586,5.23296786657596,4.9327296310895,4.97499117281112,5.07005019920941,4.94990973465532,4.93731149782532,5.00336019343752,5.22939352097949,5.34211462879993,4.97626917048363,5.37538723630201,5.14347506946228,4.16498718673407,4.60796146517543,3.5046454215315,NA,5.46541904814047,3.37789510136254,3.87287751142127,3.44378657926224,3.51669248971712,NA,2.92610508017973,3.51610665527449,3.42583932722096,3.54300645677368,2.67666674188082,3.40790120068252,3.87216162139919,NA,2.68591582343264,2.49976589001261,2.96576927936769,3.32491396111087,3.72364275279091,2.76045243513588,2.8636012341994,2.27335823392121,2.24362121130766,0,3.44208062664654,2.78794134040652,2.79335622091373,3.0514181980809,2.68691061053914,3.22442864244647,2.3750918560408,1.95021526197233,2.09208888577986,2.92379271853327,3.53873210925958,3.75169191235107,3.34248208494701,3.6734044908126,3.58645245880791,3.59084572178687,4.28061891126684,4.38508232297642,4.02250342428884,4.46516369701594,4.66427008319492,NA,4.90667438763792,4.881380596113,3.68714810842614,5.1904478778933,4.92250221225357,5.05665822948956,5.13187151602835,5.15881069262637,NA,5.19534554988795,5.67576413323831,NA,5.42677582457657,5.71532408074957,5.63839968941088,5.33394177062184,5.4698763188724,5.73630332547545,5.73429988072209,5.39476059849012,5.22777185805213,5.78025866277974,5.55189312610119,5.22361864456258,5.33759546020165,5.69985724082558,5.25545156311347,5.34773659432393,5.38203107231315,5.66979056971367,5.77858887007145,5.29482790686613,NA,5.52950281216678,5.57138031566074,5.27234591526796,5.83191299407551,6.44007907755129,4.90921123300464,5.64227282538125,5.84431732731081,NA,4.90109663326254,5.50303138909357,5.43464023693123,5.17299648006363,4.73139019312749,NA,5.95894556083646,5.35898695528983,NA,5.53083240913217,4.92413818499458,4.47207686648619,4.85493870943542,4.74186531213773,5.14476888033442,4.40684522413822,3.53261156151148,4.04361228592603,4.13510708702739,3.5171874339804,3.30430539157472,2.95696576893159,3.10936365201712,3.61490435479977,4.69490918779058,4.90600946704511,4.64532150645564,4.34457517016756,3.49039741313227,4.66903808029646,3.05903494406201,3.39500168385597,3.5031171760723,2.98659939992573,3.2918523500287,2.78307794478666,3.17454847685925,3.28515243939673,3.39937304112051,3.32862566204207,3.54084985319276,3.58645387613834,3.87835328593708,4.33767189383619,4.1733740489069,4.72950466936214,4.46458172503362,4.61724726601867,NA,4.60752296012496,4.8322396026744,4.98160022297135,4.99398041686009,4.80825784106838,4.54911165893295
NA,NA,2.99980702234655,NA,2.94896069830266,3.18704610312908,2.91593219413675,3.72940369225873,4.15748097990828,3.26830365294499,3.59049072870255,3.89859213367114,2.70791846151109,3.29996229849802,NA,3.4402570753865,3.72520988949267,3.47962924224417,3.59472922992265,3.45624568565151,2.94894475627768,3.69534660008837,3.9384420272888,2.82768424378583,3.21852322651168,3.00744620134281,NA,2.87284975549303,2.79276349728812,2.97953758724377,2.51992623569691,2.72796636834803,2.65374548100821,2.59859106517302,2.43966325204752,NA,NA,2.30652737642396,2.87813188534923,3.078228727576,2.54698698780403,2.26391061771602,2.09524065834038,2.64937246569194,2.54287431767277,2.6267960656809,3.91356140777156,3.12928340348594,NA,3.38473905927573,4.32145487993894,3.24249815881991,3.16620124139317,5.04070491185198,6.69116256304596,7.20543551970833,4.27494897295632,5.4771678327714,4.31097123319869,4.44160054560835,5.03438711384837,5.15829345414196,4.38398741993984,3.72081393185052,4.29572904216688,3.81851295553856,5.01439565390226,3.50050555726034,4.08590451445245,3.06480948012752,3.48027838679354,3.69531235429323,2.48707339778689,3.01842255444937,2.61348159230007,2.63498262498234,2.64225890698156,3.23743217852408,2.97576854355942,2.72093272554426,NA,2.42732229039372,2.61114874970993,NA,3.0134458677929,3.14389311660082,3.17319235087016,2.20053667732591,2.92777271908503,2.64149499454943,3.29910972878447,2.99966891610587,NA,3.24351253862267,2.90207062965083,2.20823067700358,3.69643028691272,3.60246747765844,3.6392606943122,3.67333652055255,3.84072505600592,3.30378222948642,2.55999995182368,3.14261142187627,NA,NA,3.9544893261761,4.19667796605328,4.020257585516,3.73197284614494,2.43389427272292,3.73574377635549,3.57583245616558,3.76363276147017,2.71588522641079,3.10573028496214,3.19191981744583,2.71900607049749,3.13029739939002,3.4048160713732,NA,3.22442071147124,3.23498928209304,3.30983226847919,3.90905482916587,2.710272107038,3.35138447930556,2.99530701205152,3.14069660131492,NA,3.0995929170456,3.17204711302923,3.92212900373113,2.84760420220592,2.34711330078163,4.41100110383633,3.16847048726499,2.54750393959625,NA,NA,2.58110446417248,2.18399783473926,3.16717477287167,NA,2.91678813179542,3.22583422569219,3.36803602199748,3.07426089633924,3.34415430012453,3.38233796510674,3.52294480420065,2.42614311582546,3.94094131731083,3.29508098727178,5.40246609556571,4.42035032749268,3.33622904309035,3.9058880359717,3.15595736243466,2.97172886536927,3.7592920776836,3.33678535055357,3.4740234656652,3.16527134504859,3.02924558221421,3.30183613167709,3.51324678194711,NA,3.30972778992926,2.96463593001492,2.9249429761051,NA,3.22139668742257,3.56130495918391,3.05378987305383,3.96307945793215,NA,3.2673509991347,3.17782965327268,3.79874792083306,3.76996504856319,4.24537043923097,3.72313154751417,NA,4.24599511006488,3.72673852610832,3.75298949900467,3.50485770877073,3.22470918192072,3.49646791769661,3.59648641408801,3.40027884642917,3.52394418921034,3.99167060020152,3.49147156238049,3.33686762990646,3.93179638112,3.9813603712095,4.02676965561263,3.67104039464566,3.95972078272569,3.45530958243856,3.77984182244842,3.78806555353194,3.01696395419809,3.65980988098391,3.18732852357968,3.44735882328368,NA,3.49649928882852,2.70668947440308,3.25092040785657,3.53220697189987,4.1434357430307,3.84021945810391,3.02813033397192,2.73811273999392,3.66455703841167,4.13303500899742,4.5814857483295,NA,3.65376312719018,2.83158283362318,4.12308321162906,3.14475497251701,3.38052668216901,3.04924499920713,3.01065836505226,3.01550627615048,3.18620383020442,3.32326524872761,3.34718708054105,3.36578689866396,3.4826369323149,3.05953783883203,3.88226900832744,3.56021658666439,4.13050017779128,2.84598452040589,3.20490138558437,3.05839374533572,3.85268167464581,4.0337010845933,3.57030987215106,2.82387798433427,3.23227473573186,3.28182505616186,3.32168550159931,3.20243504026059,3.12791013668484,3.08880283871578,3.01637989226147,3.43034632729001,3.10737731376748,3.22146278625523,3.31817239185379,3.91160367715456,3.38892185288995,3.81624951696857,4.3162659290141,3.91018417358292,3.99515034850825,3.54108521060739,4.09365067845574,4.00184184064657,3.67437309150388,3.19957405882775,NA,2.98121644506534,3.55535019039754,3.721622735289,3.66316662717546,3.58016833929563,3.63772908784746,NA,4.62643041573827,4.72655503623576,4.46932810043637,4.16845785163492,4.33042265210578,4.18284579644809,4.14735958274944,3.62223444122451,3.6993942757857,3.70863907050957,3.58888694872787,4.08393027450074,3.63394108773976,3.04150730234735,2.9054150100913,NA,2.70306283423437,NA,3.38743732074771,3.58787349011201,2.57291700456601,2.70155812316004,3.21571209006895,3.06639920891049,2.97083940177914,3.01663135321954,2.44126257065485,2.63323634017585,2.42203681085687,3.1184605623207,2.76105115389215,3.05876740679639,3.01076667387359,3.04053308599069,3.02618912257497,2.69932780231109,3.61761434813343,3.5779252515035,2.77155653959683,2.86704933800634,2.9927080388602,2.72514643703387,2.02062845444732,3.07740523811104,NA,2.37374487533634,NA,4.95263467164782,3.97033314662145,5.11694115615137,5.2516492901057,2.59400217293069,4.19172802112106,NA,2.88887504928757,3.72902090321958,2.36512747187222,2.29570349652519,NA,NA,NA,2.61958374318759,3.08317760491937,2.57288059950825,2.56314133181003,NA,2.1231368374508,3.0048582613124,2.39036995265399,2.69443669146999,2.99120339329424,2.64184724929912,2.84381566495247,2.10366132885784,3.1825478138952,4.25837762425417,2.88801725166324,3.02584713477861,3.11097636741098,NA,2.75544770452106,3.67699975238196,2.8202725586563,NA,2.70283000370132,3.02585833958085,2.99915427490629,3.23632983822095,3.62117443101313,NA,NA,3.32512020899911,3.73840718603244,3.68405120020338,3.59320634464117,3.38023666327419,3.72648048052663,3.48754447299397,2.98825221404455,3.50413098485263,3.0723304995004,2.93676837225258,3.17389126490891,2.80577619392373,3.12427093022509,4.0411868383713,3.31056616214065,2.93934892257647,2.88423916228459,2.74323636493056,2.97935846898081,2.56472968043307,2.66327316332007,3.12197983599736,2.65651688806067,2.6638876989163,2.68207215417014,2.50026808377996,2.57189099543134,2.54328192691275,2.90611444025552,3.19637127536462,2.54704783053288,3.48568446437445,3.22468778182853,2.28639553975583,2.71408293175394,2.24313753966687,NA,3.53948356691605,2.96848226560104,3.4770314226257,2.31940343293659,2.27118521626674,NA,2.76680900954417,2.31495675884039,2.02979093564372,3.12147871175078,3.03405953655959,3.0121142574456,1.73711899081687,NA,2.88539060619265,2.86139029991268,2.85499192769907,4.78456390961693,2.57252024237746,2.53915209161127,3.76386206054192,2.5596788910896,4.29679296031843,3.44208062664654,0,2.62220503015001,2.54615128094277,2.59156257677772,2.16203116412713,2.80099923706706,3.41723609788151,2.89767918883479,2.84659000764068,3.03731229304728,3.14826558761932,2.8469752538608,2.4974120575352,2.11111729147263,1.8463772822978,2.05881940590374,2.38526569461329,2.41555988930327,1.98366738354796,2.21419300968108,2.50810106927146,NA,2.58566487622536,2.43545311182631,3.99457840257193,2.91452408789742,2.49752370700224,2.70689409466166,2.73814730105757,2.7713343449502,NA,2.79113222473715,3.43791080354526,NA,3.14920588445874,3.56237232047968,3.42076037351557,2.96406693768928,3.08672786683531,3.46211994270152,3.34646200979301,2.96375349609119,2.73173610770214,3.57557401067369,3.22832448232917,2.92553387428421,3.12761462689051,3.33104903457521,2.94658767280083,3.18927843997657,3.25512774172574,3.56280236220832,3.6952285581066,2.77831655924831,NA,3.35694550033564,3.33009778544281,2.97061220968095,3.80925113890441,4.56264815018934,2.99840328182614,3.86483061341603,4.00015427394941,NA,2.78420318910002,3.43673014292847,3.48091577618258,3.06146238971028,2.45525349100123,NA,4.05724641944444,3.55609490286923,NA,3.23383584441637,2.7236492968664,2.4675108155278,3.35145708819061,2.55055282926844,3.33576641508389,2.59855803433386,1.72626901212782,2.48507012976365,2.7362726585784,2.40743068854442,2.44135177025022,2.57643723325019,2.43264216217573,2.6770146644642,2.80722981846747,3.12088840778585,2.63352696192446,2.68550981431354,2.80731852436606,3.07869355833183,3.15112096464532,3.10217026981952,2.4787812904774,2.90134289026335,2.02544618088189,2.7775210308708,2.46771922863991,1.71951819573927,2.08065927793728,1.71812798606961,1.88925158103681,2.25219030848036,2.12088310802199,2.28505093051668,1.96284298694444,2.68500514492959,2.62125413954271,2.40178675526338,NA,2.33304961171878,2.57736704474376,2.79010466085243,2.86395644032341,2.69734299198127,2.40345740174836
NA,NA,4.20149742613394,NA,3.96141137043007,4.33525228185496,4.07001254551474,4.9151693435155,5.35375915681044,4.39024795712199,4.70385137031361,4.9531558815455,3.73515248308972,4.52493963860105,NA,4.75586875090787,5.22017806675049,4.9688812235681,4.87444591792131,4.84443022005642,4.3927344189312,5.03454067684292,5.29221976837177,4.43162156603542,4.78512793595417,4.65632355944882,NA,4.48005339156726,4.47324985014624,4.62412663212763,4.21403544039169,4.50840645212775,4.40527670774038,4.34986175037947,4.14120209169364,NA,NA,3.89441395089737,4.16694400705287,4.36930684876938,3.94168815035908,3.73074209398522,3.56213812674908,3.66346575861022,3.32477148195529,3.18065678870254,4.01614291968181,3.68854348181653,NA,3.74233173238647,4.23376246387455,3.49477521364861,3.45202497199937,4.90035458941713,6.11493367714537,6.61230918164935,4.05714360585525,4.80830750211319,3.84197213864623,3.69820632614697,4.1380799431373,4.33611257654321,3.65341789532033,3.49920930309669,3.88757058043869,3.23654694179391,4.45355045266372,3.54431990752576,4.11659928742446,3.44041531833866,3.78671424666981,4.1881646860692,3.48556462992554,3.98122460261394,3.64251674352566,3.50691395771613,3.400405224176,4.04407255789773,3.79896426829704,3.66883528814749,NA,3.52848762421097,3.45965546415266,NA,3.79141727308718,3.96112863639079,4.08259590116993,3.54839268507076,3.82272722020622,3.78399762958549,4.26873681178537,3.98523987178242,NA,4.41791345208336,3.88335758072708,3.57540423425484,4.39125566447419,4.22591435412695,4.66187454375891,4.68828941483366,4.8688045328896,4.09948397504692,3.89869558984948,4.6062452014274,NA,NA,5.17796763897969,5.49709498163322,5.37522565953563,5.11530525694397,3.92410065638613,5.18243192880141,5.07197199413908,5.2095959886461,4.22356650253027,4.87588534675574,4.79780579509342,4.35677574788035,4.81053649390028,5.04501862395575,NA,4.55710388225518,4.60924375536883,4.70227192920058,5.09982394929726,3.96956734961309,4.56131867592704,4.37456028096119,4.32511580636163,NA,4.22635634301332,4.42916965571469,4.96841079226053,3.85864529197881,3.20831307954043,4.32850481501455,3.41244824483612,3.54904305967111,NA,NA,3.88223295104634,3.16957422914646,3.83814614526372,NA,2.98195883809201,3.09836460053177,3.43358321710775,3.34307189277561,3.44231686335892,3.54650491011139,3.53665767151622,3.36071413329389,4.70353441249142,2.93195851781961,4.90102014654029,4.12050736780706,3.37901694725939,3.84224630018044,3.64509449835672,3.73609821317531,4.35005993855894,3.87468159351184,3.90686838359474,3.86031865019104,3.60382258626821,3.97324621573646,4.40471897838653,NA,3.72920518178231,3.69606219463358,3.61147391147656,NA,4.08661244923432,4.70631814305807,4.04943512937979,4.94936634701395,NA,4.3094175383262,4.17076625107855,4.82936413711607,4.85032052536558,5.20888927800302,4.75277640542066,NA,5.43161122397008,4.83037305725579,4.61654771986897,4.44643823347764,4.30563757276423,4.48238446363509,4.59834785154441,4.31957530145509,4.43006846006255,5.00429526170578,4.46674518270614,4.40634803621968,4.84146951576165,4.9526191551215,5.08146909749211,4.78364988874204,4.86474415194752,4.76826662661725,4.81799171391101,4.86297010297182,4.20424466106242,4.64449105032766,4.46335928372881,4.74453058368596,NA,4.75305756462019,4.06905895297543,4.70348288604365,4.99743026971022,5.05025048053969,4.61073545973966,3.86896912849204,3.63587253432377,4.00593156107429,4.55257832019784,5.41966519889193,NA,4.74060884748892,4.27668948365801,5.01570867056434,4.10064572503741,4.13810180129574,3.75149700137621,3.5052209629797,3.74593779285686,3.90095863013636,4.04402463623019,3.92174205035134,3.8863111864071,3.76244221814448,4.20915194452214,4.86607545919998,4.30101016991386,5.40837888198938,4.05499493533847,3.8054903784637,4.14586912024121,4.25799045428573,4.11222783100686,3.20024426713432,4.01678112248429,4.24663131169585,4.10319360310482,3.55072118647954,3.17346003462312,3.23977520995472,3.3262567567995,3.8735802960566,3.7911680574025,3.78781242680208,3.92417871610685,3.93077126139514,4.33478053761131,3.99882593757546,4.41580044536664,4.88979586132789,4.93788036824418,4.83475743232633,4.13746430595747,4.97107421951178,4.87811102606089,4.7783734021782,4.31893763407879,NA,4.11023903799491,4.48932188275117,4.62618584574538,4.69162002827109,4.74513100070587,4.77025761625039,NA,5.74985235031288,5.90481087301018,5.69704456666365,5.50631213025167,5.67866203807197,5.48168403361609,5.15990844081721,4.957614355478,5.02684182333603,5.12389280639274,5.04275681825814,5.40150251255902,5.08970367385399,4.64279161704739,4.50913502814683,NA,4.34747141040773,NA,4.88662282669731,5.02500142530175,4.28266791350606,4.40629364413779,4.71687388991917,4.61427406595221,4.52978763525828,4.39618245650494,4.0257406198473,4.07065913008887,3.98513965901835,4.4347562430455,4.2616728043454,4.38420296670512,4.27889074768447,4.45670371990293,4.44948504090756,4.12363538614954,4.79917816842239,4.45380975562413,3.68488631287277,3.76408535278994,3.95605277697791,4.08050008779341,3.34684849818478,4.0875626694977,NA,3.68214113609169,NA,4.94610590060664,4.47363089359535,4.95689020457148,5.15298246493616,3.73617611299692,4.55944990751773,NA,4.35976598133388,5.02125212077357,3.37626627681348,3.54196435001622,NA,NA,NA,3.50636863817955,4.04707675583987,3.73961936046804,3.87029696847761,NA,3.67452556786405,4.19322889767611,3.69690365253153,3.77528666713774,3.7060729269532,3.38502562559881,3.52959144693577,2.86464080594889,3.63673478183896,4.60132010001119,3.82351679374795,4.02647306825528,4.52410534472002,NA,4.08664006229638,4.69637871956538,3.98013620802806,NA,3.83839778613812,4.43742106818217,4.32715566562352,4.4912095989439,4.86153000082024,NA,NA,4.73744724590585,4.99504540909461,5.02819101199308,5.00967652567968,4.80176084869237,4.7003772113172,4.7520768769228,4.54716899275795,4.69047970569345,4.37676789183298,4.4013576639545,4.42289934058046,4.20983097739549,4.45441205796305,5.33689208122355,4.82710991353036,4.69339825549501,4.53710335977445,4.47978331324114,4.67907960878863,4.33569521505339,4.35686867412779,4.54796036528263,4.12168095403067,4.2349890120682,4.31283155110081,4.10240553766637,4.20981436099003,4.1716689340103,4.4093906797691,4.69361089560209,4.11094558220475,4.81770812509935,4.69205393954617,3.64539859601076,4.08892632068457,3.17708245073333,NA,4.66650239212249,3.46004765551161,3.80776793430544,3.09308561529122,3.15583737924927,NA,3.30322502499241,3.38521118986534,3.15268494061449,3.77934391437868,3.3782528589926,3.6156483187861,3.22978283749049,NA,2.51609647077733,2.62806671111783,2.74860047758739,4.60703429049658,3.52678496544043,2.49674972532466,3.61899247048925,2.63449436266227,3.62449426789369,2.78794134040652,2.62220503015001,0,2.0194188308034,2.56762560726167,1.9541410367109,2.84824898524645,3.3515884109378,2.76406585929601,2.74929881502998,3.34590029556082,3.65382959808499,3.58712833367371,3.20080823254139,2.61986593503581,2.81927321458805,2.81456604791633,3.52912222215709,3.34160825250668,3.06908041177103,3.48296031416345,3.47726428594639,NA,3.93411549874558,3.91893462251975,4.28040814814749,4.30266815388652,3.93708612429982,4.12331958083693,4.25823386128075,4.33324380507493,NA,4.35683736106076,4.90569164224533,NA,4.66706318006184,4.99497267125251,4.92601688866221,4.56312552139335,4.74278528670064,5.0354312852222,5.06429776264598,4.71519763710505,4.47834913599172,5.07947079860473,4.8023749253612,4.45769728949356,4.58857621078966,4.93974063779097,4.47383097792916,4.58016382373724,4.64641476135543,4.98179427549009,5.25022676782213,4.47830845580874,NA,4.82932453874878,4.88627649685192,4.48131801967125,5.33556694961614,5.91650097032935,4.28612386237005,5.13578919808491,5.3124339052742,NA,4.25929464459448,4.89647769359263,4.78899476283618,4.39759918459124,3.95812763302311,NA,5.47781430690098,4.91444086222668,NA,4.75743117242494,4.17169753175801,3.7550469428669,4.34405526273066,3.99299977743521,4.47464007912454,3.36649721404449,2.69194033923031,3.26107928342959,3.36330425072167,2.86862221129374,2.41998659851434,2.69625208782273,2.96062115830082,3.40454338924761,3.88412806782239,4.46124762333746,4.0740510424821,3.70471917264048,3.38609801827816,4.07399586634806,3.43602701858981,3.63107465850114,3.329119477126,3.30749710438309,3.17618598824221,3.13871459336368,3.11159967484909,2.79207792300389,3.3341337493449,2.92028117828206,2.86119620354162,3.28872303379527,3.36030901914858,3.67572493154617,3.59219673643258,4.19036886194297,3.58114979574934,3.72261553911489,NA,3.84781795784528,4.14638460173392,4.19760904502936,4.16678562557082,4.06799740575148,3.72850659188881
NA,NA,3.88030080545741,NA,3.78694708128286,3.90137090851563,3.71712959196977,4.61062048625889,5.01492764904895,4.07053000333158,4.59922563974229,4.71729250478244,3.40648687998422,4.42685794037327,NA,4.45632246640925,4.93018669525292,4.5769664557201,4.69084859675008,4.66550949988352,4.16805989975767,4.87959616208687,5.10945883767216,4.11404987831997,4.47533840771964,4.40008394378898,NA,4.25043234728292,4.16849768568808,4.41872434276264,3.92455103707222,4.1760775768786,4.15247512225555,4.11039802477105,3.89485074772854,NA,NA,3.61811463080815,4.04637922682404,4.25623433953752,3.75572285162157,3.50959919181453,3.38676771624774,3.73037245474774,3.33529171894642,3.15085733724813,4.41900881415392,3.67680064497716,NA,3.75830595129423,4.53291456393916,3.77997698066397,3.77107397005564,5.34477674553345,6.78618777648556,7.33600726778075,4.84085902437863,5.6842859805994,4.40789971389535,4.44673452304123,4.90735339713784,4.82499575898231,3.98304577028228,3.85061691333266,4.16224513951421,3.63191562210836,4.82356671587018,3.67128053351479,4.06586608480171,3.17350483979311,3.7186013690315,3.88789538925446,3.17334151649464,3.68681122142482,3.27120593412246,3.07816441963572,2.90831310664283,3.54162032042159,3.43746616032274,3.34740925645422,NA,3.14913647589627,3.08780135271343,NA,3.4322981023733,3.43484074780657,3.6025835112546,3.18225957796132,3.23490782971703,3.25022693734182,3.71280385656339,3.39442915325911,NA,3.9440368551831,3.35792657310123,3.25951511997126,3.91945560137095,3.75787435034837,4.15390715332025,4.23280131520635,4.32031640441019,3.62768632710698,3.68029022205999,4.17264748215975,NA,NA,4.80310382321693,5.20673846813202,5.19981157596003,4.92602322805794,3.70378102935333,4.98746678723707,4.85164993551861,4.9885588514901,4.05942355329919,4.67863015125449,4.62282375327356,4.17743002296506,4.61802131383605,4.88626088988273,NA,4.44897335565292,4.43761690200451,4.49717401801636,4.84484906046488,3.72176029112057,4.32125661353805,4.14974174639282,4.17165825016382,NA,4.12972135640059,4.35915037457857,4.80424613794665,3.8944448874312,3.13353213017,4.69939868476361,3.82292524832533,3.31598498021165,NA,NA,3.65558175890214,3.11165758664126,3.46101857181811,NA,2.98637206809314,3.37873114278476,3.67952390766712,3.39016634242314,3.61819106916066,3.74053725665812,3.7102864450401,3.06901600796053,4.70985374765077,3.25544787553586,5.6731828007959,4.81324232127772,3.86918849661598,4.20885560115629,3.68121422049243,3.60510324107542,4.08543385661439,3.61572228951754,3.7434189496187,3.54624875463148,3.36986023243135,3.72143196282745,4.09206091088222,NA,3.21401963496614,3.30864609540878,3.36512228602989,NA,3.69315345287352,4.40309795324744,3.6909994279255,4.47793906219275,NA,3.96506675321987,3.79910999254622,4.36540148953405,4.49293388158472,4.75386675333624,4.15842603610565,NA,4.84816280704902,4.38972528629009,4.0317323669661,3.98204490384706,3.72508224368672,3.94173209532501,4.14745626207466,3.80896753707146,3.93696652697864,4.58375313390198,3.88839394887484,3.94989059806909,4.43895608591464,4.59216766204093,4.69057088328667,4.30498026395591,4.44352302032939,4.45562845121246,4.5768885251326,4.65105912452009,3.83421463579355,4.31590909448556,4.19587483010261,4.40630219898601,NA,4.50733225922,3.88815378033286,4.44880524835228,4.73046567066888,5.13912664021748,4.76748121382839,3.96507305969444,3.76772088119557,4.4620379779782,4.92264956810961,5.61364616434522,NA,4.75862301084167,4.18895081810102,5.09760767261428,4.1429533492722,4.23044937564746,3.6916209883054,3.64939568228104,3.67790705962018,3.8945157702122,4.00349050769382,4.09103772039467,4.01384028413042,3.96277929524857,4.01564861492383,4.75501957501721,4.34183484150827,5.12565284786169,3.84938584696352,3.64343585279444,4.1098051097909,3.89132632501912,4.34671806230591,3.61584017290173,3.66215715559188,3.84343236518531,3.87211706426841,3.31483831130041,3.11110013753841,3.05227197621246,3.23100213071501,3.58455510918934,3.7399420146813,3.70224820269731,3.62571794603275,3.57545790248376,4.08599429996518,3.87186235064687,4.19963482389707,4.61327514138332,4.65362563971932,4.63902581433626,3.86236152333954,4.68435369903111,4.67768582635761,4.48824922136623,4.05777221653923,NA,3.8357003652798,4.04763468068148,4.19874506512745,4.32273774878334,4.41266344878185,4.35163527813022,NA,5.32018499009219,5.58016480025891,5.35027834705774,5.13345148567735,5.35020530284341,5.15265002999493,4.8681564644489,4.50422241384897,4.6569906560286,4.72008543133761,4.68183396782109,5.15732079520373,4.77705935786114,4.30164059597616,4.14252422925532,NA,4.01282159230116,NA,4.63911681028585,4.78492729032768,3.97071337668272,4.07444236060937,4.56993728943405,4.47566312966843,4.35356551483108,4.277190340491,3.83982787714386,3.86242769658638,3.73072661218322,4.23243304844094,4.04318272510172,4.18366750172776,4.15436533815809,4.25907996130975,4.17706734889867,3.84727810920223,4.55622514289488,4.13254454476159,3.41805962111533,3.51584539856731,3.77362615765813,3.8241746359129,3.13123752250528,3.97933757894506,NA,3.50958046020998,NA,5.27807627211833,4.59353493522196,5.28275627591186,5.6048777966785,3.62265889398906,4.75842974134268,NA,4.04383099908677,4.92592860644326,3.41423767176072,3.52668323223931,NA,NA,NA,3.53019815540371,4.03978643354819,3.57035475681931,3.71343656103138,NA,3.52600352317045,4.07233733843427,3.48321250167204,3.69292456499495,3.21940754718984,3.04837092714249,3.51859707669227,2.88309060103898,3.74400557250457,4.76299958609183,3.59105773801106,3.88837206208377,4.09145951598188,NA,3.76796554337004,4.49057832556674,3.76470106436627,NA,3.44867753995497,3.9848582775427,3.88149222156087,3.9748721558403,4.34396711350035,NA,NA,4.18167434706577,4.37021279551444,4.53435697930083,4.52421052971237,4.35142344140138,4.33793625875582,4.41757528207715,4.12063071360249,4.16415636510931,4.01449458639669,4.00527006118629,3.98184622941281,3.98506823202607,4.27125601838776,5.04218737011393,4.44972254347116,4.33400826487804,4.23532588477033,4.26896017004324,4.31377843542283,4.07940343612234,4.10369603141218,4.42797185341036,3.99452239762222,4.08926010807544,4.23416957245139,3.9973229649539,4.12610574381,4.11184198756282,4.37964120514022,4.53826715777891,4.10853807919109,4.7842681991998,4.62261338261543,3.56270390454447,3.99374657804109,3.23104879391872,NA,4.71365871390199,3.70668766273235,4.01157259085385,3.09056336955339,3.15259308527942,NA,3.45359886790431,3.3851312336662,3.13582291485216,3.9513144800089,3.72393608774617,3.79512780459218,3.05601123196776,NA,2.98821511307651,3.2880207793415,3.15390696202072,5.0598566534395,3.69201663895722,2.82033901873955,4.1713717643197,2.78785185474886,4.02322604611556,2.79335622091373,2.54615128094277,2.0194188308034,0,2.36699298234812,2.13426849614528,3.00001320227587,3.61632264913835,2.92360199376383,2.68155204414826,3.49360517099556,3.64503931190702,3.65814936863067,3.2175188719915,2.22755263166026,2.59192289860987,2.68583272080527,3.32379597936132,2.98984387669013,2.85065472534689,3.15017441165578,3.21453905682959,NA,3.65157293734396,3.68223121380129,4.46696684911646,4.03836573522131,3.68862025885517,3.84459728049377,4.0421113436082,3.95413668660689,NA,4.04463303935073,4.60289283281875,NA,4.34924922543004,4.64644021630594,4.59700589350174,4.17389400404101,4.37650606724674,4.71727129928369,4.72119719865649,4.35886820578808,4.10793406187828,4.84738013080394,4.50166626332686,4.15391682035624,4.34642931943193,4.69947108674523,4.25550165430075,4.37365313314254,4.47791126239235,4.74643050714235,4.9791831978305,4.21173979132689,NA,4.40216368172317,4.63717303761875,4.31108011936514,5.20262246326091,5.88235966560279,4.17522733227411,5.04508216606337,5.17658139739014,NA,4.08438927914728,4.7263039884387,4.62323501170754,4.2673256250341,3.77061276840166,NA,5.26819051031098,4.71178582068081,NA,4.6047491952269,4.08411926273794,3.65631192003616,4.29952309068731,3.96916911763285,4.46751394855746,3.64125339775533,2.68603139436976,3.42098386026039,3.68195894592957,3.06029755216148,2.90230321713601,2.78475350550928,2.8910766313066,3.33709866229373,3.33570100796011,4.24398005566315,3.8743634108455,3.39414825860578,3.43822537897478,4.20191757444792,3.60721616860107,3.75498285106037,3.32634277171587,3.50400478853085,2.95151653865482,3.17411998577271,2.86286526165924,2.548122577476,3.04407690222649,2.61533444882435,2.52667534482294,2.78185462237091,2.85917818822516,3.1344138999337,3.05593065113389,3.60373063224063,2.95757744393381,3.22064234439363,NA,3.36362791753021,3.6767994973885,3.74608875481598,3.67378380917942,3.5242272323051,3.15992828867464
NA,NA,3.99037012606655,NA,3.93970946838712,4.0449872209482,3.80010704094979,4.56238166182119,4.88748437614232,4.03905341193956,4.59936379239881,4.75539405677228,3.56072830653518,4.34741709292059,NA,4.20756436051965,4.76911687070565,4.36006744794726,4.5767793236717,4.50207881764518,4.06665435132386,4.54144307245193,5.00353380857714,4.1205065398757,4.45423376666454,4.2666160279721,NA,4.1661463574737,4.10387508567949,4.29865606884774,3.71818781760628,4.12856752506411,4.14402913547046,4.06742039846549,3.79439650457099,NA,NA,3.46456115690158,3.67082596191509,3.87452172817441,3.47791894023347,3.32204786585752,3.10340215727024,3.34132782005855,2.75769780848429,2.61608755914354,3.68805057264561,3.15903489089771,NA,3.36792356672488,3.66753022385889,3.03536174205043,3.09553627464662,4.73283719942082,6.28268661129203,6.74241003228349,4.4122044887662,5.14247707091482,3.77693485566564,3.90499639890657,4.48180557848767,4.34189594409681,3.70951653714395,3.61398720422916,3.69917242917222,3.29849780615259,4.57855548433622,3.37267860679565,3.64670382505753,2.82462928861946,3.32202752004451,3.65858701970075,3.01206288286215,3.5439602662071,3.30191633841688,3.17599910913545,2.99274497017869,3.46999194749026,3.38931623414854,3.38199387761102,NA,3.18641083568242,3.22818320948688,NA,3.4377959093155,3.57112680672333,3.6140262622811,3.17872422000107,3.2817268758833,3.22143977127497,3.67249500216413,3.49100721798285,NA,3.8180229750498,3.49843127879659,3.20466556684067,4.24346820877364,4.06890632966342,4.15803775584784,4.25850616158807,3.99840269334149,3.69031211284877,3.57462718514226,3.93430822936953,NA,NA,4.72065974189934,4.73610487794301,4.70179042151202,4.51835734302952,3.41927374358664,4.73690446716902,4.67068934745656,4.90294310669906,3.89200321265331,4.43352497178631,4.40633723959002,3.9996197803872,4.43154055362835,4.66315733673493,NA,4.16622425695594,4.0902472083716,4.19099624660168,4.56788754553751,3.64174756720447,3.95051656512578,3.73871836640582,3.7697558629157,NA,3.6637624404564,4.04472472210524,4.52834842132311,3.48421199151418,2.86370012351957,4.13957554112379,3.42112934288541,3.22816130538495,NA,NA,3.67224284802071,2.93487571977169,3.739432605515,NA,2.99743703750008,3.45207995535963,3.85799649088024,3.45554987761887,3.23617087512822,3.60158581657797,3.33127605885406,3.02349310425972,4.47305834721161,3.36047046096756,5.13001566716892,4.49953733384412,3.68392047671501,4.01198073949817,3.4559240146765,3.41856929231563,4.20260613109813,3.58150427638465,3.58545199641471,3.66209605166143,3.61127524986231,3.84730456837387,4.11355491319279,NA,3.41956769927484,3.45927910081251,3.44918641506783,NA,3.74104180542547,4.30578879224392,3.63108132247139,4.40455103811376,NA,4.01304849135541,3.81589071592983,4.40700573834423,4.44152226539669,4.77131793572669,4.1243744614732,NA,4.87644730614965,4.21762320811188,4.24214771057385,4.05360869725805,3.83225305623059,4.01046408439271,4.1842910841434,3.88785314827405,4.02810577533896,4.54817362669351,3.9890366897807,3.93369697263351,4.54716262535116,4.44466534862853,4.51053572071447,4.1352655898524,4.38186001466486,4.18341838699697,4.36656225642578,4.51963772827953,3.69274447799379,4.33487205850903,4.07198689947398,4.34938106484863,NA,4.44763165072336,3.89949953960889,4.28266053867756,4.53224612527162,4.88516071546206,4.36806806786318,3.91935030196734,3.67707041828728,3.98427192399083,4.40923219116646,5.42316223522116,NA,4.55056354448623,3.97145100265528,4.84329304312341,3.85185096964944,3.95160562914163,3.48228630242226,3.17978835821297,3.32658891608984,3.6068670657506,3.75254736565281,3.74348896040663,3.87990312050474,3.78083900701808,3.77808186510787,4.51979374872887,4.08135782571799,4.90194763918187,3.54462795364223,3.63400274041002,3.84157816740319,4.16989119626473,4.10429632252678,3.54951226518851,3.53136391418009,3.71233344113298,3.72568094176794,3.53947988921465,3.04120878948003,2.98480224546974,3.18494767095672,3.4291132435639,3.69970113143417,3.48252249345544,3.55150780042026,3.39194018733061,3.93302441098337,3.64180685073146,4.06347703962179,4.37751486150903,4.59890630355488,4.61026640544278,3.73242064362904,4.58514532841102,4.55805692440075,4.3219615304291,3.91846184970924,NA,3.78807180246032,4.1288894638568,4.11550702675427,4.30609096175562,4.35952018043534,4.25079454562707,NA,5.05906649233095,5.23119266952076,5.01959120636354,4.85699620993671,5.011044290614,4.97953009888936,4.45020995027364,4.44011691873925,4.51121666096858,4.56071088661443,4.52807640055795,4.91290592349792,4.50723250033972,4.06560436349021,3.96187054455219,NA,3.82487996344514,NA,4.36158447578121,4.55770447152252,3.80823906724637,3.76549726208465,4.35249748950502,4.1265340109116,4.01550891024795,4.03276568345095,3.6964608080037,3.7393516146954,3.55658911151262,4.11539962291146,3.82728534330292,3.98992081404756,3.97847180203407,3.88170857192393,3.87926573277145,3.67270989604544,4.33625352107832,4.15159290718299,3.33460500556414,3.33079623482424,3.40432602668705,3.33832599181244,2.92323155311693,3.76260554810127,NA,3.02082986239388,NA,4.59243642917356,3.85671804608411,4.4357421401818,4.94567703264722,3.21680414224139,4.23380363224854,NA,3.74752689211964,4.65861600267296,3.03540369375497,3.07807566951966,NA,NA,NA,3.13808068147615,3.74984595545706,3.07025047689713,3.17479435287029,NA,3.08069472036759,3.70331693672088,3.1591910792054,3.050876841901,3.31117896676993,3.00120773300574,3.04200420272085,2.30895331303296,2.93206619603844,4.477020801935,3.34333829311087,3.70802137125976,4.09717468190873,NA,3.5011697917386,4.35702691552896,3.4471572989308,NA,3.1559602362422,3.86083551931477,3.67177841002242,3.76688541996157,4.11652876326388,NA,NA,3.98624577915986,4.03538122350508,4.2919657531225,4.31487800401949,4.18501931668485,4.31006927676187,4.21363918939949,4.0023522786828,4.27137789413186,4.09036847164892,3.95234419905417,4.09690813381051,3.9017006057023,4.01844671703067,4.65451694277801,3.97449476743469,4.06971962054209,4.11077537780141,4.08056149457579,4.20928200082913,3.95060168171352,3.99505938343097,4.41210211493297,3.86056262611346,3.98504280344239,3.99504018311583,3.88322523104659,4.04526419452637,4.0091166059114,4.40899509294489,4.44118898349452,4.02804955055656,4.73682806917357,4.34586065619508,3.30101048150411,3.75875416821186,2.89730200042945,NA,4.54126846638377,2.88932214341494,3.68481134422548,2.77315346060332,2.63306562652855,NA,2.49934759393989,2.53379924762724,2.5008599146503,3.33374711278155,3.20416312245914,3.0154696663748,2.78047836516124,NA,2.62716421291756,2.56919572256718,2.67559558868486,4.41155436378946,3.06785039988095,2.45676783756678,3.30579504394462,2.52702381104076,3.67449581430654,3.0514181980809,2.59156257677772,2.56762560726167,2.36699298234812,0,1.57883531519369,2.08756958083436,3.05377421696427,2.59898090897311,2.3436758753615,2.78250794029573,3.12387125040046,3.3907613764882,2.938610671306,2.57467127528771,2.43380164449854,2.43552402969226,3.17267531792981,3.14713547021867,2.73678169086701,3.16204388581059,3.3822377724356,NA,3.56450997889589,3.58215655952178,3.63792565946079,3.9246638202655,3.66329620292093,3.74116305720697,3.81842220161686,3.83491001689041,NA,3.91526944943825,4.44172283145245,NA,4.18856743808024,4.51736712355203,4.39710824660593,3.82240215611003,4.10209898380483,4.35569615503263,4.45589817529007,4.13573523928777,3.93128533479736,4.54502279448047,4.31231001358834,3.97730866374319,4.1462198941961,4.42685432215088,4.04341244998708,4.16968960406419,4.32101608546333,4.57890168817748,4.69284972532819,4.10286560814189,NA,4.38129446279299,4.57552240456188,4.25663065219298,5.22542733266918,5.99848593441036,4.40696851201416,5.10791242742811,5.18324537315216,NA,4.10532678461346,4.71475852569872,4.61669857256138,4.25236269559515,3.76341596153242,NA,5.21249834438417,4.71073161287703,NA,4.39909389950984,3.89091508288905,3.69512139849877,4.42912375896383,3.82899678437244,4.3708731281703,3.61354704875964,2.68084911466767,3.32054186200396,3.47374680187176,3.15974519270358,2.67104495710407,2.61049905354385,2.48555211635379,2.81334819779277,3.30976741459253,3.97464582271471,3.41124714267406,3.04243369704713,3.30082071465755,4.06538085687568,3.14065862393816,3.24870727387763,2.95540461527523,2.72616900182323,2.45909849267868,2.78262245102442,2.79674130892548,2.30983289476213,2.79652362509692,2.39851156706962,2.60246849396135,2.52167677130792,2.64471881572517,3.04021374058758,2.79535897973013,3.13058738054485,3.19767660538315,3.03626053046278,NA,3.16097356749354,3.52723791697784,3.70609308321931,3.74960608593569,3.50728507920385,3.22200574213307
NA,NA,3.83903074872946,NA,3.58627032460291,3.93101568302567,3.69246972108063,4.43554285706326,4.86493879080908,3.94566157930691,4.39526707710883,4.66304018045392,3.3390945935265,4.00669365479271,NA,4.11688637913481,4.71809688406265,4.40194198020441,4.38989464345778,4.30006870535373,3.85015832734475,4.44544376597877,4.87944607460604,3.97564782837934,4.38206259248229,4.23170796007394,NA,4.06530308349831,3.98363960482801,4.18167326161342,3.6351008597919,4.02866877210254,3.98991769293251,3.9107494397507,3.68063731238504,NA,NA,3.394238438487,3.66062286247818,3.86337287639762,3.409923462829,3.22906640783356,3.00532141783431,3.2824945364522,2.63233435891855,2.6150568583518,3.62127486537741,3.15702693771255,NA,3.31857467772112,3.68878366724982,2.95075849666713,2.96309453792841,4.67454519544847,6.15678900707445,6.57492839727711,4.13027642473229,4.90911734177763,3.67464631244437,3.73293521161266,4.3872538868765,4.2680069599909,3.49373601701745,3.46347794808922,3.61005699485386,3.19381284383009,4.38270705968297,3.1709516514647,3.60734369444821,2.81379454694737,3.24745583142859,3.63663600136529,2.96068770964006,3.42482188731441,3.18081920456389,3.1084575550041,2.99830231358735,3.54182874531303,3.36298867418696,3.26383595216071,NA,3.08704620626946,3.06407425071572,NA,3.39081767810052,3.59614834902202,3.57703788281848,3.07324287163414,3.36151419723294,3.22608092393387,3.77329184606642,3.49955508617377,NA,3.89428691108427,3.48189382686133,3.10317602226238,4.10784697946681,3.95295673588448,4.16361882707603,4.25237013527939,4.40095618800855,3.69130537428818,3.44750855005664,4.00577343946609,NA,NA,4.63206654929202,4.8378882095169,4.68769186928586,4.41840036181875,3.37265756029102,4.61829096245538,4.59220600546904,4.81308715171781,3.74914402360096,4.33368407216744,4.34320613190245,3.88878637016491,4.35006755656711,4.56111894017695,NA,4.09291529772602,4.06376972161227,4.09441105396953,4.54692769777345,3.55168179554382,4.04059346613224,3.80859118398654,3.80977004040856,NA,3.67302822966099,3.90056883519481,4.49351293829679,3.42451643432162,2.78676664983835,4.02069116578118,3.18204628121829,3.0806544467234,NA,NA,3.4477091783436,2.69013658586123,3.50870447444704,NA,2.72095815540903,3.13411705885932,3.52955991155575,3.2007034611594,3.12290110512674,3.39484532275173,3.16286096345093,2.92184904317877,4.32913701700694,3.01910850822474,4.94934188362978,4.27583343643758,3.43496946462835,3.71089654549868,3.25952915834716,3.35131715431682,4.02587588615637,3.43636687140482,3.38209918150462,3.42813126455724,3.30264864759805,3.57293681082059,3.89098444081471,NA,3.33502568423683,3.34706920015781,3.1977620425201,NA,3.59808010607909,4.18711654019725,3.46288745239859,4.33057415361121,NA,3.81209483960791,3.67710029450736,4.25630929612886,4.30088014782413,4.65352351217557,4.1354124535055,NA,4.84028698729128,4.17541400940522,4.06574980305648,3.891813101984,3.74553062579359,3.99073692179407,4.09753681227996,3.79996638985668,3.89726732868722,4.45353767542831,3.99678244356364,3.90289478763477,4.39862115034511,4.44644682732259,4.4941654869809,4.17752317334197,4.33173583489185,4.15857754512074,4.27943690284198,4.29356809913479,3.61698334059031,4.17569998922404,3.91715970357141,4.2390202147349,NA,4.36194948252799,3.64969503180483,4.1093297212019,4.36355771616832,4.68259013874626,4.25253942014942,3.72451266676351,3.45973779236251,3.88827669664249,4.25165421572126,5.18604265265115,NA,4.41009493653228,3.86774367417582,4.70042389757709,3.71964653932367,3.81309085247372,3.37479296911833,3.11359039703961,3.25842578197105,3.52510027331592,3.6771118273882,3.62553973816878,3.68023527730835,3.57968169855108,3.62081070055308,4.32883850090619,3.95854699667766,4.84511273163852,3.46852122919802,3.56975902114168,3.71001654107942,4.06630573964029,4.03374106082129,3.42856352716269,3.40139637304359,3.6922844371965,3.5757194342859,3.37268129323333,2.91206417253401,2.84354329654252,2.9557112932252,3.28538127550387,3.58922189474055,3.28384740137371,3.37668422567858,3.39978269673344,3.87094070325718,3.47887170890404,3.88690059657086,4.29901208613203,4.42447816792968,4.43517974474757,3.71856974002593,4.46951608925953,4.46140270058717,4.29344685978518,3.91241151891385,NA,3.67274927405767,4.0748205454113,4.16197613516435,4.21779365522346,4.25286170765107,4.23258901290673,NA,5.07678862292629,5.22183106432925,4.97557301642079,4.82514631624425,4.97688637463588,4.8885553658279,4.5190359507309,4.30543209802998,4.38449691123059,4.46764438097877,4.44782460132005,4.83080899650231,4.35300401532683,3.91756254186657,3.81871236316608,NA,3.75722681137727,NA,4.32339293423809,4.47309288488692,3.72312616326286,3.79994149591232,4.18705365769555,3.96930218431805,3.92473430915939,3.87499316897738,3.56890918781085,3.62977562117988,3.39839148752153,3.93848299523083,3.69904243794412,3.87562214534659,3.83262330399238,3.78797374940804,3.86301299794158,3.59853911899943,4.30078886131185,4.02767754648195,3.20411806699319,3.21780352540108,3.36034193692039,3.35385952563794,2.83957107888427,3.64251962533043,NA,3.01335983541324,NA,4.52749455898338,3.92684133963024,4.48385653741057,4.85091186021038,3.21367125775132,4.18055950597857,NA,3.69511935481041,4.48103474600702,2.79310882416557,2.97586024421358,NA,NA,NA,2.95991325160276,3.59479230543604,2.99644102332208,3.09439083146335,NA,2.91866734170941,3.52114946795985,3.03448439665771,3.05035272063555,3.12173294632466,2.72049704312138,2.90262749755915,2.11731494536691,2.91142877547324,4.2622132980069,3.35719554968221,3.56152298891836,3.94799432396559,NA,3.40750544690299,4.18834064528555,3.33383621614787,NA,3.16192437267873,3.81536632683554,3.67728541871231,3.87340167227804,4.21278788954879,NA,NA,4.0276295379284,4.31958409378454,4.39641324005477,4.36190615044551,4.20095690607578,4.24286195871843,4.18345998453262,3.89685885790434,4.13785102091541,3.85914572354513,3.82148652448966,3.92724850936952,3.70992902954477,3.95580401486347,4.68020769785947,4.00444809566664,3.93879094527519,3.9067905360192,3.88481396460729,4.09123164972586,3.77708874182091,3.76999951055989,4.11619340160015,3.631895007482,3.74821123683471,3.8002803083897,3.65878655362152,3.7340737226849,3.74532808161148,4.06921071529586,4.17727175681502,3.72466015555111,4.36812936542848,4.11495867617852,3.09254757576783,3.53410835320948,2.65194694328591,NA,4.28341109206702,2.87579100803674,3.4628811196109,2.52478726058674,2.36649450397071,NA,2.47257101326348,2.58241171775521,2.48287977424251,3.20880933318297,2.86022149794639,2.92799946494867,2.58313525786881,NA,2.29743782837094,2.1787257870129,2.62717743919701,4.15635403329477,2.78150320582327,2.32659664246176,3.17454167557513,2.26121272060243,3.3862090431349,2.68691061053914,2.16203116412713,1.9541410367109,2.13426849614528,1.57883531519369,0,1.73764810044037,2.80906127670117,2.32687084100261,2.20083791746074,2.6477278206283,2.92736354597067,3.17006284098387,2.74732941802202,2.40169616265635,2.23167120534735,2.26647274682934,2.93733485742453,2.92276294702971,2.52194431754147,3.03760960709013,3.21415772833968,NA,3.45079361201504,3.45523299495076,3.54317079328873,3.78362605716591,3.53496701595948,3.64514642649536,3.72477839564357,3.79951625142789,NA,3.82187428755385,4.37262016762991,NA,4.09573489873319,4.4244700092895,4.32893670351245,3.94425601012153,4.11446796704634,4.32016175205739,4.36895063852484,4.04121717992904,3.86781666039306,4.52699053346242,4.2509112180469,3.9093833642661,4.10217209185773,4.38216067279641,3.96271942750652,4.06015649008239,4.16272373939727,4.42989334851529,4.63516484443513,4.01653418083589,NA,4.29119844227589,4.41765330674792,3.96853071361821,4.87989907604538,5.61802248607291,4.05799957083636,4.84053045541687,4.98507497327531,NA,3.91908035790914,4.53434541920735,4.50626672583912,4.0965477005616,3.62640602222262,NA,5.09420922454818,4.53800986123008,NA,4.21412760395084,3.69689268716745,3.46310183489348,4.13385147876336,3.50018975223262,4.08923962757738,3.28216807359283,2.54588280353617,3.07377578155307,3.14177526481983,2.86938062854212,2.38003147884453,2.46446098606327,2.36320298349997,2.68149666446994,3.21659076813632,3.92932645623568,3.37464841564769,3.12735802660401,2.89539859826541,3.5914863700779,2.87733779552111,3.13856239901113,2.80380025574189,2.68591713718468,2.44166611366564,2.65519027681259,2.5962447896656,2.21446008642612,2.70744690356301,2.27380533509291,2.31245374704994,2.43250037590359,2.58272123779502,3.01298649491398,2.85751906117789,3.43738850539666,3.08148383618815,3.12426132675864,NA,3.17881201213182,3.48682906069438,3.62231665401127,3.63593985133985,3.45041033992265,3.14519356986041
NA,NA,4.52326227488172,NA,4.30894182280996,4.38656400363213,4.21597962093409,4.90231646834678,5.28503390536761,4.40221655228707,5.07727468464225,5.25733726362291,3.95969386853784,4.46102238974237,NA,4.45122845412277,5.10530070286966,4.84205968298119,4.8087983358174,4.80134057737729,4.33844689964001,4.88323007554639,5.33618952720284,4.42825379808424,4.8046730748534,4.6752368799192,NA,4.45659462398195,4.38414781983097,4.5743118467003,4.05674987695631,4.44783948114373,4.39416120597003,4.35450009387905,4.10077602464845,NA,NA,3.89888891624483,4.04372915256523,4.26473925184048,3.77113625985141,3.64414830002138,3.44693438431958,3.64760528210369,3.2253312734237,3.13559883981761,4.10939529721297,3.51868760845358,NA,3.62659582201943,3.99148331429782,3.30246738697396,3.26656278738425,4.98090131732468,6.48513798043798,6.74138937731361,4.48906028210546,5.25472230029138,4.13547982837263,4.13697535351946,4.72343448205114,4.63078710582058,3.80087788776768,3.93627442992081,3.99922395738883,3.5931099781302,4.40745829092516,3.3032491218095,3.78319379760775,3.13901181906392,3.3632650075382,4.04997755673963,3.44551259187531,3.85090047630967,3.63961915536631,3.60072447055732,3.53837253172934,3.96596485211518,3.78868861568593,3.75085522226696,NA,3.62683458323691,3.66107403924723,NA,3.90284612718284,4.18636135569643,4.03413416875608,3.59712426862432,3.92083393385389,3.69260405650312,4.19842123202292,3.92198582153782,NA,4.27703448771808,4.01544043128952,3.59336719327606,4.72564476042492,4.57719911767053,4.59179484392556,4.63642130621948,4.80138907619449,4.19881024144803,3.90634473610707,4.44764278392978,NA,NA,5.01857899215218,5.17825579355691,5.17318185407162,4.94172456667787,3.85873016150236,4.97548087903994,4.91887346685449,5.39769871536011,4.24482623108929,4.74081715399443,4.73114476932971,4.28626165583601,4.78261506934424,4.92926724784221,NA,4.46615226008692,4.39367270190015,4.49590505196324,4.76975489727087,3.91233831262117,4.3588281957502,4.14665147763514,4.1083676080794,NA,4.12430010647184,4.42866730923544,4.89561010370323,3.87505815936215,3.28720340077236,4.55468284153662,3.79273795378148,3.41863474834871,NA,NA,3.88328270012564,3.19419036347797,3.97928191514065,NA,3.12367734553063,3.53690361831387,3.84267973239279,3.57658254550164,3.42778460751218,3.54786152824995,3.35846210747543,3.37259371234577,4.77072568043322,3.3762854122625,5.15303991790929,4.46436238326678,3.79224703963812,3.84208255244591,3.46402682442929,3.72099108686623,4.51121926233147,3.88350063004348,3.67662654624736,3.84244368998599,3.77517801676627,4.05409125801454,4.35826473818222,NA,3.91155157527976,3.89786170924117,3.72420341007996,NA,4.05433278572969,4.50376238267692,3.9399408755028,4.72310483111625,NA,4.28438291151968,4.06131370163555,4.60914922386587,4.5644635150339,4.98196086128558,4.50557773355243,NA,5.19566241588214,4.60372330669139,4.59172708297679,4.4000160693728,4.26117576603268,4.4686401840407,4.60628351573568,4.31016996024336,4.40450395082969,4.91087861421899,4.45851646691033,4.43245943778195,4.96299082216386,4.83770865329064,4.87116430990015,4.58009037256455,4.82061237996016,4.63252842119842,4.7043161938493,4.76114633918642,4.06498766455974,4.69664125322662,4.29183482626478,4.6425342699785,NA,4.84442648804395,4.24608736121891,4.54186441942974,4.75889798356382,5.22230960791444,4.79206314693566,4.26315467254857,4.01149969010879,4.32495615224472,4.71891598963442,5.5677564657984,NA,4.84159579228884,4.32200030710937,5.24717937450104,4.21250491984998,4.26699009302124,3.82032157740709,3.44202333820481,3.46859862164397,3.87197785978152,3.97984562394871,3.82142094257676,3.84201221155896,3.67362916236561,3.97031101998694,4.44235578938902,4.02663645974831,5.08967077545745,3.83360074314562,3.88953889283605,3.76160295699065,4.46961244830282,3.68902301295301,3.48787612870643,3.72365817541173,4.0073505540057,3.96946754410603,3.86603529260113,3.15753026525175,3.07054544846911,3.29954591244181,3.55736040375353,3.93438972638006,3.53275150702007,3.72938690285121,3.60063491125815,4.09987689159877,3.75949638573404,4.16871664999651,4.50024021633941,4.75860538076511,4.79505684683371,4.06353084024654,4.76035822959009,4.82037679012122,4.6773227843253,4.31568279792859,NA,4.04191025715841,4.52719266496102,4.56105411683127,4.63502838329396,4.70025645871247,4.72402465923143,NA,5.47191377215484,5.51437440484862,5.29784167031184,5.14548534403556,5.27297656930353,5.17216661613092,4.78146161058352,4.60401500418685,4.72655307919214,4.82293303107589,4.77551638862557,5.14374450477383,4.7884335827161,4.37557057908952,4.1744491665224,NA,4.20387894402107,NA,4.66644002552683,4.72980846903838,4.1009556610679,4.20958247438062,4.69313141812845,4.42704402868773,4.30240376337452,4.19925621903869,3.98655083074584,4.04584634465757,3.84795445990161,4.30946105130958,4.10071955248492,4.36721808924488,4.27278599216178,4.06429103759489,4.28069138278475,3.95790765560711,4.55030415089402,4.47968338332667,3.61273313583105,3.58417173321137,3.72453019321915,3.66505040785378,3.25792067858967,4.02868295803735,NA,3.3475681695243,NA,4.78250743735601,4.04265213151504,4.75291187703408,4.63280284258471,3.40296725029362,4.37526610414535,NA,4.23022879726668,5.06722932813336,3.37641448254928,3.45667853517127,NA,NA,NA,3.39416099882755,3.97323064088089,3.31970402634002,3.51845309262932,NA,3.14475107083065,3.81690245182452,3.37243278573557,3.32256583412086,3.4208374198399,3.252592382171,3.38180221735331,2.73851551913812,3.41876043065638,4.5135878434309,3.56869834637343,3.88631632468668,4.27402845723398,NA,3.70123748928419,4.46366136316515,3.49986015399375,NA,3.63787600423812,4.21952868130332,4.18071685815107,4.27091183863308,4.6467988245508,NA,NA,4.4468744950381,4.71091864466967,4.73243830920678,4.66472176228962,4.57196856160606,4.69039573669012,4.53566153107826,4.31083258464668,4.60700053480411,4.39310076862658,4.33413606161054,4.42785903819211,4.35185019700909,4.61889272106437,5.14113963342729,4.3756683431534,4.3682625378174,4.38371049766169,4.38855282362639,4.50972689802426,4.28182177173204,4.29753477890681,4.77820249934214,4.2191357571146,4.35632199787021,4.37806695547254,4.16636094053509,4.32483569949773,4.37890713996939,4.69367938753138,4.72671093036768,4.37695966474403,4.97155897693699,4.52468821173891,3.62067267903454,3.97251478697345,3.26881269200641,NA,4.85849244226612,3.41092662751268,4.03598038123276,3.25619105808227,2.94021130296248,NA,2.7072420940956,2.90925615525647,2.83080822662721,3.40524895738206,3.04673982182245,3.16149270797427,2.99052836846437,NA,2.80390214743525,2.73898451031206,3.11899066315235,4.34282408684297,2.66116463991103,2.7724737366806,3.41175999230555,2.6973784209772,3.65972946092938,3.22442864244647,2.80099923706706,2.84824898524645,3.00001320227587,2.08756958083436,1.73764810044037,0,2.97216453225364,2.65002769971577,2.84762189266091,3.2031326301764,3.28529592852738,3.55260324397169,3.12611529716347,2.93298056634231,2.74342733467443,2.71797468197705,3.14746766202536,3.44379692770835,2.96195476912477,3.51981195963666,3.74230265683405,NA,3.91473134733167,3.88484423947851,4.06441100882195,4.23122015939959,3.98213675908742,3.9753139800648,4.04541866442885,4.17554246866446,NA,4.20517468919803,4.64998735895197,NA,4.4446708420687,4.73103820470217,4.6247815712621,4.37731290979151,4.46628711713893,4.63192572770264,4.69626520037492,4.46937014121857,4.28068800688051,4.97683124554147,4.67870080469391,4.39696923673874,4.56213290057969,4.73917444541441,4.54253815042868,4.68938791561465,4.75475697281385,5.01068501887587,4.86573613034178,4.47746662368722,NA,4.64774721072455,4.91658260802443,4.65495684378393,5.4515618923919,6.21507242545404,4.71694010058279,5.37476969515955,5.460128501163,NA,4.4172938949453,5.03070446390706,5.01620153973637,4.63530633897374,4.16343249492239,NA,5.52040661499132,5.0085735287664,NA,4.74125174060764,4.21081224398946,4.01289612526849,4.79292118697546,4.16182111429227,4.67153536791229,3.70696210538201,3.15229959818632,3.66845317345304,3.77782427411607,3.47150004366313,3.02966215577595,2.97160142412073,2.82261784625497,3.0988875819927,3.57396772444087,4.41718484074425,3.55360808601653,3.54638623289107,3.58438399310642,4.3428098766168,3.50017865473845,3.62811320562976,3.24619521568825,3.20362001360583,2.83364270216119,2.96195991576026,2.92448741441882,2.62141236031183,3.19464104851976,2.70837517991731,2.62480981576912,2.7212840120391,2.87147116844028,3.46470875092012,3.33556449118733,3.79885935802802,3.58219378611429,3.50417593154084,NA,3.54256029686845,3.7417004529669,3.92357356650622,3.91417495819927,3.63784607269525,3.60031924031373
NA,NA,5.31804331179538,NA,5.12673393913406,5.18401191420819,5.03542914568224,5.56806315070984,5.90596097405947,4.98988792056533,5.46596198155021,5.72168554762102,4.87772635181695,5.47858068271515,NA,5.28234149501441,5.6253569829955,5.46656511047156,5.28930800839447,5.24557055324579,4.96821029990848,5.54184155512328,5.77435655103306,4.94962486450531,5.27584003799986,5.19054290741875,NA,5.07626289149077,4.98762437060073,5.01593910167083,4.73992302158251,5.06952896926201,5.02357922349761,4.96410137800556,4.80988051168612,NA,NA,4.60945113623894,4.8321568178326,4.93634245556195,4.35606904281477,4.35363844007606,4.05496718622754,4.32459404387015,3.31618301742778,3.77485623285559,4.04703811171871,3.89138583268906,NA,4.08166785662742,3.41154812460645,2.96853349103812,3.15863060769062,4.02236326245253,5.27481080178376,5.51355358098957,4.35973603991601,3.91042058686819,3.1150997152983,3.28858791949399,3.64052346896709,3.2586277519924,3.06580875587009,3.96301278030426,3.15551384418161,3.49814003191098,4.48684242942252,3.94608792093964,4.09514097907331,3.81300343944644,4.35958554342001,5.04971219371658,4.38618882935283,4.68700441410581,4.52357694004042,4.51623720389849,4.44357473600163,4.83552266069076,4.66899265125681,4.65331674513325,NA,4.5121741857525,4.653356192273,NA,4.93655612421895,5.08362331670317,4.93086054129133,4.35115359717654,4.83793863179585,4.57620087410076,5.0528739081543,4.84993231825346,NA,4.95523646779062,4.88027047149341,4.3434774460501,5.55252844143337,5.45501030158498,5.39474142045182,5.42234047513204,5.59417088243597,4.95112371467014,4.47470137568446,5.12652688691841,NA,NA,5.68997432892686,5.79098367649509,5.74620642383947,5.53602066820882,4.39739964922383,5.54291552860398,5.51422469794317,5.75254667475012,4.83943723560854,5.22035609287604,5.23389982671234,4.90339960351053,5.28603167900496,5.4115333145361,NA,5.22454219114281,5.21546327559549,5.28397400580962,5.69567691164407,4.75907286635475,5.10898594225084,4.8573921053627,4.8283270855407,NA,4.43311863003584,4.73010283284221,5.47267293555432,4.37414682568164,3.59249357953669,2.8950443411111,2.85858892240728,3.91386540936964,NA,NA,4.40060963885237,3.4506315593384,4.71510870818502,NA,3.04311797927298,3.58743340079907,4.35583238687384,4.2071802865809,3.60223752207455,3.72618744637567,3.53217648061234,3.62692212777804,4.19772548072673,3.39972011875317,4.05422454580519,4.24544777410782,3.94473431849693,4.13055643704392,4.11214147444072,4.29886426844909,5.17171989766993,4.66958322026839,4.59845389605279,4.60050181567472,4.47623243947165,4.78105331438498,5.00061458984524,NA,4.78051175744334,4.68332710232613,4.44710204405664,NA,4.93669517202395,5.26490678190806,4.68163116322048,5.50175950642071,NA,5.05164202231409,4.96304893362791,5.45468227833976,5.30526084984163,5.68639949843136,5.28926522264461,NA,5.87005941578661,5.4113716217951,5.42660853308569,5.31162437859691,5.07035713002357,5.26057466519313,5.39606993486869,5.19578645731124,5.32896000815618,5.69971706200689,5.26563224834289,5.236344574057,5.64966959568781,5.6787180460393,5.71181472075296,5.36809056278856,5.55982830962501,5.29808095629374,5.46508074938317,5.46416923240646,4.86737515712194,5.48634872487963,5.05009347802891,5.24179273476675,NA,5.30636985531775,4.78831226017542,4.93941732923596,5.06194431190941,5.40534726374981,4.69587027544173,4.72730386055737,4.47878313596374,3.76933408774236,4.34765930733932,5.76515337515347,NA,5.07701766633725,4.81223162807392,5.52078017011325,4.70916958900276,4.92750171236796,4.44937111657413,3.94166035864748,4.02831202439676,4.52605176361273,4.68779864974179,4.52145795378742,4.5944848687215,4.0535582923448,4.50275258013049,5.28566521411763,4.7487906345476,5.63743249953476,4.74787231170491,4.75035283901988,4.75837408894743,5.3689929873995,5.00474082701718,4.15974105069554,4.45297265510564,4.85380926293156,4.75513069301233,4.58159397951115,3.87816774551355,4.02093372169266,4.05256332146852,4.48358263489978,4.54737302275973,4.10179676095174,4.50206951867614,4.53594133541911,5.22364029309209,4.71484530157497,5.07435768751126,5.47841908999279,5.50483788639832,5.55694335542938,5.03615987810889,5.5124466175397,5.40942212422307,5.33376919704856,4.99473331866406,NA,4.88842059244996,5.32806300561555,5.51733956644481,5.45038830893143,5.40011795897067,5.41643310443845,NA,6.08883727962853,6.08263284115996,5.89801838873874,5.7713803293329,5.90959545925852,5.79524731140061,5.76842511567217,5.40388011113504,5.48920491066512,5.50588900436835,5.43837355518762,5.84656516046011,5.46571675539092,5.0156773303613,4.96440926808129,NA,4.88490885960422,NA,5.31009542216565,5.38829192212821,4.74965932176528,4.85959271350958,5.24876577536603,5.06513030401367,4.98103289662921,4.95827603216348,4.69028265348386,4.74471005175351,4.60201600627668,5.13273452018551,4.85100105925927,4.97508083052573,4.94120342617029,4.91303822515841,4.83291569596569,4.60050429872917,5.27086947189465,5.06887611299546,4.11020248133546,3.81701146551465,3.7548035923371,4.22215225867347,3.85902289234404,4.52637885967525,NA,3.55550095457279,NA,3.5384704022701,3.94410643847833,3.52994641611094,3.95493165801347,4.0648049299198,4.21921241393244,NA,4.70019768080806,5.42805555005016,3.87957760534311,3.92478544484428,NA,NA,NA,3.58106245062279,4.87041435602803,4.29468873009747,4.24598449449208,NA,3.98894597957484,4.51140063107345,4.04880682153377,4.20716781628572,4.46441390604416,3.8867511513602,3.62214783934959,3.05500772089108,3.38892828920254,5.22573013128395,4.14461673251967,4.5314195382218,4.79322281326261,NA,4.31363210866946,4.99412798816765,4.60673899926072,NA,4.49995936583356,4.90105965894212,4.94449320707496,5.11516102808027,5.42682296613251,NA,NA,5.20854533705943,5.47437238432966,5.48713975486323,5.44849420316116,5.39349404994287,5.55008928353202,5.33604767824372,5.06742637240894,5.4473626218428,5.23112173540166,5.18955968187366,5.25559084470573,5.1796686851581,5.33124366940337,5.88585989233347,5.141298040313,4.93315551087833,4.89822987944864,4.90247549637812,4.98779709921634,4.77429495503831,4.69808434678098,5.10045921222728,4.80416162113375,4.84567326320131,4.82356484242527,4.66451184672461,4.71959408603522,4.8276906712469,5.08850018746614,5.12661666135227,4.821018125749,5.29031732232865,4.93550734191964,3.97132784686096,4.38356308918092,3.16758174605457,NA,5.33393524642514,2.69457150889851,3.54901775617049,3.26701661497801,3.37272176460927,NA,2.52839736402761,3.21076775391584,3.09698023921326,3.55574136296129,2.25532907545143,3.18797013673942,3.71227117520947,NA,2.88978152743857,2.22073233859999,3.42674113637762,3.06349583937119,3.384476435199,3.17548519212467,2.65673980110982,2.81956573856074,2.70668803578716,2.3750918560408,3.41723609788151,3.3515884109378,3.61632264913835,3.05377421696427,2.80906127670117,2.97216453225364,0,1.39900777628311,1.91157662153835,2.02748233738643,2.64689681303575,3.00009750273569,2.71225820193403,3.7362357941138,3.39364000645764,3.2904297371869,4.00400415112423,4.346145965656,3.76760086063027,4.3042356826691,4.62107069603353,NA,4.74277307327284,4.64959790836785,2.54340139809976,5.00203890267218,4.74385219590217,4.8744043588957,4.89184256378242,4.96798804028029,NA,5.01197015179748,5.39977363308973,NA,5.20517032819432,5.49702737201694,5.37877012250116,5.11411764294363,5.18373009354827,5.41863444315809,5.41531489773161,5.13648150232246,4.97436739813803,5.50353072912327,5.29268716953903,5.00958899323602,5.11859778394938,5.43005405811703,5.0365045523014,5.14647513616715,5.21863127105627,5.47497251601941,5.54774578246061,5.0942733473621,NA,5.35016872392432,5.36251448259805,5.10168144781497,5.70589308490636,6.41074404936117,5.08988102363291,5.56152808561011,5.71935447412086,NA,4.76815317535031,5.38659824961252,5.41302918514357,5.1169403877729,4.69435323540295,NA,5.86436413315326,5.34842184401053,NA,5.36275616780367,4.68379486501084,4.42646110094383,4.86626468602192,4.60355574806007,5.17770585076564,4.50365733984311,3.65810350959635,4.31012787058267,4.28267783270435,3.93309266459639,3.56528133958043,3.31836353277648,3.23251720849287,3.43776878509831,4.74586030197759,4.65627002089873,4.49831654788577,4.32208480883631,3.30352843660148,4.41089435684268,3.22823112293735,3.19792334250553,3.30406728640213,2.37400860171117,2.98570829447507,2.87630676898993,3.44084777520156,3.28513374712346,3.21431939362013,3.21399415274007,3.52050882409089,3.64654465380023,3.8640937893981,4.40717909061363,4.07402468309641,4.68093774161683,4.65122295013889,4.51849706015157,NA,4.45982261111132,4.63368152613695,4.77883056548558,4.80955569727012,4.75488777570719,4.5612169864367
NA,NA,4.73964301478586,NA,4.56872718280215,4.71566843067832,4.48086877313478,5.20067928483909,5.55242505135276,4.46827670098107,5.03939377300788,5.26538492065769,4.2916415216285,5.01689583373267,NA,4.80852164262753,5.23484159202126,5.03137046165603,5.03574422218122,4.94599296409668,4.53658086674139,5.18530558773891,5.29535994429008,4.45525095971852,4.8337521970545,4.70266086467633,NA,4.54536778964534,4.48231374452669,4.57757499179071,4.27796178564435,4.59869526971995,4.52181832744338,4.47576776468198,4.28082164341024,NA,NA,4.08216374309165,4.37639003024446,4.51793269058031,3.91223041557405,3.84990675790834,3.5742511998446,3.88567641166765,2.96015429798189,3.25933370719054,3.82197172860786,3.32616211323821,NA,3.47233327952336,3.2803059311329,2.83996429008571,2.89270900404456,4.08496513763891,5.4623943293665,6.0324110550754,4.06792004745238,4.25966503856023,3.23702794344851,3.39183143839465,3.68982266518908,3.52510322257761,3.14843884900197,3.40639848225509,3.04151560338832,3.10896529237524,4.29170074039333,3.52183654272814,3.55937342191265,3.15108987695109,3.81689756185186,4.40593258479006,3.76526690583673,4.15934410347214,3.91430988463563,3.8264384301452,3.72119143484913,4.20954848778703,4.01533154394456,4.03020424053329,NA,3.87192741771803,3.98889282704278,NA,4.29203536449987,4.4135029174296,4.36686880696172,3.75637690659054,4.20040596289446,3.98168926944016,4.50595270387974,4.25112574776522,NA,4.47274181641517,4.22853293607099,3.75248622454359,4.93167887070341,4.79934361845663,4.85219448822289,4.85204369922733,5.02038646443666,4.34972603085259,3.98698145325235,4.5989107981652,NA,NA,5.17466790327805,5.40725736956981,5.37048327986009,5.13040317063061,3.91188653760542,5.11187297781625,5.04661758317744,5.24824475127692,4.32963231712034,4.74847627798219,4.76488768417487,4.38314093833844,4.82363821287622,4.95445365092677,NA,4.73948948948722,4.73953548925629,4.7751219921179,5.16944694388538,4.16632315046352,4.62676322838078,4.37229201330799,4.37925332784151,NA,4.13299472029789,4.40844912244537,5.04329598934957,3.94832908158566,3.13776716546953,3.33526358945181,2.82711715192619,3.43798002100851,NA,NA,3.92171304406717,2.9627485568105,4.0769193550448,NA,2.41684660438715,3.09934960991594,3.86801426377241,3.65667678703614,3.30032120615087,3.44248726224899,3.13242003835155,3.14567587259763,3.80682960662029,2.91713263249781,4.32141060336362,3.98034862536065,3.5824286486791,3.81588095436601,3.62234632937061,3.65222770682424,4.57431883026537,4.01841029293672,4.00954017067911,4.03730072207731,3.91439711695558,4.22962902273761,4.51316354223118,NA,4.04620587007043,4.0316786264315,3.89209185397501,NA,4.33373959694714,4.73588907898145,4.1186224690509,4.96451998548256,NA,4.51990852555989,4.39168119911815,4.91617675175572,4.84334997491459,5.22130184968984,4.74490879485597,NA,5.3614705123231,4.86254914540476,4.79245799443922,4.72209558316848,4.49062024185099,4.67735472665116,4.83880023415568,4.60945603970143,4.76031909347817,5.18852340128677,4.66075456208457,4.65519100564174,5.05940046913356,5.13221862504722,5.19185120748538,4.81330823936279,4.96405960591152,4.80223238188103,4.94220556924995,4.99653690541858,4.3085429392612,4.9368359393314,4.55528986784506,4.78812824452808,NA,4.95645549530704,4.35715722452031,4.64290681749635,4.80827241567903,5.23656341029332,4.53806215184393,4.23264338089005,3.97950419761023,3.6501728733723,4.2404971035333,5.42756280725595,NA,4.57966942198215,4.31374195297792,5.10645259599789,4.21782600092059,4.40967783063154,3.84628662809344,3.51084127067634,3.60332651242551,3.9782689209306,4.15437831342865,4.07328177386968,4.09538343619254,3.73920725299669,4.06265226707144,4.90493780333259,4.37589842851827,5.1801450182795,4.23729418947028,4.20294465063513,4.27484858952409,4.73761452102683,4.54284186670695,3.74422898451032,3.95845906356847,4.34332790898085,4.27697161517806,3.96111932479401,3.32823149259655,3.42272255741286,3.42174665213919,3.97025911566087,4.01524310428057,3.69344414190204,3.99695857399099,3.92666176186931,4.59203560892255,4.16032466676325,4.50902964658545,5.01154685310447,5.05082994430399,5.0535627807211,4.49562348635146,5.10177363828891,4.97453716214819,4.83812061300907,4.41679537709244,NA,4.34446600270892,4.73305106485849,4.94360787841897,4.93428167030345,4.90376316088041,4.9228499071355,NA,5.63954567418871,5.63632558104127,5.43958405246489,5.30557837386528,5.49665970686031,5.37036942796608,5.28228253175946,4.90795687751482,5.04329837877006,5.05500886227037,5.00023549778368,5.45671107381362,5.10697280377705,4.62100460480339,4.52109712751645,NA,4.40981671623488,NA,4.9283060917814,5.00937054188653,4.26787651686206,4.37337034980671,4.8485731534608,4.69324321452895,4.56278249187395,4.50281022528026,4.19236972688646,4.25739171467203,4.10497891629647,4.59986193895087,4.32498339418953,4.44394009543712,4.45782138225938,4.48473298702383,4.39239796047478,4.07366996846659,4.75247987313543,4.51129126149728,3.54691728928019,3.40290728601188,3.43462282392559,3.77514911373486,3.26779614941163,4.03270398320527,NA,3.21199430249717,NA,3.70524492142362,3.66043552565569,3.79021793088622,4.11026492607211,3.63688399042597,3.90486368184861,NA,4.25776834396246,5.12628050470652,3.3738109967748,3.56134311408362,NA,NA,NA,3.24686883752745,4.33205468815,3.71589085900753,3.80801210040892,NA,3.58383542352559,4.00167632092112,3.59141921482128,3.76104652249766,3.93294059890271,3.40487340399659,3.22260041868303,2.68829865181053,3.3115639256782,4.77017909536109,3.61971767545223,4.15425256277612,4.39691939981047,NA,3.88818095602122,4.62757375252694,4.07851145908301,NA,3.91865663735773,4.42359458514882,4.41568900008925,4.57239835867384,4.88925212143927,NA,NA,4.70574662413051,4.88237426394386,4.96349562724398,4.933726846765,4.88555061810597,4.97041436636768,4.79482655806907,4.55712994505295,4.88078386088913,4.65188740223019,4.62420440426638,4.68651686880284,4.65033776697368,4.75868519723349,5.32571023607588,4.69612699436999,4.55415715419621,4.50800377971154,4.50176473516249,4.5754165826059,4.36673242078984,4.33778400060772,4.59783251073191,4.28653200186236,4.35748280641312,4.38770140797238,4.19434668923994,4.30143700013218,4.38225437072459,4.65662649153876,4.67337522447813,4.36719917520158,4.87826467563005,4.52714052734371,3.58287938462974,4.03343971759112,2.84952509991164,NA,4.87554906835825,2.70467589291858,3.3432089918347,2.87208015134288,2.99933796274605,NA,2.32818937691958,2.85179661698304,2.70941586405085,3.1541577355414,2.1794702772583,2.89345474531896,3.20751615208308,NA,2.61935387919069,2.11843208046116,2.8257285654886,3.41506836959473,3.17116760522353,2.5355549140572,2.55467335329628,2.14094932074774,2.72744140207068,1.95021526197233,2.89767918883479,2.76406585929601,2.92360199376383,2.59898090897311,2.32687084100261,2.65002769971577,1.39900777628311,0,1.54485585734347,2.18681065185628,2.62315123033045,2.73078873290418,2.30619161240406,2.99615867650868,2.81220574363661,2.68113432933447,3.53187122765782,3.73332702641712,3.24937465810543,3.72552933759088,4.00897736901048,NA,4.17175543928142,4.09275616516881,3.06550270278592,4.45670148510699,4.14251012609702,4.2982286383512,4.3446898136927,4.39638115406407,NA,4.47039315331709,4.89711616013697,NA,4.66379987998163,4.98005328767741,4.87074985512858,4.58562589330729,4.6819246662272,4.96875941316827,4.98050785449233,4.67637515724124,4.47097347346049,5.05702951323047,4.78854404206372,4.52056358707222,4.64474488895744,4.99065954475728,4.58534328492435,4.72886957520472,4.82491468676397,5.07802602807137,5.23809000138553,4.58753618605741,NA,4.8459298960536,4.93744041823005,4.69984570497161,5.38298886166289,6.02905095763774,4.61757288793072,5.23376252160017,5.38522297779996,NA,4.31520653074928,4.89751472584043,4.90720675208646,4.59649099790113,4.14022607478353,NA,5.46768209520073,4.86719062019547,NA,4.90158666822062,4.22785336323912,3.89247702532863,4.40534757399171,4.15295909146513,4.71778705985972,3.90845738114352,3.06086964897829,3.78834828767531,3.73615842367658,3.39145981978916,3.02047135822889,2.83320291314776,2.86963913060312,3.14381251292223,4.17227634971513,4.39315728955087,4.09145718596803,3.77849395734897,3.0504241157364,4.20688464954658,2.77624597430588,2.77759875391182,2.80623081085244,2.25127392125056,2.58707550337385,2.50961110324754,2.83582608706861,2.69825545700575,2.79816541230938,2.66181811325968,2.95090940016951,3.12581941926549,3.33341512822896,3.81652470883623,3.49703462606817,4.05471514180979,3.96718998467414,3.88167284078487,NA,3.86502806209023,4.08755200732911,4.21168103318304,4.23380457572449,4.18568503986355,3.93537683037101
NA,NA,4.42725965831464,NA,4.40964994363773,4.46280908463561,4.30381213900623,4.85327509502646,5.20566031267242,4.30997617926362,4.60256658755752,4.8313695595996,4.19166733894248,4.74330677068073,NA,4.73004437879208,5.01685007442882,4.75151717973889,4.91328192258091,4.81067543403351,4.43966757727611,4.99577397281281,5.13733249615436,4.37573556635834,4.68020034733461,4.61368815409699,NA,4.54430028858363,4.42317982480348,4.52463421490297,4.1435671130807,4.42623731696201,4.45146556963907,4.37573441227552,4.26787686869552,NA,NA,3.96985591993956,4.29256295308899,4.44962734062757,3.93201550213379,3.86447216906813,3.56577200124301,3.9694831577756,2.86914404457967,3.26762949429206,3.75432717970474,3.6475859369072,NA,3.9901839997666,3.61281139143574,2.97415295539364,3.27867725636395,4.44062677857868,5.73378252786159,5.99481236431606,4.56789893202853,4.54485543352012,3.29960797913243,3.42650567811673,3.90382671912221,3.66343715327585,3.28644343061783,3.92303513486976,3.32627830617151,3.51204185467081,4.626583677975,3.81786649568066,3.95121706979304,3.47849191534479,4.0507137373748,4.62241549486679,3.80732893388484,4.24447730991951,3.98332350085144,3.92732756415676,3.8450347507079,4.28420455419384,4.14815547125996,4.1227018532389,NA,3.88809761729108,3.95695370261259,NA,4.29629111356657,4.40527371483497,4.35146321521308,3.73884342347943,4.10891954887922,3.95068724027792,4.47123225131619,4.25170604725974,NA,4.37656049540974,4.16027277864846,3.70485799602374,4.85400215580964,4.72211973101733,4.7723581629267,4.8602623545395,4.74372750889133,4.34090264126022,3.9158031704824,4.45051306549082,NA,NA,5.16025381852545,5.18555337501119,5.14933362120902,4.9899990836351,3.81150230664214,5.08021506163253,5.04737634078194,4.93001577420813,4.23454478717797,4.66420224754219,4.78177983274751,4.38043653617119,4.7228144798969,4.95093068593952,NA,4.80710369031253,4.80151760742236,4.86203056604212,5.28965082676391,4.24366405670963,4.72912988772054,4.43940558695358,4.47476320331264,NA,4.0714891694304,4.37127559127161,5.03257923646756,3.85142014202831,3.09497050619647,2.91466479440864,2.52323410028843,3.47872252362369,NA,NA,4.03683219980043,3.18367830397773,4.39597318267569,NA,2.96653744233972,3.56173037072434,4.28851882016189,4.0781014854952,3.48741528054488,3.86808499670508,3.48877604582698,3.2508970911993,4.07771528792494,3.50229207426106,4.72922512701063,4.50565680358675,4.01153048036245,4.19297426224927,3.87436637125153,3.99175995220884,4.83660004233957,4.30045010827606,4.24498246211345,4.23483784973358,4.07872627421704,4.3431169601799,4.58074514995133,NA,4.17318865243452,4.06415679077217,3.93185613961553,NA,4.41601699113752,4.8270817792591,4.14266493044777,4.99460935809743,NA,4.53842487448778,4.43875108560925,4.97919488114073,4.93104072563002,5.28672442865092,4.7810754663957,NA,5.33244225171391,4.83386058835399,4.82209548826127,4.6810121877492,4.40570518827654,4.60899068344244,4.76795213444021,4.55436288656876,4.71613041129138,5.13429285546681,4.56664253233793,4.56345510013625,4.9992801622981,5.18414241461807,5.20621956987766,4.86433204742019,4.97414882376779,4.7699802323164,4.93589834785307,4.96585357489065,4.29725736935936,4.88546681906697,4.59152715338555,4.78149764872455,NA,4.79045818431304,4.18607306952893,4.56036945206098,4.76249151294019,5.18787939597133,4.45627904139615,4.29189895688733,4.01515917629139,3.69907843264063,4.14288019671535,5.52548259350631,NA,4.79019210937718,4.3767590718148,5.17990815609426,4.33702968634179,4.59491641334192,4.12219925880973,3.71122184333748,3.82412994112574,4.24580008664718,4.43318101665566,4.38194856753417,4.48871051048535,4.15606482885314,4.27539327826271,5.00581485357138,4.62885121819169,5.32184695530432,4.31586683643742,4.41465286957009,4.48129672910693,5.01919254645869,4.89973005439646,4.12929158453571,4.05980727762442,4.41757500945844,4.43036788464926,4.20321951311245,3.56535283359878,3.7021848714183,3.79261557930033,4.1384346846974,4.23912443404867,3.8748701460726,4.19306777904535,4.22551593362248,4.85737337848903,4.39487009072738,4.80177622600587,5.1854277522296,5.15152890530107,5.19935025316158,4.6321846083254,5.17373486615939,5.00708751240609,4.84066922514797,4.48567686356228,NA,4.34911910369167,4.79944369876744,4.99724101788881,4.92741625902158,4.86477004698633,4.87910150573237,NA,5.65820750494174,5.75152065908187,5.51557290185784,5.35734272754027,5.50314070542183,5.40531935852732,5.30699616910182,4.91774915597417,4.98675123351592,4.9844655192709,4.94763711007269,5.46069108646891,5.1021392624793,4.59166109701963,4.54871276009406,NA,4.30008001904757,NA,4.82088816318347,5.06597872591527,4.26790724304058,4.24143280827985,4.69364626873048,4.58780539277179,4.57288712149867,4.54294305050239,4.27154301383421,4.34376222634249,4.12474846999265,4.7168474472937,4.36240017805165,4.58045180425562,4.62582353463246,4.60581544050165,4.36722608281841,4.18322350711491,4.93827691510689,4.55725724461607,3.7158875607094,3.52181110818619,3.5280167998586,3.88902625322919,3.42104940069789,4.28257431464024,NA,3.31555788968233,NA,3.86727202158993,3.9360840484447,3.93722398475734,4.59626539494354,3.85258737599931,4.38361920174214,NA,4.02955075497781,4.83914059748821,3.37871424314435,3.56116325261956,NA,NA,NA,3.42957707853372,4.41063007372813,3.91002774506415,3.93978087438524,NA,3.6203979507782,4.13492107949596,3.59505717918287,3.83631213138335,3.97481219686901,3.30400905206981,3.15739430066325,2.57177867732156,2.9001647816697,4.857199332069,3.52897240833141,4.16304417629954,4.43978407930853,NA,3.90686140992058,4.72755707298175,4.04611490268825,NA,3.88762778833005,4.35305116784579,4.29150124061235,4.50954702228908,4.82516047633449,NA,NA,4.62779030510876,4.75578864023037,4.90763252788439,4.91533284069177,4.81605162433117,5.01927111933791,4.85601207465209,4.51267430922704,4.9047805385302,4.57808889326329,4.48293356657312,4.637593821198,4.41428834882112,4.50905505382619,5.32761068805756,4.59346388406663,4.40405816203267,4.33020544078036,4.24975638507564,4.33897414879556,4.14487676755342,4.15546086760333,4.39707232541849,4.12972140120326,4.14541098791719,4.21267740287679,4.01826121697221,4.04947015269032,4.13852387206034,4.38274281737543,4.5810361485969,4.20619031848693,4.74527134239288,4.68527167483533,3.63974935615185,4.11809868544736,2.65378246199128,NA,4.7969438481101,2.33167901526798,3.14208792952688,2.65976985348378,2.93882297173972,NA,2.37492851252645,2.73322574633599,2.61497389127121,3.41093457894276,2.60837195769176,3.09962758230952,3.25263975004806,NA,2.55316931078447,2.09955767496379,3.18023787244834,3.64777084720316,3.21004620288175,2.79443433801909,3.07436954531634,2.53636270405507,2.83288078779126,2.09208888577986,2.84659000764068,2.74929881502998,2.68155204414826,2.3436758753615,2.20083791746074,2.84762189266091,1.91157662153835,1.54485585734347,0,1.62577343677839,2.69163774653621,2.92310188263653,2.50777641947929,3.15407294372354,2.83322655259142,2.78357877394465,3.65352043452713,3.79057521175522,3.14090853618402,3.7025189626639,4.02402965350993,NA,4.18332349091202,4.06680921353123,2.47212856716091,4.44660430240154,4.12390143852011,4.29348004095403,4.33095678701014,4.37678833685206,NA,4.43533226766262,4.92358490212197,NA,4.65956463746384,5.01216272227122,4.87677679525857,4.36887495714068,4.57367850433641,4.92994182996242,4.89884627173371,4.55752019967819,4.33171627300811,4.90200595634162,4.6627278747561,4.3507361454071,4.40057052460227,4.75576604514352,4.24168317405853,4.37109951219031,4.49160252705104,4.7453020114954,4.96288374234122,4.29868948984223,NA,4.77243563198957,4.55979217609285,4.30789567726399,5.05729064351731,5.74360676738842,4.2522907010593,4.93902345833348,5.22622726546148,NA,4.16445935678991,4.78703238135014,4.77015743001767,4.4671842457853,4.0690595209133,NA,5.31575577323031,4.81678604188478,NA,4.74591160037554,4.18610587862383,3.83798683722291,4.24339305035949,3.96670524288932,4.61554634926385,4.09002439196968,2.9412875815841,3.66948650799254,3.73333147217498,3.399083137488,3.00940043182223,2.98149017857638,2.92070095510308,2.99707631274415,4.20721738671017,4.05743273866845,4.01029065274372,3.94675077063941,2.9470781387919,4.02318615609522,2.8603441304438,2.99684944619009,3.01388930650446,1.86756574556763,2.47464627455508,2.61854212528433,3.00781967931096,2.65118063931372,2.67612297115772,2.68124170904709,3.06263079130629,3.18401474614845,3.2796703145383,3.72802291688066,3.26423851867122,3.92212068127071,4.0146356051529,3.85880008871873,NA,3.82528821127828,4.08826399874819,4.27778172012072,4.28483587377018,4.07653512914825,3.80481480775348
NA,NA,4.80176135353669,NA,4.72704577134843,4.72265816945319,4.66396504347573,4.94393451835191,5.29518609754538,4.4209864741277,4.57494460058341,4.95022595303965,4.57101697405667,4.87844147873765,NA,4.81823604374347,5.0876209850499,4.9538793452093,4.71830581602252,4.69307321062932,4.50149492035625,5.17966784540269,5.36652048007026,4.63237351280736,4.89175803132709,4.8159745767306,NA,4.81940629585904,4.70334571849604,4.66497375442012,4.28261653783572,4.70550177344294,4.72036218872334,4.55998250762265,4.48830898661987,NA,NA,4.18024103232679,4.53960628193471,4.64454061962641,4.05041023713365,4.05362514799679,3.75137106641758,4.1974414528156,2.94838631617165,3.51833714158894,3.9900706817722,3.86711292953475,NA,4.34123635595886,4.00249779882388,3.13036368776551,3.53934825104244,4.68936094560495,6.03229217684127,6.18989975141553,4.79937072961347,4.82485585806303,3.7596359098921,3.85692676657335,4.38472501179374,4.05732090645857,3.72972159503288,4.29955143748957,3.80738843410716,4.04631287325998,5.19379125613135,4.32999172367897,4.52319187450215,4.07854531793744,4.57870183202572,5.12872831632883,4.22466329635558,4.56367668890087,4.38119390163105,4.3860745259244,4.33550752022615,4.74495790838319,4.58927898594157,4.56032587379423,NA,4.30570059949892,4.46001821242024,NA,4.75918255329653,4.89607158623409,4.72723076685204,4.09179215274903,4.53517558097736,4.27493393738761,4.77813946168716,4.65117926519082,NA,4.61220261487543,4.64814444990236,4.06285336476003,5.38265281041883,5.22082332460217,5.10392808978799,5.20408808419041,5.07144767498322,4.74631496503562,4.22022877698675,4.69791382300461,NA,NA,5.45191282505436,5.10366695363169,5.04379659333966,4.97595125426153,4.03801167619179,5.21196022760815,5.23777799110131,5.08424392552293,4.40105238997857,4.76545038241653,4.9823611816572,4.53957256296068,4.84257020562984,5.04272822472959,NA,5.04004213394448,4.95937280634499,5.00840996975901,5.55150709599754,4.56736343269363,4.91872639035813,4.60014008948282,4.70478673614181,NA,4.07873869476051,4.31694443059539,5.20842637229909,4.01707381879435,3.40955832796906,2.90379973679338,2.65570739561159,3.84059402686087,NA,NA,4.27018516829517,3.40227916267272,4.78556580770505,NA,3.52880524117455,4.02479401880504,4.62986662076287,4.47889731367779,3.88422462309424,4.10542702563742,3.89089045363075,3.65016507021721,4.21675267665405,4.01098001602978,4.94251127583137,4.73293719604515,4.25871258393184,4.52089737459129,4.25203858490064,4.35212378088287,5.23440601352763,4.72208754738321,4.62598822015212,4.63689936499759,4.54115090575746,4.77280795576794,4.92339966666359,NA,4.7126016958517,4.52090306489742,4.3112336183953,NA,4.8821613515661,5.19905379890531,4.56410896852897,5.36998213679656,NA,4.84576149482858,4.83031648327926,5.36275583644718,5.14302288392836,5.62266077444405,5.12218835419793,NA,5.65654627307508,5.18882866726655,5.25990704278527,5.1197123139668,4.82191300804355,5.01397285857919,5.14646478494111,4.97539314753915,5.12443821717305,5.48833226279183,5.01107530264951,4.98008028193413,5.41417004688423,5.54624828325582,5.52085824579137,5.17544606233943,5.28390983326565,4.91381833370661,5.15765305044059,5.13991579934395,4.5035426591257,5.24418154013379,4.86367984178504,5.02433615133339,NA,4.85917048265751,4.32966774799086,4.51235259083011,4.64691358132278,5.09521299326925,4.3305350777677,4.39352187777498,4.09874994542166,3.71166164066336,4.04485101502486,5.36680019131131,NA,4.94443766306116,4.45345966192012,5.259259052994,4.54695946046169,4.87739467591538,4.45848897916908,3.9199040616729,4.03462387697912,4.56309048644866,4.71841924810744,4.66264162122468,4.74686806686746,4.36663786110566,4.5429028432899,5.26605847502065,4.82025172478297,5.55719887778266,4.61519582562557,4.7548758577015,4.65237320437002,5.44838234778905,5.22993904765873,4.54389008711019,4.42163299000793,4.83505998311516,4.8084790734266,4.68229193721538,4.0778393614914,4.27009334311524,4.32602886885995,4.5727787449328,4.64505237533694,4.22010251103417,4.61704469005487,4.64241438806786,5.31060982343908,4.74358706276427,5.10456523070964,5.44035016018036,5.45259169841212,5.51165701236483,4.93141377417485,5.33792738451743,5.14209386872762,5.07213558275525,4.74310436444993,NA,4.62724300443019,5.18030454213299,5.39442036288632,5.23958756384766,5.12400293983707,5.06845270212617,NA,5.831734842333,5.76809693689571,5.57024479769799,5.50892848684866,5.61942951341315,5.57825930378935,5.56513769255127,5.17539777952343,5.1913750744532,5.23050600868606,5.14436244615756,5.62078974446478,5.06815037872719,4.53920803938402,4.65911293676113,NA,4.43656254689595,NA,4.75473940924311,5.0012886228736,4.29302460089285,4.2361603170195,4.61744227503697,4.37277008134638,4.49782432021543,4.49658552658052,4.37366521955203,4.49211922371445,4.25728560420404,4.96857087153221,4.54656923265171,4.77176670420101,4.78499177936731,4.71427543576856,4.59191715887351,4.40752845827913,5.15812550641503,4.89106582300769,3.9627894616448,3.60863690176982,3.71456689425655,4.03774847683391,3.70024224035012,4.57843609810091,NA,3.41717563268385,NA,4.1375184441644,4.22707847635353,4.32615434106658,4.90406890105408,4.08538000581122,4.75121975473056,NA,4.03956441994338,4.5492123058104,3.5816204427742,3.72876510740464,NA,NA,NA,3.63356805576759,4.73123521210375,4.2600681445269,4.16478233758628,NA,3.79930946864072,4.43659294683149,3.99883167304549,4.21287543135309,4.52872872274667,3.79501114384523,3.44053206169914,2.84015840663946,3.06064793489051,5.19144631829465,3.81962461456124,4.16572462473004,4.47218048483558,NA,4.17826694338333,4.66797557814155,4.40413846117842,NA,4.19551601460978,4.64573573121516,4.54461668520548,4.82158343938304,5.12998634301619,NA,NA,4.93493702018268,5.07942125742535,5.17724307688682,5.2181771576831,5.15776553996723,5.39148160824783,5.11078255211946,4.80936323283492,5.38120545244121,4.94164353120391,4.83656198197258,5.05590760858985,4.65453153692854,4.72862998682016,5.59075975040478,4.65377194363985,4.43183608310181,4.43984420089527,4.25965751404629,4.47771577835237,4.17704891643731,4.07200513709841,4.38716194396835,4.15614258617418,4.09715222759313,4.12328503086167,3.92564539933878,3.8243477918148,4.0920514877583,4.27410139954967,4.58371266154742,4.08618413344195,4.65824250158443,4.65886715663833,3.71339748728928,4.0849857944189,2.75375464875817,NA,4.86289421245708,2.26621233226715,3.12436650259126,2.68948891218752,3.25451099105678,NA,2.6833082329978,3.01322945786162,2.89558174685542,3.71326538008955,2.76407835910758,3.45777814585456,3.46273557149243,NA,3.012156044941,2.41289516530764,3.64744102266843,3.64223732021593,3.29983108169967,3.32174872414312,3.44761440793811,3.22005034520481,3.53097618846708,2.92379271853327,3.03731229304728,3.34590029556082,3.49360517099556,2.78250794029573,2.6477278206283,3.2031326301764,2.02748233738643,2.18681065185628,1.62577343677839,0,2.12261720651979,2.98006742472911,2.64148002450739,3.63524926603772,3.17742354438535,3.09339850400492,3.75809951227952,4.1698145218413,3.40580863166565,4.0306096887431,4.43222737722071,NA,4.47922817989342,4.30311612578428,1.79148045623779,4.74081449751661,4.45116919717133,4.61057617654725,4.58367693653546,4.69937575339915,NA,4.66878125035343,5.13445833908945,NA,4.89600787005961,5.29539016326348,5.11633561546839,4.53705500443477,4.76156895200572,5.02022282602556,4.92313545976122,4.6130681623957,4.50072567105969,4.95074898169207,4.78860967830625,4.44928925772835,4.40179474226142,4.78903280247188,4.22672658551325,4.34507505738864,4.46315222317819,4.61668732322525,4.7583332943583,4.38869967942117,NA,5.04777539618482,4.57605504317028,4.2269571533025,4.74550936999744,5.53383333977934,4.2315604126108,4.65158350206248,4.93794698102763,NA,4.14248434716035,4.88108489537644,4.81813250961574,4.56582325154553,4.24258727587252,NA,5.36989377612659,4.85563641315243,NA,4.81350366155227,4.22487961215198,3.9254853545094,4.15534607469125,3.89218945276399,4.69088181441016,4.32828851592775,3.20315836772846,3.89062772210097,3.86328890693089,3.58445718185527,3.26231411963754,3.08847483390065,3.07162170253426,3.0849696112941,4.64791328857593,3.89254326539458,4.07971248404072,4.20707882976874,2.76910871483991,3.69117177306011,3.06363080678762,3.12792128436022,3.12331016314783,2.20109750039293,2.68803241198894,2.94836794115972,3.6083668159986,3.22776790514453,2.90858253727379,3.01148646647875,3.47588505911519,3.44350797595587,3.65264099304001,4.1176641689042,3.60414070694178,4.27973708604145,4.51168080016823,4.2390293456309,NA,4.13372955171742,4.33439651406639,4.5984981725084,4.67281100874056,4.53182138806747,4.3067309495635
NA,NA,4.95865488139856,NA,4.68660199981454,4.76289624532955,4.57780787168362,5.12694335407567,5.50953096014697,4.43606800267975,5.01298083844608,5.23414704812103,4.30852975295768,4.85180070981141,NA,4.59733786473704,5.19658963895862,4.95651213101233,4.17880611702448,4.37705745495048,4.19862834652493,5.14014979927273,5.43524777060797,4.45775285251385,4.81737110373979,4.84691102418337,NA,4.7222222531103,4.66373940930952,4.64621882890488,4.14725323953453,4.6224141387539,4.57953909030453,4.49382276511983,4.31875289229163,NA,NA,4.06901036999025,4.42288697621621,4.49111064103013,3.91359838314997,3.82404417612864,3.61609637241681,4.07599208679574,3.00819422044669,3.47266883647161,4.17626836525536,3.70844921458802,NA,4.1562090999059,4.13222191091,3.21193947043305,3.44307359824189,4.8348576768781,6.41615140709857,6.61995953821403,4.96417506873905,5.21923898321885,4.17924132321321,4.12963763247303,4.79572303367516,4.57203239184405,3.96242240910533,4.43485105051934,4.06746912080694,4.01288164807027,5.19313359671083,4.12516454973762,4.43825974646958,3.85426163550359,4.21435090691134,4.7524193847878,4.04752688714569,4.31161733743087,4.13019040077935,4.17163085084782,4.16164780234321,4.56613381361045,4.34327083349858,4.29135569338094,NA,4.07159558312417,4.26709036476091,NA,4.56999124414016,4.71233653801085,4.5261721870301,3.86150213533892,4.42080497743295,4.06615996405438,4.61419593103604,4.39217653224204,NA,4.3342306170158,4.441340834734,3.85944481040511,5.19276914579715,5.04233401474513,4.89042686708436,4.89909869318226,5.19940519516284,4.48471973107446,4.00326542408383,4.51580299876287,NA,NA,5.09244256226726,5.21264911931715,4.99629804560435,4.74309595866753,3.91103703055742,4.94423836063861,4.92989275541613,5.42152945976417,4.27294908328208,4.79129625835289,4.79239321498533,4.26415967333375,4.82418829775462,4.99124375902316,NA,4.78909809148347,4.72962051644263,4.81044578319805,5.25266302498175,4.33265862857683,4.7591375217278,4.35917565612566,4.47976249598334,NA,4.04965823577946,4.27632025103346,4.98051272011017,4.0268053719277,3.38793227055688,3.90211544831806,3.46338329937443,3.69800210261401,NA,NA,4.00445363914184,3.19970369225157,4.39756268084215,NA,3.39573209554241,3.84674772433406,4.26182702786152,4.19825388808803,3.70537973677405,3.63646999524436,3.81188146893673,3.35941262233878,4.59968707727618,4.03043647342072,5.18157514495496,4.86355562548213,4.24081738982308,4.54083950158792,4.09478345304902,4.07231894307389,4.97556446666153,4.44526757535891,4.41060713013608,4.19177999855343,4.15496784512151,4.45225361639088,4.55076850405927,NA,4.41476546336921,4.2097889558415,3.97087424293935,NA,4.53433216383569,4.85197955536783,4.17626602405701,5.00364550246647,NA,4.40434028758331,4.33617561979835,4.98400229074546,4.59846130947469,5.13537393407578,4.48771582190999,NA,5.20354879143733,4.85716018572237,4.97470080370795,4.85524803854341,4.51794143094882,4.58530208625487,4.78798174655944,4.6603845711964,4.82825377885504,5.20467052872041,4.65202145835216,4.68224821117114,5.13588298512085,5.05095802412657,5.15395008433255,4.72629152889778,4.91879509417029,4.51981680248181,4.82870835717395,4.81405025440911,4.07720647031843,4.92224000487959,4.41492074219925,4.53624402923408,NA,4.41509643225927,4.17996110964832,4.29012805827362,4.42912829922642,5.16773609248534,4.53280725190046,4.58171025240378,4.26063987033774,3.99510007451988,4.42985667896221,5.53090748277488,NA,4.8836162387216,4.31495361652745,5.13661787285725,4.36939543577144,4.61744000928403,4.2275515126689,3.70935528552651,3.59979027155366,4.27701939117714,4.35266781601141,4.32076077614171,4.4584092634551,4.17639749381627,4.21155104552798,4.78238977491026,4.22824889301454,5.0063172612797,4.32138445462058,4.24893984181538,4.1338829674982,5.13945572610673,4.99275649071905,4.36937005104361,4.16922768509543,4.5342368480989,4.48510490452765,4.29269151817502,3.62425036506633,3.90724404774545,4.0055312827096,4.23334716708615,4.22302709764041,3.83458437783303,4.22978893894993,4.27728009923217,4.97516935789049,4.42859192385651,4.71604601706673,4.9094070955251,5.16813029175318,5.1671113852455,4.51361335362331,4.60926201310715,4.26778497817031,4.65463132125879,4.33894556125608,NA,4.28526412167579,4.73418697678709,5.09749361223768,4.85599185902744,4.68586233395848,4.56628583535912,NA,5.03488790247265,5.15441689109586,5.07745208269909,5.01468955791985,5.01094482115904,4.75229219358418,4.94743619876557,4.6426821609609,4.63725517584846,4.84628273065578,4.70243622300264,5.02867200690215,4.27492138504897,3.81078729005954,4.18702477952424,NA,4.15087429475554,NA,4.25089509880948,4.24046151298054,3.96444815587997,4.07605880037921,4.61627583138963,4.25456680372995,4.12432549068674,4.20863189933301,4.06346487516415,4.16680417925027,4.00203024360585,4.57716710395704,4.25008349835165,4.42289785600114,4.52020395055224,4.39842242329921,4.52930282692922,4.18095250237423,4.83245150686105,4.82394932799121,3.82237621171808,3.67112611632692,3.53639295428832,3.81048121461514,3.57154982035239,4.25317380637463,NA,3.48232339158863,NA,4.54707375678695,4.41470252390219,4.75049462221214,5.18442565398655,3.90751155895685,4.61952369553424,NA,4.346119232388,4.88353824379662,3.62319794065219,3.49918680217173,NA,NA,NA,3.41760867802916,4.72445526897986,4.09251259384389,3.90106672303661,NA,3.62735638769774,4.34489848173411,3.93162421159354,4.16209280817485,4.27625244615407,3.77242305356455,3.48432562289556,2.77316494692208,2.87369593704511,5.09599559908698,3.98406419162179,3.6266267402068,3.84714372347548,NA,3.80163692989356,4.35748849550649,4.24984604205122,NA,4.02379134194039,4.33720865161232,4.31726764537032,4.49819840143193,4.84335658506882,NA,NA,4.59864154785304,4.92137468908591,4.85469860629128,4.80229673263775,4.83141712256931,4.96198533626084,4.62055820868844,4.39345136986717,5.00317814266038,4.71368880993839,4.66890710848297,4.7776227221552,4.68190971834282,4.83987064439731,5.21335999955044,4.41964105551961,4.11237761628573,4.30246979052719,4.23437488842665,4.4051285833265,4.11299975952572,4.06284143249289,4.71649159092343,4.25354739303535,4.23226771144798,4.24766243876429,3.95111524742864,4.15870195576282,4.27778476538108,4.54800795940547,4.50565190650096,4.1925821719315,4.93986393536029,4.69197733851458,3.69600512811539,4.02046587081764,3.15375131751019,NA,5.07143499254215,3.02805689394542,3.79802079493053,3.32742294184466,3.41254774480176,NA,3.0553617045723,3.14401910771289,3.0526673477985,3.87725411921442,3.30715916397505,3.59015717653187,3.41922319120688,NA,3.35434234343729,3.05565718941016,3.79440389063097,4.22274694005178,3.48675154979336,3.6117376909222,3.88841516133322,3.53078691416081,4.09832209777445,3.53873210925958,3.14826558761932,3.65382959808499,3.64503931190702,3.12387125040046,2.92736354597067,3.28529592852738,2.64689681303575,2.62315123033045,2.69163774653621,2.12261720651979,0,2.73140721110964,2.28878285697964,3.2851016037267,2.83278186166904,2.72327362114422,3.33558731762149,3.83887306607756,3.18668337594644,3.70813762920267,4.11369025889141,NA,4.07026895035562,3.95934871517283,2.70864089093741,4.43286377934207,4.24526861509478,4.30590458638671,4.34614145489735,4.40872200047153,NA,4.38540686954602,4.76001965981049,NA,4.65923336622821,4.99092727304101,4.82077360278848,4.53491597438645,4.52973179763117,4.62826744153912,4.5643947771612,4.2969972816368,4.29597216546808,4.86392210688929,4.60826712165468,4.350691468785,4.5207293013274,4.77502077919037,4.44856641541202,4.62075626026226,4.69498420546324,4.88452816284233,4.85613133702126,4.47693810360722,NA,4.74696852210754,4.87938899898386,4.59022701526207,5.28987297636472,6.17569348696503,4.82534042354837,5.36302282602536,5.45135683808271,NA,4.55793515710347,5.2299823843504,5.22316402214374,4.91270651435694,4.48479302862203,NA,5.70061801465439,5.22000500506193,NA,5.10452684794024,4.48629894614334,4.31918077229982,4.85427227781804,4.24043803901633,5.07598526345843,4.3208495079568,3.55678468038185,4.17154341578571,4.22511333016833,3.91936775869219,3.65399105890907,3.42676166216193,3.25476192203607,3.33818596322736,4.36980966471828,4.27358381531044,4.15357636320355,4.10329443160498,3.35026941326621,4.12577079593779,3.60931696707225,3.4413790380513,3.16389527379576,2.92909346391816,2.87385691532375,3.05571709612184,3.58238902767453,3.13984344335605,3.05544829641983,2.95662809749556,3.27331416246298,3.21956670879979,3.43438470566441,3.95468530068109,3.57561830823657,4.11804539019745,4.16924255262369,3.97503631427622,NA,3.88112542561765,4.00029527338225,4.16267744175728,4.19552292563638,4.33426162201691,4.1167746141484
NA,NA,4.8015976651162,NA,4.44125361973056,4.72670149739068,4.37001217323811,5.17449104393697,5.6019190714622,4.64377365134459,5.24095889325665,5.49123598418877,4.18196928425141,4.90018491666149,NA,4.83640685228139,4.98791411965473,4.97763468871524,4.86704737668878,4.61591487979117,4.22312073886214,5.00653595082158,5.06872994248388,3.97544220167423,4.37543165090501,4.32369549333827,NA,4.27295039560931,4.10603719349875,4.06285266490771,3.95997896308478,4.1206465962057,4.02825107828037,4.05800963414095,3.94453973288557,NA,NA,3.77442594338513,4.09550763278413,4.19294896614559,3.69199171328414,3.63365976276759,3.257091305643,3.76384612788752,3.13734036631675,3.59960324572801,4.3285404047743,3.79129523416673,NA,4.08994340777585,4.46013434070865,3.26281486103009,3.28461108638044,4.87532971863209,6.50590235222744,6.80817378116529,4.80857304513005,5.34586654777329,4.29883295276953,4.4111327706333,4.93371447835042,4.82865100816904,4.30832939926363,4.30530582451866,4.24179245761674,4.04713409408265,5.19499285579365,4.09436946991781,4.65109048895285,3.87130203705286,4.28766251114129,4.71031050172491,3.8439480513309,4.26963506923978,3.96126909874123,4.03818330195256,4.04136995063245,4.4086379334462,4.13144302210433,4.05669460605364,NA,3.84859282216038,4.14443669336488,NA,4.39249258506736,4.52043465242467,4.46464077760481,3.58382364145792,4.38939251808861,4.03431413294064,4.57847677151511,4.30222583468135,NA,4.4640180372804,4.26182630975168,3.53070236050565,5.0184172727813,4.94633625461928,4.71266569771408,4.62881808082439,5.11207230824003,4.27686539108817,3.56529570912135,4.23539770532519,NA,NA,4.70845906597906,5.18534899030731,5.01275572517685,4.66668755621773,3.5803286354508,4.41280569105635,4.34691610235008,4.84043138837143,3.81386154187985,4.01205598970609,4.08922331945221,3.66510648380454,4.38164062319301,4.30031636272737,NA,4.46843106647415,4.62982227761221,4.61941755561494,5.09247470872238,3.98323444499611,4.52038803952434,4.16494022078692,4.22475464964235,NA,3.91190553613519,4.24596604730233,4.93361250997523,3.79056601218278,3.27198896318526,4.06493600135617,3.29433457520493,3.44124865556104,NA,NA,3.38678924801916,2.90535769117107,4.10788709248203,NA,3.26650671643252,3.58483230570858,3.96857774535944,3.89739101543307,3.67128588271621,3.90275226753542,3.84219897559253,3.19677949050066,4.44846814994101,4.01634151691495,5.09279908499815,4.57306927613608,3.86244097210049,4.37533385582123,3.79004601808549,3.78881948249998,4.70708725858485,4.31802443348913,4.33743814444335,4.16779937937736,3.98076805137884,4.252105205396,4.55703356649149,NA,4.49279629926111,4.31885133207639,4.04456253523645,NA,4.33447912077771,4.43149193246116,3.94946371040814,4.89035609058589,NA,4.37583885154669,4.28499496079108,4.76559120037038,4.58466816636676,5.12544375954085,4.65671891174958,NA,5.09561907782143,4.75752605740806,4.94966489868017,4.64966920394377,4.38895693860402,4.48307853462255,4.59515973111798,4.54189680815138,4.65152337113168,5.01245378805158,4.55606822620708,4.50131134727476,4.87165034726906,4.86998189495004,4.97419265369919,4.65265889404678,4.9337199891612,4.45447306743785,4.84981703265518,4.78661732584175,3.96247006933377,4.79799899181215,4.1815322771446,4.32652851756254,NA,4.59783368408519,3.93948759352879,4.26223840588086,4.25592453085685,5.15686649975581,4.55986344325901,4.16435478400441,3.79255763824031,3.62322984030432,4.14581732509363,5.3198123971033,NA,4.3607087375723,3.83173901618274,4.96102532651332,4.08605382427146,4.38300360544757,4.0969181287829,3.7254691814979,3.80176666281881,4.07802707888141,4.22318304443405,4.20956122755756,4.18515550142079,4.00626742543714,3.95082132602387,4.66448837818742,4.25573200832999,4.9090446460025,4.00390260438843,4.14081387199988,3.99251918945991,5.02883161599273,5.04264891285694,4.31633714748231,3.69397026358502,4.27198949928029,4.23586094572825,4.3721667283927,3.91265480638503,3.95003566352155,3.83114137815651,4.01498075299166,4.22574484052515,3.71978875803126,4.12250024610383,4.23271097968445,4.90835427001749,4.38244728915237,4.78188230320973,5.27417292701493,4.89178065927462,4.90681934616404,4.50177650527001,4.95972359020608,4.83053157890201,4.50998040351179,4.15936518214567,NA,3.9618515076713,4.52919543936201,4.91557051316214,4.65169790142489,4.50302588798776,4.46616687738769,NA,5.27176907026426,5.34851433835196,5.17935524866157,4.85390693274352,4.87627583162082,4.80100725994289,5.0994226164339,4.46372995445251,4.63639283201006,4.6463113413367,4.39479954134615,4.87409372336448,4.53625743973582,4.09808499013234,3.98562126286159,NA,3.72782680103677,NA,4.27360774271971,4.47970684081773,3.53954626173828,3.67515479784248,4.35836137185116,4.25593903236784,3.84408457509164,3.99204567828398,3.53490080415483,3.72872323012498,3.71692580248163,4.18348400506224,3.93829894283743,4.2357481915799,4.29613821100703,4.23160744090013,4.13618506057505,3.72638968883338,4.60933071341807,4.57942291054665,3.69919222275936,3.73008101828113,3.47365011145147,3.60110422403406,3.13356328842989,4.07150268559409,NA,3.49955548109271,NA,4.91581659540613,4.52310769869152,4.93985648568718,5.21116365188976,3.69966087675715,4.61176290089759,NA,4.52306843116118,5.16147157915935,3.80464434693957,3.55013223513971,NA,NA,NA,3.49761115650376,4.51806481578238,3.94365470561049,3.79208281924155,NA,3.439318366624,4.24447484466246,3.55438604876033,3.81794926075996,4.19309414091491,3.80236651270611,3.50518587231691,3.12356147049509,3.80961808214756,5.2607081200302,4.03470195790275,4.17595560693475,4.22814791519414,NA,3.63935345667194,4.78574470921973,3.90933459707334,NA,3.73528229895512,3.86906968862986,3.94071502141565,4.19334035526109,4.52720698306637,NA,NA,4.31875636569927,4.63376999756433,4.48149025859003,4.3117537916551,4.38787956544452,4.67108010974151,4.210774491632,3.99941375891435,4.67510343802565,4.32857277388087,4.27418241625054,4.36632849610456,4.35985819489449,4.49177212004636,4.95426127579679,4.54534515902543,3.99780708157822,3.84943442040544,3.89816042933787,3.93355663323551,3.67533344164359,3.85775576285126,4.48598001065564,4.13698357046059,4.09553182084213,3.92439986225652,3.72401061554188,3.86325547478586,3.7536900760002,4.12691232389907,4.15411548906897,3.6511497842653,4.83352910711061,4.41446743369666,3.31001174921266,3.67196788498637,2.82012986783251,NA,4.65333637806386,2.88202311802742,3.67784901499881,3.20485392067127,3.25282255262678,NA,3.16151488081827,3.14251510939192,2.93859592898459,3.65634700345577,3.1592080254662,3.35336221568762,3.05299766731937,NA,3.53870636370303,3.15519872862839,3.68576631200493,4.70069800324163,3.37700387371023,3.54227697406766,3.75625900301409,3.30767378385456,4.34661038587182,3.75169191235107,2.8469752538608,3.58712833367371,3.65814936863067,3.3907613764882,3.17006284098387,3.55260324397169,3.00009750273569,2.73078873290418,2.92310188263653,2.98006742472911,2.73140721110964,0,1.34630349234655,3.07288936946704,2.42583804365478,2.52307276896507,3.31187264235322,3.62368918647669,2.96841317686579,3.3030488438103,3.75886114731224,NA,3.78274947405736,3.57418833474115,3.64235657495858,4.02296606382483,3.74514978559048,3.89254184964397,3.89165223086983,3.90095432267504,NA,3.98172086784717,4.28568009028,NA,4.20073615509158,4.55461275491486,4.33553988678135,4.17868891517518,3.99012658336587,4.2940782225542,4.30316739175952,4.00250840251591,3.79361144134518,4.52613254890413,4.21117747584762,4.04377424428339,4.31563733611693,4.48174892869701,4.23150678230852,4.49280699134731,4.64545670716852,4.94361969650335,4.92889685174029,4.03161622617118,NA,4.2843255914338,4.53159760094387,4.45085559886741,5.21896058112059,5.85869771234433,4.63049968324414,5.2007398310358,5.39084543669941,NA,4.13000524195885,4.70067014772244,4.86683808589028,4.4125465662468,3.93578307404528,NA,5.34803367390487,4.91274201311781,NA,4.57113457801407,3.70639822417729,3.72865734041051,4.35866143478305,3.94963658780735,4.76134703531638,4.03438157838534,3.31398947133133,3.98911653548015,4.09193463571587,4.06765626107083,3.79005629526107,3.81931747516681,3.56108750848712,3.64624549886359,4.31981975447859,4.47976344988768,4.21953057292443,4.07779942282349,3.36784811163606,4.15422222382015,3.7726185213462,2.89017356065965,2.54601851549939,2.76276891553424,2.87803573201466,3.26489923971882,3.1944944496902,2.79506030679989,2.73141858742089,2.84659598715059,3.14781691546655,3.5419893355872,3.5266427958914,3.84375614273379,3.35840326217148,3.98121219385464,4.10084504882559,3.72646824624889,NA,3.67839453744102,3.79062960166346,3.78508969458568,3.76776479831389,4.05340646343899,3.84504836611943
NA,NA,4.45280816565641,NA,4.13933708889721,4.41146979984445,4.01971499513341,4.89953432392748,5.30964771722241,4.29653451139545,4.95677862999348,5.17352238844219,3.82215675828667,4.54541318110308,NA,4.35270482265547,4.82172368438856,4.58440797494926,4.43181408144328,4.27946547021015,3.79652022466564,4.65614455131962,4.77586388820757,3.60635137677662,3.98590559359263,4.02810793443026,NA,3.93488502416654,3.84492902660915,3.91347127553724,3.6421433821851,3.8553034392163,3.74259154876594,3.77666528605789,3.57942132057559,NA,NA,3.39790146663959,3.73841969463383,3.86144892892266,3.36733436858455,3.20314267289666,2.88871189221526,3.45095130978221,2.78935775652031,3.18009106519184,3.99575035567571,3.36824336003427,NA,3.70193638423168,4.09962762006291,2.9619709548975,2.94718644579459,4.55881765372945,6.18475430991751,6.55427826215311,4.42748798152582,5.0862401092187,3.97261368837092,4.03598864154218,4.55980820599957,4.49793103648042,3.93867132497755,3.93731469217444,3.8655812190714,3.62839977615339,4.7930978606795,3.6415357939897,4.19957690344363,3.32093551463481,3.777154529166,4.20702463154325,3.41407795044165,3.8557539789414,3.5709053189019,3.60193152341673,3.58094220774165,4.01696404162938,3.70866548677591,3.65520565200537,NA,3.44685495355702,3.69043788703047,NA,3.97075183922557,4.08763460021681,4.05767209860385,3.21576975418748,3.94110155199333,3.6174810080629,4.15908098860841,3.87842689786798,NA,4.02281900669027,3.83856516252547,3.16079368974035,4.63303845536503,4.53978820436355,4.38426978727545,4.32308930246351,4.7089944128483,3.89590945682625,3.2475854635759,3.90487771931747,NA,NA,4.40773395348153,4.91259347457826,4.76906129567865,4.4672653106793,3.28092991606897,4.31614077430389,4.21370448198808,4.75883849526078,3.60177872436403,3.94487056175297,3.92808044834175,3.44709898645095,4.13242278111935,4.28328523030639,NA,4.16723766756086,4.25751380604402,4.21173560971936,4.70811580074376,3.60910813049906,4.17512514763669,3.83468155884505,3.90385887780565,NA,3.60209386311994,3.90265289747039,4.5495177950106,3.47026563827039,2.87231105725826,3.97062779323029,3.19594006797803,3.12598831568461,NA,NA,3.15372589602292,2.55730619211817,3.7428593797831,NA,2.84768232888406,3.24204640409026,3.63058810917078,3.52349123285034,3.25319679891733,3.44015891741615,3.40926294965818,2.69278137638597,4.19739545783193,3.6351249400027,4.84293877389251,4.34425287364252,3.60537059963871,4.05435980147966,3.47201294073556,3.40496575226607,4.35551254269292,3.92497091297565,3.93477018371966,3.7383016438264,3.58166915236239,3.90784681563155,4.14964994545035,NA,3.98757275530533,3.7994951150268,3.56687046949044,NA,3.93202772282386,4.13933047295109,3.5787713936573,4.5357202353446,NA,3.98009243431003,3.83979655587752,4.39657559641976,4.23114040472175,4.75680486636854,4.19011160075138,NA,4.71984557857608,4.39988276398893,4.55762013832351,4.27949809436441,3.95626377145813,4.03348681522943,4.17890503784083,4.10760380649119,4.27066154705085,4.65700931734428,4.08475308354028,4.04495232876576,4.49654952232219,4.48353934868675,4.55052430429925,4.17931761441127,4.47719511532022,4.00263020505519,4.38403279163776,4.39892299701369,3.55952770206449,4.42161593734557,3.8979548392304,3.97778003142607,NA,4.27704341738056,3.69485304888395,3.98536087382318,4.04196012285903,4.91353711161018,4.24448611816463,3.87252260065911,3.54739065107505,3.50317990278643,4.0019511249915,5.09663525736469,NA,4.06294812888814,3.51439720374438,4.54057131787978,3.65059105819823,3.95174703002793,3.65741381375977,3.29507824527751,3.32866923852312,3.65661813071959,3.80166748350365,3.74799834652705,3.82144994833724,3.67576180947182,3.59522825837165,4.27018817969852,3.78470084110244,4.53789297159498,3.58640298752984,3.67143168313321,3.64645116723273,4.55912912026494,4.6286914671809,3.8983464413789,3.34807296127662,3.90896273143105,3.89020534501883,3.90786727746435,3.394249714494,3.49554485451717,3.3882006213817,3.64212724447997,3.82568002112161,3.32548457269181,3.7289693665803,3.80742846320919,4.5037103413693,3.96136766439998,4.34207941153166,4.84220352840038,4.61351757627692,4.58675181801955,4.05252707894827,4.53230790815699,4.41733971092997,4.14759139008359,3.82999749582171,NA,3.61017334924373,4.10493318496537,4.50108569338084,4.2921804213216,4.12716226186464,4.07160979543588,NA,4.84762092119031,4.96159194013847,4.82410481891455,4.55462138451506,4.58418827664989,4.48731957749043,4.6799342293877,4.09209450995254,4.27026835234459,4.37127615513225,4.14810394353287,4.55567498493886,4.21366632514462,3.72300890796565,3.63995392675043,NA,3.40312129309478,NA,3.91742485815341,4.06741813449319,3.16028279843588,3.33078309426915,4.06835596707035,3.99838491078791,3.51935026431776,3.68332098188017,3.18714348192945,3.36043214225753,3.42089757213768,3.88270825540666,3.639328285616,3.85945793914112,3.88475993740814,3.91875906624247,3.89659906817245,3.4601485884083,4.33427332021169,4.3057934062856,3.34713005567693,3.3580824657579,3.16244462715168,3.24100762690969,2.80510437363011,3.75028152636966,NA,3.05942092291039,NA,4.64774576898671,4.15986159381259,4.65643820121074,4.95404653465342,3.34538986568382,4.26651679695783,NA,4.07938990029477,4.87169084266052,3.36895507977592,3.13177008784586,NA,NA,NA,3.04097070989994,4.10752862412347,3.44306703182278,3.32105100304291,NA,3.03017417031581,3.82396501761867,3.20495369209437,3.51056538386043,3.78013618359763,3.407484874082,3.02785077455,2.62724208931736,3.38648944708471,4.81569923671158,3.65979930133399,3.6987012555676,3.74876629033796,NA,3.2677994442461,4.30473782971073,3.52268110105714,NA,3.3807092810035,3.58518248477726,3.63876523292673,3.82045817774806,4.2157995113206,NA,NA,3.97583843061643,4.30479208190133,4.18434265262644,4.03497849812077,4.12143746758805,4.21562105116098,3.87075329354661,3.69436027965206,4.27328607861848,4.0086999619215,3.94144847974156,4.00651602404261,4.11519157976932,4.17306877126585,4.52643333563789,4.13208952659306,3.64286115069416,3.53207883307702,3.6546175595692,3.66926475598775,3.43956205096215,3.55031675120563,4.13451080612398,3.64993982539069,3.70758385592269,3.70396608412198,3.43409108925383,3.67653803087242,3.61288194075178,3.92587322967313,3.84802081972547,3.5111070886694,4.54351414295807,4.10338797109275,2.88939115963265,3.29175638134168,2.40731723628601,NA,4.36002460381014,2.70817716315014,3.50022309725733,2.92822451565871,2.85358325917076,NA,2.74065256018892,2.69325957880997,2.4970032482813,3.28138043598968,2.84333537643721,2.99557279460711,2.57324254755081,NA,3.12140900216567,2.76239498068871,3.2013510496227,4.34556896590555,2.9639869276838,3.05853502840067,3.54335424248007,2.92506793844391,3.98526727714321,3.34248208494701,2.4974120575352,3.20080823254139,3.2175188719915,2.938610671306,2.74732941802202,3.12611529716347,2.71225820193403,2.30619161240406,2.50777641947929,2.64148002450739,2.28878285697964,1.34630349234655,0,2.54080518113582,2.04722696700703,2.16918131659212,2.89710972408571,3.18913143787619,2.61494383807244,2.98476430335327,3.38042885699905,NA,3.35333555554289,3.22923005312379,3.39037463762104,3.73992074462228,3.4359675717657,3.54605856476971,3.62589436426922,3.61089266774978,NA,3.66802188232201,4.02563495486487,NA,3.8917168035023,4.25006979510238,4.0770863943977,3.89049171737339,3.76694940242947,4.05710789826518,4.06615463467646,3.74878623510115,3.53293824925173,4.30294346192507,3.91451311303368,3.7452771281877,3.99728568787582,4.21216006799543,3.95354861360666,4.19814923135979,4.35419766502575,4.64808410755671,4.65623658331742,3.77005146252131,NA,4.02959600327827,4.31798315661638,4.24010009904555,5.05942996116697,5.72646489628238,4.32473425787106,4.97781998179189,5.13419738965478,NA,3.85814751474352,4.46508645471163,4.59958204677573,4.23759974873773,3.69186915307218,NA,5.14175208652535,4.64882636425353,NA,4.43434240398548,3.68238491877729,3.59348982963218,4.35072329935343,3.69432904232758,4.46441521797977,3.67101619412597,2.9429839707959,3.62516634971838,3.70605128238304,3.60030020624652,3.37062200834774,3.4049103027433,3.1497240286129,3.22925588985563,3.88064940533668,4.05875553279819,3.75758148886583,3.60726863272148,3.1499071319454,3.91428911243696,3.37995897380283,2.7000752809457,2.32819113796038,2.51247229179291,2.42163193368012,2.77132719651801,2.74860550338602,2.30417721226572,2.39461587301451,2.36419405209285,2.68783456967105,3.0027439216684,3.05718850938723,3.37266420597037,2.90416097649393,3.47685052958183,3.61001755472134,3.3207721673589,NA,3.24925561845292,3.38692457735915,3.43495364005534,3.43636497355888,3.65824889034645,3.43658276735407
NA,NA,3.43164720761371,NA,2.9270066955248,3.39935000698012,2.90855853644558,4.19587350120653,4.62320287350236,3.5742770040198,4.49061163677125,4.66357484001221,2.54530964098089,3.80098733703184,NA,3.60730459891232,4.45120183842221,4.0796463334396,4.00061208302362,4.04504354070031,3.39160182751122,4.25527906625703,4.55568123452017,3.25628918786648,3.80766785863789,3.72080272029738,NA,3.44341029906881,3.40173181690956,3.67165989109493,3.0878385570343,3.35896316191783,3.21391731253861,3.2704761740384,3.00791828405221,NA,NA,2.86411461516647,3.22195348298318,3.47016175734713,3.05119643995792,2.73376362956817,2.71356547052411,3.12862609251008,3.08653253030051,2.72049545831528,4.17847943522372,3.08589407437301,NA,3.10055912328276,4.34824057972759,3.49379965465783,3.27969704798985,5.20557567116913,6.89402860936578,7.44859651840036,4.5868669138596,5.7838568214907,4.52475962437253,4.44791346563627,5.09546517235317,5.13078261896447,4.31123962105987,3.64132777532795,4.11127134526295,3.26940377606711,4.48140103703351,2.82974421117503,3.62896821932456,2.33293625353353,2.84411718895388,2.65568219383177,2.17366698852995,2.68590015588927,2.28624540528315,2.11224338611408,1.97342732665873,2.8327992666798,2.37182625464656,2.21384733060376,NA,2.06808433072707,2.17379146515118,NA,2.3821213042774,2.43378316578563,2.64266969679989,2.19794866535944,2.45884652725671,2.37193256312497,2.86020571416773,2.38138685614568,NA,3.10086403205155,2.34087437492517,2.28577171629028,3.01443099975099,2.82983144787935,3.32744906549406,3.19164801603651,3.84648198530099,2.6277648319867,2.74071034242891,3.31534723833673,NA,NA,3.75973995692341,4.48995264368307,4.45190014621066,4.05381337921413,2.91582428998906,3.97696772808911,3.74046891246952,4.53595400100777,3.15663116168427,3.86493639663189,3.78427559571592,3.1272185286515,3.913880492295,4.18139232142958,NA,3.51663682639566,3.73658598727247,3.67006004540607,3.99133579221439,2.79509291453988,3.60607736775734,3.43968509842296,3.38758503488088,NA,3.73020522667132,3.91034136887175,4.3473713963463,3.47914548900161,2.81163753371789,4.96753457291971,3.88523657426701,2.75291824250978,NA,NA,2.78461968491778,2.41985017348714,2.56761460296692,NA,2.76373485659262,2.98700061893599,3.03199205884159,2.66227024236262,3.25368482834734,3.2531016073403,3.31693140043915,2.54972116430581,4.58803031495597,3.27728093714315,5.5770930195708,4.58361043562657,3.41790085958043,3.72718816253492,2.88256532770326,2.62735009745808,3.08439464830543,2.71190831229254,2.88145162524059,2.57500606198827,2.52840593854997,2.88098685781058,3.23168671923811,NA,2.47597424700827,2.41575932602392,2.51805846540165,NA,2.66093241870214,3.25449977243386,2.65790059883823,3.51945827806816,NA,2.86730475887331,2.68413780588234,3.3206733420903,3.43949389719221,3.67383406720959,3.07169499526206,NA,3.95627658627747,3.40281716624981,3.07941988231817,2.98152993832438,2.71897091790255,2.93695258258367,3.10746074517336,2.79438638254484,2.92732193566309,3.50782590740412,2.83945034741321,2.85860353431809,3.45803244630822,3.39838726264835,3.58813462133805,3.21235948085567,3.52602446572038,3.37944366510439,3.6851768372291,3.80066234593394,2.89200356846419,3.55175430346502,3.18486787483569,3.40841922124819,NA,3.80927176195695,3.18287532288398,3.68019575371136,3.92062068227453,4.72032889063153,4.38455287136203,3.42687642677782,3.18540928365641,4.23691577011247,4.71923885938479,5.10627292347549,NA,4.08076913435098,3.37030004763957,4.39882053029964,3.31651458511891,3.40279398034936,2.96219610121443,3.04340677876051,2.99444419127684,3.05160407569933,3.16448477735301,3.2755693157302,3.2364723219484,3.46609135879172,3.12614015888063,3.83183550095009,3.43755359864783,4.19943901531396,2.83342842442982,2.70918046085321,3.05274408350904,2.97602868060022,3.67658108300611,3.17348393955446,2.62994995263873,2.85408478082684,2.90411027838158,2.74134013308577,2.71087139164621,2.58931954039044,2.49589482549563,2.6343344229121,2.9664418736838,2.88392548806878,2.77798464555462,2.6465728495986,3.14451488135924,2.90035493180792,3.18072406815646,3.75370944166146,3.59833622158713,3.5080054318994,2.8738707028759,3.66814836370347,3.71831181261629,3.43629436562359,3.02087621355491,NA,2.62386723137897,2.8639773222801,3.04888732407292,3.18456477000437,3.24668741563515,3.28977193157198,NA,4.18381992548765,4.45047429647408,4.28934272217677,4.01625723359433,4.16484307818346,3.9994727545898,3.70743189514933,3.3761781373314,3.47150826118152,3.67696837096598,3.57349850611603,3.96043644519583,3.66835377172802,3.25904890077174,2.94569128875296,NA,2.90564057095739,NA,3.68716433440161,3.80356528329697,2.96774294213585,3.09475792305028,3.77795256907849,3.64873118925433,3.29627103451953,3.3567240502732,2.82145461345886,2.93068868134478,2.83783975989156,3.18894436008638,3.07715985727372,3.32381361809945,3.47495691813645,3.36324169234195,3.51778013370087,3.02985760241562,3.77871542002711,3.7409678361386,3.0376519192026,3.2879851035922,3.38961974814818,3.09028211160468,2.42705686203075,3.26234570792509,NA,3.05979350098769,NA,5.3793545968105,4.32641988243084,5.34468481565847,5.60539812027816,2.99537298114156,4.46753336455962,NA,3.68327644482661,4.60113303947771,3.05994993343352,2.94777145631713,NA,NA,NA,3.09013438159101,3.29267783014576,2.76172719251916,2.86857360532986,NA,2.6273503238701,3.46170033510333,2.757283966706,2.97351089514168,2.69717211531017,2.87076018391575,2.89370485339724,2.50255731909772,3.67311087993434,4.21027107660372,3.11942534578435,3.01270996466325,3.0982871651081,NA,2.68232008581049,3.74357384215662,2.65787983304442,NA,2.35475596849097,2.90178560788508,2.73281486791508,2.81416727907031,3.19148103945791,NA,NA,3.05874365770373,3.4017756212976,3.40704294469752,3.2941310297619,3.16040914745577,3.02240456518846,3.021795551803,2.86266065190732,2.91641791991928,2.84795198803439,2.81618944654348,2.84289147546149,3.06540192394199,3.45821939876134,3.91887069401336,3.4784068404479,3.34225907983907,3.35316924242225,3.4180143067425,3.52278444869962,3.26684361877395,3.3581887409874,3.96026490776199,3.26009974302302,3.42759980141556,3.49185693169501,3.23512724504834,3.46872624564239,3.4020027896457,3.75744764595209,3.81209903348199,3.38302626083262,4.43405948110838,3.98177922677715,2.93251895617207,3.26480563968292,2.91316810636771,NA,4.13767243723997,3.57160148438399,4.06519446231254,3.05872193716506,2.83494759442978,NA,3.27313520096128,2.90208432243314,2.75795088761352,3.63416757336424,3.63476729816217,3.4684068528777,2.40625820291837,NA,3.25765122399444,3.38773791922941,3.003920001308,5.21246974718219,3.32773795436258,2.85778179062587,4.14325311718553,2.92838534566156,4.56071220025391,3.6734044908126,2.11111729147263,2.61986593503581,2.22755263166026,2.57467127528771,2.40169616265635,2.93298056634231,3.7362357941138,2.99615867650868,3.15407294372354,3.63524926603772,3.2851016037267,3.07288936946704,2.54080518113582,0,1.40669459964778,1.68930836208998,1.99478120383391,1.53066133420932,1.73374039539963,1.82898127994603,1.78917005300213,NA,2.2930322769239,2.4382305219489,4.50348106849116,2.74805386866904,2.48675533335054,2.56893059735734,2.92761076063872,2.76425834380315,NA,2.8798498723371,3.3818149569852,NA,3.21185020819544,3.4625226439455,3.43434540117043,3.21095323303814,3.26321432723206,3.49930719710691,3.57665941569369,3.29580772311983,3.08582546667318,3.99913448401853,3.49458649828816,3.24736857317662,3.54773179122838,3.77812445281656,3.53437073897541,3.76136824889652,3.84337152302505,4.18063718716146,4.23246836556262,3.33989316004122,NA,3.37372118644215,3.94728333401526,3.80531992194025,4.87875295446324,5.59187180595052,4.00656241047657,4.81271722688892,4.8267372864616,NA,3.63546044695538,4.31074324231396,4.26845772991955,3.85941366225992,3.27633275726957,NA,4.92323689782743,4.39804021607185,NA,4.13803602832018,3.61076934324656,3.40049205070143,4.30707547593146,3.58703342026449,4.32678156025406,3.22100759042405,2.59889011466163,3.31785554621631,3.59944582092885,3.22269963766282,3.05666684889804,3.03422397348019,2.93289559864875,3.2552386618241,2.516999956791,3.8907096878403,3.28053053032866,2.78962841439822,3.60883644652567,4.06713285649535,3.76321766913684,3.61880766552611,2.94053922406616,3.42712334219737,2.68090051572272,3.08957499002174,2.68062503309046,1.95442516048099,2.76506157546,2.05847984986336,1.70463543298603,2.24072816300537,2.10089831359915,2.25431199787271,2.30577727782534,2.80678937867257,1.96843770192131,2.15266267334715,NA,2.29576876101441,2.54800738114531,2.50217950062861,2.37364293399359,2.69904807616511,2.27087725774383
NA,NA,3.32920424589347,NA,2.96263596286829,3.29250571218924,2.82888886994289,4.05570769640399,4.48128586010041,3.55629295441708,4.40902673602047,4.54742828949215,2.67584618204339,3.59632794487088,NA,3.51975565352401,4.29224178455329,3.88538482029875,3.89508610466709,3.9419047686053,3.31054789891053,4.07858313091812,4.4866603381703,3.10356519228738,3.67966029745431,3.69395862280648,NA,3.38649305925222,3.25442204446176,3.53207789028004,2.88269210146582,3.06098058173357,2.99185179207295,3.04626580570069,2.90633489690992,NA,NA,2.70707909810571,2.99714087792778,3.20478191388961,2.75116261318238,2.58320718841016,2.39565443548506,2.88299390556453,2.72864329201204,2.62891986090736,3.84567663062061,3.04554984507403,NA,3.17488170358765,4.12716971542052,3.15651014813406,3.04319781584849,5.07147822685477,6.75657816998135,7.12256170519576,4.56190951636409,5.56635962295323,4.26379077434098,4.2819076516189,4.98855103521947,4.97111898326215,4.22265739199722,3.77366174293968,3.99750351119039,3.41197013521117,4.61399717602963,3.02068814077531,3.79897638928512,2.63784668982673,3.10522425722113,3.14349527501523,2.30261017514685,2.87810291517384,2.4660403816727,2.43800276385042,2.42836045606884,3.02649032123709,2.54756100771365,2.49052658961706,NA,2.20427395209241,2.51073277250802,NA,2.66232451845998,2.8863823522332,2.82257194654472,2.1362763085203,2.69586960960816,2.41370698752369,2.94829763595009,2.59384228889278,NA,3.04922832895573,2.570321524316,2.17743665708718,3.3131344859948,3.25765520263548,3.28566348296073,3.17741337527844,3.81270463532546,2.85893709682775,2.51693615774374,3.03081588122211,NA,NA,3.51051470455646,4.13849333017991,4.04492816417835,3.6567133981371,2.6537427872198,3.61598791357249,3.38088355209611,4.32947190581254,2.83294579470267,3.38917135948048,3.43808277779755,2.75659366802458,3.69704570844852,3.89984246084912,NA,3.45203476239525,3.67548762962748,3.60066980080037,3.96994391388012,2.77013304558537,3.65799516314968,3.3588887644008,3.32141696129398,NA,3.52747430688308,3.71485933932285,4.2875118838492,3.21177846151682,2.62904133968241,4.5375067288512,3.45823579594469,2.58005193008406,NA,NA,2.57497253080469,2.19914795135414,2.91344333467321,NA,2.78638344753143,3.03433195625779,3.2877463617528,2.90721636600038,3.11086090516581,3.36049889283172,3.39010544222005,2.49429994824308,4.50596398684908,3.48428784124173,5.43906410413255,4.57949994926916,3.4595770154796,3.81494274082128,2.91770021942479,2.84642913236068,3.55266862641305,3.07835140251828,3.17018361248863,2.94252528552061,2.89377694086217,3.16601311140797,3.4368785484417,NA,3.0625080917697,2.92575588281726,2.75911602467931,NA,2.97156110787159,3.27338166657923,2.72943886677807,3.63602520600717,NA,3.03093637746515,2.88476924311052,3.53331837602919,3.448053414609,3.88854097561444,3.3531318621025,NA,3.94884260895766,3.47039513799145,3.53588333396812,3.20971386186028,2.92149459954265,3.12933585117616,3.23239250468899,3.10477873674926,3.22135374543676,3.65930673100448,3.13970643167394,3.03927183709581,3.54226990895181,3.50171820247767,3.6685361381044,3.37075382997505,3.67135531687996,3.32187821442027,3.69019549587917,3.68606405228207,2.80843670069214,3.68725044876067,3.06327851359663,3.31403478581458,NA,3.71634394232163,2.92536698448761,3.34436669633761,3.48959536264837,4.52213677237162,4.17704463640519,3.46917500570681,3.13281198563227,3.93354502941122,4.36243574489733,4.99286621190217,NA,3.94096976542991,3.13112961574821,4.32342250026116,3.26027030774857,3.43175596224374,3.06410907884192,3.0270285198835,2.96164303926451,3.21366191442716,3.34299117108404,3.4287310746644,3.46816348628272,3.55986445500823,3.08044442931763,3.83471263114431,3.53680061021661,4.1171936245574,2.8333169043117,3.0068362225602,3.03298753876708,3.70383579695224,4.01229415932092,3.45088087201636,2.77279051043751,3.01657181570786,3.09590568363188,3.18312168223279,2.97023445753943,2.8884587121264,2.85502668820532,2.8631208796352,3.26790995931781,2.91395974436416,3.05478103581189,3.02559916801178,3.61566725193857,3.19879116838751,3.56856125682079,4.08213217596671,3.82065713647681,3.8597936099067,3.26182081898317,3.87449122582494,3.8018680402007,3.4514111804862,3.02579956929459,NA,2.61183784746262,3.19916508343616,3.47603207263209,3.33314098694287,3.27293905300601,3.28135343211042,NA,4.13801132134079,4.36328883517335,4.18448980331374,3.84159193561164,3.9775658370672,3.91889927252224,3.93882416231242,3.3513780273085,3.46846979435638,3.55539759354844,3.40359674924545,3.85516568988017,3.57405212953437,3.11040439120118,2.88312807030012,NA,2.74937655043987,NA,3.56812580110444,3.7242156392886,2.76190078405352,2.86703776880741,3.5828458899186,3.41402126049445,3.01531517937967,3.14860705036306,2.75033661849181,2.91976479704638,2.72632598403629,3.1740933734651,2.9372638663553,3.24512685034662,3.42096959603839,3.22700921382678,3.32381321569877,2.88100973416088,3.74076592322438,3.7094407690919,2.94672331999132,3.1608740470297,3.1244991082565,2.82437799653559,2.23908894705918,3.22645547661455,NA,2.89966677321058,NA,5.05344056453504,4.1130451213141,5.02810420653867,5.34758912355804,2.83330755964511,4.36165529992765,NA,3.60618205794674,4.44594549607562,2.78913018798725,2.63295166272332,NA,NA,NA,2.96119558342494,3.34800488023467,2.77692643091274,2.77338985016285,NA,2.41618123323427,3.36401755819836,2.61466164080772,2.97265486270526,2.96362670415092,2.79084577757722,2.60940024610464,2.3923953989268,3.34103780138424,4.40716751469911,2.94860170612665,3.13475293620422,3.0910878185969,NA,2.52516681586268,3.92126915942783,2.65697815315357,NA,2.29744957662262,2.61919787710861,2.62973015047271,2.77723840468413,3.1919124041425,NA,NA,2.85922954622593,3.3423496273498,3.22869110961361,3.02875892284173,2.99120480761595,3.18867218545642,2.88540387763959,2.61232177439218,3.10163793536836,2.87927260903456,2.73699161236031,2.83887037669976,2.88635127025814,3.29600782402759,3.71844874970011,3.3764431621235,3.00729513401805,3.06539183490651,3.08698259624489,3.15067213385092,2.86721539649835,3.10606876776844,3.89016289739695,3.13850870620875,3.26846465782796,3.07686763045215,2.85389888602597,3.14709354875456,3.01427679833769,3.44649135350903,3.55114322291916,3.07203100657703,4.28566828862097,3.82074126806517,2.82389548706313,3.16371897762151,2.61749088752455,NA,4.04154239474713,3.05345350547922,3.68955243651348,2.72263584587375,2.55016343116492,NA,2.93656296441771,2.56845822698705,2.43502025611569,3.39774601810566,3.37883339692476,3.20085043642724,2.21948159939718,NA,3.01996747973398,2.99360796625048,2.92538453906083,4.89893670294093,3.00127371191011,2.80171252494136,3.87573216417027,2.81304941808915,4.37741957037211,3.58645245880791,1.8463772822978,2.81927321458805,2.59192289860987,2.43380164449854,2.23167120534735,2.74342733467443,3.39364000645764,2.81220574363661,2.83322655259142,3.17742354438535,2.83278186166904,2.42583804365478,2.04722696700703,1.40669459964778,0,1.13732564363064,1.69127147172161,1.79755792094951,1.45294290122248,1.62497277361513,1.91459962303659,NA,2.20964706457501,2.2147727125579,3.99006584923846,2.61683304118408,2.39663641702616,2.44412916870656,2.6389227288156,2.58030287884297,NA,2.65486991639856,3.11985220712711,NA,3.03556514758223,3.33835902570837,3.2071933113343,2.9863531861848,2.92971016142845,3.18915918826152,3.28301008057761,2.94961573397879,2.81340022387148,3.80393757893246,3.28711500662085,3.08755666054916,3.4227673033864,3.52247560850726,3.35306547229904,3.61349471754347,3.73004691506644,4.03873519320422,3.94595971947414,3.05618026273814,NA,3.12526783570984,3.73715357611735,3.65178241317907,4.72733378395929,5.47515902806835,3.97435748924735,4.73044161755146,4.84225059762877,NA,3.59361196389945,4.23972177758574,4.29072242447362,3.82669729952572,3.2871722311067,NA,4.87415980938359,4.41501286875982,NA,3.94105466451938,3.43125910350581,3.31860345846124,4.23506244592599,3.4431295884556,4.24690112615869,3.22789208410216,2.4764913437242,3.17869432590769,3.44713890611986,3.26864354872346,2.98056813933511,3.04488495025317,2.79466041383972,2.99931353346257,2.85003683350885,3.77904833695108,3.09300356558934,2.82354252560991,3.31799542061433,3.8432891144699,3.48469361927439,3.28801357326868,2.65945860515093,3.04570182994508,2.45701663138736,2.99647852178696,2.62197243949904,1.82789456953427,2.51991300721572,1.99246844610094,1.80565290450481,2.32224077210041,2.07274136684353,2.29254008021263,2.10454208266963,2.72749258303634,2.46446883183315,2.15049021956197,NA,2.20099493005639,2.41528140345013,2.41748129609243,2.32947498210229,2.77269064989864,2.39280098212433
NA,NA,3.56579775040602,NA,3.12816835651792,3.49423326901395,3.09756608307073,4.19886010372433,4.61788080131084,3.54463512059135,4.46067844312617,4.61997838958998,2.90893410388369,3.76652945242533,NA,3.69075194355352,4.27855774789945,4.02685108148852,3.99382933210558,4.01951598874441,3.34560972827076,4.23007042825474,4.47463529804102,3.17581022331094,3.73488904492552,3.73883399301748,NA,3.4359675146572,3.31943521779748,3.56952406299645,2.98829886078296,3.19977557441455,3.1236878565308,3.1550063182103,3.00092259989302,NA,NA,2.74332811613293,3.04138318486088,3.22747029280972,2.7324196286751,2.63934359825089,2.44801040032912,2.85584110340844,2.68615214737886,2.69398585609732,3.71443952281689,2.98655263389123,NA,3.17005370956713,4.04421825851833,3.14178578412304,3.05984012748852,4.91008336295236,6.5892862375156,7.04406846990748,4.49280225792487,5.40802643182692,4.22201791183961,4.26234915490606,4.92336975826525,4.88415368909884,4.17088583565026,3.79450151763481,3.97211180670982,3.44088086430955,4.65594965704176,3.03202648203976,3.74408790424429,2.72199012885683,3.07298277787573,3.26704643495274,2.4674103236366,2.9864336988522,2.55023466164635,2.58836988142213,2.60606894364276,3.05670620279879,2.64808706942696,2.5945953252617,NA,2.39226199132314,2.66929981323561,NA,2.84304883052837,3.03514931606117,2.97749458641131,2.26216182730456,2.87761198410897,2.59792324244916,3.12616409591803,2.79723129463755,NA,3.21254536613775,2.81588359991901,2.29825714235025,3.6278986696005,3.55199543431698,3.50355613923146,3.39100678170988,3.88422400253029,3.00929422028898,2.56989848557332,3.22264155809248,NA,NA,3.75198329949867,4.24231369694664,4.18332575338509,3.90395445332251,2.68378660644836,3.81473329837362,3.59751144308461,4.45408355953519,3.06192311980833,3.56380595412538,3.58899827988222,2.94609280889359,3.75239858421853,3.87017625188244,NA,3.47541031916511,3.62769463662902,3.65114100608198,3.89236204134247,2.74771295021504,3.5614804582302,3.22412838680158,3.10888489558223,NA,3.45920207629966,3.645960208287,4.18681996224399,3.05834386529103,2.49593744852322,4.3602059917856,3.23187671353398,2.40067062639458,NA,NA,2.65096309642018,2.08047654199368,3.01746354902643,NA,2.71932426828336,2.97160992350205,3.09952730682562,2.91097311718103,3.14555743546411,3.07711044116117,3.29244014681175,2.38344901570611,4.43301781076852,3.40185594693652,5.28921774020431,4.39491398561326,3.3920856389698,3.78304677908948,2.95446063916778,2.86695795922053,3.58016909510152,3.03987329244443,3.14029139189558,2.87243475583661,2.9157812732709,3.14241026037899,3.42985729811057,NA,3.18586181588977,3.06640971848157,2.8662330629784,NA,3.05401041205538,3.37391177012489,2.8423827017383,3.73934043986113,NA,3.16392219444349,3.01565119793345,3.63678212586887,3.46409955221212,3.93853285960619,3.42063379738659,NA,4.0653285979705,3.51254706181466,3.57089685839899,3.29118857897365,3.07078306597984,3.27024889598759,3.42061718109189,3.24161332034675,3.29230944053299,3.76414833406464,3.34868053420002,3.25151241913437,3.66979052710239,3.59702531109625,3.77889791825491,3.4431193374067,3.72982423528599,3.47789572536535,3.79319942733863,3.81207723122649,2.99794819311821,3.82022635020189,3.15379863407598,3.43544859706092,NA,3.85924641298423,3.18487946615214,3.59651074328147,3.76326514041216,4.58605421039297,4.16035527642684,3.50319005132325,3.18336355915462,3.71786180272869,4.2777246393886,4.95285612186497,NA,3.81912458224057,3.18350974932016,4.30443688735647,3.29056121733466,3.41686361344112,3.09954765666291,2.99981193092362,2.88253210049882,3.137738856795,3.20925407737987,3.21602806711828,3.2501613850755,3.39567313910673,2.99045071203657,3.76634302314714,3.41371477943602,3.81382811786234,2.98641661377208,3.09952564513512,2.77244636991471,3.81402255083294,3.87704780505859,3.46351174357132,2.8394144362262,3.03911187585725,3.14623375355329,3.16077242632618,2.81043939272965,2.73131660948299,2.83060594130583,2.89693172563335,3.02229978558551,2.82367537353217,2.99663033015757,2.89076520958103,3.53700531522817,3.19569232225244,3.55820373758664,4.03012525312449,3.8391124284887,3.92539509999122,3.3123830649446,3.88738090410971,3.70099272621165,3.52689313433719,2.90480362680391,NA,2.81645889118853,3.31465443456319,3.5793654160521,3.47935275039071,3.41828613688658,3.39130389789221,NA,4.24642549651809,4.32383782844419,4.11427046155807,3.86395923380822,4.08169492293085,3.86023701455979,3.93523738687896,3.38892112598978,3.46452129582651,3.58500584642074,3.50107800278163,3.99995229932399,3.67469691611558,3.07055573899983,3.00218523083367,NA,2.89209903159076,NA,3.68022294938329,3.65931230227572,2.93592214768346,2.99601773960835,3.68030076276195,3.53585681262732,3.18533423365916,3.16496588515085,2.82226089251417,2.92990988671987,2.70700961417777,3.03834642970823,2.74697053466861,2.96370084229088,3.28519835535954,3.20570010633844,3.30887087173393,2.74946494660357,3.47662055207765,3.73012106179063,2.85335718003717,3.07827495230286,2.98554790082485,2.88366794888186,2.21269083114061,3.02375721195138,NA,2.88104930868234,NA,4.77620812000339,3.90149624459372,4.95757057993072,5.22132588730269,2.84226447174241,4.18004440404925,NA,3.69177765450892,4.42749438948681,2.86447040470303,2.71751445622142,NA,NA,NA,2.96096507315319,3.44560445308052,2.9032142378031,2.90558698059267,NA,2.51015426760334,3.27233607548424,2.65867246462269,3.02124786361695,2.99029672110688,2.8322777047254,2.6104037300587,2.42335444463494,3.37614527407043,4.21744774436741,2.59844211312854,3.10372805766648,3.22042181633814,NA,2.38522548956693,3.86693745442604,2.64640962103733,NA,2.31703583657293,2.80365393850579,2.80043725227579,2.96313998651808,3.34697809811722,NA,NA,3.18342761186181,3.48379385565047,3.43972078176115,3.28815065138745,3.27475557286678,3.47129415638217,3.19518409911899,2.99389281951578,3.36125021805387,3.12799515592418,3.02610082546169,3.14346981398929,3.13228656101916,3.39257312996825,3.92449592424318,3.42843495849362,3.17453092836755,3.21012298247637,3.26593897821713,3.43036463647527,3.08864778011014,3.19365813487617,3.94839625878398,3.31902912353002,3.44796595546659,3.33857714184228,3.01544093264654,3.32861345791818,3.218247943453,3.60095520904335,3.73281033217543,3.25706875945217,4.43970153201478,3.94363557900175,2.88859733291292,3.22519625842907,2.59593909502538,NA,4.10692955626479,2.94900775836237,3.44900855988468,2.68638600428338,2.59166827008473,NA,2.83375499544614,2.54701258974567,2.39450209422361,3.397706010277,3.26698547093469,3.19211525383373,2.25299098294499,NA,2.98643958672586,2.94982825477911,3.01401297939382,4.86788448167881,2.96092822102444,2.78446534782658,3.7521050854895,2.87263908606466,4.27015601996708,3.59084572178687,2.05881940590374,2.81456604791633,2.68583272080527,2.43552402969226,2.26647274682934,2.71797468197705,3.2904297371869,2.68113432933447,2.78357877394465,3.09339850400492,2.72327362114422,2.52307276896507,2.16918131659212,1.68930836208998,1.13732564363064,0,1.72046875498413,2.06514079817549,1.50829167144854,1.93540436290567,2.28882667200605,NA,2.51431015971412,2.57524553968071,3.86068877407649,2.87823914700972,2.65164194845923,2.70994074264197,2.88461676149767,2.8083877356904,NA,2.93431323421376,3.38282636652632,NA,3.23645215945742,3.54401553851461,3.38855832638729,3.09011864388882,3.12080678846365,3.37163345987216,3.44899202172955,3.180440506325,3.00586068471801,3.98192988210416,3.52945579059787,3.30924633225962,3.573863480526,3.69998195627282,3.47017588691127,3.7302539865934,3.8978068314626,4.18727617301762,4.15733327193494,3.30781569104604,NA,3.35276174805389,3.88129844952373,3.79879630224494,4.85789445400573,5.56008969943231,4.03747065836045,4.7279940398562,4.84029198638227,NA,3.64354905429589,4.32677751608393,4.31723046332465,3.85154098639909,3.34401735664696,NA,4.90796154656348,4.46913524388719,NA,4.02288984194093,3.50174964207146,3.39906031683955,4.22076673112402,3.51663585108976,4.32708898794407,3.06695180986875,2.54322839786916,3.32595931111336,3.49385097638332,3.32515794878442,2.94907353779635,2.98670057871258,2.77439041869373,2.92530049539551,2.93923734243021,3.78841974102985,3.19388233033039,2.96338534735827,3.39152180805483,3.95178624483105,3.5307550180742,3.23091683174527,2.65598902880734,2.87132150306823,2.43617545126416,2.85011423006162,2.54006965130951,1.85721741995026,2.5179069209514,1.97786487496454,1.8241236293641,2.36794137626843,2.14140819820143,2.51016071636549,2.25556261009247,2.85625102079536,2.65875028607021,2.33002615290604,NA,2.41476455043091,2.60133227820477,2.64918864882734,2.62391853197952,2.86587182692559,2.60266664335167
NA,NA,3.2193557765962,NA,2.95376763073881,2.92602006450181,2.65105392267743,3.87477668367821,4.26362288906779,3.42327380525517,4.4094978323902,4.63361313827668,2.83331001234824,3.57942685821307,NA,3.30783473427012,4.20445610325964,3.77615951146312,3.65339651404251,3.92826718509492,3.30860548500305,4.06811968359649,4.64284133457164,3.1240684563741,3.73756167684437,3.84558889688005,NA,3.54452464404453,3.28851761690947,3.5701443061743,2.83054524193859,3.17242391892859,3.093411718471,3.12290448584315,3.00766303949609,NA,NA,2.87096315296025,3.16111104468285,3.3854689773841,2.91449623307967,2.73642843147872,2.81839714743712,3.25021881391717,3.30861569111396,3.16255267379519,4.40271586364521,3.53097679506007,NA,3.71976556777027,4.79423920898794,3.86656861325598,3.67767678927761,5.59906943021625,7.28058798707131,7.65123291306367,4.99561709995687,6.1702799932001,5.03544680040133,4.94208399610845,5.62160446017477,5.64896637220613,4.81340072791599,4.28541818421229,4.63035328675884,3.9956857201962,5.01024717021889,3.27103335488314,4.16705807760324,2.9897488365947,3.28175413556503,3.28068923653194,2.39935932257793,2.80484001288586,2.44662643038044,2.45336108285101,2.49691831550018,2.98405047666321,2.56580660264646,2.46970762991326,NA,2.1804143316032,2.58590886439465,NA,2.60386129467973,2.88969105024363,2.56958796219674,2.19859157570598,2.51047286942008,2.18627945034866,2.5880847019849,2.33007828305094,NA,2.74613117882833,2.44675091501918,2.25017984290766,3.25460478608957,3.21421654932403,2.94804241627987,2.80936753842444,3.78392091327225,2.82142003934517,2.72760077022456,2.98947739346039,NA,NA,3.27339932191784,3.89178536354417,3.99285683465296,3.70176452438393,2.89307158839858,3.73450324911227,3.51656609981222,4.52577744680185,3.07665775489472,3.54537731382029,3.61718062908487,2.84620052421047,3.77479180112515,4.06420968562236,NA,3.52272932514187,3.67728985142202,3.58096074174852,3.82910484968309,2.84403335628364,3.72515076901572,3.43612408092099,3.34950055212277,NA,3.74658950987775,3.91186697623317,4.47694116486828,3.60325463986226,3.1127370631757,5.09512815724286,4.10150543949744,2.99444740994646,NA,NA,2.94915509018762,2.75478831431638,3.27969164468742,NA,3.50939547365768,3.68253617266899,3.61429746577982,3.28366373631973,3.65410269276903,3.56664400337597,3.84796909626096,2.89085264526992,4.89756942941736,3.91530566521046,5.97989843448742,5.00195602834155,3.88200020968634,4.13967812303867,3.28517461859937,3.12257769129588,3.68667722258697,3.18034597309789,3.37636659487434,2.91463954303759,3.09966583315387,3.03994391659743,3.31347101160131,NA,3.27145218943916,2.89710404541938,2.93223078542079,NA,2.92150989543201,3.04262326921641,2.75445121458306,3.43753355973963,NA,2.8217376760866,2.79891346998011,3.23806416123549,3.01559280906639,3.52453534407745,3.02422303643907,NA,3.77585729025484,3.21667109012315,3.35516292949459,2.92191403512808,2.73338910411001,3.00194613283661,3.13925370692162,2.96625069773369,2.96979352299897,3.34287678620758,3.07118360605199,3.10823972338195,3.45034196518431,3.3955658055051,3.45518825742408,3.30520036326179,3.66174898012067,3.37914544160441,3.72079232829504,3.74636244145321,2.94880723333001,3.78069426496506,3.03485203243368,3.15569305052332,NA,3.83998191980879,3.29083175907126,3.62684268158384,3.73306299477136,4.85507114547926,4.57426278476951,3.7976936538453,3.4843381492892,4.42762810066363,4.79848808208485,4.98123955497137,NA,4.17681626804184,3.33390194051325,4.63839712747196,3.56661908699607,3.61697832106108,3.32064711034906,3.31294529294439,3.13687116821654,3.3345045337691,3.39082570505602,3.64146656220902,3.57105152552526,3.83279742045263,3.09790192365284,3.8057346536138,3.54350556732754,3.96985050615007,2.80126816276377,3.23090212364934,2.96247855753506,3.82038385803418,4.24420060182849,3.8678181982656,2.88636305225532,2.98349941992998,3.21438894044813,3.43448344700193,3.26651137973696,3.09383573951407,3.11765913852517,2.84099034207381,3.47153695706526,3.16841914359742,3.13483006964313,3.11344918353322,3.66412504870585,3.27202837657445,3.47926737630051,3.89770978173852,3.55496451317718,3.69711545398033,3.11847935823257,3.46321005192943,3.53316782499518,3.22396742890386,2.93671973973156,NA,2.39628616903498,3.04916269804527,3.28779218287793,2.98385358060841,3.037229760278,3.12627046626158,NA,3.95697419829384,3.99266292672152,3.76971398731848,3.50461400431349,3.68924964004711,3.70621004574399,3.6712459719389,3.0274739470903,3.11108502549774,3.23284743933009,3.12235943088432,3.65078643126357,3.48719929860555,2.98382042713475,2.65243705103043,NA,2.84197282858703,NA,3.58966710301115,3.63848630913902,2.87031557283689,2.94101155208919,3.70824225037849,3.50064201671512,3.14352472985412,3.18554612288812,2.94303143255156,3.10289266615183,2.81441096910284,3.08089188743966,2.8752169507273,3.34776514879202,3.57586387280424,3.35330758342092,3.65817037838217,3.13569295569835,3.83700249974869,3.96248772850657,3.28677640723784,3.43886817499663,3.64192198955525,3.30070325800299,2.57330007984609,3.47643635469885,NA,3.15455497315868,NA,5.53477926357252,4.49701166278119,5.62217832795327,5.92492540422869,3.23123749126595,4.80134539886486,NA,3.54887446216173,4.49321919525776,3.2715937546614,3.19302325543067,NA,NA,NA,3.41889822678913,3.53653239269669,3.09133867279767,3.17473481081721,NA,2.70143189634619,3.68887935086475,2.93343012119329,3.2790225077842,3.06193215138046,3.26985381801876,3.0661976373077,2.89920220055113,3.85368736308716,4.55731559272419,2.87201758739326,2.96215342966797,3.04524383981314,NA,2.58357393159742,3.71727597559091,2.64934953113583,NA,2.35839156193842,2.69878553425104,2.77158772094212,2.76272474411945,3.08922566736892,NA,NA,2.80934151517159,3.1446613382021,3.00060789993625,2.79965403531214,2.72413607473711,3.07297524346111,2.75751592586808,2.6406375550504,2.91457450306928,2.749964552772,2.62808417449023,2.78826776641959,2.96504735141119,3.42913720574403,3.7591866023093,3.37172068089813,3.13983403943512,3.31959264708063,3.36319514232709,3.58820429937751,3.27644796227481,3.30726477945889,4.08234851985029,3.35247337572563,3.54212870749289,3.47960945661234,3.10755172914997,3.41960381782392,3.40026892759081,3.71290971574892,3.8544012111699,3.43471437993602,4.65427152113488,4.08414411256706,3.1772429642748,3.32429843300368,3.17868802420638,NA,4.40829802018209,3.77639680624352,4.31921301386896,3.29650545346212,3.1256201788378,NA,3.53432374789594,3.11733109800778,3.02514824133266,3.92041884843008,3.89176836233764,3.80801346800501,2.67595874507315,NA,3.6400435829947,3.74527061347897,3.61026082413235,5.3429856442039,3.34846960464151,3.42101616479865,4.50105259436155,3.583368239754,5.03259486086606,4.28061891126684,2.38526569461329,3.52912222215709,3.32379597936132,3.17267531792981,2.93733485742453,3.14746766202536,4.00400415112423,3.53187122765782,3.65352043452713,3.75809951227952,3.33558731762149,3.31187264235322,2.89710972408571,1.99478120383391,1.69127147172161,1.72046875498413,0,1.5553093201778,1.42451200556316,1.47392124061386,1.8033020271681,NA,1.91851267688289,2.18710059130183,4.44849175676651,2.2628470763251,2.24029193730072,2.04040193787081,2.32303637488094,2.3226375557399,NA,2.44409653315286,2.87277461237404,NA,2.85235089933986,2.98608152285588,2.91407745452197,2.88228283705202,2.85435184781275,3.11626610509108,3.16497191596515,2.81281442771001,2.74285463299669,3.8898302836749,3.35377427686257,3.22062936806957,3.49040748715579,3.53587450587741,3.56832194826392,3.85784211811201,3.8987914328648,4.15792842198854,3.78511041222453,3.27081675866582,NA,2.99860653121682,3.88655366450063,3.87957962885605,4.83730616326353,5.59959534447136,4.09713045244631,4.74903608635697,4.82568321502149,NA,3.70694190070558,4.40394871052442,4.3984661954801,4.01658846222717,3.49663214703856,NA,4.95379545427876,4.48358102547994,NA,4.15948656270882,3.80021237400834,3.63918992039653,4.41751870340307,3.76931047903137,4.63844391603125,3.45663913442483,2.89441579200708,3.56577447801709,3.89931834050081,3.62525258703992,3.43006970042431,3.35067231563838,3.18317092546626,3.34138312113958,2.80269225495228,3.86170323873214,3.19349355913739,3.19047782602009,3.92010386626723,4.29583104904018,4.15223798014994,4.01895140256174,3.35462499470219,3.64748537776755,2.93854431590882,3.45190539736465,3.08552420403808,2.36451743085774,3.00778195405755,2.3645361220693,2.03848070709939,2.47656463977751,2.1196117231034,2.16840763607739,2.32550542874801,2.94740407737107,2.434732173554,2.25224725810825,NA,2.31545331490229,2.29703032662143,2.34492866538547,2.33839575737386,2.69002779486066,2.52818846559076
NA,NA,3.15021895508213,NA,2.51202966639321,2.93406129341662,2.47871562958593,3.98003097633898,4.36501229568924,3.61954187285417,4.59678893906947,4.82193078037601,2.38190463822545,3.71755184653012,NA,3.38810192047823,4.36077843513477,3.89218865645628,3.83317379811512,4.07108956726111,3.3560974426019,4.03304375413119,4.65792085178453,3.07877234340047,3.73059142106947,3.75619637175909,NA,3.46909209786316,3.30296243637289,3.6897751506522,2.90013723425314,3.13575995797762,3.01319795243365,3.09828233833568,2.92713177258163,NA,NA,2.84544123702568,3.10195100317297,3.37817627912032,3.092483633166,2.80277105377766,2.93341477463615,3.32533107603103,3.54943946298248,3.1036919477958,4.57597247015265,3.64013469998695,NA,3.67091222758985,4.94687047729359,4.03390547345054,3.8509044687358,5.84630787079025,7.49691517797438,7.93979080054415,5.15012932499326,6.32892570480279,5.10908904206898,5.06450347838633,5.74687477774988,5.76384707578856,4.92030227335235,4.18672734293445,4.65417276997738,3.86355035669938,4.9962429781787,3.2497568850908,4.16631435035171,2.74884230156935,3.19646897779643,2.7502152548895,2.22236470932817,2.71334819146446,2.23497025756768,2.09107075718553,2.01882423605652,2.84015258934216,2.35782469143017,2.05239497489811,NA,1.78423860575763,2.05976076015656,NA,2.09943441400286,2.03337651783975,2.1293334242613,2.00995894756674,2.06626266008438,1.9904111534964,2.36598163600567,1.80741814316266,NA,2.78102981924674,1.88029298572662,2.1572804261006,2.44983987032074,2.41284350884607,2.76971339062144,2.59630080292429,3.70384606275323,2.44027933966065,2.76848960524242,3.06835518126164,NA,NA,3.18902656129426,4.14024595049037,4.25696666079044,3.91391249309909,2.93901904718568,3.82134634415543,3.59648891373507,4.58828031002343,3.08036737559331,3.71127809118577,3.67554825885969,2.90315582895358,3.84304268236196,4.17336999316065,NA,3.44238000093194,3.70097773236508,3.57511168956968,3.84497074875282,2.75414098684804,3.75096087858789,3.55237961658112,3.45398953800988,NA,3.92235757636362,4.08897911227032,4.5602285487642,3.77416417010701,3.23942000132497,5.42254726704935,4.33592135011915,3.03701387766792,NA,NA,2.8311430352781,2.77333046185309,2.8403478542012,NA,3.40611501483826,3.564939312895,3.57640916083231,3.05407680397875,3.61929117338786,3.76293717765205,3.98297541684852,2.93903248190535,5.14564813971597,3.83923425557509,6.17151145982302,5.18396920480595,3.90340327482484,4.21662277608694,3.3588647095042,3.11719481086025,3.27760198765422,2.91257594333465,3.17305502720881,2.68939200481256,2.7140711144212,2.81162326801933,3.16014826678957,NA,2.76067778599881,2.53246545989169,2.81193853985423,NA,2.62883740461927,2.95893052769953,2.6209250828489,3.31235760373068,NA,2.64725552930518,2.57455790191047,2.99197925229646,3.10089138292164,3.32451594813729,2.88241040886774,NA,3.75300346627882,3.04654273203904,2.73881561616928,2.36080761212936,2.2766502295306,2.70018480308096,2.85631808183403,2.46705734552082,2.39390622330235,2.91821367658947,2.65734415705224,2.65773371077999,3.09860881560761,3.01143865317271,3.22663254680952,3.0548455264534,3.44109002564214,3.30692483999745,3.60334511379433,3.71843360956956,2.88839500377652,3.46395034688656,2.99398796480263,3.1083047641921,NA,3.87129493954906,3.19926430720208,3.65170261243987,3.89626711499991,4.88319874999363,4.66780845731736,3.60404348546288,3.33415265272007,4.63799038977561,5.03117276093474,5.20926347287798,NA,4.33340311629997,3.47251165040751,4.73210918186309,3.65771646001128,3.66827051296844,3.31002637588455,3.52610895570196,3.45842470338486,3.40929833489684,3.46920376447964,3.71988911022889,3.61176770724544,3.99880978798318,3.16885707829928,3.92474090958133,3.74102886267103,4.21270319945376,2.73049172115832,3.10400053943417,3.22879172059527,3.1831407219199,4.17927450414905,3.7781370685781,2.87421001911852,2.82425983577908,3.1187978535313,3.19013827403175,3.3381857060884,3.09595708094597,2.95089254233557,2.71803933624208,3.45013425674104,3.32886643549627,3.06437790898327,3.10273907883976,3.45007136057436,3.18083118048407,3.41791181978388,3.92714395712366,3.44700618849323,3.46397889842644,2.82661788150806,3.51615735077223,3.6830532689031,3.26452082548297,2.96523991094988,NA,2.34021674974542,2.6433418734858,2.73025949145249,2.82462304830793,2.97419586415246,3.14217075616504,NA,3.95683430230969,4.26799598621642,4.01318607988958,3.71696474422232,3.91519879346621,3.90118775846124,3.52561142318124,3.03323381365787,3.10581742928467,3.25206067099029,3.16670139748194,3.62404827444277,3.5256031031077,3.08209246634926,2.54160100606731,NA,2.75367570955914,NA,3.68379244098909,3.80814080762277,2.84208429625598,2.97464294664384,3.7122227848042,3.53970798810288,3.14252827750369,3.27158719765845,2.84067299962487,3.01807317647165,2.79739588855005,2.98569651486146,2.90498362032626,3.29225188877436,3.54553348797428,3.35632726141818,3.61580073770207,3.09401920147529,3.83321209867339,3.85527622625403,3.29529604909705,3.56932831258912,3.74739399355006,3.36692333449952,2.64078395764041,3.51676728589622,NA,3.4052685630782,NA,5.90417640282313,4.84412732849788,5.88493455215016,6.19362520219374,3.383582429552,4.98311896366285,NA,3.66262442591876,4.70131907607194,3.46043843574306,3.37024566898255,NA,NA,NA,3.5715250957253,3.41902570749165,2.98264485648919,3.11146094323263,NA,2.85182356937056,3.85884720457614,2.97277441570338,3.25706407591326,2.9659178703062,3.29181624908336,3.29636769275235,3.00880195957158,4.16574740690992,4.46810323117949,3.31466797169993,3.11198735414222,3.14258860892936,NA,2.64690624484556,3.81344945943094,2.7058851853874,NA,2.12541547527272,2.53749517757512,2.44505403097923,2.4400272419213,2.72891837514496,NA,NA,2.58818885496835,2.98528047359791,2.90035118210972,2.67636063961184,2.62292327995908,2.54153700956201,2.51904466375455,2.44086384146466,2.24845606082133,2.32220680196427,2.25405936369256,2.25961639791761,2.72654856531839,3.30373743588596,3.6048136392601,3.33265106583931,3.18548987942659,3.34053340241595,3.41596793024659,3.56395787524272,3.30658156029852,3.44877946810836,4.1421983474727,3.31775410117937,3.57583430094835,3.56284573494032,3.29350414406701,3.5836055239228,3.45638840402653,3.80954602691324,3.80048437380556,3.42331471624817,4.63532130011078,4.098498555245,3.18408587828548,3.36292397081325,3.26810373086391,NA,4.28053781640263,4.00188105721728,4.48995748595912,3.35188261584461,3.12021169996889,NA,3.80364682434679,3.32219639595209,3.21157265503484,4.17639327824484,4.15272141984291,4.0341923530486,2.72570640756897,NA,3.78372655030486,3.97654425288924,3.66791204378459,5.75453224593404,3.73061138767008,3.51674776356402,4.77638017048427,3.61537282255285,5.23586717393633,4.38508232297642,2.41555988930327,3.34160825250668,2.98984387669013,3.14713547021867,2.92276294702971,3.44379692770835,4.346145965656,3.73332702641712,3.79057521175522,4.1698145218413,3.83887306607756,3.62368918647669,3.18913143787619,1.53066133420932,1.79755792094951,2.06514079817549,1.5553093201778,0,1.54753895029024,1.2221396498676,0.974699665964455,NA,1.66527707432185,2.07879851796938,4.88046464426904,1.97145440962544,2.03511661429931,1.89032796943666,2.37725411393489,2.08217550809794,NA,2.23195332995868,2.72288959347791,NA,2.64248221422053,2.73933344462323,2.75619306830518,2.81856409936992,2.7835821943783,3.01638207076331,3.1176232263554,2.8016304497793,2.65507773272731,3.80604700190371,3.19478570238226,3.04571998498121,3.40269207269415,3.50945601028012,3.46497064427523,3.77647867609559,3.80075743213514,4.128238851038,4.05327575156666,3.21781966543892,NA,2.83752937800748,3.89810588071041,3.85955465333369,4.97427758253385,5.69142318007937,4.09308315160023,4.87529701621614,4.94336117522067,NA,3.70948423980069,4.37268580384837,4.36879349122106,3.9840641226133,3.36866481407232,NA,4.98630873851149,4.50755446428867,NA,4.21546094668711,3.82245952536331,3.67116692887356,4.53281711147002,3.8159182572618,4.65849736476598,3.56601592070181,2.97239983628905,3.65899915130535,4.02677595499332,3.62886367404899,3.50610461058038,3.53759774182314,3.36409710250671,3.56439199199575,2.27921370164294,4.00259034658663,3.3569674958795,3.03787434339167,4.11958564629602,4.43002785773463,4.34942636667639,4.22777166598998,3.51582801156305,3.92435019374097,3.18980630570452,3.75617740435388,3.25472988251553,2.41709417896381,3.29380167164331,2.55004388976283,2.0352637794738,2.59611545603826,2.2069338616044,1.98165036985392,2.31233387219504,2.85562021802321,1.74422758127047,1.99012355046594,NA,2.13246469994421,2.26458023755024,2.17699328377044,2.10978435142048,2.599896854361,2.19149217781012
NA,NA,3.1473173020251,NA,2.69456873826863,2.9762779927012,2.56073205687673,3.68809995334166,4.19744210576496,3.38409113694739,4.1377316754046,4.39522978076275,2.53619511431939,3.37772402065505,NA,3.39844529844637,4.03040467353874,3.67107442639134,3.70767315003304,3.85031033168822,3.19253284842129,3.98077598787076,4.39538998478539,2.9011993221166,3.56665897907133,3.57560195389507,NA,3.34150330375332,3.11807670465717,3.39709197762205,2.66803066441653,2.95034553297151,2.8953709113777,2.85213945448468,2.80878958566041,NA,NA,2.59941603538201,2.96036907542222,3.19302349781054,2.81234492812957,2.57147340611267,2.49306345964972,3.04362034266102,2.98958831315664,2.84785491786971,4.06985120428701,3.39874513729176,NA,3.64983200947597,4.61088044650559,3.53517643948442,3.50904114037791,5.43649197602569,7.08368754550465,7.42936461542559,4.83184207977171,5.87691560696832,4.69010442323865,4.60206147692803,5.33868073970691,5.32824948918931,4.57171617721059,4.0208686268926,4.31091865489496,3.7567002465947,4.87136461674766,3.25142806719424,4.08230686622469,2.91696422953848,3.26033360583164,3.29953580385425,2.2364744816241,2.89767664809598,2.3869049211826,2.39789029015808,2.37591551450477,2.98882220205545,2.5385878817365,2.46036979095144,NA,2.06364026794919,2.37428086711458,NA,2.50826741017145,2.68607927918022,2.588089077831,2.01563193556193,2.46105984918205,2.22040373463743,2.75864420754044,2.40665929144629,NA,2.8227630434815,2.31815940518003,2.03816461454913,3.22083409033078,3.13422031900854,3.11799593349557,2.9846038259119,3.60302538013435,2.69987479489921,2.51850425090441,2.94235619299442,NA,NA,3.3758435145968,3.83349204231801,3.85885190455702,3.63348714007677,2.56843836989173,3.48581543727712,3.30014358491566,4.1354225714551,2.71562660421992,3.32796338361286,3.4433448576142,2.63081777900846,3.51897483469948,3.87796842415504,NA,3.42741291748602,3.61255832982962,3.57686502762631,3.93596896665566,2.70065005448779,3.60626992274435,3.29640979217272,3.17586548818171,NA,3.51817720898714,3.65839774704438,4.30576323156924,3.25184382431066,2.72710747555017,4.66866135550606,3.5919319414866,2.75187533572701,NA,NA,2.73177734644229,2.51420085278059,3.20655959049412,NA,3.29820227249208,3.44962907481073,3.50741761921372,3.1422333375234,3.36608421136849,3.51479271346143,3.67550983100929,2.64867450095777,4.69429552740807,3.7065341688383,5.70748132710842,4.80838268025909,3.70987968829361,4.01732834956052,3.1186826247443,3.0537458317708,3.61612050894012,3.11769336421448,3.21631467390624,2.91315597972793,2.91552537404452,2.9877143465705,3.27325670240255,NA,3.16518853121269,2.75593262008374,2.70256008306797,NA,2.85243297433433,3.15604525893145,2.65647535397492,3.46944203180566,NA,2.82888715086597,2.78859069878313,3.32077736551287,3.27861984554802,3.73016909552477,3.10157804606902,NA,3.80830773544964,3.19285139366843,3.27124236365682,2.84002841497693,2.64910265882674,2.98303949177923,3.08649618839823,2.87375388569523,2.92194087700632,3.37195115832382,2.94305778328489,2.92665347969242,3.45114748996361,3.40000761473476,3.52993957083815,3.37397227872294,3.68989011187236,3.26987876480937,3.60504692295228,3.60050786143776,2.78119488274019,3.61242181334227,2.88781696278339,3.11134882990796,NA,3.5005056449698,2.79741380695941,3.2628334726626,3.46327242526944,4.47643389398753,4.18627305566967,3.43861793492221,3.10057432875605,3.99596790480335,4.38144275450959,4.85008166609231,NA,3.98344716686982,3.11665484114255,4.45504954073467,3.4570012412073,3.63261624694116,3.3101742981756,3.19961017509348,3.1721317855532,3.31698342815777,3.42787888942811,3.60657069649061,3.49461832631129,3.7020459183351,3.04247285903053,3.78004743293125,3.54898517875341,4.01137797320931,2.70708516470289,3.0344157853248,2.91837024812005,3.72177306456065,4.13622507477108,3.70463067731884,2.73225946966395,2.90368772994849,3.16469415981036,3.33184387186039,3.18793947083561,3.03475544071994,3.03650300314269,2.83432369397702,3.3736761876112,3.1523261419453,3.13463069479598,3.1275497560256,3.72553164168387,3.2416604559138,3.5500589809455,3.94513769338218,3.59039417040245,3.67577298782844,3.05906673394613,3.58560584547786,3.55558582716024,3.27799910663847,2.82393886358871,NA,2.27915742289716,2.97625313234426,3.20248812719568,2.97268664740605,2.96154775679765,3.04392611720598,NA,4.11175766146715,4.19446034770454,3.93861321913947,3.62332424187958,3.73573336662538,3.70475184719932,3.67126749285729,3.02424216951703,3.07486482957672,3.22980689304003,3.05198903720207,3.58580296752511,3.32311306599357,2.81537906844519,2.57137462993911,NA,2.50154466136094,NA,3.36701315299066,3.52648084092502,2.615046863647,2.60757568561113,3.35177629089784,3.21568380910306,2.97498594010946,3.03937991632817,2.7117656591385,2.90929401008083,2.5674897768172,2.89316625735468,2.64802446979999,3.18392285792746,3.37707126936541,3.21486850506492,3.29556476350627,2.88103917918978,3.76390944557208,3.86556640567313,3.10872314289018,3.30164751988137,3.35038147668115,3.06881637496283,2.36545062667597,3.36760364212801,NA,2.99467997419624,NA,5.30063281883035,4.33851687803915,5.48004257702365,5.78458019748908,3.09165707519619,4.69447989514255,NA,3.40421518730506,4.2808746204428,3.07235625967963,2.91245685251777,NA,NA,NA,3.27345904483137,3.47301646219531,3.04221507458606,3.05384048913916,NA,2.60330224393525,3.51953249726812,2.74218755905437,3.06629467705403,3.03445558730256,3.08360063103946,2.85172092337982,2.54758497677101,3.52873182183407,4.22133185419637,2.7544758849634,2.89433023808329,3.03540781447699,NA,2.4790383638551,3.72249942178284,2.54236273589623,NA,2.094844964677,2.52546973716386,2.39719344841238,2.56525083594889,2.91228068392219,NA,NA,2.71477502096821,3.100154587813,2.97983948723032,2.89028881832216,2.73847593168822,3.09006697394773,2.80803579472548,2.61306997062723,3.04716970140057,2.66023957126012,2.49951023913696,2.72672255009413,2.61727198320736,3.12461857110659,3.73985551179789,3.15206326104761,2.8860988713746,2.94253100964537,2.88500408009316,3.0970237630889,2.77296735888494,2.939779153633,3.73913977856788,2.99300302133771,3.12800313291451,3.12532103963726,2.79884981197121,3.03959308755315,3.01760117142089,3.41153750577528,3.58996784425241,2.99711333000887,4.36917858343878,3.93789157075744,2.90239799074258,3.12037570902672,2.63601959808396,NA,3.97178595346358,3.24629913778265,3.89154581186038,2.89224115181427,2.81386250401121,NA,3.30293473318118,2.79488655174066,2.66490444177097,3.74067353265552,3.68530301863358,3.59021186367807,2.35458303025398,NA,3.32795976860153,3.38413867542841,3.43356820907716,5.25086558355826,3.08370776557609,3.18508464093682,4.2920139919489,3.34415036665858,4.8006422174549,4.02250342428884,1.98366738354796,3.06908041177103,2.85065472534689,2.73678169086701,2.52194431754147,2.96195476912477,3.76760086063027,3.24937465810543,3.14090853618402,3.40580863166565,3.18668337594644,2.96841317686579,2.61494383807244,1.73374039539963,1.45294290122248,1.50829167144854,1.42451200556316,1.54753895029024,0,1.15633240306065,1.635011061794,NA,1.99604975979144,1.94061108486355,4.0967433192283,2.24586101204203,1.97434372227112,2.06477908465908,2.32701826430906,2.24421293602355,NA,2.32797029309394,2.83610808526307,NA,2.71714237509326,3.00143192552283,2.89040359255847,2.57507886356554,2.6245901962228,2.96487552101226,2.95529551796915,2.65619732734867,2.47714226647889,3.56742361440426,3.06734409664897,2.8259376343146,3.1112338145129,3.22113902489252,3.07880931854118,3.36471781510115,3.48502945136503,3.82233316149455,3.69755519361564,2.81451139003633,NA,2.80908436126898,3.39071301618385,3.37304836785544,4.53439566641951,5.27938297386906,3.75486226768587,4.52194306018106,4.63415535435434,NA,3.39744450671498,4.0546449504806,4.08342089137452,3.62829401506146,3.0932024018061,NA,4.61856046163276,4.2122890025115,NA,3.74579798920989,3.35936218959188,3.22834903688849,4.09315543778399,3.35762985626549,4.24624754547119,3.14535090977245,2.44523910784015,3.1223503522797,3.47570959570442,3.33438558305622,3.06012474238794,3.18091184219071,3.01974397244785,3.05661130864903,2.70862937173973,3.58929163582724,3.13737095954424,3.11628360815242,3.47094931219775,3.89404656318161,3.76188720081779,3.61828083697346,2.98067103939168,3.1541168674685,2.6385068167566,3.25216478687723,2.87526292473949,2.00658737741398,2.66322574462963,2.05069051042279,1.9437730113295,2.48996408364912,2.06627630886579,2.12155586491456,1.92305634614266,2.70097365856619,2.39957853938455,2.04666998272258,NA,2.09231314046098,2.19787625745512,2.25976379713051,2.23563641970252,2.47161330331666,2.17912794760227
NA,NA,2.93604996146058,NA,2.55539796016905,2.87853410282493,2.25586205681366,3.8276153199836,4.25937252681568,3.55682748338021,4.36660662052522,4.61772211187106,2.45799309281333,3.56371926599471,NA,3.46443986863068,4.14148466033251,3.64147014448804,3.81945963226686,3.98951412929176,3.27034867614602,4.03825968769064,4.50443383694266,2.81626966075431,3.53210062244354,3.55780477098806,NA,3.2973703722928,3.05855238657119,3.48505859517083,2.67803146032951,2.80952750644414,2.74109098689998,2.80221741275247,2.7889977725945,NA,NA,2.59203470120353,3.03629277602797,3.24964262028822,2.96535662708831,2.65444053105596,2.72644986538993,3.23548940091885,3.4313459433364,3.15528378164718,4.52203118388218,3.6087706076936,NA,3.75515885084313,4.9828385063359,3.95702256354504,3.81510610927504,5.7959522451238,7.47962409055163,7.93587144766344,5.17035419157428,6.32919791979977,5.10563353601548,5.1070554304709,5.7686536544239,5.82661873674909,5.02421982021572,4.27063364179605,4.73276484206188,4.06141852241856,5.20648389721296,3.5095682678993,4.35464881855602,3.03878253426552,3.43438043576354,3.26870219789297,2.2909618228567,2.9457660379032,2.39969629179001,2.34919187050421,2.3158863001888,3.01817619676995,2.53091142909516,2.35853326262116,NA,1.94579733303219,2.33827746314528,NA,2.45239849835435,2.44898319508151,2.45805343754319,1.98325038954561,2.28562416657393,2.08729841494335,2.47620953104845,2.11539902973878,NA,2.720189822991,2.01651763383504,2.03620386274155,2.85085513806614,2.82220600965816,2.84933447837494,2.57237201400895,3.47884639245577,2.54396524910549,2.63727099993234,2.83813005179488,NA,NA,3.07870825969456,3.93369501206982,3.95888874400346,3.64580705677048,2.72831169534164,3.49919245311154,3.18808763167887,4.22401462259694,2.75012182016859,3.34337163670238,3.40563888407958,2.52355699946437,3.55614463756157,3.91953909947364,NA,3.40896470081872,3.6881213989038,3.52964974403566,3.86749360928182,2.64590951836331,3.67057261985748,3.41140953951476,3.26675712909602,NA,3.81027640348805,3.99379927208925,4.47962189661093,3.60570807029799,3.12210576424249,5.27195973139382,4.11255926379527,2.9298613913516,NA,NA,2.71182524109224,2.74747619744346,3.11228100208392,NA,3.54637289122928,3.70972649487215,3.69294180613449,3.24835387241508,3.64532380029537,3.83861818032053,4.03608622194322,2.88086485151017,5.03722395465357,3.95526645148995,6.14956628070042,5.16875609091816,3.87973069764666,4.27388071683863,3.31363814419665,3.08648934613414,3.48694411396375,3.13556585933592,3.381343355603,2.91919192133846,2.95185518052239,2.95217044516288,3.22817432685922,NA,3.14278592419318,2.67998789175617,2.86774121731442,NA,2.73310459677038,2.854282303987,2.52673113828735,3.30412069233062,NA,2.68465656522709,2.6748577600458,3.11819548173142,3.10515381683896,3.49399057470381,2.90488494700463,NA,3.54278936033037,3.0378876610456,3.04760483309519,2.66103796770079,2.43942427733155,2.73725527611728,2.87058786307984,2.71335997503315,2.70174484352571,3.12546159751071,2.68741769169744,2.70061520306963,3.22414081746954,3.11707087099951,3.39481739540629,3.23261095758579,3.62221850184579,3.24476194003294,3.68897010789431,3.76122176935835,2.75160295111057,3.56746460137219,2.84947437747591,2.90006397851717,NA,3.56322960276349,2.91917034715685,3.33799952443753,3.53027753661887,4.71246356668218,4.53303840535668,3.54309753973516,3.22468454128039,4.46639464112925,4.90923362186561,5.14160980664606,NA,4.18622773608334,3.22612566824928,4.63228431983912,3.60860280999313,3.73226750026379,3.38381597395427,3.47734781861681,3.47410740225492,3.40061057757828,3.46876515448582,3.70549026633027,3.64065135517102,3.98809161488352,2.99363968340794,3.85970214309577,3.73956036055423,3.97519672636364,2.63864999297483,3.18157674749457,3.09110893531119,3.56257994380467,4.31028269429819,3.88704018597849,2.73000240940897,2.79435071744678,3.15659033740493,3.3502437411348,3.40050312797289,3.18583817585415,3.10137555160329,2.76774466126944,3.47273003543339,3.30624322066135,3.16903170003547,3.18682770961003,3.73984844617295,3.36653680788223,3.66099091571252,4.09143235737017,3.50058223748914,3.57106652381489,3.0407733968951,3.5991727459002,3.55166170341093,3.07960622082263,2.64926347803466,NA,2.17637331040829,2.70841300764231,2.93954090953944,2.7738027655052,2.77054506839004,2.88902512319442,NA,3.90309324674848,4.09283767285993,3.82527038970236,3.42917354132746,3.60413804654622,3.56336500998444,3.48753162875212,2.817821135557,2.88264207455996,2.94078290610908,2.73599632305964,3.34454195596036,3.29234355924327,2.85512172973942,2.35817535781077,NA,2.43098335917765,NA,3.43227481773035,3.61745728536734,2.53634148992417,2.59011738887675,3.48640462140804,3.36014595842016,3.0108691505945,3.19146755611673,2.74159299380316,2.94952154609923,2.63058822553671,2.89298715801769,2.73754150210302,3.27345539032798,3.49201505685363,3.28778289537388,3.4157784887902,2.87645694451863,3.76910900708064,3.9106646490685,3.28458193107409,3.56440674145728,3.61801295520418,3.23587415738546,2.56068067350055,3.45620577614591,NA,3.25293433605538,NA,5.80884491358186,4.77340240710388,5.87780416418069,6.16559751555736,3.24792112254566,4.92181969425515,NA,3.57748165409929,4.49325052069313,3.34370539294977,3.19165279949852,NA,NA,NA,3.5048012401738,3.51810945986829,3.07595069003237,3.08967255927381,NA,2.77023421654535,3.78292262147553,2.92568538827726,3.28158710397474,3.12824515303611,3.27555191357157,3.15042642870855,2.92398250626323,4.06451497315844,4.56744778463673,3.12433147159697,3.18144823145141,3.14289053196502,NA,2.55106526757163,3.91590331219681,2.65791771499295,NA,1.94880903649736,2.22631353836433,2.12991379756596,2.18844481128075,2.517583998138,NA,NA,2.28879432671178,2.68118914800827,2.44053118593838,2.2711035989969,2.10509768379451,2.68019876401731,2.34121454052977,2.19109987491426,2.51598923797301,2.1607403362227,1.98029755825339,2.19057182340997,2.39549386162417,3.00004908870358,3.51714591257425,3.18788541992847,2.84496259561674,3.00489877995648,2.92070196850208,3.10585112919228,2.82415609351792,3.06089198433372,3.7968535327104,3.0470398338684,3.18406308099237,3.1779931304218,2.86805201429553,3.19495565577167,3.06126655102504,3.54451653732299,3.61179620854904,3.05482367722987,4.50930982123132,4.08436250165074,3.11104492534878,3.30604671640115,3.10951119930676,NA,4.17677832686696,3.83438310099896,4.34884232314232,3.30017539809378,3.20505529871446,NA,3.78209340300714,3.22814806195481,3.11175648584167,4.14698326778799,4.12846083147569,3.99766958398318,2.60603601277815,NA,3.80929830999189,3.94770575536653,3.71483430557755,5.77722507911453,3.64304765522099,3.4971934125327,4.74563716848356,3.66415306359373,5.26763638459191,4.46516369701594,2.21419300968108,3.48296031416345,3.15017441165578,3.16204388581059,3.03760960709013,3.51981195963666,4.3042356826691,3.72552933759088,3.7025189626639,4.0306096887431,3.70813762920267,3.3030488438103,2.98476430335327,1.82898127994603,1.62497277361513,1.93540436290567,1.47392124061386,1.2221396498676,1.15633240306065,0,1.04421580948511,NA,1.46695153525354,1.54648600891696,4.72126063600727,1.73644299504786,1.62830890316703,1.57114101949848,2.04346840272065,1.64642137502282,NA,1.88992738242628,2.39204711880639,NA,2.26277931157954,2.50034585988235,2.42122413838752,2.30720927578971,2.22697102378391,2.74786619279104,2.81299962091211,2.40964557363229,2.27130201036679,3.54127127147011,2.91141075607673,2.71820639734496,3.11714048117558,3.18312050057803,3.15865198279772,3.44919294768271,3.60084038703213,3.9745348045076,3.76725998584018,2.75202367162992,NA,2.41465420877107,3.45971136516094,3.54922606861437,4.72061056268068,5.42999578488544,3.89090681821661,4.68114139444002,4.81682130165582,NA,3.51620269980459,4.15785030961047,4.2004510003594,3.79780145419892,3.19760500952235,NA,4.80880613147325,4.38274927725719,NA,3.94122781774879,3.58804762657128,3.47102687979012,4.35251878185022,3.61152804736177,4.53008446479071,3.50160034656333,2.83215578214327,3.54273910884814,3.91190995050454,3.64378959117224,3.52937300871875,3.624918551804,3.43091907072269,3.54504715374102,2.65875469483847,3.85232961585555,3.37470630793918,3.15715075897333,3.92759338235223,4.25053088925277,4.24970460405665,4.02509530847128,3.31265446510365,3.71968241309693,3.0496215276578,3.73661186546385,3.22038780736036,2.33700066821813,3.07183849721924,2.44788441406384,2.18006735250785,2.73888952192543,2.25181799155476,1.95988265076883,1.96992713625077,2.60011753082764,2.12992680538048,1.80761917025343,NA,1.88408576035763,1.9046482512253,1.81909793394636,1.77755710292939,2.42385299422328,1.93440206785141
NA,NA,3.06675735045852,NA,2.50463110296476,2.99957687837657,2.4065609280198,4.11407707866541,4.52628482285064,3.7636454439272,4.65333372861818,4.86279843264565,2.39289667570397,3.71810159708202,NA,3.57924598916925,4.50024969876474,3.92472976535639,3.96763491346846,4.18160223720212,3.51247263014286,4.13879125334529,4.72745228891352,3.15806628630519,3.83346848010041,3.80701708681853,NA,3.52595662455887,3.37208369280828,3.77678296956068,3.04680895303751,3.12260305231747,3.00122273059242,3.10259547804976,2.989984195917,NA,NA,2.90583687496613,3.24101168050515,3.49295891824643,3.24587449028515,2.94554969709177,3.06022189593427,3.40689533301776,3.76282505177775,3.31289324959811,4.72508650845338,3.8320194793913,NA,3.87900123866381,5.19147989611657,4.20614558096316,4.0277715720421,6.01015023158866,7.66728580784697,8.10898105669787,5.27900609760799,6.47405645528718,5.2524010939139,5.23881682889755,5.91097013423355,6.02808535272496,5.2170985374205,4.41802079960866,4.91082665841592,4.09787170850414,5.22748358445923,3.50904307120048,4.47321349999402,3.1158623363611,3.45579654830508,3.0551101250734,2.40186342416854,2.93923893185192,2.43814536100206,2.30856513739891,2.25820741948609,3.06198384393668,2.54664013463619,2.2108269824981,NA,1.95259811539028,2.22966159730198,NA,2.22494269559837,2.19581563466989,2.33075540653354,2.18018022066504,2.23143079890894,2.23169552072975,2.50434462390153,2.00941435757943,NA,2.92929233481539,1.9271679078766,2.24465279318379,2.39612093319749,2.4283833636529,2.89877199868275,2.69423780806684,3.75875998174355,2.51400690274077,2.84222321345262,3.11645952912521,NA,NA,3.26935481634831,4.2634890098491,4.30751981377662,3.9588677482575,3.02922132800366,3.89010076421373,3.55965223302078,4.59377370720222,3.09497778914006,3.72481925755962,3.73145180056388,2.92137552655375,3.91904268822138,4.21492198737568,NA,3.48596534781553,3.85627758234243,3.68733398579195,3.97884774524536,2.77986163314953,3.80578966332367,3.64569244036684,3.51324027194349,NA,4.07994995980608,4.26607174816427,4.68388227162278,3.84867514376238,3.34658566999376,5.60129462687215,4.4051028450517,3.11645194059308,NA,NA,2.92875898791393,2.98378377055107,3.10038693883535,NA,3.701434204713,3.71433871835652,3.68343747627746,3.19188456596947,3.80929877855347,3.96767273316065,4.14034253801943,3.11726732055794,5.3357513157233,4.03468741277952,6.29840345888535,5.30298296120271,4.00977906160493,4.37889266193795,3.51576871140361,3.29431166981931,3.46157952135351,3.17726511549496,3.44219116360638,3.00127322711658,2.94005438359041,3.09196139727266,3.43730022829159,NA,3.0290740387233,2.7222129935674,2.90515352685476,NA,2.78267853490972,3.12305881066186,2.79872156928268,3.51531239165349,NA,2.83641333856935,2.79872451259158,3.31661650160671,3.3952895157117,3.55918883744049,3.06576264410207,NA,3.92722805794453,3.21132929622094,2.97438676192574,2.65168513067552,2.52271155630012,2.8496885468402,2.95516318252053,2.64578808545263,2.64527227049578,3.15918360937715,2.73428975834061,2.69330356740024,3.21872824673355,3.05556949749437,3.39781669140653,3.25477817528601,3.62132619142032,3.38749323318253,3.76843672905512,3.8492190473844,3.03782045144886,3.52726445992797,3.10500808599704,3.26231051323216,NA,3.7682008140448,3.09571856147078,3.61800275196974,3.91529938144337,4.92895916561704,4.76747803605938,3.659306629586,3.36296487085991,4.69280572294894,5.15972487928305,5.30929287269594,NA,4.35471115197833,3.47717496831337,4.76854297149257,3.73017811092183,3.76227769969445,3.45816801163869,3.59097252183351,3.62577837778986,3.53856853605461,3.64304917354732,3.87305832127879,3.7594281976321,4.15302327399276,3.36431034612865,4.02077612688846,3.86123889965925,4.31972753898745,2.83567791216725,3.16755676562811,3.31336638776402,3.46874065777686,4.32795606867711,3.84997310439515,3.0625080343085,3.00082303455623,3.27825852303111,3.3053000418635,3.50370921559602,3.30263844453977,3.1735540187823,2.94626106257211,3.56209334590109,3.5422478114172,3.26129986365887,3.30636533139578,3.64828209988514,3.4206874532448,3.72469013349239,4.17037356014176,3.63253019198233,3.67648683741002,3.0399989155747,3.72170265077756,3.7949042072405,3.41841849809577,3.01456240209273,NA,2.32596856218208,2.69565468197891,2.83938570172009,2.86972236928889,3.02909598987528,3.18797094134731,NA,4.09625431683187,4.45515731286099,4.23401047033915,3.88769535234389,4.05997845342254,3.96714480720434,3.65812739102778,3.22517676512354,3.26684189261094,3.42225261720238,3.2383771006072,3.65682115437914,3.59789774276216,3.18336107842787,2.70376517536848,NA,2.76310446874888,NA,3.70697683805652,3.9143743774407,2.91109782816905,2.98390314903584,3.69290758184973,3.61085063755331,3.21659091271929,3.36374086812264,2.92454537334636,3.09078073830602,2.89650473806565,3.05769769239649,3.01236579931105,3.43612284294802,3.67813256313139,3.48439314316567,3.63900252679195,3.13380576797152,3.95772205555691,4.0198808302834,3.50879722457101,3.82652936135883,3.87544634323936,3.49049824799419,2.82367951220453,3.61155674910474,NA,3.57455504049527,NA,6.10703334751205,5.02965679378979,6.10469830998527,6.36462993635812,3.49668701846342,5.14423827346286,NA,3.82906587862025,4.79407722646917,3.52194640187684,3.41535012588609,NA,NA,NA,3.75940379070395,3.47248082503455,3.19535596151446,3.309272068661,NA,3.02947534249561,4.08150619505463,3.17792643244613,3.4273099959595,3.19559356803402,3.51856115155053,3.50644045066299,3.18616180114441,4.31661445186469,4.65182561398063,3.41479751881025,3.28050058026079,3.3789979690027,NA,2.81820346520308,4.01863203952899,2.80525444971601,NA,2.23782011236556,2.60152002402531,2.43264612628137,2.44469077107411,2.72852444949163,NA,NA,2.61317929022394,3.0451912353609,2.87096951505074,2.65513520393191,2.43930986675492,2.56584489277756,2.51367258931849,2.39941214165492,2.38971119996352,2.2819767996799,2.20839337848904,2.25943986011849,2.55917581357379,3.21215316601958,3.63713784690976,3.40513691182267,3.24919543271463,3.38499775213243,3.34397276247389,3.49899970781528,3.22028339754857,3.43930185196918,4.12823248969488,3.27228297756019,3.49398877280174,3.45619531435936,3.20009454617378,3.54229964755681,3.34556775474963,3.77429101354011,3.79191863216722,3.35105585394442,4.69875794812985,4.25097320214154,3.37751512316382,3.56391007531967,3.4436148279849,NA,4.34744338565859,4.14765866395433,4.62383233578691,3.57141867306646,3.3918402059301,NA,4.06052133442724,3.51240197356305,3.40411358667451,4.34619591212625,4.40643628046418,4.21830953500083,2.89204703112785,NA,3.98800553865425,4.16302360010167,3.79585126839971,6.0158289946711,3.9028476599857,3.67857867567283,4.98079354763454,3.84351689467955,5.49595087052736,4.66427008319492,2.50810106927146,3.47726428594639,3.21453905682959,3.3822377724356,3.21415772833968,3.74230265683405,4.62107069603353,4.00897736901048,4.02402965350993,4.43222737722071,4.11369025889141,3.75886114731224,3.38042885699905,1.78917005300213,1.91459962303659,2.28882667200605,1.8033020271681,0.974699665964455,1.635011061794,1.04421580948511,0,NA,1.59960318092012,1.93840134082426,5.13154082995166,2.002008156911,1.91613832266705,1.73180846345695,2.22330754758972,2.03282586947636,NA,2.17924788240994,2.70387401747281,NA,2.68944977398727,2.82309587238475,2.85252081107046,2.76341597060696,2.75327971306989,3.06688130424423,3.22228386427241,2.82156990576835,2.6878258419118,3.83155459590192,3.18890534861462,3.00764342903094,3.37027902683076,3.42561480509067,3.39468403690836,3.67950899643803,3.75609827285458,4.18161968936892,4.01834472790883,3.05507138217315,NA,2.77174864415532,3.81291247826097,3.82661461019531,5.04717871230962,5.73075672735767,4.12343634247339,4.93547709672904,5.02267546036733,NA,3.75335915921711,4.39147293296426,4.41350827790922,4.00937056317442,3.39634952948257,NA,5.07230975447207,4.63202444518807,NA,4.216587198397,3.84025999722899,3.70798001938573,4.62964160871454,3.85379121212851,4.74614947125632,3.57235811586228,3.00839185374407,3.62569665831982,4.07622322564524,3.81599523337155,3.69987961765781,3.84382230748827,3.68763578073054,3.82964759210645,2.56625868826502,4.13546718179656,3.5426727776663,3.1994976585903,4.274405626051,4.53433482900733,4.55692432131906,4.39810215642428,3.67834547165779,4.14214004854409,3.42799900931159,4.00183265148394,3.46459051113322,2.60926344390603,3.502321982362,2.81296001632558,2.36358339746322,2.9536573189042,2.51567377835281,2.30386091414154,2.47181507812056,2.97361564130971,2.03540328894294,2.05538789607841,NA,2.24257325807275,2.38262029235142,2.25707201136869,2.16264223070198,2.77285509176502,2.25326194393987
NA,NA,NA,NA,NA,NA,NA,NA,NA,NA,NA,NA,NA,NA,NA,NA,NA,NA,NA,NA,NA,NA,NA,NA,NA,NA,NA,NA,NA,NA,NA,NA,NA,NA,NA,NA,NA,NA,NA,NA,NA,NA,NA,NA,NA,NA,NA,NA,NA,NA,NA,NA,NA,NA,NA,NA,NA,NA,NA,NA,NA,NA,NA,NA,NA,NA,NA,NA,NA,NA,NA,NA,NA,NA,NA,NA,NA,NA,NA,NA,NA,NA,NA,NA,NA,NA,NA,NA,NA,NA,NA,NA,NA,NA,NA,NA,NA,NA,NA,NA,NA,NA,NA,NA,NA,NA,NA,NA,NA,NA,NA,NA,NA,NA,NA,NA,NA,NA,NA,NA,NA,NA,NA,NA,NA,NA,NA,NA,NA,NA,NA,NA,NA,NA,NA,NA,NA,NA,NA,NA,NA,NA,NA,NA,NA,NA,NA,NA,NA,NA,NA,NA,NA,NA,NA,NA,NA,NA,NA,NA,NA,NA,NA,NA,NA,NA,NA,NA,NA,NA,NA,NA,NA,NA,NA,NA,NA,NA,NA,NA,NA,NA,NA,NA,NA,NA,NA,NA,NA,NA,NA,NA,NA,NA,NA,NA,NA,NA,NA,NA,NA,NA,NA,NA,NA,NA,NA,NA,NA,NA,NA,NA,NA,NA,NA,NA,NA,NA,NA,NA,NA,NA,NA,NA,NA,NA,NA,NA,NA,NA,NA,NA,NA,NA,NA,NA,NA,NA,NA,NA,NA,NA,NA,NA,NA,NA,NA,NA,NA,NA,NA,NA,NA,NA,NA,NA,NA,NA,NA,NA,NA,NA,NA,NA,NA,NA,NA,NA,NA,NA,NA,NA,NA,NA,NA,NA,NA,NA,NA,NA,NA,NA,NA,NA,NA,NA,NA,NA,NA,NA,NA,NA,NA,NA,NA,NA,NA,NA,NA,NA,NA,NA,NA,NA,NA,NA,NA,NA,NA,NA,NA,NA,NA,NA,NA,NA,NA,NA,NA,NA,NA,NA,NA,NA,NA,NA,NA,NA,NA,NA,NA,NA,NA,NA,NA,NA,NA,NA,NA,NA,NA,NA,NA,NA,NA,NA,NA,NA,NA,NA,NA,NA,NA,NA,NA,NA,NA,NA,NA,NA,NA,NA,NA,NA,NA,NA,NA,NA,NA,NA,NA,NA,NA,NA,NA,NA,NA,NA,NA,NA,NA,NA,NA,NA,NA,NA,NA,NA,NA,NA,NA,NA,NA,NA,NA,NA,NA,NA,NA,NA,NA,NA,NA,NA,NA,NA,NA,NA,NA,NA,NA,NA,NA,NA,NA,NA,NA,NA,NA,NA,NA,NA,NA,NA,NA,NA,NA,NA,NA,NA,NA,NA,NA,NA,NA,NA,NA,NA,NA,NA,NA,NA,NA,NA,NA,NA,NA,NA,NA,0,NA,NA,NA,NA,NA,NA,NA,NA,NA,NA,NA,NA,NA,NA,NA,NA,NA,NA,NA,NA,NA,NA,NA,NA,NA,NA,NA,NA,NA,NA,NA,NA,NA,NA,NA,NA,NA,NA,NA,NA,NA,NA,NA,NA,NA,NA,NA,NA,NA,NA,NA,NA,NA,NA,NA,NA,NA,NA,NA,NA,NA,NA,NA,NA,NA,NA,NA,NA,NA,NA,NA,NA,NA,NA,NA,NA,NA,NA,NA,NA,NA,NA,NA,NA,NA,NA,NA,NA,NA,NA,NA,NA,NA,NA,NA,NA,NA
NA,NA,3.04405830310643,NA,2.72695104693676,2.95443991069051,2.43541583140002,3.94424391973408,4.30611837444893,3.4718676504278,4.4856936417246,4.65072473470452,2.47260097580649,3.36241303736238,NA,3.14392951586575,4.16069661237823,3.54294801698595,3.66749769997789,3.82601450612577,3.10271514147082,3.77543926441843,4.54214915715627,2.84364927354933,3.62718678564879,3.63925099566891,NA,3.47602752051099,3.21367372041793,3.6791713158159,2.70105007785876,2.94703512437892,2.9327100028842,3.03512462625017,2.8922102487583,NA,NA,2.72989411516736,2.99134870079757,3.16073794928496,3.12810642455747,2.72658456220737,3.07487501981161,3.41800791218627,3.68966690599578,3.37315071633875,4.92188580984698,3.7795132149156,NA,3.9500903990688,5.33138644801269,4.28242091077517,4.07791160125239,6.047681549815,7.72066718802943,8.27397454936332,5.44782806826861,6.72561048486123,5.5943707186167,5.53141578406898,6.19148460723995,6.29064812697253,5.50463204149774,4.75098037964468,5.22459280084489,4.53611267346506,5.58959149877623,3.86980025115921,4.71783527142569,3.30411405805388,3.5663143431456,3.3581766955232,2.45284545742697,3.02264653115819,2.52863073691732,2.51400053237169,2.53003451130966,3.11947348793336,2.78432627081705,2.54193404474205,NA,2.12269585396535,2.57356564568994,NA,2.56712470435706,2.68303874422215,2.56292658950068,2.13801472154999,2.57731765732821,2.27242474248502,2.63643174895624,2.251378857145,NA,2.80344536726866,2.16559240964906,2.12735699679959,3.00774774483637,3.04181706404974,2.7627592156936,2.58701370804941,3.46583222867135,2.51362648255554,2.56395958101219,2.57642389962817,NA,NA,2.84912225946284,3.77677296292817,3.7463093025233,3.32955372415273,2.72365807945291,3.41686013530064,3.16912499733844,4.35216368181957,2.79427554381253,3.44009344513126,3.4595180601868,2.51770988359006,3.65531629644597,3.96794632860207,NA,3.34013024092021,3.59718425218092,3.49925270724169,3.74397135773062,2.65813852971834,3.58940836384918,3.34213193092577,3.38192518806534,NA,3.88328560178263,4.12036666003635,4.42709693613697,3.80420891545583,3.39937936962148,5.70121813396694,4.58011549561295,3.24597519090561,NA,NA,2.94421325120689,3.0620557183258,3.39876719412783,NA,3.93926109906592,4.07805169964061,4.011496374886,3.48084683312,3.97196747733505,4.12593264557731,4.33589747914955,3.21053766581133,5.32425097049766,4.39251595224993,6.50145864967601,5.53782163767005,4.28389768248124,4.63038307985426,3.71638556022208,3.38566109241508,3.7550383908389,3.41553261295633,3.66211075945927,3.16443991628913,3.21411211701931,3.25740344518045,3.48320406599708,NA,3.25810541100254,2.82108572205545,3.00070430781837,NA,2.77978767158395,2.99917341415975,2.69682639758405,3.3060589489997,NA,2.71613087402936,2.63563814015088,3.16381811604351,3.18367334213932,3.47896204926633,2.96032933868558,NA,3.53798461948325,2.92409103265721,3.10222245720502,2.73476944104768,2.38241553432215,2.69875808500467,2.85239917325129,2.64684611845299,2.68537870355823,3.05022993370584,2.57154305302687,2.54053654344615,3.08256416180022,3.05201083260959,3.13668328191461,2.98919232688608,3.40152469524528,3.0034773900918,3.48069709155509,3.5530418230997,2.61050083499696,3.42443776863664,2.85742188529877,2.9643701096836,NA,3.62458007898719,2.95229403334796,3.37731076556679,3.59259278186823,5.00224244622219,4.93104754120405,3.94076259321402,3.63979083672716,4.87823268129147,5.34758095288013,5.4015449425907,NA,4.29887017882175,3.38486357769347,4.60375267574719,3.58419621819989,3.6560577378496,3.479987667551,3.73110430454716,3.68226553341375,3.57002560642058,3.66007188725176,3.94516164048827,3.99528190230679,4.39614564726332,3.27272994838068,3.9300216995507,3.84837243480845,4.0347286289513,2.78589291985706,3.29420694049548,3.30332669614387,3.74571612714428,4.64676280678839,4.3032390715446,3.09252974476658,2.9788939611688,3.41307700958535,3.64446658718939,3.77670729950249,3.52349646114748,3.44268385167679,3.03376336182335,3.76542579158248,3.55320095040267,3.30544540027534,3.41288515674765,3.82726254717484,3.54422388723157,3.78519796652572,4.20775333988233,3.65306169001652,3.70151954077792,3.05769477001111,3.67527057263559,3.71243437900235,3.19057654412648,2.83802037374802,NA,2.214146797901,2.62479547288076,2.92119337285408,2.7008349761351,2.74128196991906,2.85257830326034,NA,3.67707585610104,3.87055336006472,3.63265421314662,3.27939284952332,3.3471278815383,3.52239611876048,3.32223598941014,2.69051934661988,2.80179544864448,2.81654117275582,2.80955523556543,3.38355867620186,3.16622235930297,2.7610909129795,2.20266850809019,NA,2.33128325125406,NA,3.27210192909608,3.43843342895656,2.52664887352438,2.59355535591401,3.60710546198311,3.29646247499139,2.80289838464684,3.01519247808215,2.73165312185194,2.95701858242826,2.63542819729638,2.89780849637512,2.71554798755005,3.22027244537087,3.56294142312346,3.28943799696608,3.64828271971056,3.15092476897627,3.85502729046091,3.87191506554653,3.43840037095169,3.74818267584979,3.86522203677121,3.26870305451003,2.68285145410966,3.49844114477822,NA,3.57652566726354,NA,6.19352538433988,5.04988972039878,6.18809610476636,6.53333287294135,3.53794019467945,5.2555436522655,NA,3.50501447258989,4.67071975370732,3.41830674630727,3.43616818726072,NA,NA,NA,3.77055723396927,3.69420780098391,3.23441599019801,3.19575530116078,NA,2.97879305056631,4.07061998159906,3.16156118089613,3.47429227684765,3.33486290333721,3.6337743633625,3.5827737204464,3.35078728793193,4.41285105349658,4.7492030057404,3.57069901678872,3.38932754684833,3.3129152047778,NA,2.76368838822436,3.94836625817238,2.75141024834823,NA,2.40681373520488,2.55203977469503,2.43099843210198,2.31473977823131,2.65289254543092,NA,NA,2.25611195171198,2.79180007465305,2.44774953861479,2.25694737862203,2.15415305028461,2.56489835836502,2.11291707277051,1.78324929998646,2.23942477694628,2.034232731455,2.05468015454149,2.18687381297913,2.51447665588453,3.01749449088574,3.23234291083137,2.96627066918158,2.67018593555135,3.0268177706743,3.05477778438488,3.11860234731976,2.90788453616029,3.15279121577323,3.76995224537518,2.91961464144265,3.15800195708642,3.19618308502799,2.93058499664899,3.47898922196169,3.29740368144357,3.75228963067242,3.51705936077742,3.32292385275427,4.53433840033427,4.02870191916153,3.1910373155962,3.35033795761574,3.47491043785528,NA,4.48483876621282,4.1787773697657,4.74770119501934,3.53733932696629,3.28112753677263,NA,4.06782799992821,3.50353827982277,3.39546417818039,4.43521412158839,4.53980645174893,4.24551244159383,2.80681005974927,NA,4.19288201761232,4.35837381328272,4.04546532757669,6.08931053736251,3.91289643889004,3.882789259213,5.15349102363343,4.03750573058918,5.67297666606816,4.90667438763792,2.58566487622536,3.93411549874558,3.65157293734396,3.56450997889589,3.45079361201504,3.91473134733167,4.74277307327284,4.17175543928142,4.18332349091202,4.47922817989342,4.07026895035562,3.78274947405736,3.35333555554289,2.2930322769239,2.20964706457501,2.51431015971412,1.91851267688289,1.66527707432185,1.99604975979144,1.46695153525354,1.59960318092012,NA,0,1.09765767670635,5.06042886126519,1.38210736542356,1.49901414275345,1.24107519249092,1.66826708006099,1.50141804619092,NA,1.69405456032929,2.12343704886497,NA,2.21158619315247,2.37950839443445,2.36313284758734,2.36090537823414,2.22516771430905,2.36399039487946,2.4899951185762,2.08885207580694,2.05788477092069,3.11762044254685,2.48329863496117,2.36090599438862,2.89394870933345,2.87503991889678,3.08967235230036,3.39123208158619,3.45381664757142,3.83171168665124,3.48380563117969,2.74306740177735,NA,2.29909517835694,3.66552776940377,3.61402776498362,4.93280141494399,5.70875450741229,4.09647570846844,4.89545805887956,5.04732476194266,NA,3.78996034303839,4.40456197258817,4.44609801535926,4.11407931414327,3.5130031476253,NA,4.97500150047219,4.5403435338035,NA,4.21122679632859,3.88659661519588,3.69636714958327,4.5707166543158,3.79991514718346,4.78274164688177,3.74072224301954,3.19401789774851,3.7953001696417,4.23449686863294,3.97418494817374,3.94545401252833,4.05677841462138,3.85589843100332,3.94089672595254,2.77752433313913,4.09459475095711,3.42908812617677,3.28466786801724,4.36477621537675,4.68813051451268,4.70452823283323,4.52604577583642,3.80931241685821,4.21232509514128,3.42894699733669,4.105228478355,3.56596054451561,2.70776920526842,3.44485543566716,2.79976589150497,2.50759324755858,2.94117063542408,2.44480054580166,2.0787062920358,2.23141284306435,2.64429445526326,2.16646929754605,2.04182481636804,NA,2.09086398756485,2.11871275514952,2.03904883891189,2.05137143876023,2.66685850116957,2.33932550723203
NA,NA,3.03402045095193,NA,2.83911163912262,2.96821837428083,2.3851734132402,3.74226469830603,4.22825477086775,3.47929486691368,4.27259163797191,4.52195107690066,2.68351215391404,3.35894165594937,NA,3.26199958749818,3.995635977217,3.45738473615735,3.69305728850001,3.82820251769079,3.09805874787529,3.87053989341094,4.48509462803603,2.71153500665633,3.47381547499166,3.52811885303577,NA,3.41418479063575,3.04615561827066,3.54488392751261,2.53409942375919,2.77075249102516,2.77851358435969,2.80103936021978,2.80631057549115,NA,NA,2.57488045930108,3.01949930590453,3.16594450072811,3.07128863682526,2.69857632213594,2.96572488884996,3.45331340126678,3.64337266334935,3.46611575035405,4.92509239674017,3.84987029015508,NA,4.12786029177003,5.41791529426203,4.24953086101908,4.11108082990065,6.1154419358063,7.7642669627702,8.2600961502933,5.45285964062686,6.69625273394023,5.56338449995559,5.51664502293107,6.15366203029426,6.29542526888391,5.51418950320128,4.80073413911453,5.2444593806985,4.64873108070208,5.6975807168859,4.06577556524428,4.84230966347401,3.55144914526898,3.87713117298782,3.74544306367051,2.57758326565012,3.26592793799722,2.72921712261554,2.76066939686626,2.74067723493693,3.32956240284925,2.98919256834856,2.81907222007921,NA,2.31852483428705,2.81517594839823,NA,2.86179665795432,3.01015977196607,2.86308773144649,2.21448146698773,2.7681853327853,2.39011470784472,2.86546247728204,2.5684993076616,NA,2.81299194578549,2.32854905304755,2.15810122935836,3.3453590626673,3.28508123468029,2.93251155940183,2.74246207201058,3.34151309132989,2.61900364864877,2.61846284392914,2.48022931108242,NA,NA,2.86263133267525,3.60393125479991,3.53801968911561,3.19103255793572,2.63150973229825,3.17614180389324,2.88281624197997,4.05597057519533,2.51279392179617,3.14450017811077,3.30670113420997,2.26909025718792,3.37823828374646,3.73504512172521,NA,3.39906289769803,3.59529189112714,3.45450054618958,3.84806741472022,2.5948443864652,3.57761208423777,3.30590461809106,3.35948928613225,NA,3.8375689967668,4.029977840057,4.50496173943291,3.74176580391648,3.35356079100487,5.54163397525646,4.3726518228701,3.30523616056013,NA,NA,3.01625009054864,3.12408815853671,3.62914663038844,NA,4.04900541173144,4.19268943969799,4.12172067633624,3.68590963005866,4.12496814592797,4.25978520164777,4.4489066218698,3.23298542032378,5.17090484017781,4.47053555401371,6.48996278931035,5.5263764544359,4.31478805166269,4.7316779634608,3.80269717331932,3.49689243214364,4.00324560274353,3.68960402320766,3.91943111000792,3.42772496739625,3.45367388057493,3.4680792002909,3.61081045770056,NA,3.55780097428062,2.95386176328867,3.1229273617197,NA,2.99558727168239,3.04145682095379,2.75773666761338,3.37340744910275,NA,2.86787759396946,2.8912400938641,3.39370557974291,3.31176117333087,3.73572364377015,3.127191819109,NA,3.49512782800615,3.09032330536072,3.41168014253785,3.05628283389159,2.62299685420585,2.90101316719841,2.97115210069324,2.93477243299663,3.06501721850474,3.3416561322836,2.78632065633336,2.73502802928104,3.37429890681697,3.33218840049821,3.44883280722443,3.29195788682951,3.72586809655343,3.08488854974739,3.70391476079792,3.71642512733468,2.68209778806988,3.63995349935137,2.89473175286391,2.96806922858574,NA,3.48934727748184,2.75051081859151,3.14923109575923,3.32115616997921,4.93982593988653,4.8475622925752,3.84439069890947,3.51481507508126,4.720679876057,5.19626944674637,5.28848189466697,NA,4.31479188895457,3.30702547007834,4.71749297128794,3.66997388190479,3.81985896537225,3.62386559891975,3.71757180751825,3.77009206286746,3.72798389940371,3.8348203128257,4.10120870329266,4.11544840880817,4.46922957684399,3.28558354105885,4.07136175797381,3.96599675697915,4.01150832397341,2.93112013653857,3.43361132447861,3.27704729701077,4.04441972910617,4.82074940651491,4.38021439054521,3.09177495704481,3.11025393971026,3.56193575103206,3.79205278103975,3.87144061606624,3.65645754391333,3.58350306529129,3.20143702623816,3.88015377346298,3.61633974371761,3.51559930334546,3.60178359237704,4.11325402138699,3.75983380304274,4.03795397884843,4.3836777809607,3.82156473763864,3.89775545599836,3.30146241544728,3.89003933830367,3.77290893639183,3.21042340173797,2.69894821419312,NA,2.20656100754802,2.87788268827876,3.20418223367776,2.86815762866723,2.74292948493355,2.85607992964212,NA,3.89128325588227,3.99185387784086,3.71208431755885,3.29793114560475,3.33833143876113,3.46459946108472,3.5102687784146,2.71024502087013,2.83499442005763,2.71031811289138,2.56708035904702,3.30438573551439,3.10022767296467,2.66488613838681,2.2070940344912,NA,2.14527843052399,NA,3.05743381283214,3.31985725657284,2.23823540403312,2.28211672336466,3.38475191959519,3.15848749995218,2.74932937662106,2.96723851365213,2.66845243958695,2.97458700448365,2.5876618133078,2.99033203473814,2.71217194618303,3.35609420003351,3.59842125400304,3.33592434246675,3.54133764500186,3.06927318380725,3.9568416450657,4.03746733570108,3.53181252412333,3.78479355161887,3.83937155155544,3.25401129549878,2.72547983407573,3.6100856406474,NA,3.48635227196642,NA,6.17395077127429,5.10063032911802,6.27668831687112,6.5563152040083,3.50137232457395,5.3236124731523,NA,3.439043002863,4.49957216089964,3.40086373549382,3.40318347004002,NA,NA,NA,3.79238558566923,3.77890454360529,3.34204763676092,3.31090574655518,NA,2.99735906986752,4.07022657574931,3.16769445822628,3.55395676604546,3.51943992233546,3.62569403505326,3.6056107354367,3.36434766754809,4.37856362936565,4.81258679750606,3.48039112447923,3.42195768723124,3.38905742747908,NA,2.81620809342078,3.91772876517715,2.90767307972926,NA,2.43579117470449,2.52778554386887,2.35904903543515,2.35845325210286,2.69023777568796,NA,NA,2.23106649007647,2.81297738996246,2.43497286956091,2.33773412831347,2.14442138523589,2.94922256885701,2.31187763378291,1.89008989293294,2.76498911449327,2.2057413723558,2.08607325456475,2.36394672009401,2.43445669648683,2.92133938485659,3.40043925755244,2.98434273603369,2.51839304840027,2.80772822018378,2.64385759652052,2.65825823684813,2.48070342269976,2.80426223992191,3.41509288286597,2.56743646423007,2.75895835066766,2.89681207166947,2.53257017331627,3.05955132231331,2.98497802510669,3.46317378077553,3.32570093064547,2.98017301015603,4.39417634260746,3.98161269905352,3.13717035201781,3.27280778010683,3.27892892397325,NA,4.3661140781317,4.05639847855077,4.63223669008854,3.51289662343441,3.41395362588494,NA,4.07377119687216,3.49582051915788,3.35547676048487,4.51547101791369,4.49030038869119,4.31543152763851,2.8074601775832,NA,4.26212826727067,4.32609782109649,4.11890930378727,6.08210708297398,3.88662397123198,3.90399229055886,5.15278938951662,4.08730789214072,5.6877525000568,4.881380596113,2.43545311182631,3.91893462251975,3.68223121380129,3.58215655952178,3.45523299495076,3.88484423947851,4.64959790836785,4.09275616516881,4.06680921353123,4.30311612578428,3.95934871517283,3.57418833474115,3.22923005312379,2.4382305219489,2.2147727125579,2.57524553968071,2.18710059130183,2.07879851796938,1.94061108486355,1.54648600891696,1.93840134082426,NA,1.09765767670635,0,4.92943618676475,1.43590698105527,1.15426394048658,1.29396319761034,1.68371769631816,1.48285387062771,NA,1.53724031518238,2.06308839452943,NA,2.01814918856988,2.40007054881627,2.24714271381793,2.12721026485316,1.91133471068782,2.41475866910743,2.42105827963799,1.97641463079998,1.87026439481523,2.95394616578691,2.21857211087831,2.01320977383187,2.49916408379931,2.65005995114345,2.82828583030652,3.10376912789721,3.16398792921824,3.5969764615197,3.28429340579719,2.29929778863006,NA,2.11227255168377,3.14335437786038,3.25485577666054,4.6299784953401,5.38946214061433,3.88492486631532,4.66579744885267,4.85685439131336,NA,3.60192463485075,4.22200970682991,4.30535895610213,3.95662502217397,3.37987897427263,NA,4.82131461072909,4.37750243586275,NA,3.96320668074178,3.63148371879688,3.44077079571967,4.34692078726117,3.5728129118104,4.63175239793017,3.67173267129304,3.02992624341492,3.72410032661646,4.1444350240942,3.92082269409142,3.89307875533014,4.05406062002714,3.85402952553828,3.8934499274239,3.07825025210641,3.93596082972218,3.42978839819841,3.41506535214878,4.20094047695985,4.50377936674149,4.64479469146154,4.42007480306047,3.71088734802541,4.07060032271864,3.32638996277743,4.07459494604312,3.52895540615996,2.68911062567791,3.2930050144666,2.74756829582291,2.63833756080123,3.04267968489035,2.54743479373161,2.1751053287517,2.00680203000799,2.56090288473055,2.49482601924035,2.05578491367041,NA,2.01964986777655,2.02572774344411,2.0108384218296,2.09118865173105,2.64541246289099,2.31297655058265
NA,NA,5.48125873406577,NA,5.35478814864714,5.37831641899704,5.27343564790847,5.55774883208577,5.89735568010815,5.14099639535877,5.32214485132409,5.64784595435101,5.22065002945784,5.51996963575166,NA,5.46505134637341,5.75528004434493,5.60750433671692,5.32681857108045,5.32401160198609,5.17644088350449,5.70865267695684,6.04979609037248,5.28966703536811,5.56715961515469,5.54115790651102,NA,5.56380421339606,5.42670359006978,5.36895605492925,5.00800149093531,5.3383397836145,5.40795901525285,5.27348453923165,5.22332182158167,NA,NA,4.94787712223426,5.18812359460003,5.26047100605573,4.8048456256431,4.84030416953342,4.5665224771395,4.89049797097521,3.57833725780069,4.19599323068329,4.35324965552891,4.53262744838162,NA,5.05952595571004,4.16947951194622,3.54702295576187,4.02125610939816,4.79686272103608,5.9300528580007,5.7338789564486,5.37669330904349,4.74727480030751,3.94390391202377,3.90048035458621,4.55121578930005,3.99512272642504,3.97509230834312,5.05650396530969,4.05487907754006,4.56225340619472,5.4966635040428,4.87142966072233,5.11755510907947,4.78296495266268,5.14822331318108,5.77714254353074,4.98398805566641,5.27893548973667,5.12672777743058,5.20593514648725,5.18939400268277,5.49646105867863,5.35172884609614,5.30821089346303,NA,5.04130010871829,5.18600854212861,NA,5.44643358174779,5.59222527208324,5.35010624565779,4.81007283945169,5.24383393807916,5.0042491431725,5.42651582502933,5.31254756112678,NA,5.19755509438606,5.26833178066159,4.71581781514446,5.96240764727255,5.82708444518439,5.63356724543833,5.7511600290851,5.78064747626817,5.29838285213782,4.75130552962715,5.27178958105066,NA,NA,5.92670309325981,5.69832251443948,5.53950398862548,5.45578373304754,4.61872001837394,5.73344448789551,5.74755784694996,5.72945730480604,5.00257571669601,5.38443886708393,5.5768041275923,5.14752553194953,5.52103935271266,5.67138954532487,NA,5.67669059745406,5.64124499196253,5.65150472815763,6.10840777829854,5.27261968524949,5.63776787897454,5.28140519367389,5.348221162628,NA,4.69983049048143,4.97886019162799,5.7905466311009,4.69199608147671,4.1052832716713,2.56771066389161,2.94067175689882,4.47830532477381,NA,NA,4.95425072555655,4.15341287193199,5.57258305202445,NA,4.23708966485371,4.68167663524019,5.30263866387028,5.23085602817835,4.2518208039808,4.69545091627854,4.43892023706065,4.37732711850246,4.99266587747608,4.8176380776468,5.01402933836614,5.32249267882976,4.93317024987444,5.07579564153555,4.90958064071835,5.06362770400297,5.94376261804211,5.42880089791505,5.32591020909967,5.32989696341202,5.23008424110443,5.38216785170192,5.50675262262483,NA,5.4987937166676,5.2572022688456,5.03812537986802,NA,5.57390180539624,5.77273388569297,5.21759609659185,5.96383136902787,NA,5.44933664458856,5.47565400617562,5.96706305216534,5.74297801447279,6.11993565911004,5.64007615086636,NA,6.23092882703527,5.70227630700428,5.86649372445279,5.68382285736005,5.42265999741663,5.58427851811114,5.7045090213688,5.5412858865514,5.66235385957021,5.95393557209849,5.58999766843381,5.56505072101264,5.95973033195243,6.05791083600308,6.08754482799145,5.77576329990303,5.94725386214243,5.53362220734033,5.78288606549445,5.72312805775524,5.20357745337984,5.82244472432954,5.46959858196013,5.60427689111861,NA,5.4064788455172,4.9599051084495,5.16758032137255,5.31674166368391,5.67658402213759,4.93776945963317,5.24742951419783,4.91780108193361,4.15828846396052,4.54732258196991,6.09625927799764,NA,5.49907538798422,5.13013453128568,5.7647680693019,5.17945741227443,5.52351866310131,5.19289970670842,4.55494152510847,4.72377189140179,5.25456818275425,5.37989628391309,5.31011426302577,5.49182108909228,4.99853872521549,5.2052069045148,5.79683843532917,5.46535568348539,6.10139003348326,5.31891107914765,5.53418198332138,5.31023103693446,6.19788148042543,5.93668510271054,5.26589431946909,5.07181764437764,5.42869490002217,5.45455605796912,5.50059290179073,4.78857463122326,4.99774183651468,5.06591473016926,5.23577893550842,5.35745715686302,4.88896853863126,5.2784670018461,5.35372660926165,6.00424727673024,5.43196317021333,5.80516986714998,6.03854675731665,6.02514078871234,6.09216194337675,5.580834945934,5.80018361662039,5.6274907016701,5.62450877048521,5.39480324171755,NA,5.27549080892559,5.75693238324589,5.99265753112938,5.76147185179056,5.63809859927902,5.63599132658688,NA,6.29188222035687,6.29404888418128,6.11637488662534,6.03518271826429,6.07439904716952,6.03530741445884,6.0990262383532,5.70305846226627,5.71512991431375,5.74692370795681,5.65970122728076,6.08275924143137,5.54678742892368,5.09404258587371,5.25919574428683,NA,5.05505718126675,NA,5.28601126714568,5.50809607937341,4.9497021494687,4.85134279714919,5.23723020708116,4.9488424643395,5.10844550980294,5.14275490051509,5.08780494410284,5.20042600584496,4.9585892840825,5.59417659400171,5.18517756592035,5.43080728313055,5.50918196155217,5.35710849893327,5.29770620708747,5.15898803018116,5.8129109773505,5.56575124088178,4.76370602006312,4.43833542105888,4.3268732484876,4.77530610602318,4.50110897451865,5.23468906847118,NA,4.19296896856978,NA,4.19473075978468,4.73864193609017,4.22091921918339,5.22164116033802,4.94484292072428,5.2963418309382,NA,4.78293489632982,5.33660611653527,4.38999255621448,4.45743732845274,NA,NA,NA,4.31678064132535,5.52067254005884,5.07099364145766,4.86094332332851,NA,4.51308267448094,5.16358354124814,4.65517213273905,4.87457259063239,5.20372436419525,4.54369337559932,3.99206256424002,3.45027136131081,3.38663409194407,5.8033881965203,4.58795543391139,4.78625356258036,5.21781280664232,NA,4.7674630609876,5.35075929759427,4.96804963887024,NA,4.84100116212319,5.27495927709751,5.17555542764511,5.46003101835198,5.72483432089761,NA,NA,5.53837317907703,5.7167770451796,5.73580261581451,5.77047914692079,5.6788062494485,5.89814224380187,5.65129105412421,5.37959039516816,5.90607069012355,5.49601807149208,5.42174737238677,5.6558001132012,5.23001936797107,5.41871384658024,6.15903780956768,5.32885162557152,5.08873927498406,5.13129469501436,4.97095242383819,5.20049428130766,4.8864901046208,4.80716147026614,5.14727222765084,4.88027721076269,4.84139754932468,4.84359015109101,4.73222066477219,4.55743631706087,4.73938441819048,4.9351420579109,5.22632730298297,4.73840907177964,5.48653457001238,5.45404707193785,4.38420035503632,4.74283131341041,3.29744365103066,NA,5.56850617661967,2.62320181478588,3.77385353707348,3.52960006443982,3.91023998153558,NA,3.29247254854519,3.64263300888179,3.68934606313194,4.45629961419189,3.39174596484686,4.03600116098895,4.33816665119763,NA,3.64034064685478,3.02832475389715,4.48080839921355,3.73908211319939,3.9848655849089,4.24571042222081,3.99972906076878,4.19572943558718,3.86629653017422,3.68714810842614,3.99457840257193,4.28040814814749,4.46696684911646,3.63792565946079,3.54317079328873,4.06441100882195,2.54340139809976,3.06550270278592,2.47212856716091,1.79148045623779,2.70864089093741,3.64235657495858,3.39037463762104,4.50348106849116,3.99006584923846,3.86068877407649,4.44849175676651,4.88046464426904,4.0967433192283,4.72126063600727,5.13154082995166,NA,5.06042886126519,4.92943618676475,0,5.27959900317239,5.06884886846927,5.17821072356489,5.14251501673416,5.29782490957324,NA,5.28517844127716,5.6925953180839,NA,5.48659467606849,5.84084254296377,5.67079970879965,5.19225902021152,5.36812707513273,5.55957539920144,5.48316873759447,5.14258139951237,5.06798322611482,5.4047722175159,5.26550723583905,4.97076688365895,4.99531479122574,5.30180384622255,4.79973009929059,4.92991711834582,4.9540898712833,5.18874956900135,5.34917012606391,4.97085752788933,NA,5.57081165388492,5.1396227040636,4.82339668914442,5.53275078920895,6.34136417534897,5.09547131071687,5.56708787156333,5.86249935582226,NA,5.04954841990771,5.67909484250904,5.68620052747997,5.46475978424382,5.12437418153844,NA,6.13248047219433,5.72780055925295,NA,5.64073643405617,5.11501153352459,4.89857126455503,5.11803871314613,4.76186954923582,5.60104728313123,5.16383912533214,4.19473393085669,4.73397542975098,4.74143522401654,4.58747579421076,4.21104657765288,4.11429425623364,3.90162777039737,3.82915131680326,5.37046911310339,4.71713768942698,4.90926293670947,5.10143625052891,3.7556553720477,4.64825312542848,3.9816866823108,4.03190641916025,4.02317210420607,2.70674299866302,3.61587737974033,3.68998398100684,4.4184454004869,4.00604883538397,3.75560576555717,3.8684388267397,4.3493649392838,4.34482107043182,4.44081872981973,4.85662423289638,4.4047316545641,5.06321308134795,5.27286575424914,5.04840393596524,NA,4.94700897652931,5.09002694350092,5.32224383786026,5.37726006232168,5.26868012679066,5.0729475888089
NA,NA,3.1240800544046,NA,2.79580442355799,3.00991179666932,2.47869639686138,3.8294175981794,4.12354431260444,3.6313426356951,4.52469379639985,4.7925001467009,2.7875490883961,3.67254275353658,NA,3.31876618660665,4.14745592630633,3.60064241414564,3.8171996673001,4.06240702423706,3.35647588388645,3.88074254738203,4.58824155902337,2.7502351357209,3.6086993143899,3.71900815850297,NA,3.57211073122635,3.19453283489106,3.66698598018563,2.70316335538055,2.94258113775771,2.95421999316007,3.04313267168832,3.05873610267555,NA,NA,2.89974711380828,3.07785991262003,3.26399688508366,3.26086265814173,3.05056567828948,3.28524798915878,3.70575058228711,3.93111836737042,3.69850502120381,5.13917444083123,4.0605330272973,NA,4.23345400150508,5.55938488495716,4.53725009053763,4.34665528476872,6.34075279035171,8.04817858448145,8.51102185439049,5.74615658017688,6.95845114026827,5.80046163804692,5.79807458430187,6.46489808556103,6.52992380844863,5.75322281880496,4.99857389406467,5.44190788565324,4.84572826827744,5.87419769330096,4.16963131103819,4.9789617256188,3.64960270676967,3.9318316971774,3.71793004510397,2.7327709762655,3.2834351118093,2.76586109669344,2.84665432879567,2.84658491049055,3.41284826016447,3.02004016267265,2.7648254704433,NA,2.32943361026954,2.83306385675695,NA,2.82842326954579,2.89365142157343,2.65499702552177,2.34534360705444,2.77545882570018,2.4113315476849,2.81927243995715,2.38534623019271,NA,2.6421126220115,2.21499277417917,2.35872854069243,3.16758393820378,3.10831162358404,2.68539976294239,2.28734023706745,3.53197022141572,2.75505092235512,2.88394032468086,2.71963618263303,NA,NA,2.54336087343373,3.65070384214931,3.81950189482692,3.4807614608058,2.91804621541094,3.32598360344609,3.1977199986237,4.35633654351825,2.77299571106458,3.39552907392406,3.44260932767609,2.53792075046891,3.63419485464416,3.98388969934285,NA,3.50603036051918,3.8070065641538,3.58052504469596,3.88179069106911,2.79806907954885,3.84571475606766,3.57177754833637,3.53019790418348,NA,4.12968227918547,4.3629972617404,4.76197824895814,4.08448997842227,3.68764873580312,5.84656734161183,4.720313870297,3.49169766059104,NA,NA,3.27114454592842,3.41801566950461,3.68437108431549,NA,4.24580417636388,4.41547107234743,4.25063496981069,3.83517435388191,4.26134405027303,4.46204695644145,4.63192122803831,3.50532881662565,5.47259693510278,4.67900740054137,6.76627507872088,5.78412784891985,4.45706434893463,4.79697944909773,3.83172824651322,3.56082685930055,3.94023117751704,3.61963262964912,3.86479594424581,3.36005718830963,3.44394746548899,3.27265128822914,3.4425432325545,NA,3.57629125214269,3.10356984961142,3.32240560213417,NA,3.00584505784798,2.83867568896794,2.67206507238205,3.21462559796738,NA,2.78888320393595,2.8447990000148,3.04296812023594,3.00355836923286,3.26181055435832,2.92874212204471,NA,3.54349204448342,2.85912308621471,3.13814933809032,2.51043386247147,2.3856235962633,2.80931355973708,2.89051980042924,2.71742986333904,2.70906673363083,2.64801911223141,2.71342455929507,2.75554330874426,3.16428015963192,3.21706006176074,3.33891444962734,3.26783997891747,3.75643972374665,3.24048608868561,3.72413032435457,3.73254346835862,2.92744103149838,3.71062109778477,2.86097451787498,2.66458330556703,NA,3.76704711490343,3.10167726481342,3.55700409209196,3.75592415226921,5.11871005635115,4.97572825728339,3.95564454015292,3.63363368925252,5.0577161217719,5.48910805960235,5.47304966934382,NA,4.50971084432362,3.51097716560801,4.92525213651032,3.94751355494405,3.9934985142653,3.80959308436047,3.99711285365554,3.95742553855741,3.80443419635488,3.87581576564619,4.19991307896032,4.22459992024696,4.62279085177128,3.24282406763805,4.11921163828389,4.12861574786151,4.18608099218393,3.02390597927633,3.71597642893818,3.48402038528732,4.09959402546461,4.90424058170064,4.6034745604146,3.20298300689533,3.11719509743326,3.61178030310528,3.9569018907572,4.08398308970776,3.79231337090545,3.68592942463485,3.13047956902213,4.01284510969322,3.79397384456667,3.5549942831888,3.63333589036545,4.06671078331129,3.73983237985124,3.91278961507891,4.31933694613029,3.39977711544548,3.51203181328732,3.18314409094921,3.4474614388726,3.5439107205851,2.91431432792409,2.85494229427433,NA,2.24529546665615,2.78010080484885,3.03240568945462,2.62235799157949,2.53513322487819,2.96097300362643,NA,3.78635407213796,3.89628001498081,3.54915986074845,3.09512228161153,3.2150861271413,3.42835242390585,3.47044038326928,2.62235675455832,2.73934728799549,2.52463776085799,2.47895131905291,3.27125896547748,3.30585668745111,2.95376820810484,2.31299322972359,NA,2.47256538851822,NA,3.41147999343404,3.64605392540899,2.68840126183371,2.69347140281944,3.63855973028598,3.39148273923047,3.05568014872603,3.25506558060045,2.95587443299858,3.21852793900399,2.80398514882057,2.99839749010856,2.78053254330606,3.47887026198256,3.87605385751597,3.55951365960008,3.76421066461461,3.27421244595574,4.08461463055746,4.14582099462824,3.74524627314205,4.00379651228945,4.11783763432008,3.61019912573733,3.00089714734434,3.79007558648589,NA,3.77196091277185,NA,6.33498824995223,5.21477183160941,6.40995109184694,6.74635786852119,3.75743898140588,5.45928506050306,NA,3.60247131981206,4.80091853216296,3.76152731143762,3.70448654991676,NA,NA,NA,4.01088570098627,3.74344091439337,3.49547937111313,3.50635469267857,NA,3.17890683392071,4.3000151249932,3.30051616530383,3.67512582921513,3.56042360333065,3.83230805035361,3.72453835693599,3.6202947795284,4.65767132217007,5.01446356487521,3.80156711936672,3.65948670133094,3.64221085957606,NA,2.96586263251951,4.14972371976748,3.05446156847224,NA,2.46646637330288,2.60705861744588,2.50996892095101,2.43495701871638,2.5768596811703,NA,NA,2.31187415047459,2.75170724956736,2.49698925891425,2.25617906505155,2.13868381028928,2.86808376171801,2.19203821232734,1.93131558274241,2.53553373848152,2.09255390301029,1.96571636039917,2.16533146019535,2.45973773630662,3.0883863766165,3.42258577240111,3.20559201676772,2.86101840962181,3.13509044171964,3.05485243215938,3.16668363974903,2.98646512965263,3.21594830934796,3.86988000716572,3.09809748831738,3.31236616159434,3.39544680799714,3.14457260550855,3.54961760043706,3.38445399410652,3.86765095829531,3.72259932853987,3.37486284520044,4.75774760089336,4.35437471643412,3.48373033234633,3.5646092072954,3.634615541948,NA,4.51204159152065,4.3866613328058,4.91042647212088,3.8121656278305,3.57430193244539,NA,4.31607732720928,3.77163829099526,3.68448403062958,4.74667019433374,4.74653582171208,4.57842950605209,3.1620828818419,NA,4.52072976803852,4.6530885022302,4.42122928549567,6.37059643653989,4.21386947466534,4.21243354795332,5.415042604801,4.35731147491597,5.92177422032697,5.1904478778933,2.91452408789742,4.30266815388652,4.03836573522131,3.9246638202655,3.78362605716591,4.23122015939959,5.00203890267218,4.45670148510699,4.44660430240154,4.74081449751661,4.43286377934207,4.02296606382483,3.73992074462228,2.74805386866904,2.61683304118408,2.87823914700972,2.2628470763251,1.97145440962544,2.24586101204203,1.73644299504786,2.002008156911,NA,1.38210736542356,1.43590698105527,5.27959900317239,0,1.26269190360626,1.19884976568252,1.71737680393906,1.25450431467512,NA,1.47882960005337,1.88927146352662,NA,1.83129143579914,1.95724852584967,1.7564362215617,2.40533210450777,2.06238732781084,2.35893816169826,2.45383020193738,2.11058687947723,2.02846352364457,3.13014422789112,2.49051586986194,2.30937594531049,2.87164513871386,2.88773727111028,3.10456065776514,3.42852946247495,3.3982948448905,3.83019336419166,3.647574548983,2.78828683863292,NA,1.99975235933636,3.48274318319405,3.61205551922816,4.96628124629461,5.7262939296923,4.15561579073349,4.96921915241351,5.13500039477634,NA,3.82440887686429,4.40599534662884,4.4998863055334,4.177054492051,3.52859575050792,NA,4.98792601721833,4.54635043120845,NA,4.31631283931143,4.01123464526782,3.86543276772639,4.69247084972851,3.97665092772126,4.99486273262231,3.98342692393395,3.45457180020226,4.12086262711441,4.53136572351647,4.21437704466436,4.18905264868561,4.29737972943258,4.06909768783855,4.11398419851494,3.03949128862546,4.22852265020882,3.68278133471262,3.58063832128958,4.57088116130375,4.84011582495452,4.93178450532151,4.73884646613855,4.02146064750904,4.3601827153633,3.66017412097606,4.42101927123947,3.83035928876312,3.0036035560503,3.72553325793597,3.12033964499397,2.88129706596399,3.29155310110972,2.7254198184772,2.21076567930826,2.39793647270465,2.83489054152078,2.492671648029,2.19013352021677,NA,2.17778388364379,2.20337962779517,2.07661597944084,2.14522309117332,2.63100542008681,2.33204910758425
NA,NA,2.89393450858587,NA,2.67536579570496,2.90045423794594,2.25656892325163,3.64385144471137,4.12494176762259,3.40605984673165,4.1888708333066,4.45906344182771,2.61486328508149,3.47240407930542,NA,3.34696992015418,3.854413901106,3.41224051148945,3.68682638554808,3.84380348963388,3.14437345690297,3.88971956822866,4.34940126248716,2.56134166715808,3.32504765549117,3.41281022027921,NA,3.31861926171517,2.88654114084507,3.35532768386537,2.48328823696279,2.64345921205493,2.66368458826127,2.68211428330108,2.71192154910363,NA,NA,2.55970563736333,3.01643809410838,3.19288355340727,3.04043820947502,2.74511550394553,2.97833801934061,3.5109167958425,3.69711528614782,3.53008462583719,5.00197289796014,3.92047302820108,NA,4.133062838566,5.48139111167123,4.36097703567977,4.20553344613003,6.17210816717931,7.84623638484943,8.35090125494808,5.50743500121671,6.75357406773252,5.59309936420289,5.56523594422604,6.196714736726,6.34564741489343,5.58607154175219,4.75344812092586,5.27207178814056,4.68847135435126,5.73214591180719,4.07782533636271,4.83866001340608,3.58059034775461,3.92904011622355,3.71436505634706,2.46918054048102,3.21003518034253,2.60961028429663,2.62714506824947,2.56899644607654,3.28192419816364,2.86330304216706,2.64936141385264,NA,2.14889117090789,2.70278058702046,NA,2.71831559583139,2.77122654611672,2.71615603528764,2.07489756559889,2.58856309521336,2.28583107731872,2.76969909000756,2.38519013822719,NA,2.60346606801344,2.04072134120371,2.0272053382888,3.14686012702446,3.04393318284316,2.81192942937258,2.54462268594666,3.2002519207688,2.50903274134296,2.59262046998621,2.4646669387454,NA,NA,2.78674286583824,3.50520205462749,3.59915883009247,3.39045061848707,2.57890037335647,3.27901725364329,2.99475046861875,3.94341950848436,2.41719302502199,3.06904054118745,3.12926649619228,2.21633774565172,3.21539292148783,3.62773112863313,NA,3.29521863907537,3.54693066143466,3.38729557368923,3.72607869893392,2.4330389265014,3.54434073106202,3.26219706392997,3.27708059569648,NA,3.82885011982271,4.02893704132846,4.50504097485133,3.76352078326612,3.36907329575674,5.55556767990839,4.3424547666745,3.33068260823999,NA,NA,3.08258717086476,3.19358038399202,3.57807231785867,NA,4.02528718827044,4.17763662716413,4.04088440501224,3.66014790183553,4.11806081002562,4.25345660577084,4.45025267782336,3.1858430491769,5.14649679001922,4.4410265550302,6.52208328251006,5.47653736160953,4.23614455694089,4.71481083485153,3.75883637293033,3.41005143635859,3.91729775389017,3.56982865943725,3.82067873478433,3.31483176533587,3.36945444434925,3.30117057488338,3.39517206483054,NA,3.45332621758025,2.77762688858813,3.08424748384963,NA,2.93672257062818,2.80581483990774,2.63952565569434,3.21296422910226,NA,2.71964250629751,2.78189824284586,3.21423465085617,3.12161529628115,3.46834402279825,2.87683826554675,NA,3.40559917142285,2.91211468823602,3.16144990186206,2.76681063497753,2.37860822182813,2.68620484649868,2.81992243749164,2.72922305410483,2.87379646137278,3.06918974147303,2.57789050437065,2.63736990888895,3.278948921114,3.3180569698438,3.44787192420063,3.27027801246504,3.74251145867726,3.19759356831197,3.71251499956952,3.75376711212955,2.77326999600732,3.62432102494442,2.86310172397493,2.74585562853656,NA,3.38502344268928,2.72318430464528,3.22598957705395,3.49739723031919,4.84580696949449,4.71811892090287,3.65422578018055,3.33029117074953,4.7499643518454,5.18125045279737,5.18276993795963,NA,4.22225606509046,3.27772246433593,4.70922208802934,3.762730703198,3.87190071375851,3.61264643309896,3.7108328946303,3.75321264072428,3.69703534458609,3.78479111028188,4.09083695290254,4.08762321372284,4.45533595800089,3.23432175413116,4.11945957037762,3.99931844403962,4.01161461143671,2.95981023819419,3.48931674896927,3.29746249096747,3.99913747861271,4.71765681003403,4.3663195557049,3.08202845612438,3.03170468764189,3.56851604317407,3.7984886651093,3.92779026522771,3.6932466807554,3.59019872414488,3.16593275932967,3.90076017603558,3.71472259107401,3.58974941254933,3.60107090629776,4.06614214168383,3.72960563400479,3.98865650959312,4.35264047879507,3.61603383517223,3.72419369089908,3.20559327166894,3.71532236732076,3.60265674003844,3.05701303540425,2.6645717169481,NA,2.16021311566295,2.86912375866864,3.09559063805753,2.77795937531874,2.66630414391802,2.89261622689313,NA,3.99246064772238,4.08764297093379,3.74581842862206,3.33216795286311,3.40694947692091,3.48139762695054,3.5444415896273,2.7343574338375,2.84331141265791,2.65092327583442,2.50250697651561,3.31997241981758,3.30790323631567,2.83660557670629,2.32929609945002,NA,2.28249812735491,NA,3.21047281234895,3.52324517742076,2.3927647094474,2.34643078382473,3.43392071362903,3.27997873627586,3.05552992888753,3.13422662044586,2.73147110470549,2.99001202208486,2.58418545391368,2.87180387906987,2.55566898176219,3.25993680096183,3.53508243516072,3.37777995295121,3.46289010677905,3.02785756757758,3.94428201016645,4.02859627272003,3.50889025003082,3.76774093005886,3.89914099899347,3.43290659872211,2.70863407264313,3.62317806346928,NA,3.49114326193951,NA,6.16525699578416,5.07493970995685,6.3245521715931,6.5372945756088,3.45278962490709,5.27897017458918,NA,3.32339847595342,4.48247556257106,3.45748353174995,3.43577439375159,NA,NA,NA,3.80839747915789,3.55049246592648,3.31016707180313,3.36719617702468,NA,3.00938240086536,4.04418968689289,3.1107634056781,3.53266845254817,3.44568463232352,3.6249757144543,3.57410601252024,3.39388134544256,4.44787462687754,4.82867286315861,3.52319576139988,3.40316248739905,3.46769905694463,NA,2.87421900634276,3.91368992739311,2.96884767929702,NA,2.40283065353842,2.59459719020967,2.43665366946523,2.44058487257399,2.66398761604331,NA,NA,2.27180700765752,2.76073130235854,2.59080580236748,2.45138526550138,2.14931022230444,2.95695259484088,2.42524484675872,1.99693014508986,2.72977495377283,2.14297137428248,1.92912922986902,2.30861005526269,2.26012634025478,2.87804394041304,3.4962418952404,3.09039401700261,2.65057951323483,2.82751003400514,2.66478634118788,2.75672463006294,2.62401734638052,2.87960864460013,3.36592941199306,2.65557188329697,2.8424238790851,3.10531221732429,2.76577295711502,3.14896011138241,2.99948286797012,3.47401172219426,3.44515750379641,2.98129164330344,4.42541086000867,4.05518867371407,3.20573481348506,3.31271081360647,3.25293582753092,NA,4.24040923572531,4.16967149669798,4.68331011937149,3.62253778814567,3.50744722973788,NA,4.11703871160026,3.51272291518709,3.36412974441741,4.48129180159545,4.46440363699169,4.3200600515005,2.86301285426257,NA,4.28523965766301,4.39237196343129,4.11465373384548,6.17404920399938,3.93226383375038,3.87864112402778,5.13299884626156,4.04810241428479,5.72226979803894,4.92250221225357,2.49752370700224,3.93708612429982,3.68862025885517,3.66329620292093,3.53496701595948,3.98213675908742,4.74385219590217,4.14251012609702,4.12390143852011,4.45116919717133,4.24526861509478,3.74514978559048,3.4359675717657,2.48675533335054,2.39663641702616,2.65164194845923,2.24029193730072,2.03511661429931,1.97434372227112,1.62830890316703,1.91613832266705,NA,1.49901414275345,1.15426394048658,5.06884886846927,1.26269190360626,0,1.0219312235287,1.48647389248577,1.26276502923511,NA,1.48086972916289,2.15673334248689,NA,1.99731685094807,2.26538307756139,2.12779708700298,2.04317638315522,1.93585651763242,2.58934017589304,2.53921349189775,2.07397738140621,1.83431914154497,2.98883261885062,2.26921533628251,1.99940127504603,2.45311080161944,2.68941415738819,2.71925026093025,2.97261630673758,3.1002227113061,3.55283638543832,3.40234101447848,2.33079549863412,NA,2.03976727078923,2.95788810471852,3.16217099326255,4.56921184948591,5.30445582144544,3.77181936543795,4.57539163642954,4.7586286675385,NA,3.37549280113254,3.96068188837698,4.05972337156581,3.69366475344131,3.06328190649282,NA,4.63141601737075,4.17774044445222,NA,3.84762092589686,3.5352220526961,3.34083992218555,4.22510575116265,3.52112155093371,4.60954078679161,3.57266880067217,2.97185163886728,3.690339097925,4.13213855931511,3.89796583563521,3.88193883483058,4.0270770481382,3.87371370258148,3.91193033180331,2.93623736982111,3.9072141236949,3.48846268056916,3.37630471181784,4.26832003673002,4.50070545991722,4.6789899735559,4.45997889069334,3.73883339359464,4.08749669612903,3.36343760553614,4.19939530844684,3.61346676911588,2.72061765138898,3.39675393981745,2.82075122510781,2.6999971622974,3.13766160866271,2.54146513994799,2.10459438947196,2.0198855812026,2.57954377444824,2.42569980054149,1.99801100335948,NA,2.01646045642755,2.16401865625527,2.11231270960358,2.17624076254929,2.43441697341646,2.11777434999021
NA,NA,2.95400053042597,NA,2.70670635795982,2.90082339126751,2.2850379618634,3.80277131478269,4.19147038775758,3.48800865122094,4.46188405925864,4.69094791911145,2.59273265582016,3.46413202270025,NA,3.23913370838239,4.0986373081753,3.49880951404309,3.70834584017819,3.91972894215639,3.15023457044278,3.81186793175767,4.52431652260716,2.80078983594629,3.5678545047206,3.62663281082659,NA,3.54540033243223,3.17048287540574,3.62203314219998,2.64431155789246,2.85097060007846,2.86525883162086,2.97047310551311,2.92941747924565,NA,NA,2.75889580875447,3.00229682693432,3.20343707802618,3.13728222355094,2.83871925354565,3.13625659155756,3.54300198651508,3.85112425476418,3.51532704538725,5.01952428671463,3.99232577349908,NA,4.19872609330868,5.51587732026936,4.43846438798761,4.28552444565242,6.26376938294735,7.92254222838096,8.38231723666632,5.61151450377145,6.84830458039675,5.684357125867,5.65176674418012,6.29589621381914,6.42396764191312,5.65077514810724,4.89724061432037,5.34853798331503,4.73920855218249,5.71120402469713,4.04921209396897,4.86520502467337,3.59274779705339,3.7959427684205,3.62162068599597,2.48958356002428,3.18068454403702,2.6387119581431,2.64910572304224,2.63513623543574,3.26362511519244,2.90276879427456,2.68411779224471,NA,2.21169290237124,2.74112956750924,NA,2.67128170982246,2.84475474843654,2.63392557541952,2.18048163357597,2.55465412035644,2.25458508698921,2.65405790806007,2.28388312869959,NA,2.65911081325277,2.03982895327358,2.07994557131281,2.96650276874027,2.88948254922967,2.63459318471218,2.41865860838386,3.36632373854431,2.56288201340112,2.65524577628246,2.53468209894548,NA,NA,2.65484975635866,3.64274497499847,3.73521046478409,3.36270298213927,2.71659830397007,3.29827232460047,2.97435857770237,4.15295061104886,2.55758864686369,3.22858085926975,3.30560949884508,2.39895737058515,3.50016290931343,3.7991304219096,NA,3.31475330022471,3.60491839047212,3.39264026115992,3.68048112988675,2.4889403318635,3.58413337391441,3.34417567602651,3.3503353563064,NA,3.97668017493043,4.20811228518779,4.5434958225461,3.83693087587327,3.45826592922673,5.68380756012481,4.52733471617017,3.37294436591108,NA,NA,3.1768655256265,3.32910907669972,3.64833263653739,NA,4.15181753417482,4.29413962305661,4.15036909221543,3.73083112271966,4.17976374662955,4.29306016817097,4.43266242129997,3.34208067093879,5.3967772823799,4.5301859905099,6.60187103367691,5.57713033756173,4.33698836343476,4.73414541400493,3.8237740071807,3.51292743211836,3.95169308908526,3.57787475334868,3.78024144842456,3.32751023868944,3.33360978982051,3.29532320847128,3.46292310877981,NA,3.43416876947667,2.87526859810168,3.09125713026578,NA,2.91813511683152,2.86851658910962,2.71445033902823,3.3254309735791,NA,2.7426097153525,2.72824053291041,3.19652989248585,3.07170911786875,3.45945970804716,2.91849476066477,NA,3.48503551743572,2.90791795226017,3.17377399483863,2.66421867866348,2.34085669291654,2.65130055508975,2.80530171140154,2.59273327725894,2.72524001524298,2.8976268538067,2.50865892396832,2.54270180966893,3.18268741047271,3.11372904611529,3.2452586761052,3.14243023318603,3.58594894397638,3.11571948112822,3.54728966008498,3.59678071137732,2.71760467608952,3.50270048631912,2.79916883285169,2.79501761710817,NA,3.41265767444799,2.79934727993865,3.25136619122763,3.56765085828347,5.02616902145828,4.91846023427352,3.8631880035319,3.57058500235993,4.91717452985869,5.36423829856902,5.36718830902258,NA,4.37309626784005,3.44757144406561,4.83819609124203,3.82320234001439,3.87915942128539,3.61177555518975,3.73281252563659,3.77395687957655,3.66005601979833,3.74433959142696,4.06506580001076,4.06721137453044,4.46688769039878,3.2960752127213,3.97537509536339,3.9371405084757,4.09036706227142,2.92168792856939,3.44655269815962,3.25698132808594,3.99253721988765,4.75875835867288,4.44244138362616,3.08499792375988,2.99651270053604,3.51603464609758,3.79496644580566,3.93159786419935,3.65573834528936,3.58419233253247,3.0982827673926,3.87600414764513,3.682058998457,3.49481622185338,3.56038532315259,3.94796621914689,3.6237314184138,3.86713240055466,4.26853672396054,3.64094033315224,3.72410869446303,3.13196942200876,3.6653738084331,3.65844516768408,3.09108481084541,2.75455347723448,NA,2.17328903864617,2.73238639849054,2.9650142974148,2.72991447281617,2.67954726398777,2.9508870741078,NA,3.84550223608024,4.00047788877158,3.69375326042052,3.31743034613091,3.36204296100047,3.46209837838297,3.36914968557191,2.63060462650107,2.83053130387873,2.71034608277344,2.55726861106163,3.23978410079838,3.25246396845258,2.83334610957706,2.22722943636271,NA,2.37581739187781,NA,3.17776893531162,3.46705832682346,2.51688505709413,2.53540769825015,3.53216475828102,3.29684961036617,2.92376017912815,3.03891325231183,2.79733945307958,3.07493782619077,2.71868800263864,2.90566841001522,2.71003719816828,3.37104742306866,3.69725502001,3.42175454413203,3.61779560328417,3.14231855715784,3.96165115987065,4.03748031794671,3.57613214985042,3.859335405698,3.97096409617592,3.44457819981679,2.83216918460352,3.65564822792441,NA,3.62512921563406,NA,6.28105036544776,5.13529063177894,6.37444926967592,6.645362550782,3.58010005337165,5.3779004823585,NA,3.5162025312682,4.73485868645075,3.5364334178279,3.56316397821575,NA,NA,NA,3.96475276694068,3.6216506981598,3.34989253274598,3.43267535702657,NA,3.06896675232871,4.15656032497031,3.20624333791764,3.53819071623263,3.43379031718855,3.70425467947376,3.66510852120046,3.49106978280334,4.4834611854686,4.85428079813549,3.56226287623585,3.37666621073785,3.53516891416045,NA,2.87107660999155,3.90189276558486,2.82449459828565,NA,2.39935720645894,2.65431007897158,2.51290889525413,2.41991719824476,2.63935776111608,NA,NA,2.23687327704779,2.69826974483804,2.46207941003386,2.23193486987092,2.01726345841368,2.71729790852738,2.10905838081855,1.81723606084869,2.48249247933019,2.0774248214526,1.92749876089234,2.21717829158699,2.37928988192419,3.08282130508967,3.36868977272645,3.15443065017728,2.83324398549613,3.09492780100289,2.97185872455416,3.04732517538348,2.87796207568753,3.16670873156321,3.82905583746818,2.90192491901754,3.18787686287837,3.27092876591669,2.96712790247808,3.4025080158437,3.23784207644075,3.71051497937147,3.58206007735461,3.25249002479191,4.62908656742212,4.19874448975091,3.36439526805603,3.46406631741918,3.49268659861413,NA,4.43923412447124,4.28266829847764,4.80974206441736,3.69817304018927,3.46057048276617,NA,4.19566760184736,3.64440505776841,3.52320707281954,4.56279618049004,4.64610445631095,4.40928116835585,2.97133445366724,NA,4.32765230283025,4.49982569536302,4.24829406513468,6.25344771042996,3.98767922920591,4.02584120663139,5.27162190611559,4.19909225069613,5.78931435235308,5.05665822948956,2.70689409466166,4.12331958083693,3.84459728049377,3.74116305720697,3.64514642649536,3.9753139800648,4.8744043588957,4.2982286383512,4.29348004095403,4.61057617654725,4.30590458638671,3.89254184964397,3.54605856476971,2.56893059735734,2.44412916870656,2.70994074264197,2.04040193787081,1.89032796943666,2.06477908465908,1.57114101949848,1.73180846345695,NA,1.24107519249092,1.29396319761034,5.17821072356489,1.19884976568252,1.0219312235287,0,1.16403102810672,1.16496421966902,NA,1.37143707114239,1.92088002802925,NA,1.90389156343698,2.07391274855403,2.02441899936214,2.15480044466361,2.03818888176671,2.31134637067641,2.42096230902897,1.97756695970289,1.89955910571841,3.07761344527776,2.3352782704598,2.22815449087781,2.7484484342566,2.75791863492981,3.00176747130795,3.27723283987764,3.25431085667133,3.72355099735984,3.40785799247335,2.50479741721906,NA,2.10120598310678,3.44704146382062,3.51737522472304,4.85713817882776,5.59504263125208,4.03938267475921,4.84141050606065,5.01032429790127,NA,3.68984495083362,4.28748076718831,4.34444934558511,3.99724852095377,3.3910948075258,NA,4.8932945196925,4.45298934065375,NA,4.12934656968269,3.80741424666314,3.61083513420437,4.52993349741534,3.78894118876919,4.83125618489564,3.70487306036278,3.16689077052451,3.84460756618288,4.32983254001448,4.06914721942243,4.04534160155904,4.1884988660965,4.00361797993376,4.03684445620799,2.90906240180237,4.13004038140244,3.51864104446462,3.4305313933757,4.4647395776059,4.74068911489617,4.8428727511478,4.64786861867017,3.90995756040092,4.27787190087717,3.54650661723174,4.29012230705526,3.73518054882391,2.86632915491529,3.61631850814037,2.97526354347829,2.72589776154163,3.14453172056544,2.58046148691627,2.15981463135156,2.28269754575898,2.70301350182479,2.32014554914442,2.08790115152996,NA,2.14230278791046,2.14314721611716,2.08668522767431,2.10098485195589,2.535187012643,2.2835630267221
NA,NA,3.12022140054383,NA,2.99722874690222,3.08942361708719,2.67233759825642,3.91914388974588,4.17702685418233,3.42879502307496,4.31562369555356,4.55900944407073,2.82951975486232,3.55429309291742,NA,3.36549293409761,3.94066487000883,3.40632139685258,3.5802786931476,3.58977784911833,2.93718429763729,3.69644798734867,4.42986876786727,2.94947223190467,3.59015117515779,3.63706008419529,NA,3.65968181364261,3.22835669598988,3.53349097147669,2.65993614560314,2.98974377594915,3.07738340263686,3.12493121837305,3.0642404480306,NA,NA,2.91064303354518,3.01279914086458,3.11868786013269,3.12215111476894,2.89465484689937,3.19929613250751,3.59176312037062,3.80038590100056,3.60310642661503,5.07329783377728,4.06420202736321,NA,4.31112024108177,5.5481361561956,4.46213023859276,4.33379670731339,6.24821108325309,7.95971393144217,8.38661623742862,5.63839126101636,6.89223160546452,5.72822428706176,5.75559752684965,6.35525305738938,6.5006276538997,5.74901537950962,5.03779689696453,5.49545639674062,4.94287947152894,5.91478859030264,4.31492284368332,5.05261551491503,3.90297113349125,3.98486074907839,3.96670851591847,2.81824694040777,3.37403731095499,2.87502120516938,2.97887149474455,3.04917774851475,3.53454191430355,3.27804650605411,2.98654325796421,NA,2.55258376106209,3.05188359996347,NA,3.08989902172656,3.29402044400374,3.07628987789118,2.39583927581581,2.99984952983947,2.61787105325856,3.10392314955221,2.78048960020276,NA,3.05436084364989,2.64865929193749,2.27536055981413,3.42304127190204,3.38600303723484,2.99220858028871,2.91158927976824,3.63106406835606,3.0103341923966,2.70516140480953,2.57241215409224,NA,NA,2.95558276485168,3.59022914330317,3.60759175083721,3.23108159336487,2.66497571232319,3.22642307164823,3.09044976125139,4.07832924867592,2.36548112773858,3.0387826343172,3.15090416928661,2.35766302738648,3.44885891762002,3.68440935388097,NA,3.34188532096587,3.60201867395456,3.55786288234581,3.89905412986634,2.77089604153231,3.61621876708699,3.24876724255825,3.40773293608623,NA,3.79274695123099,4.07101020636259,4.47084458774022,3.73617886042451,3.44054272752508,5.67268097128054,4.50733714730516,3.51266276998844,NA,NA,3.35770619784857,3.499921775007,3.92920468174012,NA,4.25638893719849,4.37849239691012,4.26322126204677,3.89596324520663,4.28178208533434,4.38080908776588,4.48356295023831,3.41369390126187,5.35229778314735,4.61581321538616,6.60206238132336,5.55865812970852,4.4032799004604,4.89986348788581,4.01470947383742,3.74916291171392,4.27205006633715,3.89246764664373,4.04096377184735,3.61663878716566,3.47085891980174,3.60751110095935,3.8311803193108,NA,3.80391360463108,3.32373840239593,3.34003589538713,NA,3.29502407724432,3.33744027607302,3.08209779520405,3.74383702039559,NA,3.13990909524531,3.0363234170853,3.58205435077674,3.40189839369931,3.87191809279093,3.37837016972306,NA,3.88979281588392,3.22368226179939,3.56473079609567,3.10618224485704,2.8046556539145,3.18095029422808,3.2992693209568,3.06092403685455,3.17544847530132,3.37408946271837,3.13186183009858,3.03326966403533,3.62149233789591,3.56472078487791,3.62543186909762,3.48554707719648,3.88952430846236,3.27405029723975,3.68362822121117,3.74133991135829,2.96928355884365,3.71688075132157,3.07229258691243,3.05620536132861,NA,3.43516531306505,2.9360214923266,3.30337194687226,3.5487517788334,4.95318362992931,4.90256704517343,3.98138926458036,3.70162779903822,4.88102583188299,5.33297386364473,5.36028029488563,NA,4.47186193479317,3.56048542835726,4.86391429100285,3.94101774739693,3.9934669145056,3.77508438001997,3.89907988565284,3.88260743927934,3.7612974148153,3.84999337849145,4.18781613906975,4.18531853590935,4.57026005045823,3.55785261514665,4.01286277002956,3.90092505947514,4.19830413171689,3.14023071150104,3.5999282952538,3.43357438849286,4.37249278144361,4.96175987746426,4.66013679608773,3.37034063494759,3.39901356103355,3.81189120755146,4.03774034190336,4.15110865863418,3.88962492984634,3.87555479641727,3.38150889190351,4.10816440403404,3.87258398303206,3.74194244323512,3.85420909547404,4.28041518799697,3.88563958650626,4.14224337428532,4.54382504470516,3.95087094141588,4.02161188892203,3.5588539873616,4.05623702678618,3.9658877994911,3.37954531571142,3.13737652076657,NA,2.63922281045414,3.26907579617105,3.49371609793672,3.24140402222075,3.21305728850681,3.39502571978531,NA,4.23217304728033,4.22110805521,3.97026005099241,3.64977492739873,3.60106722538335,3.62209268190745,3.58893802058462,3.01827839911461,3.16662837488309,3.0182502528975,2.90420432507388,3.54284216870057,3.47298170962163,2.9074968169956,2.51360123798293,NA,2.53276494417454,NA,3.00724140212246,3.50013643488533,2.63310173416046,2.58200867119661,3.48981244697494,3.05458573489916,2.76404328645503,2.93164379896629,2.82696041318819,3.13346663064103,2.76007277337386,3.09987701392584,2.80669049295616,3.41099363173713,3.73430216775774,3.46020564301832,3.65535430238174,3.2112355704513,4.02238589052259,4.08692909393858,3.60692739452842,3.84694305912727,3.97086037407917,3.42657029210528,2.8814952591049,3.67414222666546,NA,3.65293964979923,NA,6.21158606298161,5.05962336506595,6.3298331603399,6.60205896753406,3.57756764519,5.36079343460341,NA,3.4106111058178,4.61044303088006,3.43599119040522,3.53615635282939,NA,NA,NA,3.98196086072248,3.64862659701714,3.46882523196332,3.50446798163386,NA,3.13127152453691,4.21253710604965,3.24890934838739,3.61057176767018,3.64502525047928,3.81072503641979,3.81419112614295,3.57466319025788,4.42367909596769,4.87848030201601,3.65097920528576,3.44116347454846,3.71850552846148,NA,3.10894690066855,3.92750224417118,3.17827123148208,NA,2.80263711092587,2.99500210827824,2.84820040110356,2.86853623720713,3.15332773258126,NA,NA,2.68697932198803,3.1837493406248,2.97153949411925,2.7924130528697,2.62131004975928,3.27724236121719,2.69644626656295,2.19119815399775,2.98650611115321,2.60966103715124,2.44499232372429,2.69543083971347,2.70023124449059,3.19587816685713,3.65651811736131,3.2656596326787,2.88781453042425,3.13725827580573,2.96518215260205,3.0128605968346,2.75213496071826,3.14261635040759,3.74707443785149,2.98622031720262,3.15364205674136,3.1251687657362,2.91097157877697,3.4044037146274,3.1385834818164,3.6415200751883,3.48041919382841,3.18993810061957,4.51118726848307,4.13057692530302,3.38046804197742,3.49767609986435,3.55782681985214,NA,4.53489373852149,4.21148400835742,4.81283999218413,3.65424793617788,3.36573750470099,NA,4.14852674900342,3.63547044351572,3.50470994742862,4.46291726167089,4.65551869004302,4.34687279866632,3.00469037359339,NA,4.33634276521739,4.48545474004731,4.27461695284693,6.19649369579017,3.92360425642495,4.07326794237261,5.21664174888903,4.20150497147978,5.82158967745855,5.13187151602835,2.73814730105757,4.25823386128075,4.0421113436082,3.81842220161686,3.72477839564357,4.04541866442885,4.89184256378242,4.3446898136927,4.33095678701014,4.58367693653546,4.34614145489735,3.89165223086983,3.62589436426922,2.92761076063872,2.6389227288156,2.88461676149767,2.32303637488094,2.37725411393489,2.32701826430906,2.04346840272065,2.22330754758972,NA,1.66826708006099,1.68371769631816,5.14251501673416,1.71737680393906,1.48647389248577,1.16403102810672,0,1.68333808953925,NA,1.83108947468039,2.2092175719517,NA,2.25143981076795,2.50095449313183,2.39421764405871,2.51973713996042,2.42416129965175,2.50559248171639,2.5137566055366,2.10891112491873,2.0046624733654,2.85653291637969,2.31338771309463,2.22257038861166,2.76384513719304,2.61846045419613,2.91417505135523,3.25637639145343,3.1530457260158,3.50703837043027,3.18986784376667,2.55059837443918,NA,2.44584287450659,3.50708071715587,3.46763092114032,4.80703242723352,5.57866315219126,4.06259203241518,4.82268635158355,5.00969142508687,NA,3.68190577202238,4.22466429605463,4.28875775760688,3.90704822811418,3.36804137325778,NA,4.82725152741542,4.38568455432007,NA,4.05728886199529,3.6452497193226,3.4973207346641,4.40299341276902,3.64845062989725,4.73887725038514,3.70406755074486,3.15497738092811,3.74405734781125,4.2330300264132,4.06836934449064,4.05214630338257,4.2004609855345,4.03044020349321,4.04766578294528,3.17697784055295,4.12690700981721,3.49266437896254,3.54728465075329,4.47853029920809,4.76539844286347,4.82510223364025,4.64239011828022,3.92742809013351,4.30329172613875,3.55881444658132,4.32025575242259,3.82560953658881,3.0065293538803,3.64986086402756,3.10792687216089,2.96979404689981,3.3176180915545,2.82398704176799,2.5267549818349,2.48278363730789,2.94496784061558,2.71702512719514,2.44016985392918,NA,2.41717435498822,2.47154855065669,2.53022835292266,2.57256458608999,2.81895464545589,2.60210253906124
NA,NA,3.10744785627007,NA,2.89219968019101,3.04074068024926,2.48850381938971,3.86310847767679,4.22450317728505,3.6052139277819,4.50423064294591,4.72193456571901,2.83238559807216,3.72646691388639,NA,3.39961637739916,4.02929057627098,3.49896176236779,3.85537355817802,4.08987380768793,3.32398492170206,3.9602082302119,4.53025182293692,2.58991431152264,3.4230909693008,3.56889590633722,NA,3.42396796770913,2.90928809120696,3.55629238318561,2.55679855595665,2.4787038836597,2.52048208332346,2.69221080317142,2.79612680987827,NA,NA,2.61172223147547,3.01811332998469,3.21333995964043,3.12594037133091,2.85389522132852,3.06597427110833,3.63683869347516,3.89925659684248,3.68164983401404,5.19327348866035,4.08196262416004,NA,4.20628086603648,5.61793762744885,4.54501252564889,4.39006695276447,6.35868385836425,8.05587181756885,8.5480181519383,5.79589973786134,6.98391587430324,5.81338903306249,5.84571192822374,6.47486206636992,6.51699268486337,5.73948054322095,4.97323559809679,5.45596733422719,4.89444148074002,5.93171678688724,4.22682085997135,4.95627724419347,3.63784547028961,4.00364815201206,3.8326179127308,2.70292036453983,3.32391990872118,2.77144117077887,2.80149355798591,2.87377492438876,3.4198618203055,3.05141436131948,2.83401694527825,NA,2.36858986868838,2.90804651997848,NA,2.95899725818776,2.97362633965984,2.80736707842121,2.26150485437563,2.75772331604968,2.37182686473461,2.74723133046963,2.34784766193011,NA,2.66022431087336,2.31083713830989,2.26971339796567,3.26115969245845,3.25334302651686,2.77867758869176,2.45531911418063,3.39138619122689,2.91563090597003,2.78481274688249,2.63459749201657,NA,NA,2.63440168173531,3.73543503062485,3.90107989281397,3.60034457369676,2.791667491863,3.33653901219387,3.08781139543636,4.19692336764321,2.76634718835906,3.23149905230018,3.27606993740613,2.36981613664081,3.4778409686982,3.81703133831398,NA,3.3667155889403,3.63982990327998,3.46986322088609,3.67030761266911,2.54600845116757,3.63907794182645,3.36984313020972,3.33134831964314,NA,3.99908691437637,4.27258332598146,4.59778724413493,3.95809427366318,3.60982520759353,5.84216776423583,4.69600561933804,3.42833730711183,NA,NA,3.02493033815203,3.29754733134983,3.58386872104349,NA,4.16998793302299,4.44228720828292,4.3107210942628,3.84801065193942,4.24375265965211,4.44521483044663,4.64684031089777,3.33364032240733,5.41093233139156,4.66247059195809,6.77623723622989,5.78667991454181,4.4381892615043,4.83235605243474,3.80226617830478,3.45870289341935,3.91977968949647,3.61983580602649,3.93570660494958,3.32870871620985,3.44275731045667,3.23062876786506,3.38660373607982,NA,3.5851842827269,3.08326533808283,3.32176513534464,NA,2.90299423052849,2.72378032464298,2.61970408718018,3.21446828084211,NA,2.80250468935502,2.80166748890491,2.98198447927335,2.93965399066327,3.36384701486925,2.88161546965802,NA,3.29518400709084,2.92995755532183,3.18503465681605,2.61803326096804,2.3192463590918,2.65111120992451,2.90098453104609,2.75101739263092,2.80865722660178,2.96509435839333,2.61602808861493,2.71488595550562,3.18867126689427,3.19440717839904,3.29179859298987,3.13686976672037,3.65753311477375,3.21453604375602,3.71681435033531,3.77029470995461,2.77105815528515,3.64799010736272,2.77940154399,2.59044310180601,NA,3.68432234331434,3.08902560748416,3.47182164078542,3.60900642302201,5.12035136357928,5.01833980336904,3.90213441746532,3.63844304188449,5.05739523280562,5.50219730991557,5.5223270467724,NA,4.43191567527054,3.41890704236647,4.97481586722584,3.91977915266338,4.01579095847742,3.77939392141679,3.99469577600881,3.90314528941612,3.74819760978421,3.84070418365456,4.17404221216247,4.23204615845392,4.61574316896416,3.08388106576751,4.01845990223491,4.12234900185378,3.97045960068923,2.92914515474898,3.62102641239288,3.34032909059662,4.06513039046977,4.97038972294484,4.65910079731617,3.01641029403108,2.90966757080974,3.53080602174863,3.93113189370841,4.03124356417275,3.74586098024288,3.6746680639946,3.08417083002723,3.95910650822189,3.65730490054882,3.50313395615181,3.58570366874655,4.06482372257314,3.74576873542221,4.02728264734149,4.42396336054041,3.36582193055234,3.57390281667788,3.1999063596955,3.61258129138499,3.59970175518671,2.86197952424712,2.6866383846436,NA,2.25057248094055,2.68396786465381,2.96931547444429,2.66867722440857,2.59177296669334,2.83170057136096,NA,3.71552747087902,3.86468685468973,3.53080048032666,3.05371065803042,3.22957193019846,3.37314456553113,3.40190897157887,2.56733292737711,2.71062525338686,2.44062620990351,2.28748006621301,3.12738874280101,3.19551860135639,2.7869356237655,2.01460458208776,NA,2.2720599873155,NA,3.4008408760615,3.6162516884834,2.44834363663671,2.51591844140613,3.66135658139157,3.44692199061711,3.09872282409402,3.21650269250057,2.7794111967671,3.04400634756355,2.67744529187333,2.81990358996022,2.59306578503178,3.36367594673011,3.73113149832862,3.37878057842686,3.55150377795758,3.05622219539575,3.93082502856135,4.01940421156075,3.56244094341864,3.86234420603351,4.00992417656054,3.49607169778412,2.85547230633122,3.72066131802737,NA,3.68279771627181,NA,6.34240170326865,5.23680339925786,6.44482427304507,6.71294791280658,3.56306490069597,5.38450958412663,NA,3.54816646849949,4.75547245078973,3.7513335289581,3.6254006943535,NA,NA,NA,3.95950657705011,3.82477164805718,3.41509734707519,3.40952806376326,NA,3.07511085116557,4.18344113191616,3.17553117637024,3.53700030157898,3.49891842420873,3.71395248091887,3.74339956007133,3.58929445659804,4.63514597488296,5.02858093736769,3.69899595542914,3.72258252281189,3.53351852318293,NA,2.80255575771715,4.14841858410812,2.93039383822233,NA,2.35157191255963,2.26555519446488,2.41503135176994,2.33533013132173,2.47237992610481,NA,NA,2.0938522910486,2.43556879966617,2.19598210254548,1.91893533093899,1.93457562975641,2.99931847408039,2.23957699062569,1.95635990507722,2.45065356544067,2.15833056298189,1.88402274810885,2.13573905153511,2.45766836323106,2.97720827439729,3.31442068043747,3.1744914240008,2.68770437539268,2.97062326411039,2.98727974666655,3.06801484438512,2.9039103259383,3.19946375819044,3.89590080853877,3.17492817274907,3.32487726278562,3.3895375708721,3.06720057305175,3.50214151574543,3.34605588513951,3.82684865036678,3.62786337216333,3.36288348216887,4.73104767415539,4.30155113444624,3.45951931086481,3.57841753255338,3.61056758763355,NA,4.55954356973121,4.40879165064794,4.89955769309763,3.77721584457254,3.63379698522794,NA,4.2625325328858,3.68697730752043,3.57076459109236,4.67679337521229,4.70744447503158,4.51054973810911,2.99179182932373,NA,4.53863671029819,4.67170318661664,4.42994562892967,6.39582779682146,4.18917386133582,4.19097859409145,5.4017193209214,4.28456603342405,5.91680412905278,5.15881069262637,2.7713343449502,4.33324380507493,3.95413668660689,3.83491001689041,3.79951625142789,4.17554246866446,4.96798804028029,4.39638115406407,4.37678833685206,4.69937575339915,4.40872200047153,3.90095432267504,3.61089266774978,2.76425834380315,2.58030287884297,2.8083877356904,2.3226375557399,2.08217550809794,2.24421293602355,1.64642137502282,2.03282586947636,NA,1.50141804619092,1.48285387062771,5.29782490957324,1.25450431467512,1.26276502923511,1.16496421966902,1.68333808953925,0,NA,1.15461639814973,1.70846966219996,NA,1.38220653376542,1.64037731319034,1.474857282636,1.8620532852239,1.40097184103964,2.19855153846217,2.24188469562401,1.85009856595021,1.66185208324012,3.20721589062052,2.50383244980905,2.43965955800615,3.01104407299964,2.96275166190589,3.12008996549021,3.48195415063598,3.58397238316078,3.96178305399544,3.69798556695982,2.68973011293066,NA,1.75097051520959,3.46800132642879,3.63541153203521,4.88345923649754,5.61909550300897,4.07172589460702,4.84179469503184,5.03547458516829,NA,3.69455099385537,4.25907666409538,4.30106033928837,3.99377077294726,3.36988699828792,NA,4.84281283030945,4.44220947157295,NA,4.10090858082424,3.82366264129093,3.69793372621969,4.58031653298836,3.87705393636579,4.9039885256293,3.98533687868849,3.38742415956256,4.08567530897967,4.52799937312611,4.18937845651477,4.19811849205324,4.29585137541106,4.05489863884404,4.09242995867281,2.95630010303413,4.13992779714371,3.65585302295139,3.54526440466251,4.54165159468779,4.81724947413819,4.91131072043916,4.6708900838165,3.94503233427252,4.32172847522406,3.5248612684984,4.36447443845859,3.73573391677164,2.90495845503062,3.55373642646658,3.00343032008361,2.82668365604759,3.20768727680222,2.60741193080383,2.00068272805136,2.10374648758453,2.51677983656367,2.40845754771827,1.99858086053331,NA,1.9979294869645,1.97210526472201,1.84891686910563,1.93058425224759,2.43986522963318,2.18456594257468
NA,NA,NA,NA,NA,NA,NA,NA,NA,NA,NA,NA,NA,NA,NA,NA,NA,NA,NA,NA,NA,NA,NA,NA,NA,NA,NA,NA,NA,NA,NA,NA,NA,NA,NA,NA,NA,NA,NA,NA,NA,NA,NA,NA,NA,NA,NA,NA,NA,NA,NA,NA,NA,NA,NA,NA,NA,NA,NA,NA,NA,NA,NA,NA,NA,NA,NA,NA,NA,NA,NA,NA,NA,NA,NA,NA,NA,NA,NA,NA,NA,NA,NA,NA,NA,NA,NA,NA,NA,NA,NA,NA,NA,NA,NA,NA,NA,NA,NA,NA,NA,NA,NA,NA,NA,NA,NA,NA,NA,NA,NA,NA,NA,NA,NA,NA,NA,NA,NA,NA,NA,NA,NA,NA,NA,NA,NA,NA,NA,NA,NA,NA,NA,NA,NA,NA,NA,NA,NA,NA,NA,NA,NA,NA,NA,NA,NA,NA,NA,NA,NA,NA,NA,NA,NA,NA,NA,NA,NA,NA,NA,NA,NA,NA,NA,NA,NA,NA,NA,NA,NA,NA,NA,NA,NA,NA,NA,NA,NA,NA,NA,NA,NA,NA,NA,NA,NA,NA,NA,NA,NA,NA,NA,NA,NA,NA,NA,NA,NA,NA,NA,NA,NA,NA,NA,NA,NA,NA,NA,NA,NA,NA,NA,NA,NA,NA,NA,NA,NA,NA,NA,NA,NA,NA,NA,NA,NA,NA,NA,NA,NA,NA,NA,NA,NA,NA,NA,NA,NA,NA,NA,NA,NA,NA,NA,NA,NA,NA,NA,NA,NA,NA,NA,NA,NA,NA,NA,NA,NA,NA,NA,NA,NA,NA,NA,NA,NA,NA,NA,NA,NA,NA,NA,NA,NA,NA,NA,NA,NA,NA,NA,NA,NA,NA,NA,NA,NA,NA,NA,NA,NA,NA,NA,NA,NA,NA,NA,NA,NA,NA,NA,NA,NA,NA,NA,NA,NA,NA,NA,NA,NA,NA,NA,NA,NA,NA,NA,NA,NA,NA,NA,NA,NA,NA,NA,NA,NA,NA,NA,NA,NA,NA,NA,NA,NA,NA,NA,NA,NA,NA,NA,NA,NA,NA,NA,NA,NA,NA,NA,NA,NA,NA,NA,NA,NA,NA,NA,NA,NA,NA,NA,NA,NA,NA,NA,NA,NA,NA,NA,NA,NA,NA,NA,NA,NA,NA,NA,NA,NA,NA,NA,NA,NA,NA,NA,NA,NA,NA,NA,NA,NA,NA,NA,NA,NA,NA,NA,NA,NA,NA,NA,NA,NA,NA,NA,NA,NA,NA,NA,NA,NA,NA,NA,NA,NA,NA,NA,NA,NA,NA,NA,NA,NA,NA,NA,NA,NA,NA,NA,NA,NA,NA,NA,NA,NA,NA,NA,NA,NA,NA,NA,NA,NA,NA,NA,NA,NA,NA,NA,NA,NA,NA,NA,NA,NA,NA,NA,NA,0,NA,NA,NA,NA,NA,NA,NA,NA,NA,NA,NA,NA,NA,NA,NA,NA,NA,NA,NA,NA,NA,NA,NA,NA,NA,NA,NA,NA,NA,NA,NA,NA,NA,NA,NA,NA,NA,NA,NA,NA,NA,NA,NA,NA,NA,NA,NA,NA,NA,NA,NA,NA,NA,NA,NA,NA,NA,NA,NA,NA,NA,NA,NA,NA,NA,NA,NA,NA,NA,NA,NA,NA,NA,NA,NA,NA,NA,NA,NA,NA,NA,NA,NA,NA,NA,NA,NA,NA
NA,NA,3.20662810056921,NA,2.88526835616684,3.14848662468587,2.58950822669631,3.85109033100231,4.25191574727486,3.63351767157925,4.47070489943041,4.72459696136266,2.90863455241277,3.69087574717353,NA,3.3578738549858,4.16511535715984,3.67026914186257,3.79092495927022,4.06348227040631,3.35241117059478,4.04549414885524,4.6038295312832,2.76252525154218,3.52647837122741,3.6478242684063,NA,3.51179017058183,3.03974934717143,3.64511563923304,2.66115183881967,2.66605080521014,2.66761711940857,2.76278292508428,2.89328383402407,NA,NA,2.67018433835795,3.02697427592369,3.21121686206153,3.15295200981483,2.93423233726452,3.156941207719,3.65068386376598,3.95541147605259,3.7269292153735,5.21740287525715,4.17143891329318,NA,4.36300268017216,5.68702994361409,4.566426157718,4.4211847215843,6.45301978134958,8.11603741094297,8.58111688595143,5.83384845638414,6.99438911679151,5.84897580452927,5.88360094312111,6.51959137028912,6.59398447516499,5.8004391161222,5.04072610231053,5.50950680544142,4.96774735572697,6.01439721797967,4.31643450134627,5.09354809189664,3.77220611760527,4.14863133022556,3.89724315552282,2.80985992700945,3.41219424399472,2.87435142435688,2.9430584968343,2.99283978979632,3.48369399059227,3.12812227953448,2.89479455523563,NA,2.45717969973134,2.99265480501781,NA,2.99125049009569,3.05382495118513,2.86368898116865,2.36010024491839,2.81694637033277,2.48163003235287,2.88873568320534,2.56718649484496,NA,2.8209870510447,2.38666592517836,2.31836352472346,3.36113779447756,3.2935579168803,2.95668847726035,2.77344128640328,3.64994022612639,3.02623893347466,2.80656855846504,2.70735222728533,NA,NA,2.76034181201426,3.666229017825,3.75584486441952,3.47428045405334,2.80276960389648,3.22264517157731,3.13873134318093,4.22470475569849,2.7670893738777,3.28299953081201,3.36322933589307,2.35875437940944,3.23685684035066,3.77603494706225,NA,3.400578630237,3.68721616273521,3.48937528175962,3.78492199613683,2.65590041364454,3.72084877785877,3.45248103277735,3.4597424375086,NA,4.04417232509079,4.25727676427782,4.68103733933308,3.92246904360779,3.66907862609705,5.87352692253038,4.72894536486189,3.54952777142995,NA,NA,3.15258279545487,3.34534149090132,3.68723107250368,NA,4.28714143731184,4.50949823851218,4.34963821909597,3.92501021239628,4.31310846961975,4.49370818370965,4.68812742804385,3.45592682937854,5.45761904454848,4.71579117148312,6.83579206563044,5.85698746218119,4.5233622335024,4.94925927378406,3.98663227564053,3.71094191082704,4.10772465430041,3.76040019955749,4.10706472311855,3.54510816567151,3.62484707186274,3.54259306420254,3.62308326156081,NA,3.74528579237414,3.17912944604711,3.41772696118684,NA,3.09313172303488,3.00766578600155,2.825181399835,3.39109064369784,NA,2.9273750245307,3.02164213989175,3.44289516631379,3.25789616498227,3.67805290323387,3.16897424011285,NA,3.51322310134729,3.09235080363174,3.37756935572932,2.88497208419135,2.58418555098769,2.93443417586156,3.12209245416222,2.87549001357848,2.96231147453546,3.15750572877335,2.88225162496029,2.88787276498679,3.39365056778743,3.29876150439807,3.38119110184029,3.24768767378809,3.75776879063742,3.23067087319922,3.7514865743794,3.70920670283892,2.87876284114499,3.66983081616746,2.9644673828084,2.88506505745613,NA,3.68597630496263,3.03905740657924,3.43759771448623,3.55222822677962,5.12985406199618,4.98855397141807,3.91477913089223,3.63878266260981,5.04593529204311,5.50706249585446,5.50681812511057,NA,4.4381938408803,3.43238393276845,5.01259556462672,3.94379788223252,4.03238845394526,3.81670143767878,3.99166824643131,3.90361659048129,3.84436432725418,3.92733624323043,4.27094922137889,4.35218010310591,4.70183327069896,3.34494128857389,4.16811358353872,4.22719906680432,4.22940166784925,3.1177425323074,3.78650620567788,3.48450445535877,4.30087944764999,5.06578478595271,4.74758244045306,3.18382412275775,3.17437492712259,3.72492801014048,4.05625153287794,4.16743337801202,3.93391332831738,3.81441927727518,3.35272743957948,4.09990747886062,3.80960979848731,3.68641671048863,3.77734194095386,4.21211373084028,3.88507711063435,4.22123203951115,4.59849558334108,3.76962800109268,3.91736815441068,3.45799606387122,3.87821888370442,3.81468481555031,3.25840080835307,2.90227481719947,NA,2.40663766532481,2.93677626904532,3.25743024086522,2.89982207348312,2.87781944084257,2.94735748598537,NA,3.87772857328717,4.03742052858869,3.7455360287656,3.28530779380499,3.43646333226134,3.5271536657933,3.64167637596387,2.7748429953697,2.86125055410139,2.72419466993986,2.5016067822729,3.18258370387882,3.11349096105205,2.726193550574,2.05727846816109,NA,2.30312980641309,NA,3.33954365288375,3.49643069989948,2.33432793264006,2.51303984580422,3.52496891565188,3.30320807248292,3.06273147225822,3.09404139074657,2.74978491902658,3.03551556189927,2.68752336423063,2.88362369940794,2.67853002516176,3.40041451053219,3.74383216605397,3.46654675804467,3.71876687573288,3.17710734654332,4.0299319189641,4.07881922676214,3.65644391471936,3.92449782114054,4.08186176841539,3.53803828620687,2.92349396856822,3.82431908245255,NA,3.69347558824762,NA,6.37852375234542,5.29646044899467,6.53375594754193,6.77937812982083,3.72283592013215,5.50797871851415,NA,3.53097812713512,4.65522733804437,3.74462141942365,3.69978174598487,NA,NA,NA,4.06053848798466,3.72527189905288,3.46115389128514,3.49771751761615,NA,3.16442397093911,4.27723832099565,3.32449204753708,3.71702501798743,3.6399596109912,3.80177113799437,3.796741709961,3.63632813728214,4.61722837535718,5.12893757841794,3.78529152184523,3.65881170395671,3.56158551128719,NA,2.91660684736822,4.15363957307403,3.04617920900427,NA,2.51544690969618,2.45959407485571,2.45875098157927,2.43581893602936,2.66897960840218,NA,NA,2.21456084731857,2.79493393670847,2.46074977982108,2.32453629757973,2.30692755911532,3.22854141807767,2.49387180156261,2.05685879375463,2.77442032274748,2.37406182326667,2.14297542163915,2.43937349980187,2.54602025497256,2.98906836388856,3.37476700369151,3.25164532132923,2.71040139878864,2.94241685582161,2.84795068767756,2.93903409112329,2.88222005167658,3.14978453000579,3.87101921298543,3.02913318353661,3.2343896291039,3.2998121854512,2.9782129415994,3.37274977518226,3.2859759171507,3.77241350506002,3.51144245661193,3.3062320803983,4.74953478454059,4.32531127366873,3.46111982096195,3.50561863039939,3.62795599732704,NA,4.47530823888796,4.36647932510935,4.90183217901354,3.7828901371999,3.61515960929211,NA,4.32078205036298,3.77438697307968,3.65965340198724,4.78620000285591,4.74408490819958,4.61075822090232,3.07742986313999,NA,4.5765704173583,4.69777963005613,4.48542449561965,6.38990160541389,4.21799156786681,4.26965606765871,5.4776360282633,4.38201638105363,5.98738859157902,5.19534554988795,2.79113222473715,4.35683736106076,4.04463303935073,3.91526944943825,3.82187428755385,4.20517468919803,5.01197015179748,4.47039315331709,4.43533226766262,4.66878125035343,4.38540686954602,3.98172086784717,3.66802188232201,2.8798498723371,2.65486991639856,2.93431323421376,2.44409653315286,2.23195332995868,2.32797029309394,1.88992738242628,2.17924788240994,NA,1.69405456032929,1.53724031518238,5.28517844127716,1.47882960005337,1.48086972916289,1.37143707114239,1.83108947468039,1.15461639814973,NA,0,1.25095328252973,NA,1.35471166109256,1.64079876610729,1.59278759041314,1.97879095333837,1.56960890294462,2.05327544962746,2.0989229369306,1.69527598570561,1.73412855000143,3.12283768218579,2.32481078014307,2.25722611244296,2.76734019860458,2.69291542875389,2.9661465377723,3.37783132725466,3.43926054464517,3.81786425568977,3.56238360813951,2.58694987149322,NA,1.62207690666935,3.4288368014773,3.58065254140453,4.82288057370966,5.53872417138318,4.02825687882468,4.79290257624889,4.98839982084842,NA,3.6861083291668,4.29135386330367,4.34787492305071,4.04730883095732,3.4284612584299,NA,4.83404425500222,4.41369691765304,NA,4.11597955358962,3.88230509919689,3.73388845850761,4.59112354751809,3.85841250853516,4.92717700130533,4.00742992481069,3.42417615691928,4.09276313467207,4.54073145714899,4.20402816347488,4.2159718753414,4.32530614010031,4.09767395803464,4.10356151386261,3.0404903442473,4.09831125989249,3.56659941338723,3.49740063586499,4.54201112085097,4.77015022331294,4.96474251195257,4.73129143578651,4.01825777152492,4.34914946831393,3.56363262450911,4.40460567809728,3.83217970800665,2.95992300271528,3.57051192127563,3.04909339219197,2.90931474403232,3.23767438345953,2.67032926730805,2.32735487981139,2.21647346042278,2.66064076628693,2.63667404753482,2.16726945531046,NA,2.11701171012824,2.11921581308957,1.9986104708619,2.1316693502626,2.66697342702246,2.39918885501019
NA,NA,3.88398341462282,NA,3.47054065075669,3.73060975189192,3.20490882947817,4.39671302927561,4.60340621010384,4.21940460533387,5.11148089536581,5.35199984813095,3.46885222981425,4.19931075786874,NA,3.83194643464373,4.70128950452028,4.23159121289889,4.24251255268291,4.49742265714927,3.78613783728387,4.416703042216,5.02293972371721,3.23560700771751,4.04930715890269,4.25907596395998,NA,3.99423849458136,3.5099948053274,4.10733182367224,3.19965211645855,3.14544003477545,3.14350818123709,3.2916654639836,3.42967053169348,NA,NA,3.23592800466455,3.18822841835781,3.38231686630145,3.54243466370725,3.41554649827025,3.62832488787689,4.04972214367566,4.387359838689,4.1535751799816,5.57607970342375,4.5306917564205,NA,4.68881197693613,6.01573313109933,4.93297897152165,4.79724859075816,6.8175799393659,8.45258122337063,8.87120934511804,6.23907835957438,7.32474655725293,6.25038309563152,6.24555338854303,6.89543673821059,6.95775771514532,6.18588653718207,5.46692267474997,5.85853166737201,5.33127686692214,6.2852817604198,4.67989009150101,5.47320939396568,4.19097132826456,4.49412710750841,4.3118373170462,3.36474530085423,3.87008178475287,3.36984604583632,3.48344160283231,3.52856988403728,3.93988182511478,3.57763800277581,3.39909337508324,NA,3.03983653638531,3.51088234896704,NA,3.52601217112459,3.60408214100303,3.3771561052748,2.96977087662929,3.46409642754576,3.05676660825536,3.43715128132495,3.07615156665404,NA,3.3677930894568,3.04083781811107,2.9292689224775,3.92797502133212,3.89389275470507,3.40419069134603,3.11766168120715,4.2415141859903,3.51215289384744,3.31091318319036,3.25132015383271,NA,NA,3.00605685205974,3.90020068927683,4.23358719193217,3.82863299874255,3.35689430147667,3.41960212737089,3.43786202331865,4.82290180452501,3.22698912412699,3.72205132703406,3.83600553402425,2.8110111502651,3.90475522623454,4.26911080763166,NA,3.93299766212716,4.22918242481898,3.98845618738599,4.19601758155371,3.15503529574871,4.23708423572872,3.97736034473021,3.89569259880792,NA,4.51583025896704,4.76416540919572,5.13752911858436,4.4175929922408,4.15167817590437,6.29897532437353,5.21138984720059,3.98869198496526,NA,NA,3.52957340036023,3.79089963841576,4.03703176500092,NA,4.68283051311102,4.89258268318761,4.73752457256607,4.29644097531772,4.6828824681999,4.85262007788525,5.07652243931319,3.92872143932951,5.97288654141077,5.12457628776173,7.14804536868552,6.23198807782962,4.92929622562005,5.28969394672236,4.31319777720619,4.08530894781173,4.42654420356882,4.11727600948575,4.42966634965864,3.87152480830643,3.96027108476391,3.93477850085762,4.08299764942774,NA,4.20228331214932,3.73867222796525,3.91105288967811,NA,3.53882457366957,3.40284024106768,3.24294293762112,3.86110910891708,NA,3.38590805446729,3.4075995443009,3.78267585869544,3.52385777367438,4.00383195587603,3.59796959202622,NA,3.91458333493161,3.52976272883771,3.78859032376051,3.30647878507646,3.11766444832018,3.46648398659878,3.67142333259486,3.37716371444747,3.34725688116978,3.39855356710085,3.4557736506735,3.45423391914179,3.81385365316108,3.71378507819282,3.79143951766312,3.67946939863711,4.21090114314843,3.68837015647961,4.14271721620121,4.07239929374844,3.28860473342517,4.11382566677702,3.3308275695226,3.27702971459996,NA,4.22729163745097,3.53397360716628,3.80363550627551,3.82773936052587,5.52413745242197,5.40796114159056,4.45221705820565,4.19398989820423,5.46722606451347,5.95624499228628,5.97958311859973,NA,4.85149813026001,3.87807538732195,5.48625036155866,4.41326120250423,4.46913855102346,4.2923561876222,4.46292993028449,4.312201206526,4.24431935087728,4.29713807954693,4.62684795573673,4.70659750767581,5.05433581707554,3.7328330955374,4.48863356355664,4.52556562360047,4.55073404138248,3.5507624782426,4.16260086009377,3.89823767677613,4.69215660875248,5.446301615023,5.1760883447657,3.57543357939659,3.57092715271038,4.07954113503293,4.45659671783195,4.53628041556653,4.29040769205373,4.15130862532597,3.68670742597727,4.42730444923341,4.11361544715518,4.0132068912553,4.09212246658875,4.58513229305842,4.246440479877,4.52491677936264,4.89638995403679,4.07486000682782,4.22268867730961,3.84303809651616,4.19836587184137,4.16138013658752,3.60188846005373,3.32002828538434,NA,2.79071610626846,3.29082201600566,3.6641695538127,3.31169915618733,3.21694895708339,3.30837094508899,NA,4.16195538116361,4.25631094455743,4.00328553366407,3.54143702416367,3.66146986426975,3.77709602129269,3.97342431736611,3.14425466917253,3.19385506877242,3.07918309202453,2.85068348399887,3.53356897380402,3.50242536762093,3.18644944662344,2.4659523859063,NA,2.78222549308172,NA,3.68233781935024,3.82290578431913,2.72142463904703,2.99062341811951,3.99903130661786,3.6183956052171,3.30283958854092,3.47338112370277,3.24609408830143,3.54446033657241,3.1924426024205,3.31540722434913,3.16852886078707,3.8277408157822,4.22747798138023,3.91150686429083,4.22166333018892,3.57675638550983,4.41586868484701,4.46325131216052,4.08563080017382,4.37204101104283,4.45767965621479,3.91110550708914,3.43412964080617,4.22119843910963,NA,4.26061776006311,NA,6.72313172420493,5.65084175479403,6.86614830888329,7.11282192476995,4.19953876099332,5.85940721139055,NA,4.08102050972063,5.18960158756766,4.23406829380574,4.16831995135865,NA,NA,NA,4.4963504161025,4.26879142263597,3.93657423927827,3.9136389687977,NA,3.63447140219311,4.75634755793672,3.78355203245959,4.17650972628922,4.08346132580429,4.27522486681171,4.25985199099212,4.16353429081078,5.07642468967536,5.55178425588031,4.2835419235192,4.14269376719592,3.98064289177273,NA,3.35491548338458,4.61642912493082,3.49744581844218,NA,2.99504264943374,2.81916553836724,2.87499806376258,2.83047305186402,3.03159406904416,NA,NA,2.62966893031241,3.19375627130406,2.76856176777833,2.49126699548512,2.68555914774854,3.54582528580713,2.81086110643297,2.44989441639883,3.11153002756504,2.83993669736297,2.67632551138606,2.88115102485111,3.16038121664468,3.62042635105898,3.79781072897898,3.65585685732461,3.18155510174473,3.4111141004409,3.3712581666183,3.39488683143817,3.29656614670691,3.6297431977437,4.46075484421931,3.58171781505328,3.77649402017859,3.72264585916795,3.3828386189115,3.9173203010379,3.80010652954737,4.25763716102373,3.91559427997263,3.79956430633726,5.21602628437144,4.76252892521677,3.9419685608268,3.9396947780628,4.18539735800347,NA,5.02350980160607,4.76543508955334,5.33688287511088,4.29139517353774,3.92953857863604,NA,4.71621070506428,4.24066972497647,4.13946859138785,5.1931447211552,5.18442457228825,5.01988216624791,3.57676836865275,NA,5.01475932560859,5.13454963670525,4.96860630001157,6.74218089536509,4.63770574552135,4.78237379669776,5.8917723042888,4.86266545694082,6.40037591463924,5.67576413323831,3.43791080354526,4.90569164224533,4.60289283281875,4.44172283145245,4.37262016762991,4.64998735895197,5.39977363308973,4.89711616013697,4.92358490212197,5.13445833908945,4.76001965981049,4.28568009028,4.02563495486487,3.3818149569852,3.11985220712711,3.38282636652632,2.87277461237404,2.72288959347791,2.83610808526307,2.39204711880639,2.70387401747281,NA,2.12343704886497,2.06308839452943,5.6925953180839,1.88927146352662,2.15673334248689,1.92088002802925,2.2092175719517,1.70846966219996,NA,1.25095328252973,0,NA,1.36262974613264,1.25188479902606,1.33938369408827,2.6459459141663,1.95307605071462,2.12491544309338,1.87059091187774,2.05103202785757,2.25677384733517,3.40160027605835,2.67750146506368,2.61604327176732,3.07572594463862,2.5949591314824,3.44230932657737,3.86682503741191,3.6777850986147,3.97684622082146,3.7746251314881,3.10953744684451,NA,1.88071106297419,4.012379814773,4.13487468521681,5.39154481192472,6.12115058332554,4.65342220075474,5.36480456524503,5.58545902063869,NA,4.3140452024143,4.89419525793915,5.00234465817101,4.66640177189334,4.08192194672083,NA,5.39581249747537,4.97399211501488,NA,4.68692403505355,4.42253839702178,4.30748097961118,5.15168094178555,4.42364836763152,5.43815842598435,4.49703030820666,4.02738023943105,4.60947377519589,5.03970949075333,4.75485903113298,4.75106335480308,4.84138538964969,4.60972312936857,4.5790190150141,3.5114843970312,4.63686279281783,4.07985479132062,4.0546835360714,5.05613105245201,5.34651048025916,5.43166251129281,5.19023859264782,4.48835274647778,4.83984244145418,4.07613264851499,4.85649958680115,4.26413793845714,3.49912283757384,4.13152342560492,3.61265253384,3.38873682874405,3.73249722744586,3.22592588842638,2.90883945888855,2.87846484798519,3.24574129542359,3.17774398614991,2.72097696727002,NA,2.62511551340312,2.54984127125584,2.35649021336789,2.45207470399236,3.19561139421123,2.97213630188684
NA,NA,NA,NA,NA,NA,NA,NA,NA,NA,NA,NA,NA,NA,NA,NA,NA,NA,NA,NA,NA,NA,NA,NA,NA,NA,NA,NA,NA,NA,NA,NA,NA,NA,NA,NA,NA,NA,NA,NA,NA,NA,NA,NA,NA,NA,NA,NA,NA,NA,NA,NA,NA,NA,NA,NA,NA,NA,NA,NA,NA,NA,NA,NA,NA,NA,NA,NA,NA,NA,NA,NA,NA,NA,NA,NA,NA,NA,NA,NA,NA,NA,NA,NA,NA,NA,NA,NA,NA,NA,NA,NA,NA,NA,NA,NA,NA,NA,NA,NA,NA,NA,NA,NA,NA,NA,NA,NA,NA,NA,NA,NA,NA,NA,NA,NA,NA,NA,NA,NA,NA,NA,NA,NA,NA,NA,NA,NA,NA,NA,NA,NA,NA,NA,NA,NA,NA,NA,NA,NA,NA,NA,NA,NA,NA,NA,NA,NA,NA,NA,NA,NA,NA,NA,NA,NA,NA,NA,NA,NA,NA,NA,NA,NA,NA,NA,NA,NA,NA,NA,NA,NA,NA,NA,NA,NA,NA,NA,NA,NA,NA,NA,NA,NA,NA,NA,NA,NA,NA,NA,NA,NA,NA,NA,NA,NA,NA,NA,NA,NA,NA,NA,NA,NA,NA,NA,NA,NA,NA,NA,NA,NA,NA,NA,NA,NA,NA,NA,NA,NA,NA,NA,NA,NA,NA,NA,NA,NA,NA,NA,NA,NA,NA,NA,NA,NA,NA,NA,NA,NA,NA,NA,NA,NA,NA,NA,NA,NA,NA,NA,NA,NA,NA,NA,NA,NA,NA,NA,NA,NA,NA,NA,NA,NA,NA,NA,NA,NA,NA,NA,NA,NA,NA,NA,NA,NA,NA,NA,NA,NA,NA,NA,NA,NA,NA,NA,NA,NA,NA,NA,NA,NA,NA,NA,NA,NA,NA,NA,NA,NA,NA,NA,NA,NA,NA,NA,NA,NA,NA,NA,NA,NA,NA,NA,NA,NA,NA,NA,NA,NA,NA,NA,NA,NA,NA,NA,NA,NA,NA,NA,NA,NA,NA,NA,NA,NA,NA,NA,NA,NA,NA,NA,NA,NA,NA,NA,NA,NA,NA,NA,NA,NA,NA,NA,NA,NA,NA,NA,NA,NA,NA,NA,NA,NA,NA,NA,NA,NA,NA,NA,NA,NA,NA,NA,NA,NA,NA,NA,NA,NA,NA,NA,NA,NA,NA,NA,NA,NA,NA,NA,NA,NA,NA,NA,NA,NA,NA,NA,NA,NA,NA,NA,NA,NA,NA,NA,NA,NA,NA,NA,NA,NA,NA,NA,NA,NA,NA,NA,NA,NA,NA,NA,NA,NA,NA,NA,NA,NA,NA,NA,NA,NA,NA,NA,NA,NA,NA,NA,NA,NA,NA,NA,NA,NA,NA,NA,NA,NA,NA,NA,NA,NA,NA,NA,NA,NA,NA,NA,NA,NA,NA,0,NA,NA,NA,NA,NA,NA,NA,NA,NA,NA,NA,NA,NA,NA,NA,NA,NA,NA,NA,NA,NA,NA,NA,NA,NA,NA,NA,NA,NA,NA,NA,NA,NA,NA,NA,NA,NA,NA,NA,NA,NA,NA,NA,NA,NA,NA,NA,NA,NA,NA,NA,NA,NA,NA,NA,NA,NA,NA,NA,NA,NA,NA,NA,NA,NA,NA,NA,NA,NA,NA,NA,NA,NA,NA,NA,NA,NA,NA,NA,NA,NA,NA,NA,NA,NA
NA,NA,3.60031898744859,NA,3.2685793389114,3.57979582953869,3.01411098805848,4.16363888935992,4.39280153740278,3.98453634650275,4.79052458610899,5.0528941483687,3.35018570217,4.10706420012859,NA,3.62497369569292,4.4201095736081,3.95734902001659,4.13778384710564,4.38450234284637,3.6524618521558,4.32889817817579,4.77979227263396,2.9705690473221,3.71710257844113,3.85951583179308,NA,3.66913059563943,3.10103058580077,3.81744149235413,2.9182428888047,2.80055698997474,2.80580263732253,2.9434280783995,3.13323023695692,NA,NA,2.86289284725356,3.0689216310636,3.25923145010191,3.32830234743249,3.18092699634917,3.36840024899158,3.9453822423523,4.1988610669038,4.02889792179594,5.45704221339921,4.33674366220128,NA,4.49515165027207,5.83524221711644,4.79075501196091,4.63059413844528,6.60480805459637,8.26923099923738,8.71406745442638,6.04118808564292,7.1640508039095,6.03600138089785,6.07217086145895,6.71428617364425,6.73824849622862,5.96916457263678,5.23777950864968,5.69793664475447,5.20503618717704,6.18438357222637,4.517744366315,5.23358480861358,3.94771867629086,4.34774172089245,4.20000919218402,3.1873676630227,3.75244790612425,3.24781649937465,3.3346183546558,3.38187010302871,3.85402846731338,3.45962549053294,3.30555791244634,NA,2.90263251400356,3.33781973749605,NA,3.42019210306853,3.33665702460863,3.26558354946224,2.80929378463389,3.21840210963058,2.89627071519189,3.22273908122222,2.89698575452586,NA,3.15429503541052,2.8665676378916,2.78828140118529,3.83455322219631,3.72114812088387,3.27435427396976,2.99802242001875,3.9698771078201,3.45609070441564,3.21309180041231,3.14605626762491,NA,NA,2.96073836338298,3.8988796789778,4.17570289735911,3.86756830846609,3.18191830168117,3.45617930779327,3.41719711904083,4.50060668227317,3.08650306885996,3.53357547506362,3.65396777063212,2.72684241002283,3.7037407819377,4.07878740335232,NA,3.76877818812992,3.9568618897982,3.67952401310905,3.93788006497737,2.9270549807637,4.0045381663274,3.73533393236967,3.64053655168483,NA,4.28808936740617,4.5266916462014,4.95275081179652,4.25685378434744,3.98326317211327,6.07650746125294,4.99283021259351,3.79887071124376,NA,NA,3.41627188822326,3.61340657715261,3.89943635861624,NA,4.50907910561098,4.79081807976298,4.63076590343235,4.20478591268539,4.51485656118891,4.73521473402716,4.94011095334562,3.74171075513854,5.64577275754668,4.97378958840255,7.00507811029282,6.06380619945476,4.73462925372205,5.10043709366953,4.11469822862563,3.84902289275964,4.23174205393303,3.93072885503966,4.30080750770267,3.72713415065476,3.85206273048602,3.71927623760918,3.85728596837345,NA,4.0297528174364,3.53789965408816,3.79267628444483,NA,3.31157937070361,3.14721908981347,2.95914366607895,3.59671206075506,NA,3.14055908635943,3.16174148357072,3.40367036932656,3.29346507375751,3.80944265649794,3.28295965210376,NA,3.656549418079,3.3047747487473,3.56280461469329,3.07102005623194,2.865663843364,3.23727378036933,3.45998668565945,3.18537553373007,3.19376645709493,3.2817300816772,3.2523502186267,3.28286935386458,3.68468605092637,3.6996507020087,3.73990031926284,3.60612387727907,4.1297708926799,3.63712255530949,4.09982482574345,4.08048403082275,3.21752896957398,4.07380243916667,3.23696220504823,3.13116643162409,NA,4.11588738509483,3.52960298182618,3.78992942734697,3.81924602535974,5.33504832325277,5.17047060590048,4.0160046657967,3.86594345081611,5.28434881387053,5.73232571701098,5.76282373952136,NA,4.62688401698217,3.63466247964023,5.26334309170264,4.23576155454419,4.34839073616214,4.14007148519052,4.32006171875911,4.1936945432565,4.07021901739117,4.15358426460655,4.45192364933944,4.57805996096994,4.91148800627121,3.47591866061896,4.37155634886938,4.46453271874095,4.34524078799969,3.40952438752391,4.08616292149036,3.70192323902381,4.45413138037938,5.29807314337848,5.015708204649,3.26414231882021,3.32417553641944,3.89885869444819,4.30454298308253,4.32835562663198,4.07714922345789,3.9581515731636,3.47998904573956,4.28842351546301,3.96862226028016,3.88005135688254,3.85276836313664,4.35584734680623,4.08297380943919,4.37772547728695,4.80457645151708,3.84098052400841,4.01137520619909,3.70525528671774,4.08993333505981,4.01706377074162,3.31769378958223,3.07548410044054,NA,2.74841185864939,3.10765548816577,3.43518906664094,3.0864011286385,3.02460915746407,3.17286061734089,NA,4.01225580594885,4.06489596572943,3.79006414659833,3.33556468504546,3.55626120334376,3.66398207579433,3.79983826090502,2.94681314551947,3.03841736868048,2.80565655382221,2.60839277458226,3.37915036149504,3.42937922310234,3.04852820241779,2.25723155075899,NA,2.61437411520658,NA,3.63694980488493,3.77154723337392,2.61742934683498,2.76920815697787,3.91412406173756,3.53611405978462,3.35532219851494,3.46660943789796,3.09957035150512,3.42148484663716,2.98968151219898,3.1502015829161,2.96828993972947,3.6575192160384,4.04340729638247,3.76581177845276,3.95373749933921,3.3923646024213,4.33012396566816,4.41295568869316,3.94107872254278,4.18817610922299,4.35363736650382,3.82698737159492,3.29010465138754,4.10862857227719,NA,3.92612248295866,NA,6.52344018644659,5.45794866080263,6.67777493536531,6.94769615688148,3.91404523510284,5.63783088700548,NA,3.78076914382499,4.89488057794932,4.12987917659131,3.97575615649299,NA,NA,NA,4.26733968532811,4.07359798064175,3.71161751894839,3.72189456735162,NA,3.3798561466056,4.46361250130624,3.5460208171386,3.9193547610649,3.82286074351999,4.00447438605387,4.01722168145402,3.90270753949024,4.90711435148802,5.2680891267813,4.0384518776737,3.92386910355182,3.77345684617596,NA,3.14265770895131,4.41068598562077,3.26610065316243,NA,2.67846655138696,2.54534360823034,2.70606363566625,2.63829022162417,2.79027254770612,NA,NA,2.44123927920239,2.78453017126533,2.52272118535858,2.3454884032982,2.44054385705082,3.53794979800666,2.80479458266702,2.54504439694123,3.01468376398904,2.68112230010616,2.41610245741309,2.68448352470303,2.89680315676135,3.2752865195208,3.63902549961182,3.51983577090184,2.98868802557911,3.23755755350869,3.21231494971624,3.3978998083397,3.23620750687222,3.48648627918665,4.20323805448117,3.47742951755247,3.65586314404691,3.70801017452909,3.37925877128917,3.6877959291004,3.63765854446139,4.08727892063029,3.87892334659597,3.60265977417693,4.9882923342554,4.55139761171833,3.71983298591966,3.7673696162232,3.88777796782033,NA,4.75611915420506,4.59487164676885,5.11252732663708,4.03822312708415,3.83128210569164,NA,4.49938864579167,4.00950863931036,3.90894544451053,5.0271872847407,4.94845309815989,4.8399619153209,3.37729619126003,NA,4.86083858949704,4.92983348729359,4.78067109013615,6.58038454792275,4.48820121172775,4.54566151252466,5.67870556801563,4.63177636070346,6.16653983147898,5.42677582457657,3.14920588445874,4.66706318006184,4.34924922543004,4.18856743808024,4.09573489873319,4.4446708420687,5.20517032819432,4.66379987998163,4.65956463746384,4.89600787005961,4.65923336622821,4.20073615509158,3.8917168035023,3.21185020819544,3.03556514758223,3.23645215945742,2.85235089933986,2.64248221422053,2.71714237509326,2.26277931157954,2.68944977398727,NA,2.21158619315247,2.01814918856988,5.48659467606849,1.83129143579914,1.99731685094807,1.90389156343698,2.25143981076795,1.38220653376542,NA,1.35471166109256,1.36262974613264,NA,0,1.10485203581022,1.00608971069781,2.21505900812443,1.5526918434537,2.08867250970336,2.04845919642622,1.97744813106923,2.01238903240337,3.34780752523573,2.64400907529723,2.53789687402365,3.05325184612968,2.83752872453064,3.28470345116545,3.67209720115744,3.60773791845733,3.92310395224679,3.82125956285952,2.98479753609144,NA,1.86486135336806,3.74292322352746,3.84907876309882,5.01423740366799,5.73183354742199,4.26546588922845,4.99191760366495,5.20626034959131,NA,3.89917036663917,4.49643218054776,4.56188065370127,4.26425878499738,3.65092998453008,NA,5.04716707179187,4.60572978126127,NA,4.36974398248973,4.12252785135441,4.03832942819293,4.79446238596235,4.11210195911442,5.15273881923568,4.35030898870312,3.78493649350477,4.44049160357124,4.82117327008332,4.4488958996491,4.46240141662137,4.55316581168179,4.31483648480442,4.31325082262806,3.3287560016095,4.27746117836406,3.82410386665365,3.86325462599096,4.77825480290358,5.00918236983935,5.16935223798839,4.94814585090754,4.24766924684564,4.52350145790057,3.75999662469867,4.59267516871331,3.97664742769179,3.22843936495507,3.78977981340587,3.28768906956151,3.12354948252203,3.44563174893634,2.91711608050932,2.46898330215976,2.44698824268556,2.84083128757964,2.93018663280925,2.43298379577406,NA,2.27206938501129,2.13733883455611,2.01565486279865,2.17022672666592,2.81682119145706,2.53817834444395
NA,NA,3.80138691722434,NA,3.43515839898704,3.6804391213941,3.14452466975214,4.38711005383168,4.54182320742619,4.19359343665894,5.15907970873952,5.38952249258933,3.49486658907487,4.33423876054723,NA,3.8073509016687,4.68655230245597,4.14798649271734,4.3524903431479,4.61138081644717,3.9105396662324,4.41054048257531,4.97990290254716,3.16655877577279,3.97364343752739,4.19406167351907,NA,3.93941396145584,3.36107648068795,4.10567781164971,3.19510125239389,3.14199043388701,3.12898729725772,3.3440754670988,3.443731027958,NA,NA,3.22004687192447,3.24808194135924,3.46194680322298,3.5826054335696,3.47769150353719,3.71533694661928,4.15001726459926,4.50295540139337,4.26152910501874,5.67757932467007,4.58892875388786,NA,4.65457256263241,6.00693813215053,5.03006969258272,4.86422024650383,6.85255472494452,8.49631083338609,8.91087099879107,6.29050198512522,7.38701542253988,6.29185455954187,6.31213241223855,6.96404051549728,6.98331708595789,6.20386458603873,5.49587933601357,5.92082491580836,5.37760765965122,6.29996093199643,4.64399445874322,5.4237895899632,4.11961322989958,4.45110313544225,4.22094198317583,3.30596462648262,3.78111896376076,3.30427129144338,3.41501552443074,3.4554149140222,3.90896870967031,3.49862527120316,3.34400863321746,NA,2.95891930570153,3.43952489344071,NA,3.45374177416136,3.49070123251529,3.23147923428588,2.95693775840802,3.29837826798036,2.9481212230656,3.23317383465513,2.85785864143766,NA,3.18488340442388,2.85970407892774,2.96044615326255,3.74161270178705,3.67911199363053,3.26982113851282,2.89791274897859,4.17363540149834,3.52767831164859,3.45186811535593,3.34341308819709,NA,NA,2.87496770501824,4.0215067841599,4.48020200398699,4.11178390942534,3.47278055893442,3.67773373907182,3.70693828863076,4.87717254849472,3.46936629047526,3.87935741586734,3.95439023488939,3.07019915854025,4.07782370176476,4.38159134228998,NA,3.94165929238488,4.2012341081818,3.86203616524579,4.00538905596487,3.12937301807092,4.25643774207006,4.01046251169494,3.8514381346137,NA,4.59876222471506,4.85857151744658,5.18654088543424,4.56773565620627,4.28681068013642,6.4000814033249,5.39107534862798,4.02183464054404,NA,NA,3.63246174530016,3.85631238019958,3.98894642964248,NA,4.67672064357181,4.9574042107588,4.78846036605404,4.30542916289213,4.66613775000076,4.87687922718057,5.12283551759638,3.93993428423523,5.92108686877147,5.15089425946675,7.2203485830908,6.30193648738576,4.95433118166743,5.21452779116367,4.22483084814184,3.98953117718048,4.2650143755615,3.96539010250849,4.33881033128092,3.74004184823407,3.87720714989267,3.70587356588878,3.88007064442608,NA,4.09807526054944,3.62643433890233,3.90892861597442,NA,3.33363756507496,3.03128415357922,2.98900378641694,3.52494138553488,NA,3.10706218939644,3.16247271910954,3.31895703599741,3.17545029800787,3.61690032205231,3.23720758978597,NA,3.68525216430791,3.26902068062707,3.49426858996279,2.99787577752168,2.85263317427312,3.25256504307904,3.50311743167639,3.1608254355879,3.1491096110644,3.09255748297782,3.28612920028562,3.37739697099624,3.68242434165533,3.67435430219656,3.72070136873021,3.60525820820038,4.16263443744498,3.81548329661604,4.19169204377206,4.18001160112071,3.40536378382268,4.15136971599993,3.34124858018571,3.22052176322989,NA,4.45087700148976,3.90116040213925,4.15758378462489,4.23477239502595,5.70258716231802,5.55079692122154,4.47708963678392,4.28137206957711,5.62526822976346,6.09564680697368,6.10219760663876,NA,5.0162659125174,4.03583894054456,5.58317244301932,4.5114855469819,4.50846894072528,4.31179087930326,4.56677763605395,4.36770934465623,4.235424223196,4.30102150504028,4.62561957317023,4.72995137790895,5.06387925663924,3.59324402657257,4.46325331468574,4.59267521759984,4.48979919838421,3.56042269038759,4.25799983536247,3.92247448507006,4.53753623452292,5.43165066262251,5.21290031304518,3.39775062233786,3.39312562575257,4.01084556189656,4.44130378616135,4.53263126750366,4.23083558519564,4.08355654781624,3.55536009622618,4.43002627965405,4.12964910671956,3.98397648886609,3.96662596151829,4.37565763036032,4.14656583067276,4.40682955260473,4.85033970277274,3.76872911799663,3.96877227318083,3.76045105153939,4.03136974148338,4.04646791850267,3.3482483821982,3.27736494091598,NA,2.82706895849837,3.09518469623703,3.41176140122406,3.06502904597167,3.09020747120997,3.38486910913014,NA,3.93345755152577,4.1094067549734,3.81988496205441,3.3743962768674,3.5848369029019,3.69860728751507,3.78645427755433,3.0186066190307,3.0673738942937,2.82136335557652,2.69630642868363,3.40174802118256,3.67382840597904,3.36724336072173,2.4153222696688,NA,2.96900394421318,NA,3.98886153829324,4.08403034404173,3.07449860457766,3.26262409238225,4.28758768147626,3.95201347786124,3.68179047533055,3.77171235385277,3.39430492194495,3.65463465715752,3.27695133050244,3.29006846970334,3.2058647147533,3.86190045805471,4.33460045250482,3.96047977627474,4.20844566758782,3.62978928098579,4.46994838158723,4.51705263981358,4.15646180325788,4.44179424213724,4.60395257506675,4.09499477045128,3.51771417683664,4.26106000138784,NA,4.24116794364107,NA,6.75017575608368,5.65969374474072,6.87438683680702,7.15973921737748,4.20448099248075,5.86495654649386,NA,4.06737288519603,5.290932424674,4.43817731482347,4.30189019372023,NA,NA,NA,4.54000117404303,4.21523694371955,3.9215601281918,3.94694379507184,NA,3.59365877349831,4.72027469463336,3.77792326404818,4.13438878565357,3.93934151242714,4.24152623666162,4.29989448775047,4.20570495547548,5.19695928580089,5.59800702862498,4.36143398065523,4.25785359908242,4.13545152307214,NA,3.33401067819165,4.62350489413648,3.45864937829829,NA,2.84794829402806,2.75324863809312,2.92668137960858,2.72588350476219,2.78987510631552,NA,NA,2.46280012153892,2.86359549669807,2.59049936844627,2.27528714930537,2.51151649059921,3.57500771979462,2.8728919218013,2.60379094626251,2.91160062460084,2.75136784970246,2.52153548000396,2.65412797600973,3.211031781627,3.6856278715284,3.74478153252651,3.75007472395077,3.31651004890366,3.60481675195259,3.7111450921266,3.87795367119325,3.73690806026929,3.94482778705691,4.62771735859669,3.90946848406577,4.12607353999799,4.14221575193106,3.85883351662203,4.21762026877286,4.11439601406742,4.51694938993246,4.26399046991233,4.1404297338369,5.36470302090419,4.88591801960365,4.03614214097107,4.0468629945104,4.29022164258201,NA,5.1444047059313,4.99000508699689,5.47717561205671,4.44474593221964,4.06931891852749,NA,4.7864645113017,4.30940796774207,4.22366849243559,5.26914426167309,5.24477300020801,5.08127772321925,3.68424874000837,NA,5.10952573708312,5.24420423513491,5.03978178152838,6.80345571382516,4.76124898950839,4.8478739338602,5.94690960015106,4.9104598782912,6.41111278322778,5.71532408074957,3.56237232047968,4.99497267125251,4.64644021630594,4.51736712355203,4.4244700092895,4.73103820470217,5.49702737201694,4.98005328767741,5.01216272227122,5.29539016326348,4.99092727304101,4.55461275491486,4.25006979510238,3.4625226439455,3.33835902570837,3.54401553851461,2.98608152285588,2.73933344462323,3.00143192552283,2.50034585988235,2.82309587238475,NA,2.37950839443445,2.40007054881627,5.84084254296377,1.95724852584967,2.26538307756139,2.07391274855403,2.50095449313183,1.64037731319034,NA,1.64079876610729,1.25188479902606,NA,1.10485203581022,0,0.979040450044515,2.61981015928102,1.94425680224043,2.33243306552059,2.16659487809408,2.2878899268668,2.40916197942358,3.71718381533547,3.04009288748322,2.96753716238212,3.41298785081688,2.97895029586217,3.7737085544492,4.17116126677393,4.00294942025384,4.28019538771086,4.10394827345502,3.45616468636025,NA,2.05335600856093,4.23920102020277,4.38613409793656,5.49089097872293,6.18988215371975,4.7041129480837,5.41858453482359,5.62183474144763,NA,4.30172893478125,4.84581448251831,4.98531610697444,4.70211228947872,4.05678375530783,NA,5.34782428745356,4.919808377291,NA,4.7943839579095,4.55209331687686,4.46122900293443,5.21365503043572,4.5458830188339,5.52345364527383,4.62458272197799,4.14542111002329,4.77567822287599,5.1702514428427,4.80103134359129,4.82426689139119,4.86538961378066,4.58450644089648,4.58141304185451,3.33276679869162,4.64286433784612,4.08056682612021,4.05013912227548,5.17540386416797,5.44303488388906,5.50106006829153,5.29830188094601,4.61010367799094,4.88394333474517,4.12422253484901,4.89848919345496,4.28359587678242,3.53581484607606,4.20243967131182,3.64536708813536,3.38544976709591,3.69740924986344,3.16802840537403,2.71242188468838,2.84075591110762,3.1704182442291,3.0031476392228,2.64710331641614,NA,2.53634824822783,2.3289934075104,2.08206531717821,2.19200340649722,2.97605410277311,2.77221748407934
NA,NA,3.7499562261593,NA,3.4620168154302,3.66212757547011,3.16620238987672,4.25733789931592,4.41515975772601,4.07352412743511,5.0036102790338,5.22848339484203,3.49594518941376,4.21231977022971,NA,3.71336781297941,4.49111311656425,4.00750592890234,4.22113809917502,4.51459287368342,3.78267040124227,4.33614133149973,4.85920379752467,2.97759762386927,3.75643967762562,4.01956620300563,NA,3.78894953877112,3.17342451223089,3.89407069675561,3.00993038974446,2.90487052543441,2.94376995758283,3.10150146163418,3.27852946276499,NA,NA,3.0202270484172,3.13790032515771,3.35295342658248,3.46013537744566,3.33861011944029,3.55212418119356,4.08662778536664,4.34985998562291,4.18888685569557,5.57986458681687,4.51925836448832,NA,4.62664087740197,5.94215055383629,4.93093028430626,4.78560874474266,6.75866240792715,8.44091505254901,8.83370724216847,6.23775427167632,7.33609717514506,6.2081655994399,6.24858938154162,6.90855082535067,6.92159505407926,6.15418270573186,5.45324969688635,5.8668199896387,5.37837991170245,6.31284472970874,4.65844638859552,5.38992938372309,4.11820523079068,4.45805238083871,4.27318873692283,3.30067499717781,3.81559612527916,3.31271790084018,3.40920271259824,3.49145014670607,3.91900026719046,3.53165266409719,3.37394201255184,NA,2.98664446575361,3.47197435282838,NA,3.50914581357287,3.52663227998097,3.28898386590047,2.92422261095967,3.3254576875536,2.96931531939642,3.30254369058683,2.91535171194284,NA,3.07184412255145,2.93864620081206,2.90915212948391,3.87628483692299,3.80302044048673,3.28616176065072,2.86167338249701,4.03950442902409,3.57642086754882,3.34717445497397,3.24395281431048,NA,NA,2.83685653125307,3.888001387488,4.26861744812433,3.92082576459586,3.34304391503937,3.45425652431231,3.47899446732326,4.68639424580922,3.24095817107129,3.59821811931008,3.73392843819518,2.85360552549882,3.90101588095804,4.23076385720811,NA,3.87789327853771,4.08879864674452,3.76931866340146,3.94585193673587,3.03622893625669,4.12961178881329,3.8706700370284,3.73073371126138,NA,4.43610659015718,4.71694746338509,5.08892698496886,4.43672588838851,4.14009516986282,6.23989029748365,5.22007434060681,3.88926822291762,NA,NA,3.51892276284309,3.75791920610984,4.01179836340438,NA,4.65206866462944,4.93828102343887,4.76350934158542,4.31314894963914,4.62206410554322,4.85365684938532,5.06816450579044,3.8402043128383,5.76051086109001,5.12802679298535,7.1697376924962,6.21841610289566,4.9134819760011,5.24354427806706,4.23227447690228,3.98863602001505,4.36307738210919,4.05933175671061,4.41869073461684,3.776329471413,3.9465305030281,3.67792489540229,3.76685885784935,NA,4.13131019544819,3.64409960361477,3.88028783810336,NA,3.37954360532037,2.94306903130491,2.95818039045388,3.47855555709861,NA,3.1748727755649,3.25740898523272,3.34511978155285,3.06742547916157,3.54075020342439,3.21745265444934,NA,3.60282363701983,3.29665971453126,3.63527876022164,3.01590927278729,2.87617895968823,3.19802802820859,3.48319139286294,3.22913264089283,3.20013027158809,3.05066379594659,3.27258423283118,3.36402100890057,3.65752193368671,3.66965495680604,3.68426215410858,3.58202840760618,4.13495331292209,3.68192976195951,4.14577383967676,4.12045207708225,3.22545318380382,4.14462741073734,3.1536079441947,2.85285313481618,NA,4.26363361582406,3.70680716516623,3.98275178536943,4.00607748949281,5.5323344641817,5.38617689453366,4.35801245794254,4.09149810111927,5.47140605625234,5.92531590038699,5.94143077103948,NA,4.83167509712657,3.80767785824828,5.44849594179693,4.40139682510261,4.4645745618762,4.25588526378408,4.50178610216717,4.29213072657148,4.18240174790074,4.24071739375671,4.59566093525036,4.70035224877066,5.03403494276647,3.46006597886954,4.41294924724218,4.55039150410066,4.35551232300913,3.48313278819055,4.19262956201692,3.76839526509978,4.62158110713114,5.40550116670165,5.18569399659518,3.35286230475996,3.34384371501694,3.99176293082641,4.46229095261606,4.53029338370962,4.26644170402557,4.15953690387844,3.58532644080908,4.4605060052525,4.13537470771647,3.99460882793234,3.96083441534754,4.41487158009402,4.14754307496376,4.41577834575752,4.82920405319723,3.65035509640338,3.89638581099628,3.71641032286242,3.95867858875728,3.88856356987831,3.11204856540976,3.07148399028102,NA,2.74156269242872,3.17548542154567,3.49437877387896,3.09043852372452,2.95177778434581,3.22649588857108,NA,3.83950471317274,3.87876221252173,3.54850838524368,3.03323243234962,3.29676597573546,3.53320217273978,3.78943191575398,2.92025748651332,2.9573102444452,2.62576227874302,2.41069782676934,3.28583165596339,3.50890910444515,3.16353057587068,2.31012956116018,NA,2.71439252705539,NA,3.78082668377326,3.93493324339874,2.82643136308049,2.92448490268457,4.08852751557389,3.78458210615532,3.5487211121666,3.6494393899198,3.29027325701826,3.56537730473549,3.11730532574358,3.21193679981616,3.01872922750102,3.78999928600457,4.22009276693964,3.91001391085675,4.09211908614005,3.5043315590575,4.41152586715257,4.5138779998624,4.09674338908434,4.35494154558351,4.508855397972,3.98307853854513,3.44187996528072,4.24145021008858,NA,4.10005960762056,NA,6.62536952611603,5.5378383350107,6.78939240233185,7.05792459083422,4.03953456611876,5.77223651647518,NA,3.90738617687649,5.11491764734519,4.30068935489042,4.14557230003214,NA,NA,NA,4.42979593216007,4.1492526755744,3.81235327210541,3.8845587365588,NA,3.47535323676206,4.5955503034397,3.63308580662387,4.02938240902528,3.90755588390866,4.15451138779909,4.14803017229236,4.09957681168972,5.05277210377664,5.61741801586908,4.22068818161497,4.19267840283953,4.07903442084549,NA,3.19789027910215,4.58984760792535,3.39594447561365,NA,2.76735904432787,2.53263625113911,2.68006080957364,2.49607218967202,2.6300597155011,NA,NA,2.32081265379476,2.70738913767389,2.47978383316995,2.23720406554789,2.44145124565305,3.58791351210685,2.8020635424555,2.56024570730544,3.04387331309816,2.80450406222098,2.48259322576944,2.7246568566479,3.10155642825354,3.53359570327032,3.65652885034448,3.64185999471661,3.09761289491895,3.3808944051065,3.44914090146969,3.66103248779181,3.45797830454182,3.66813584566244,4.40449546889154,3.77090718546688,3.89254956491518,3.91133370198165,3.59390261129486,3.95021525134643,3.84754448626282,4.29377631450733,4.04736625826976,3.84013932807138,5.211833231585,4.76821771111049,3.89932058811188,3.88995225857199,4.11489558995629,NA,5.01780890389951,4.79707978584572,5.3295037964317,4.30439890468734,3.98991891810376,NA,4.64931546395457,4.14922687766892,4.06889182338018,5.14770953878061,5.13002424520347,4.95956643557174,3.54759431381582,NA,5.01608882609212,5.11574442699085,4.95937170173969,6.707160889358,4.6238220150716,4.75045490499833,5.8454089100311,4.81360282425879,6.30847722659261,5.63839968941088,3.42076037351557,4.92601688866221,4.59700589350174,4.39710824660593,4.32893670351245,4.6247815712621,5.37877012250116,4.87074985512858,4.87677679525857,5.11633561546839,4.82077360278848,4.33553988678135,4.0770863943977,3.43434540117043,3.2071933113343,3.38855832638729,2.91407745452197,2.75619306830518,2.89040359255847,2.42122413838752,2.85252081107046,NA,2.36313284758734,2.24714271381793,5.67079970879965,1.7564362215617,2.12779708700298,2.02441899936214,2.39421764405871,1.474857282636,NA,1.59278759041314,1.33938369408827,NA,1.00608971069781,0.979040450044515,0,2.33562758644842,1.558489857513,2.09729296283173,1.96990808105708,2.05072649808571,2.14741184986926,3.50865463433885,2.8647100177316,2.74346587553399,3.24462482210041,2.94311002544561,3.54537982598654,3.93969206681614,3.85097907485594,4.14241605102025,3.95593127416381,3.22867059248456,NA,1.9436446768121,3.91013040845826,4.15076419548765,5.26871158780738,5.98747336406822,4.50559135657088,5.21510303005416,5.4238145138761,NA,4.10776988392923,4.67228356316688,4.77720678279721,4.48603602736135,3.86555548379318,NA,5.1922128468654,4.76144390403538,NA,4.5750630323459,4.33128663768491,4.26101033428393,5.01587248160772,4.33832396390742,5.38335474567758,4.52486524172145,4.0159330223444,4.65360141771409,5.03884137495745,4.69425000422871,4.6990549611563,4.75782848455646,4.47746860524623,4.45582116604445,3.38691849678178,4.4582521803628,3.96031440886359,3.96617562600754,4.99415256146437,5.2755011045216,5.34141286157844,5.11571660124351,4.42302425148652,4.6769944034212,3.95281380192952,4.80594749035788,4.21456184448814,3.42942313798472,4.03609114232714,3.50510996756329,3.33236096768188,3.64519068441861,3.04977928596542,2.6078356663362,2.6353906244631,2.95989219503489,3.06004992448205,2.47818789636482,NA,2.33004927258134,2.16354450394795,1.9722762299212,2.11403806080206,2.84951570502045,2.68757655545461
NA,NA,3.27515917563025,NA,3.3010673846235,3.2883762208444,2.85113198212652,3.80547074744248,4.22435638071174,3.49688015670459,4.14174902626403,4.42087526662942,3.23119299274174,3.70027032182872,NA,3.54475012295677,3.78807847635641,3.39161134981057,4.0162688053179,4.20681760227961,3.47964159162568,4.16852707602982,4.51220120770396,2.91994990312077,3.48975099210471,3.59411331036981,NA,3.72341775851702,3.21991084219508,3.64404622858545,2.62884679951696,2.7796708049744,2.94603378204061,2.85918076382292,3.09750201613701,NA,NA,2.68512464265296,3.36011761950479,3.50170807797528,3.40495249253251,3.1699449075181,3.32868658005768,3.9723036055651,4.056173082433,3.98722474570205,5.4062155361302,4.39565509962685,NA,4.60063246212931,5.84750092753514,4.77384804053416,4.71046675381468,6.54398926101827,8.15997396130813,8.72436718889021,6.0412530062325,7.19518985528391,6.01211228123118,6.09173918613663,6.714162637999,6.70797363548431,5.97982007818647,5.26034639384294,5.70706990578861,5.27772166493552,6.23783285573331,4.65590656631186,5.19789142545919,4.00391605713059,4.47726826037724,4.20562236028516,2.99799556350043,3.73622954242656,3.17540057746327,3.21350635634542,3.20811935334367,3.70313074328785,3.38852680525633,3.29995563764489,NA,2.82270115598341,3.30810195185352,NA,3.35609554581841,3.3359522435261,3.29012414268093,2.63371446633788,2.89780933821205,2.68968787415863,3.01239927933675,2.85394121440569,NA,2.9555638709924,2.70160074109289,2.62355109638641,3.72308179683713,3.6637189687665,3.18511077590428,3.0790289601249,3.18511859727714,3.26419131705177,3.11332096454371,2.75586302577471,NA,NA,3.30282617177737,3.52761343108887,3.66444105373811,3.56706055277256,2.92861054400841,3.49782732391127,3.25597158851749,3.7395137932438,2.92598690121468,3.08263258275488,3.46357577639855,2.65145034008161,3.41476412829772,3.89379087471218,NA,3.78841551149614,3.8638227020806,3.74903691268284,4.13074409160324,3.03290005680996,3.78166047016871,3.53923838410604,3.54819629337052,NA,4.06486098877642,4.31483551580964,4.8081753864064,4.04160527791678,3.84659970703224,5.80065029537041,4.69846025503914,3.6880721354132,NA,NA,3.39939528495818,3.48530403253459,4.07075879587298,NA,4.56435191573973,4.81467742117072,4.73263808947708,4.32262435296906,4.62950296505899,4.77938018997796,4.9676687092303,3.60849153489873,5.27495982143151,4.99569715273553,7.05950527706858,6.05419850477313,4.84286463086097,5.27579392379496,4.31508719804811,3.96819796366004,4.39490049118354,4.04044179143211,4.36924612137581,3.84774667710632,3.99754837740261,3.69023285050454,3.76950035155969,NA,3.99438260115369,3.36709551702253,3.65687871811028,NA,3.3776046882389,3.27731462506333,3.119469005483,3.57642043192805,NA,3.27237264743791,3.38352082259073,3.66824439304608,3.48613843803624,4.00399919422885,3.30711765410256,NA,3.69499262400197,3.25778017486765,3.70920011013252,3.22354558056135,2.8072758600931,2.99119698644198,3.32135655307856,3.23697447442246,3.28275694782531,3.60140439582438,3.06974416162144,3.09006193689694,3.60847264734691,3.59045505437428,3.58070460350382,3.46183538840809,3.81750579578465,3.41045112714128,3.93524127877446,4.00087330243525,2.97061333643823,3.98641197208147,3.21971527918116,3.14497080847368,NA,3.80554154070486,3.31723408346212,3.66555426345155,3.74848737427063,5.13326155540195,4.98690458455671,3.99583104636209,3.71549192776679,5.13044425686307,5.51739832411126,5.57915264186473,NA,4.51677165663973,3.51669861083818,5.11026302051016,4.21822707014579,4.38590137186448,4.12496936209642,4.36591137309753,4.24626638652595,4.17044387196121,4.28137724851025,4.63735672076424,4.70636543509317,5.04551466517681,3.59343090837208,4.4752750932244,4.52683155511017,4.36735552219144,3.32140945129045,4.01267315697753,3.64678154616492,4.50776639924615,5.3601249178527,5.11458596977213,3.37703162892415,3.3839919525201,3.96535263428554,4.38396825298547,4.47728377208309,4.23964953155331,4.23328741316346,3.74212978666624,4.44392452277614,4.15898492011741,4.07071375531124,3.98910590561735,4.42766684453108,4.17727973260058,4.49294426033578,4.81271522175278,4.1459330376541,4.33179686975996,3.76745176172521,4.2713525868505,4.05303094964612,3.42809672849752,3.06012495115107,NA,2.81895511203043,3.34382066592882,3.58183075160017,3.36815628452153,3.24126668613254,3.10060170417059,NA,4.07121040480586,4.12688148908901,3.79434672963983,3.36885271791565,3.53091395605551,3.61316864338418,3.68454828695835,3.03596284092452,3.07635114674721,2.73556026075225,2.61818313123098,3.48457480380613,3.28132464910296,2.7188430881414,2.40329398799194,NA,2.37077094982799,NA,3.4851917555274,3.86490941524724,2.69989643455005,2.32839100350205,3.68289016219031,3.56434841804497,3.46503355384653,3.50839426765172,3.09994801738968,3.39927328034051,2.94490233192953,3.2869847369262,2.90735024834399,3.64590316717805,3.98719945615575,3.73478949967795,3.77641854613069,3.44726475011402,4.37842844145853,4.44965701476155,3.93024139741239,4.09270627657389,4.36986667202801,3.87966691664739,3.18441129183844,4.12639333182419,NA,3.73214789267172,NA,6.40277592303527,5.36088682802562,6.60072385843916,6.90111287412799,3.83353363490723,5.72988438062046,NA,3.22084948610094,4.17747166842848,3.84752914062733,3.8803328094394,NA,NA,NA,4.28663162414584,4.08738034433839,3.62873631697296,3.68955520927665,NA,3.4172702378488,4.31129187585014,3.47904759231391,3.90203598102656,3.85713226534261,3.9119494218125,3.9700847230871,3.74694427230172,4.69252547568445,5.43129373027578,3.60362074503604,3.91394172485299,3.93847123192381,NA,3.10940557854525,4.39318038812891,3.28719166524028,NA,2.60728631641052,2.66539048807847,2.50598506686412,2.44430305341295,2.64846712023089,NA,NA,2.35797614156902,2.47291476177332,2.34691918299831,2.43704005249726,2.34418823426045,3.58656701912959,2.9125102664671,2.58049994402968,3.31221765957649,2.79466391528535,2.42118129022178,2.80777187738847,2.48373380942886,2.68292523922359,3.55942023532185,3.13350786401726,2.57478940080986,2.89157648770849,2.81477214940776,3.10621802643507,2.98299020427057,3.21205494002131,3.70136901321799,3.22203435105168,3.20349186758093,3.32059179736171,2.95555402740301,3.20337990202152,3.17295001272007,3.7055837315616,3.65132787102467,3.27519692111191,4.72582450225833,4.4263170275332,3.6654559917943,3.74379838044419,3.72005968602597,NA,4.71960368634613,4.43312583156674,4.97499044933368,3.88900210620998,3.9981431838502,NA,4.41128430537326,3.81192015840974,3.69995755301863,4.89628139013918,4.87617147315156,4.7495397940077,3.24452619832554,NA,4.81063081108847,4.81884124053475,4.70425243159883,6.51298259984625,4.34571835097634,4.40711908578138,5.5698985940252,4.52589413293012,6.09729474542007,5.33394177062184,2.96406693768928,4.56312552139335,4.17389400404101,3.82240215611003,3.94425601012153,4.37731290979151,5.11411764294363,4.58562589330729,4.36887495714068,4.53705500443477,4.53491597438645,4.17868891517518,3.89049171737339,3.21095323303814,2.9863531861848,3.09011864388882,2.88228283705202,2.81856409936992,2.57507886356554,2.30720927578971,2.76341597060696,NA,2.36090537823414,2.12721026485316,5.19225902021152,2.40533210450777,2.04317638315522,2.15480044466361,2.51973713996042,1.8620532852239,NA,1.97879095333837,2.6459459141663,NA,2.21505900812443,2.61981015928102,2.33562758644842,0,1.26238901812203,2.3987682845141,2.28073213790301,1.91728978550758,1.84071512128513,3.38991629626619,2.75229287255512,2.57417018357133,2.6859405980292,2.86389398259495,2.7555966146929,3.08376217258239,3.42796056216332,3.7645855078226,3.54029018387884,2.42791662062306,NA,2.49743812839908,2.94057578968226,3.38740571946282,4.54889262978549,5.15652855546529,3.75587171107773,4.25300435240236,4.65302742964484,NA,3.47038700816232,4.16335718070046,4.00083097644099,3.70665860911915,3.31868894611795,NA,4.50007618295736,4.23546134872036,NA,3.76437001767733,3.67445640309189,3.60953585318871,4.26622720338795,3.61523926429739,4.86080582679012,4.2443490159333,3.46596314939911,4.21729093737893,4.5934351896037,4.33492035476788,4.25896161854867,4.39565451395712,4.20813097962186,4.18427952366909,3.42320855507633,3.70265848366892,3.61654383875004,3.7452818750717,4.54838057571595,4.73971622469334,5.01618629047959,4.79596764196466,4.15416969466409,4.18612932166033,3.5185574780287,4.51431811551008,3.98699979834024,3.15017940962632,3.49916624347364,3.11661066231163,3.18807328087682,3.42156529809922,2.8236466102793,2.49559640546284,1.92642818719519,2.36649026785109,2.94806802024055,2.23173294642036,NA,2.19898104168863,2.33637497420026,2.45693728975779,2.57867222947106,2.81757531275659,2.62526223947473
NA,NA,3.55917141356209,NA,3.34715824244331,3.50307541864119,2.98799057111222,4.01169932859075,4.43485035101703,3.79678268428714,4.54957147208895,4.76926092938322,3.3192239470997,3.85815882872422,NA,3.62551795985517,4.1308636633938,3.75135830167015,4.07693225867737,4.33870381283313,3.57312819088755,4.31894880321146,4.67873115172653,2.816804559544,3.49535703104303,3.74166773383071,NA,3.66671864263806,3.06356289001955,3.68562712561395,2.72283157713516,2.54836166077176,2.66246389019464,2.75547709305157,3.04567110481239,NA,NA,2.71736069559706,3.2427095721214,3.40147164342437,3.34103368660611,3.13545089812001,3.29327788792537,3.94674721110302,4.11900742303825,4.06787828470392,5.49610250424718,4.44697322233535,NA,4.62961074377219,5.9214606993733,4.79126415305682,4.70949671624371,6.6471992276283,8.28033231308188,8.76718404204922,6.12651134418058,7.24248755877232,6.08593449323618,6.16493467574625,6.79423022696288,6.78919253916742,6.03960902632259,5.34855020729145,5.77037339688943,5.33445912447183,6.27542174074281,4.66929998711545,5.31324904823004,4.07061566783889,4.5000743987743,4.28540639007008,3.14487373521296,3.77822168135059,3.24705943124084,3.34993377230216,3.37514718308767,3.82771800390784,3.46432913576714,3.35730515282533,NA,2.9177973989438,3.41903389349085,NA,3.48076761475272,3.46596798573,3.36448944653527,2.73368252352971,3.18988425235556,2.85366270560184,3.19663222282979,2.92187003197162,NA,3.12113086482727,2.8696982093244,2.7131500190786,3.87221794294231,3.83801182923639,3.29836433575749,3.04059569479954,3.65280614649268,3.4056446749948,3.11271287627598,2.93854207921847,NA,NA,3.02724938821029,3.77852912754621,3.83344406063864,3.60892174208202,3.02265843846588,3.29151052066786,3.11100167198878,4.1617986916013,2.9235874230433,3.18516946743292,3.44561804761437,2.48965588996461,3.52728189382625,3.95666186743017,NA,3.74131287285007,3.95604676760277,3.76706717243638,4.02784602376425,2.94388518512481,3.91672927868977,3.65190677995695,3.59788234317797,NA,4.20764431773339,4.44314414497328,4.89565674783679,4.16609563581882,3.95845970794505,5.99369547586915,4.88050897014554,3.73124075800704,NA,NA,3.2804379119908,3.49819275324117,3.99601411647843,NA,4.58715172057156,4.86721715624835,4.72904831647081,4.31234204477283,4.60906184470762,4.81984936564736,5.02799811979476,3.62603066499584,5.47515977000322,5.08179761193528,7.0949947551485,6.10440987208498,4.84454756177312,5.26374829085763,4.24343990025424,3.95275552530616,4.36923846652896,4.05983581209465,4.41983696808857,3.8098213562,3.98825992820407,3.70912374115675,3.7787998029642,NA,4.11922166746326,3.5436381068758,3.74420871517346,NA,3.33895964824628,3.08390540287358,3.01689840055153,3.52394313923595,NA,3.22464048998232,3.32959644043993,3.53426105760669,3.2866193049205,3.85962645187543,3.30443251527139,NA,3.56066987076108,3.29392028133587,3.74175341648569,3.2080039047976,2.84661264191197,3.04299190480937,3.33394967010434,3.26179342659001,3.31987513342542,3.52898938198259,3.10756845421692,3.14461038064921,3.51578426571677,3.53929165429467,3.52597303963337,3.41241510660045,3.88674701726932,3.41629451225958,3.99525594677968,3.99822501230844,2.87291521110598,4.03418690511966,3.05251867850468,2.85534221368354,NA,3.89244296716571,3.31281619801533,3.63315272948115,3.62932949403716,5.33318409959689,5.19575144004832,4.15698946047995,3.87872615177207,5.2449015293054,5.7100212233856,5.77356951740071,NA,4.57137590322771,3.50403180665895,5.22612416424907,4.24770535139824,4.40061299258837,4.20192107152913,4.42446374893599,4.26823179648373,4.2045274721615,4.28105237205308,4.61798038508236,4.71763339742304,5.05870743302937,3.45207771358518,4.3717486560723,4.49889329241834,4.16476712096774,3.32556020242837,4.04633641434393,3.56121123009438,4.61278474538508,5.43325925100201,5.16586182155276,3.28577644268909,3.33051418000808,3.95392315344829,4.44018097286357,4.51612613311015,4.26354121970226,4.20962416886336,3.65905773394548,4.42497867146719,4.05237220005975,4.0317424840096,3.9865048937802,4.45414786849024,4.1820018745616,4.5064178490254,4.84776052972161,3.9230329639453,4.14342383005141,3.74843210550089,4.18091655395659,3.94928298824219,3.25080374242988,2.93767088933431,NA,2.60863616724886,3.17823380255466,3.51986732640508,3.14502450890452,2.97383998111251,2.90106469309544,NA,3.78026826768209,3.84886995282259,3.54196662042792,2.99202423642877,3.15776048201065,3.32222018260263,3.62228526917849,2.7659544204745,2.81967916675722,2.48513810464235,2.21395303795208,3.13987714835519,3.13010919779633,2.71954923975704,2.11103114732664,NA,2.26706270066119,NA,3.49424162063555,3.74527431361408,2.54126319068049,2.42999064658711,3.74416359882508,3.59471056516003,3.3726403145385,3.46111183521578,3.06593344673239,3.39962318063728,2.92160664103862,3.14477298462279,2.83053943628759,3.64744898379829,4.03712205928263,3.71033833076139,3.81309528398339,3.354014949498,4.33822696176806,4.45739190127298,3.99103613601358,4.22278570810925,4.35767299277265,3.81334072462415,3.2204636760814,4.13289832278439,NA,3.89944854429947,NA,6.50769257433043,5.50081631508965,6.707210608542,6.96506340928584,3.87977066528901,5.75709563505931,NA,3.63106994687499,4.59509687817249,3.99863124314118,3.88624391134228,NA,NA,NA,4.29881504168438,4.14870025776666,3.69638896086914,3.68728958342789,NA,3.34616580551396,4.38224028265813,3.47865214603448,3.92692290262382,3.91880034573825,3.98474007002068,4.01654838570623,3.91394240106115,4.83864912069274,5.50914211232753,3.89496656593234,4.08749392059218,3.88404671987991,NA,3.00954548433043,4.53871354123038,3.29619371798691,NA,2.62385883851259,2.30757401526499,2.4275182680562,2.29351892607886,2.45492277551912,NA,NA,2.14115758516174,2.43639871286911,2.07266985717215,1.93992132943777,2.12946400246722,3.51293005144669,2.65338443613371,2.32356689009733,3.12730822194805,2.66145899597669,2.25417682330428,2.6117718618036,2.57738570285654,2.92485810582575,3.32072364516086,3.22834750265106,2.45759518322194,2.8430651890887,2.80039733823305,3.03011008123647,2.89429427488417,3.2154194923442,3.9134614728838,3.36585212134967,3.37781538824751,3.41689463965752,3.03751951260838,3.39357833743657,3.32148891116162,3.86100523957171,3.65308288033156,3.36113276232931,4.87759589496494,4.52495058929465,3.7314064636851,3.78596127888197,3.85364131433154,NA,4.81995430681743,4.56436042824661,5.08532188362818,4.09323962068491,4.04527578691454,NA,4.53173101698397,3.93028331273499,3.8195506574343,4.99458297512529,4.96667916520325,4.81253230770615,3.29415123169784,NA,4.9173150161812,4.94021840768032,4.83667319918433,6.6204566596612,4.44966072126975,4.57947069313105,5.68736304008577,4.64728776271268,6.19402318611663,5.4698763188724,3.08672786683531,4.74278528670064,4.37650606724674,4.10209898380483,4.11446796704634,4.46628711713893,5.18373009354827,4.6819246662272,4.57367850433641,4.76156895200572,4.52973179763117,3.99012658336587,3.76694940242947,3.26321432723206,2.92971016142845,3.12080678846365,2.85435184781275,2.7835821943783,2.6245901962228,2.22697102378391,2.75327971306989,NA,2.22516771430905,1.91133471068782,5.36812707513273,2.06238732781084,1.93585651763242,2.03818888176671,2.42416129965175,1.40097184103964,NA,1.56960890294462,1.95307605071462,NA,1.5526918434537,1.94425680224043,1.558489857513,1.26238901812203,0,1.92042840418065,1.94025634400596,1.69397211148554,1.66362990229994,3.40171241657284,2.64451972469788,2.52884713498669,2.96046928939753,2.94723187406643,3.06706770856562,3.44705353292611,3.69499340648181,4.02505986326285,3.7672431308338,2.66051368974196,NA,1.90210859516761,3.25711926272564,3.62524937933161,4.82387817272583,5.5113692608129,4.10436580617753,4.72851416935313,5.0633075665046,NA,3.77187504578616,4.37783919281171,4.43926059269682,4.11013148104059,3.57864564343868,NA,4.86014104700466,4.53107302008766,NA,4.04707524093383,3.88096675585833,3.8732994204903,4.61453044652362,3.89164542494751,5.10107590421853,4.37935343146245,3.76670243090312,4.42718844030288,4.82022655608891,4.56152970961598,4.54862467785807,4.63952154528304,4.38424457155338,4.37039296999204,3.45647761640086,4.099987589833,3.79492987108689,3.85364365416844,4.69760046141961,4.95171615302705,5.14787779152025,4.86443787563075,4.18360179120003,4.39243767159094,3.66483237030006,4.62829389855607,4.01779729901864,3.21272925496769,3.61331196579713,3.22157037911474,3.2184176930972,3.52002338394431,2.86789163939347,2.50642075040837,2.09130712856327,2.4436458650311,3.04097222406055,2.26836738793999,NA,2.107888855312,2.08357096282413,2.03087131104496,2.17192242642578,2.76095586897782,2.62417399604899
NA,NA,3.95476654686225,NA,3.499589392562,3.88895739111206,3.45612523796056,4.37577157790351,4.61072396222234,3.82132584094753,4.81184585256086,4.98471492076121,3.28858277659458,3.73874965763406,NA,3.42567293523136,4.5490839927385,4.12985372025929,4.03601255727119,4.29725076459437,3.54331958241161,4.2144568571113,4.88198117508287,3.19513999808491,3.98047021104144,4.10343415945412,NA,4.08541165733909,3.71340868704082,4.09709132211393,3.09220854377688,3.24457420706084,3.34054488399664,3.46100189940807,3.48117290438523,NA,NA,3.29194944112007,3.32897151001205,3.4610856685543,3.62565869962305,3.38695511750094,3.61046411454866,3.9525499020588,4.22192416949294,4.05598109447025,5.46096168043821,4.37633766674275,NA,4.58745946424715,5.85962997630624,4.812289042369,4.72922504283097,6.62231667684898,8.34003593392232,8.8293572330349,6.25372943836623,7.38076501018269,6.27678829464815,6.31794433525197,7.00035997175805,6.9752528005209,6.23801840403241,5.51425560097905,5.92355528731687,5.47673577511265,6.36081435889396,4.72568576227146,5.42615783016924,4.15511804537247,4.38941061006853,4.10764336357079,3.28979674404894,3.80267783440559,3.39444424630868,3.51319807685081,3.62845158616329,3.97777305601803,3.69366608259874,3.47156128250846,NA,3.14515434668082,3.56636198313229,NA,3.57653548405057,3.64925848641738,3.42744174218153,2.98078054881386,3.54981934149822,3.16205756376784,3.54133010964211,3.25074266986514,NA,3.50332144679879,3.24102586740787,2.94739354365988,4.06197439483652,3.97670828560154,3.54502051173488,3.37526330107614,4.17144039028856,3.65024862965321,3.23654574605155,3.24019341383577,NA,NA,3.10143302675252,3.95042682815298,3.83621091461641,3.47766420750663,3.18955150177577,3.20534791461031,3.10184695599637,4.4809879192761,3.03777153335601,3.55816778009622,3.59548692658643,2.77816390037225,3.91037499603742,4.25256180722663,NA,3.78489661072884,4.03764303458591,3.86885807924446,4.10352296236891,3.29890383694446,4.06691983621921,3.78339223459504,3.86106569797303,NA,4.35540366204811,4.57427635235146,4.82261917080908,4.11475861356452,4.05196871684627,6.21285250014301,5.14149796200815,3.82013550643064,NA,NA,3.48436520420981,3.70557211834223,4.157540285012,NA,4.77929634673518,4.95331092506387,4.83103919459797,4.42727871434762,4.72761299148246,4.90597738984502,5.02946733895482,3.97239364226738,5.79081456842716,5.24406523294364,7.18554604606459,6.24686876352954,5.04276973605418,5.34834165851507,4.42184860006599,4.16408532168409,4.44401246474603,4.15043214963848,4.46839337847059,3.93531495319168,4.07690344877546,3.93274221582265,3.93098191580356,NA,4.19763198093994,3.82296018912541,3.83456775874637,NA,3.53124308535077,3.53121817562916,3.27994547603435,3.76973006523247,NA,3.39542375830334,3.45718361877005,3.84055021280621,3.57592512403929,4.03519289138509,3.56530337551478,NA,3.99385681146054,3.35424748989093,3.84283739176974,3.28878656704402,3.07574993301062,3.33397879910146,3.61861029172212,3.3138526211716,3.29467995645019,3.38917448500161,3.36131188810681,3.29274918453756,3.51129983085531,3.40995202551123,3.3620740629365,3.36609549034504,3.78304334872349,3.36755593101847,3.66060061559837,3.72689190005518,2.90389654708981,3.89710315751518,3.10241118938878,3.1405866450403,NA,3.95767509854067,3.38874249772431,3.69138600300164,3.79526456025297,5.44475109397795,5.33321731094307,4.37440483691889,4.15627203682926,5.44281637842833,5.89488733098794,5.98163088426388,NA,4.63017979893287,3.68363080075644,5.0102121332522,4.13077853390331,4.27874554372447,4.19970598777597,4.50720902716906,4.33679056086493,4.26663932909524,4.30239506974609,4.61614437722292,4.78594004917122,5.10582266565547,3.67673046977433,4.26198622795324,4.38584870984934,4.48232219284481,3.37127922224171,4.02051978932414,3.67727258479792,4.65539401997454,5.39061638764038,5.27147978522911,3.6011995956988,3.50829905365096,3.97549051333926,4.55416505540515,4.652069715938,4.42308694167533,4.37047486058653,3.76371484266035,4.51070844298953,4.23127810139542,4.09084832507121,4.03791398628035,4.39211673777851,4.13766260228244,4.41219721115778,4.81812678153108,4.16335660917632,4.3250078357844,3.87407053306457,4.29676598555403,4.27169225634246,3.72969479217493,3.45938655155144,NA,3.01729797671882,3.42263090154254,3.68997916110634,3.4240023051791,3.20815168217894,3.19826133852484,NA,3.7465141109458,3.74709338616957,3.59276498625398,3.19797310473632,3.14633947361576,3.39298698312915,3.64973882444299,2.88495158711391,2.97589698080713,2.87545292183021,2.81393725404879,3.33173691716272,2.77742870535765,2.6341068129817,2.27603896393953,NA,2.59118368885765,NA,3.49106011458023,3.64911918442518,2.9413186747138,3.00112295733786,3.84730091671027,3.38034587285373,3.20533492084203,3.27770239996514,3.17561190532534,3.48818855689196,3.04245507037604,3.29199371259844,3.0471976652154,3.67190316095856,4.12016825796389,3.70738284753604,4.03303046679919,3.6225770496084,4.41096175926124,4.461689436059,4.13552175950113,4.42914821943145,4.46842408735305,3.80954063391936,3.44478066471623,4.10049685838935,NA,4.13411859338371,NA,6.59476955400095,5.47775526013578,6.73211071983291,7.0913772348816,4.08557937675295,5.86479137557892,NA,3.94030912205419,4.83667872674434,4.04429143076014,4.00308607341448,NA,NA,NA,4.49300807133443,4.05606793875533,3.76128623747528,3.68530652536378,NA,3.52959331033015,4.600792650317,3.71070979128753,4.0140621058296,4.04558710495132,4.28589811712549,4.18986136941349,4.12946843231329,4.96881020754987,5.5121473988469,4.27583335366163,3.97442269406802,4.0715900373236,NA,3.12486043091157,4.52332393144385,3.3064555091599,NA,2.97239301026554,2.81749591082895,2.72155624389567,2.62739094906532,2.87162083554138,NA,NA,2.5449650206591,3.22694397184639,2.77840354140405,2.53056605571947,2.75185668571757,3.46794849601548,2.50836581068462,2.32626164114998,3.22234448247077,2.90475455848643,2.71469170785974,2.9648573524702,3.03491931476706,3.29626969862495,3.01141916135243,3.05445412541946,2.58910010742917,3.18557151860666,3.05443706609361,3.26552932299472,3.15204344752118,3.52563186672386,4.32533553686068,3.54576566088741,3.62995036237887,3.64461925360154,3.37826376187579,3.82047461831664,3.68114334207644,4.27133782032973,3.73928314735518,3.65032081736586,5.01107345362773,4.4947366904603,3.79982538797845,3.78552476975973,4.14461154622114,NA,5.02123963939807,4.64408657453737,5.20113306770421,4.1145634225277,3.81904557785226,NA,4.65892452276254,4.11429985155225,4.01688342286043,5.08658384287141,5.2282710821453,4.90736203967348,3.49989959592297,NA,4.96285917398786,5.08676000697654,4.99144679746256,6.70606016846763,4.49131578114509,4.79519604047469,5.83635489725574,4.85516432015386,6.34005258183932,5.73630332547545,3.46211994270152,5.0354312852222,4.71727129928369,4.35569615503263,4.32016175205739,4.63192572770264,5.41863444315809,4.96875941316827,4.92994182996242,5.02022282602556,4.62826744153912,4.2940782225542,4.05710789826518,3.49930719710691,3.18915918826152,3.37163345987216,3.11626610509108,3.01638207076331,2.96487552101226,2.74786619279104,3.06688130424423,NA,2.36399039487946,2.41475866910743,5.55957539920144,2.35893816169826,2.58934017589304,2.31134637067641,2.50559248171639,2.19855153846217,NA,2.05327544962746,2.12491544309338,NA,2.08867250970336,2.33243306552059,2.09729296283173,2.3987682845141,1.92042840418065,0,1.58773797338254,1.75388373100925,2.18698055902465,3.43240345319975,2.81692283940618,2.67531142650372,3.30450232284784,2.99693236397946,3.34248884661075,3.71041937001541,3.77662421312363,4.07505212827018,3.78657871967191,3.12817172197461,NA,2.58908844406383,3.89914382618969,3.88561494597536,5.13994720114581,5.94974114800938,4.5774163232442,5.30071170435834,5.5085232113115,NA,4.28723013299908,4.82985845817833,4.91244170801825,4.5339515090192,4.00600689052222,NA,5.27017730412324,4.95766811511015,NA,4.48599297725326,4.25631496607311,4.23754835863625,5.0259272636921,4.09246538058482,5.32094896111537,4.53097181481825,4.07971324972742,4.57343757848843,4.964850754543,4.77694459542977,4.77733485551324,4.84310574976036,4.61060370446387,4.59098368077453,3.50091387186281,4.52050243230153,3.77034859101477,3.84880147777994,4.93678906475817,5.22585041479018,5.32535364558157,5.12793932227976,4.42160481469716,4.73608622665238,3.95651023564022,4.78190751872969,4.30456158032721,3.53096216622684,3.97524749207326,3.49034343087143,3.42330839920157,3.68495719370409,3.09343017669108,2.96570418458597,2.78589862339972,3.00753418794551,3.1876201310726,2.70418155103443,NA,2.59863960263484,2.55924510128339,2.46857584454248,2.59931367194199,3.12991703654484,3.07535944079548
NA,NA,4.05228740980618,NA,3.71289848251341,3.91852578365045,3.54474824789198,4.2978906802631,4.42396515982807,3.87880232938181,4.74108547732674,4.95953800794603,3.53470595346449,3.87772261376228,NA,3.6468797890665,4.35214607491742,4.04299614283544,4.06914090346041,4.25138289375374,3.51710183223014,4.21492723352186,4.75227909545147,3.13075149784065,3.78902032094694,4.00060630962582,NA,3.99474031812873,3.53920280874142,3.87468463181463,3.00219940503075,3.07717516404388,3.23413979145489,3.27954126599141,3.36847111891093,NA,NA,3.14616338466781,3.20993189191265,3.35537970793288,3.54224493922964,3.39484368937157,3.59893829033436,4.13545646212707,4.23814860620991,4.26343205394754,5.6684795235458,4.62037830659075,NA,4.82690947309499,6.0645748326106,4.94991902568502,4.8817098800638,6.75372478677353,8.43709967092367,8.89466856861109,6.30813322631461,7.43938767980044,6.33902642713881,6.37731387737615,7.02635188341657,7.03868665455342,6.29829041722353,5.58864820492246,5.98981632154115,5.58375716246356,6.45433008079995,4.89954832155435,5.55378223812897,4.3688231264295,4.64364988190429,4.49672675394038,3.43362240995303,3.98494821101125,3.48633522847574,3.62032855533268,3.69557872509758,4.07352071000421,3.76424408396575,3.56509163647552,NA,3.21848617168334,3.72045609175954,NA,3.74286032122904,3.81472027468193,3.65940420461865,2.97065100881523,3.67022166370261,3.25509081449046,3.70606794741697,3.39110590411804,NA,3.58654692807499,3.37881659447761,2.93113453756797,4.31506283247667,4.25286425257881,3.78561960722263,3.55346662049682,4.31388788291511,3.83762228824053,3.20932770882892,3.27835850864588,NA,NA,3.3586160683122,3.79506446851537,3.87247370979984,3.37563594807182,3.07855147707736,3.18798119306593,3.24611883820049,4.32636261269121,2.99746479297175,3.3744515202152,3.51924291576012,2.71782719998662,3.70569792947436,4.11751489541294,NA,3.89877802471492,4.02370096620951,3.95269486490807,4.311126490631,3.2986140751641,4.01342616713191,3.69241046189889,3.79459719997409,NA,4.23911240555095,4.40419183185794,4.83276349038377,4.19399348351054,4.06647690658548,6.17607460723132,5.14261143394486,3.97884959479429,NA,NA,3.58007833913963,3.71413235859065,4.23691356204027,NA,4.80785638013578,5.04780728937289,4.92464555213406,4.49120736572059,4.79543169959866,4.91923695640413,5.15160280856832,3.95072699207488,5.67903757029946,5.31742524172211,7.25188829445822,6.2972796531727,5.13388432478463,5.50280252482186,4.56386601394142,4.30047020519129,4.7022676404595,4.36542367431578,4.65132133175447,4.07953247626558,4.20967871249319,4.12577530750305,4.16897207003351,NA,4.43615340089427,3.96704304494287,4.07242735261547,NA,3.80816048763454,3.73635760140911,3.54662470087386,4.11103918736718,NA,3.66486839160701,3.6697548006008,4.0179022078131,3.75142162779004,4.26273182391345,3.78040395183596,NA,4.19950730929615,3.66946498339575,4.082191876841,3.48744410956648,3.28813459834295,3.57979892884744,3.88575381501312,3.58594825509928,3.56377890758821,3.6400181730046,3.6277335636464,3.60160904195767,3.96055714964797,3.9380943973152,3.84684723857648,3.71546870557215,4.14765734460743,3.61790174762106,4.06184918912727,4.00902863611762,3.17856037252687,4.15304580986743,3.36422587758034,3.35575400571288,NA,4.05225989539438,3.52453874398085,3.76849201972562,3.82688338877673,5.43371012042112,5.32710799689852,4.43803198199632,4.18473497221629,5.4494974941278,5.86977803635117,5.90970760266356,NA,4.74557450849193,3.7655394098005,5.24468138333077,4.3922053452771,4.57885375264269,4.38646650876327,4.63473188372867,4.4037484107289,4.41907144532377,4.4479390708769,4.77051932840151,4.8785611702194,5.19318136327193,3.84565582129287,4.51564097926346,4.56312077438375,4.60108079166294,3.68555416100431,4.25253939684745,3.8512696200879,4.88431376252744,5.58712973675328,5.43080695829377,3.72266922641985,3.79696057224291,4.28730291925732,4.74363811793381,4.81796633653936,4.61686683851931,4.55285062775588,4.02889093475208,4.74229683346918,4.39935474901685,4.30366067786623,4.32532792607611,4.76898634606813,4.41825808727986,4.68107605514031,5.10821311891478,4.37893697760339,4.55455121627521,4.18074590965897,4.52021267773176,4.45159084970523,3.89252312770346,3.61307709010837,NA,3.21566524239162,3.77354818264165,4.05067591148229,3.74936066443774,3.56927996800659,3.55806835360048,NA,4.32549226627417,4.29482383658974,4.02448444995947,3.57266117457809,3.59682207838596,3.70746850860436,4.1027554179666,3.19724015772528,3.1828252485599,3.015150589807,2.91384214777314,3.63532954496095,2.94761217848078,2.56138768669449,2.4365876116083,NA,2.63032232016315,NA,3.57052204569233,3.83010556641542,2.98765345865239,2.9584300297947,3.91526140103675,3.37229044295763,3.2213882042596,3.37088768134711,3.1791421439217,3.50946606461973,3.01187847649438,3.36450049982605,3.02156973369265,3.66387808009756,4.14602453496063,3.79710422894869,4.08500274963082,3.70162803511763,4.50247754098088,4.58400038458888,4.127428518381,4.3402264283433,4.49645012446504,3.95526387995444,3.42422713845362,4.25827207420417,NA,4.13721395336165,NA,6.6152206529707,5.535235560606,6.85147914332418,7.1096969216528,4.14770469784716,5.9175580766651,NA,3.7108822950423,4.61266383382604,4.09808678464817,4.06575853034834,NA,NA,NA,4.51292878099698,4.2416436177715,3.86844024494718,3.72900717814161,NA,3.52611679073027,4.53925094754004,3.69337431114701,4.18531095236656,4.17905608829692,4.31995744134225,4.28116659544735,4.18345053602711,5.01455038839277,5.6417784027246,4.20445886940257,4.07319936280881,4.04302919048728,NA,3.28411965001737,4.51085267599023,3.49574636696922,NA,3.2351962965369,3.00603532739944,3.07341791348406,2.98265622946984,3.27694255301608,NA,NA,2.88696403472065,3.38017300894284,3.1079796035756,2.95633769208852,3.05759781653105,3.87823993445077,3.13948126516803,2.62021002094792,3.535703214124,3.166443304817,2.92753902875092,3.25363659905211,3.20389979036549,3.41530922543459,3.72480504623423,3.38182899029055,2.64262919066455,3.1099276825671,2.99928293515962,3.285097867749,3.15765739858361,3.45814044248708,4.15766605524459,3.58267716729063,3.56715257933747,3.61030318766835,3.29588553423547,3.73946228958501,3.62271677180059,4.15047402037238,3.78416140784602,3.66465215277225,4.79638662656298,4.50836415476371,3.77260660083428,3.73047424491346,4.0642013840648,NA,4.98162605990784,4.67533971519913,5.25203499142736,4.22285929882908,3.92714486659774,NA,4.67808373994523,4.15786733931454,4.03034409712748,5.07776793459727,5.18591389724188,4.91280092751058,3.46468255627845,NA,5.0589986785895,5.13410118608149,5.045714557996,6.70639518152802,4.45538058316149,4.812802237613,5.89094021754238,4.85176968363998,6.3779402568736,5.73429988072209,3.34646200979301,5.06429776264598,4.72119719865649,4.45589817529007,4.36895063852484,4.69626520037492,5.41531489773161,4.98050785449233,4.89884627173371,4.92313545976122,4.5643947771612,4.30316739175952,4.06615463467646,3.57665941569369,3.28301008057761,3.44899202172955,3.16497191596515,3.1176232263554,2.95529551796915,2.81299962091211,3.22228386427241,NA,2.4899951185762,2.42105827963799,5.48316873759447,2.45383020193738,2.53921349189775,2.42096230902897,2.5137566055366,2.24188469562401,NA,2.0989229369306,1.87059091187774,NA,2.04845919642622,2.16659487809408,1.96990808105708,2.28073213790301,1.94025634400596,1.58773797338254,0,1.22943893517509,1.8907506104559,3.20372865069436,2.66438907887292,2.54678186110653,2.97104705761572,2.4377062419395,3.15385517475098,3.57426751497115,3.49751256304999,3.70324803120377,3.52981358027502,2.99306292183851,NA,2.6083125830684,3.71470524251818,3.7823075665575,4.94485433566586,5.75345155374543,4.42461476407725,5.05958297145869,5.32584388405093,NA,4.04468223275474,4.58822150308315,4.72257977702062,4.36775608363875,3.85222723481398,NA,5.01730993381361,4.69262551252497,NA,4.29143138824063,4.09310810723951,4.07220259603455,4.77685903174192,3.80181118285833,5.22636548694471,4.50222596345066,3.99116177612669,4.51024133112637,4.91214261020112,4.74806979357393,4.75836364628187,4.8160413921658,4.57246301406231,4.52638759780899,3.64876285403434,4.28330170281533,3.79493198537982,4.05788984740886,4.89374982314537,5.10396757243298,5.33291409639372,5.10499512783335,4.41629460411525,4.72262134937584,3.94510357794394,4.85378519842274,4.32364387830828,3.53927869549274,3.88479188978827,3.48371135634914,3.44387773469147,3.70827727617534,3.15054344616475,3.00785247181631,2.72496414181373,3.11821821139226,3.40167673275684,2.8750491424699,NA,2.70459614826989,2.66207277103192,2.67524515771831,2.77571674890019,3.1729656676771,3.12999822709462
NA,NA,3.53858638082413,NA,3.30759061645903,3.41687722036901,2.99999581659191,3.85902558271774,4.12728936073371,3.47090493829529,4.31331456997799,4.55855728614279,3.15400057597402,3.56356148545539,NA,3.4129779806454,3.91618204538868,3.59913423879819,3.74479029716798,3.88158374170355,3.23590970113603,3.8949026136193,4.39951066891022,2.77580665766679,3.42574657965236,3.65342469709725,NA,3.72825809730566,3.29765693567687,3.60290885023456,2.63316537285693,2.77486866633376,2.97879111119198,2.9764284193176,3.06015424323702,NA,NA,2.80590052104542,3.10341554781892,3.17052492552938,3.23035307485395,3.0773157352975,3.30012975006416,3.90239764651469,3.92727090110832,3.98497760916028,5.44162665996515,4.39506720401721,NA,4.63017085885499,5.86136180567091,4.70042157432164,4.68831497978898,6.51594085582628,8.20007139729702,8.69883817045883,6.05880901990166,7.20656685417308,6.06146935395827,6.13325067328672,6.74534475283844,6.75881041638887,6.00172784751824,5.30915172032633,5.75228449787999,5.31287072639996,6.29038271806244,4.70347930533741,5.31631941490028,4.12714476801385,4.42507618094712,4.27594766456235,3.14823323133501,3.72184971751504,3.18559086305679,3.32097112210798,3.40465580984503,3.84494724305488,3.50147109233445,3.30652614816626,NA,2.88422652946397,3.44036455086949,NA,3.46472201974449,3.55267239364387,3.36356636448713,2.62096281071815,3.26459143166617,2.85129000509875,3.27998012046588,3.03939499053975,NA,3.1754434085202,2.94391573986908,2.57891291941665,3.88867805471062,3.82255068331784,3.32142734755638,3.12366431868434,3.8389400400571,3.3929710317086,2.90766954393656,2.75355905894939,NA,NA,2.92236951511793,3.40737670170247,3.3075287528842,2.9543620075025,2.7165389323231,2.94759536475285,2.96389665852542,3.82414309774622,2.64973198535578,3.03424537206098,3.15396033702815,2.37692245545191,3.29900053339977,3.81497278772705,NA,3.65807357588129,3.76685097817806,3.72637955465636,4.13267695932147,3.07643665195313,3.81443044140117,3.41543654880697,3.54561214239001,NA,3.86864680908989,4.0637984679995,4.58568170779843,4.02991421480416,3.81509889298637,5.83209222722851,4.78372383672051,3.78625266598129,NA,NA,3.37585592958375,3.51433825484614,4.0664650582089,NA,4.52414723809263,4.81316991784908,4.68033050186871,4.25085911994269,4.48049283666944,4.69026864858065,4.92483464121144,3.64480284309776,5.28921054232582,5.04658331474548,7.02881018861663,6.07536591051305,4.87357718372686,5.31936001260952,4.36007451341331,4.05995863192446,4.51010587539694,4.15407000790692,4.44948483082725,3.89967009904888,4.00855517026879,3.88116946571482,3.92374002652321,NA,4.17958914123712,3.69547315617181,3.81548290275278,NA,3.57262031499915,3.51326490603176,3.27922246969092,3.84881779275055,NA,3.39511022919756,3.45247972144147,3.81777788712624,3.54881344213073,4.06429003864776,3.49696916257402,NA,3.87975812196798,3.3752077841507,3.83459557561502,3.23559709468273,2.943647413105,3.21009108378122,3.50374686718056,3.30170117275068,3.28556135367293,3.47843393694584,3.2720915098044,3.27058809492285,3.6995461029933,3.67557243527981,3.63765463119008,3.48824518021041,3.88444494812569,3.33163636501029,3.84594104588712,3.78474368952284,2.89459919926793,3.88638068825475,3.12471691259985,3.12237761789654,NA,3.67333650168776,3.13676887478857,3.43087676236947,3.53746088867332,5.11032518150204,5.03938642839548,4.14459758685031,3.86531126731863,5.12249563077945,5.53101567043189,5.60424524011155,NA,4.4604334315998,3.46742607039504,4.93215397836904,4.07166922442974,4.2557098330375,4.0628052475425,4.30225608720648,4.17897219683454,4.15728051439876,4.23212595412977,4.54958160303519,4.63622041939468,4.99266174781819,3.66903950955092,4.39512998104744,4.43046735992962,4.35038792438095,3.44422467150836,4.03767627889039,3.75483302073607,4.69859604118982,5.42813981879592,5.18097522963713,3.5836387269381,3.601985408037,4.10462985923374,4.47702891438462,4.55639703791212,4.35194250123541,4.31647433039307,3.79564006755664,4.4949335237606,4.13351098739787,4.07786834516352,4.14069614890147,4.58077340605676,4.20129305578324,4.4859254887925,4.94061628919279,4.21914013797005,4.36849758640265,3.91679507103145,4.29812803244017,4.18817063014941,3.67936695485755,3.30081229394251,NA,2.896654932179,3.47943224160808,3.83102772802086,3.4300729838251,3.27449929742533,3.2173464273445,NA,4.16399825951401,4.13973663135896,3.79513616740491,3.36896308487616,3.42977163490503,3.54099862457526,3.93536286472774,2.93180685360982,2.94177440668642,2.71085290061027,2.63910613455386,3.47710816482158,2.8960708072297,2.36281193942282,2.24462798884958,NA,2.3427069958814,NA,3.37736556564454,3.6521368695374,2.6747764563063,2.52560911991861,3.56777608704093,3.14029579988962,3.03765244120057,3.12063855913321,2.90853267224761,3.21158924783781,2.76213254197438,3.19819590363412,2.77785233837641,3.40116927038283,3.82269741965049,3.56522386029634,3.85409560446924,3.46496690762285,4.26937603432527,4.28675303046371,3.81071714574129,3.99699007965825,4.19220071800135,3.69465139287162,3.07460578755926,4.01244621710605,NA,3.80059627987713,NA,6.3564799680561,5.31187936672281,6.63250357207765,6.87762266066814,3.909953336146,5.66690616305247,NA,3.24976736995244,4.17772466808334,3.68248521260713,3.77928135158627,NA,NA,NA,4.22154434354272,3.95242112452067,3.6614667151636,3.53040207890584,NA,3.32381249608777,4.31570248821931,3.49405001596141,3.94367080374244,3.92167572251127,3.99095756394117,4.00683478639846,3.82460555457773,4.70807584583428,5.36492523528111,3.94097607610998,3.81738525194112,3.82563539371568,NA,3.10530988429524,4.2074794580986,3.35220291197037,NA,2.96971361409004,2.78723388605607,2.86491251023674,2.84877812208216,3.09056208023945,NA,NA,2.63651005195972,3.14882407770718,2.8478748004005,2.73650448035457,2.68570601654451,3.62932413020374,2.86335884689031,2.25350520112649,3.25377323455221,2.77911190791656,2.56368318158701,2.92356169915864,2.74489953254818,3.0584106126678,3.53807712519969,3.18772608157091,2.33029651694573,2.81546643697635,2.66168655016938,2.90643555314278,2.75806330556476,3.0149575515366,3.61049297640572,3.04641019007607,3.06544168976143,3.22077738796925,2.86580345366556,3.33753174257849,3.21631340889563,3.76251947506852,3.46830420431499,3.28131699507841,4.50050590008867,4.24723505266546,3.47078303702676,3.44576235571878,3.65711610619235,NA,4.67822730915818,4.42212166079434,4.9999743673118,3.92204311212503,3.77414269585042,NA,4.42482596052262,3.86497442511233,3.75972692300353,4.85743106114754,4.89159292092003,4.68582547117093,3.23045456188458,NA,4.76776316636684,4.84716517742702,4.74037261454196,6.44780316596966,4.22895242556009,4.50123469156075,5.64222599799402,4.57308217664295,6.12878133811922,5.39476059849012,2.96375349609119,4.71519763710505,4.35886820578808,4.13573523928777,4.04121717992904,4.46937014121857,5.13648150232246,4.67637515724124,4.55752019967819,4.6130681623957,4.2969972816368,4.00250840251591,3.74878623510115,3.29580772311983,2.94961573397879,3.180440506325,2.81281442771001,2.8016304497793,2.65619732734867,2.40964557363229,2.82156990576835,NA,2.08885207580694,1.97641463079998,5.14258139951237,2.11058687947723,2.07397738140621,1.97756695970289,2.10891112491873,1.85009856595021,NA,1.69527598570561,2.05103202785757,NA,1.97744813106923,2.2878899268668,2.05072649808571,1.91728978550758,1.69397211148554,1.75388373100925,1.22943893517509,0,1.14087925230973,2.58669925792157,2.03912651411425,1.98706644313844,2.4676799409175,2.42039252295792,2.68692765764678,3.10611388951538,3.20488849374166,3.51426180587791,3.19947859760198,2.44385415187966,NA,2.30341061391778,3.15812249635002,3.28595190739249,4.55170343335088,5.35454702116883,4.01449563932561,4.64344534433724,4.96353424011119,NA,3.63389062278294,4.17509442753319,4.39416181672047,4.08021885404906,3.5277498208537,NA,4.62129333671489,4.27777633373488,NA,3.94314580931041,3.73761508842953,3.64264515052356,4.36293509594611,3.49523293532042,4.90635717869355,4.21604188997914,3.59321828907418,4.1644327640157,4.59531364252195,4.3945716986396,4.44280087183919,4.49347760697613,4.24218936501781,4.18449531073647,3.43353017824847,3.87942993102053,3.56981610372214,3.78157623088941,4.55391344331275,4.77952668336724,5.02457477556843,4.80607348884911,4.13015582463499,4.4246288269531,3.66639777027819,4.57937161281606,4.05344198977123,3.24798759520725,3.52122455355729,3.18940317931415,3.19823911116224,3.46263818878931,2.89022943290005,2.66260236591745,2.33643509534713,2.85295047492685,3.10089708932979,2.66636599103246,NA,2.50895011123817,2.48403546337711,2.48091350669518,2.57576579713885,2.92779016830988,2.80559155889894
NA,NA,3.41752521292259,NA,3.23341888123794,3.30773126458194,2.87200802236556,3.71273828766594,4.04956727549098,3.37765372564618,4.20701833223753,4.49041238148651,2.99943989830625,3.66408682513114,NA,3.3575053678956,3.70329167780818,3.39776683035515,3.59875377257498,3.62979809337166,3.01430283391552,3.61007639401979,4.01087925518861,2.34339196643328,2.98650109532187,3.32433949808053,NA,3.36011730030181,2.94514838682698,3.22727037126737,2.41048316012526,2.51438021609607,2.70492924718213,2.6896684778017,2.75064262060829,NA,NA,2.50591171555386,2.99080712250292,3.08479770517292,2.99470126503468,2.81937589012499,2.99389705650394,3.72008618962962,3.76229400686144,3.83139681838191,5.28901043576523,4.2578560075336,NA,4.49535161610797,5.74257148950376,4.56079811854782,4.5596280607403,6.37293238737555,8.07156442817888,8.55907604797132,5.89913291536923,7.07391981422128,5.88166719450112,5.99419729107886,6.58708937926924,6.61652630150191,5.86025506775645,5.13037175542976,5.60022944882501,5.1660061361722,6.18613268608288,4.57540048047294,5.16730489756836,3.95992570223969,4.28998791436628,4.19520897275064,3.0307297964341,3.64667137278611,3.03552087298806,3.20714468418461,3.2742408598454,3.74492954033608,3.37321150328287,3.14070024302684,NA,2.72217112853612,3.29023220277259,NA,3.36987101559963,3.35955767150961,3.26186720745343,2.44388819109119,3.17267985309398,2.75504385308507,3.25201892814425,2.909584403913,NA,2.96245840203544,2.81663237353176,2.38250837348205,3.80949883606563,3.72312993072135,3.20768346695057,3.00813742223205,3.65079868339215,3.27125701589202,2.74125325632318,2.6517879586426,NA,NA,2.87946081869617,3.4915181883797,3.34283672320845,3.07681707325025,2.46180475918456,2.87796741859557,2.81459744278363,3.50348654034375,2.48075788765466,2.80100902717785,2.93058374343586,2.20999578078156,2.94857909599121,3.5268191049265,NA,3.51883512210829,3.61594716046949,3.6553834701905,4.09250713512896,2.90254196067689,3.65522799311705,3.20468352756065,3.27867791035222,NA,3.56757029732478,3.79194025103201,4.33889408350939,3.79788850692072,3.57573966242388,5.64123719797772,4.55717049990828,3.58508130034581,NA,NA,3.22071825343949,3.39260442936524,3.89675241591754,NA,4.2830669099143,4.63864266903288,4.48806114818338,4.04843293724651,4.23778943689297,4.49853630270685,4.78641413525655,3.40673941293597,4.96224279592368,4.87574042292734,6.90074723108609,5.93109587147825,4.6691671888337,5.18940781775931,4.21480657626675,3.89966242838212,4.36697879854009,4.03974361491379,4.30209266220093,3.75383680711163,3.80774343225027,3.74961135386988,3.79564920221694,NA,4.03856431636934,3.55961606373824,3.72102278820769,NA,3.51000437093688,3.45460813891363,3.12273629429119,3.82599338003208,NA,3.32730878908073,3.29962027564549,3.6208063156358,3.44288742582772,3.95983633475166,3.38694792613934,NA,3.80362828229353,3.44542643052552,3.72444654712601,3.14061598514558,2.86718760974719,3.15846840474834,3.40776832515918,3.24619835098685,3.24143946454011,3.52415122245565,3.19813103466356,3.22353248305589,3.69936908066717,3.70615299146731,3.72305992538617,3.49140349723511,3.91109708324742,3.30595938970523,3.85270296975734,3.85520944768553,2.85187390957381,3.8265176170913,3.04163645036258,2.98611765110816,NA,3.61000147461801,2.96770343468595,3.29968011083567,3.407935363261,4.92748889235019,4.85184120941069,3.87630347634941,3.58830684026383,4.91981668490478,5.32597380421264,5.43180797617637,NA,4.33949930935236,3.33339149322643,4.84085106675641,3.90434783255254,4.09278626972502,3.94203579953738,4.09359224274263,3.99311873608269,4.01110358372941,4.06522558486843,4.38295053987306,4.48626673245988,4.84109236783705,3.53880417107435,4.31394718400249,4.29856307387404,4.22798531896148,3.31853974780544,3.93252613008783,3.62578291824522,4.53848548913112,5.26237387346616,5.0164865311328,3.42598185377271,3.5328486279248,4.01060247463516,4.3259014724216,4.39949726045695,4.19393888036924,4.14945408850441,3.67576351435205,4.37475647871183,4.03377740959364,3.9432276929044,4.00619347135705,4.46144113738182,4.14384039411846,4.4333983570319,4.85262985269584,4.09179873835623,4.29945744553749,3.78271978940449,4.17394018990411,4.09566475800378,3.59475106012677,3.19876117903293,NA,2.84676299209,3.38485625709791,3.71346839000352,3.40949647372837,3.20734377556691,3.21247290718459,NA,4.17230299778954,4.16531443059953,3.79888638097349,3.38270230377097,3.49441849398372,3.58668720554511,3.88431976455287,2.89514770465103,2.95459802516878,2.70834246014116,2.7145207669616,3.50076777710817,3.21382512568286,2.55611151116762,2.25157341774789,NA,2.18864976785599,NA,3.23552702534167,3.54545477175328,2.3973573088694,2.26764739497461,3.46478603273223,3.2189715791862,3.08134992978367,3.11230312758132,2.70506494133983,2.97304564157058,2.59933400160233,3.11433030830245,2.64815710442859,3.28441747292498,3.57872921130678,3.47551910975589,3.68691896740544,3.23194790418525,4.1330019850242,4.1905973386628,3.56079609388922,3.77129795403112,4.00134407387239,3.56846743338702,2.85443909785535,3.89019983766479,NA,3.58567522142714,NA,6.17182922226255,5.12493506335385,6.4997466978406,6.68673721510947,3.61161691544416,5.41748521565236,NA,3.11557199877777,4.1721961652452,3.52491549212073,3.56695234946213,NA,NA,NA,3.96620999362092,3.7340081615941,3.52993438458883,3.44652212667991,NA,3.18300402075812,4.12137577388169,3.2971291485475,3.73539662101019,3.72207161418657,3.80086516696987,3.83722184266731,3.60557305954728,4.5560227960629,5.24161789549493,3.78336571858794,3.65472892255858,3.63557437567256,NA,2.98285371032463,4.04975032938188,3.27918555204939,NA,2.87120343860162,2.69252966967331,2.80476471926204,2.83437964035518,3.07842008667281,NA,NA,2.69711535631052,3.15324131936441,2.94685233003863,2.74522610655513,2.70490537791716,3.58605223133767,2.86444249729684,2.25995448165664,3.22069872289446,2.70348462160073,2.49369230003121,2.84358785066595,2.67466369200089,2.97359798758226,3.57218876716264,3.09627430206611,2.39375962603124,2.58432027035872,2.48005324456859,2.59902058111184,2.44435245591729,2.76748962940429,3.30802720740587,2.84090527009456,2.9369464378851,3.01986415324031,2.6515243359619,3.11632222173824,2.99280489073886,3.47317695542618,3.32858085346098,3.04054142204585,4.36856655010654,4.06260205588755,3.24236470470911,3.20232940148645,3.33182446811449,NA,4.40762151835332,4.25515115905394,4.85210012004072,3.72159829072422,3.66900347794964,NA,4.21368629933267,3.63150127795152,3.48314255612478,4.63513513987192,4.66427294507948,4.45712973047374,2.97409883501906,NA,4.57199470150772,4.6473245413461,4.5142213861811,6.30835902120489,4.03359124777721,4.25671375349574,5.46095598485737,4.33609954109745,5.94865410148932,5.22777185805213,2.73173610770214,4.47834913599172,4.10793406187828,3.93128533479736,3.86781666039306,4.28068800688051,4.97436739813803,4.47097347346049,4.33171627300811,4.50072567105969,4.29597216546808,3.79361144134518,3.53293824925173,3.08582546667318,2.81340022387148,3.00586068471801,2.74285463299669,2.65507773272731,2.47714226647889,2.27130201036679,2.6878258419118,NA,2.05788477092069,1.87026439481523,5.06798322611482,2.02846352364457,1.83431914154497,1.89955910571841,2.0046624733654,1.66185208324012,NA,1.73412855000143,2.25677384733517,NA,2.01238903240337,2.40916197942358,2.14741184986926,1.84071512128513,1.66362990229994,2.18698055902465,1.8907506104559,1.14087925230973,0,2.35639286819332,1.81516509423781,1.84831031076833,2.38858648622383,2.42580248482618,2.53529567586836,2.95461796982869,3.12775823274647,3.46768903031314,3.14587237444928,2.11806085573052,NA,2.20245742639977,2.84720499412333,2.99868418864731,4.27544589851167,5.04488446483596,3.66701030166453,4.34744788081313,4.72614266485961,NA,3.22524110709599,3.6941080680072,4.04941903752002,3.73018798288698,3.11391267973541,NA,4.21051814816356,3.8523744811089,NA,3.61846265333501,3.38933104951752,3.27491565583219,4.08709032013736,3.33456824018881,4.64472497789094,3.97246654911151,3.3043293675102,3.9498696945297,4.3977456575172,4.17103062580319,4.23254567869185,4.31519301289384,4.00759031042794,3.87867381276533,3.18579808587501,3.54193087558271,3.37233425904299,3.60876048294559,4.33935345709002,4.57448038239461,4.79196448683082,4.51555348151225,3.81411445826356,4.18961439466024,3.3932078729695,4.40786892341128,3.83140471347806,2.98783135084215,3.29231571224876,2.95640822487818,2.98165531254405,3.27958188553603,2.72713512787639,2.52025643305789,2.13293561143257,2.67616355189889,2.95179262855421,2.53673149090338,NA,2.35451967866591,2.3530088280459,2.3345115745828,2.45674755044321,2.58084787956262,2.50340920981149
NA,NA,4.35288529744808,NA,4.14722619151579,4.33167846632553,3.90819625338974,4.6854721140455,4.86058397842581,4.0960002355356,4.79225753301928,5.0987871488893,3.84140817713303,4.49496325577359,NA,4.16115692606348,4.40855914268017,4.27047530888073,4.24458935374241,3.96007407986924,3.67894127326339,4.01487664162155,4.55500499776589,3.53435086954468,3.86247261331802,4.01837803827242,NA,4.12704403343384,3.99537107813479,3.96146906334782,3.42847579350711,3.81520591265939,3.98617627777353,3.84619034344189,3.77541194065349,NA,NA,3.55002417893011,3.72339301691392,3.75388897139774,3.79935179349787,3.72137501038077,3.88323055633506,4.39909981091875,4.26148408913381,4.37698699953901,5.7812222113934,4.79787170414628,NA,5.12947937581194,6.17769184595965,5.03581498674378,5.18581373752139,6.82325815403877,8.43163874233334,8.93907787598617,6.33918285659474,7.49941458539759,6.34081393430998,6.48167325975044,7.03121163634887,7.10877755846892,6.40258871012342,5.71962307548264,6.15992875305775,5.75144063055328,6.80929379202735,5.36264166144688,5.82551150034712,4.82407314710084,5.04236079284772,5.00358516916576,3.91998097596537,4.43947973285835,3.96129161179389,4.09835673018942,4.11823425104425,4.61065234994782,4.34440745818778,4.0720893933329,NA,3.72002875751731,4.19716572485676,NA,4.28370120903321,4.31941133156827,4.2278395429186,3.44759560781073,4.17600498197826,3.80296245693506,4.32211360486407,4.04682461515433,NA,4.09167144372257,3.88063215650652,3.38613098548069,4.76010882418823,4.61237985403874,4.19777603519284,4.17897600112557,4.53401049729436,4.02923903977912,3.57285746457982,3.55279931230772,NA,NA,4.04718147252107,4.11151736682228,3.91133355843424,3.68067236955225,3.30115724353384,3.83943636022364,3.87600169834189,4.1798768611335,3.20754619427759,3.67118560379275,3.76433891931556,3.15932717341754,3.62230258789717,4.04409520457299,NA,4.29946545318407,4.24613816062881,4.37479417520192,4.91495501108963,3.81626548568696,4.31833226550968,3.87220594697981,4.12567480632179,NA,4.02686506802526,4.31728681671531,4.86253886286934,4.40611279539532,4.13544783470672,5.95724491823167,4.89971451303865,4.36572121871905,NA,NA,4.23584837826943,4.29648490481315,4.84140937640525,NA,5.00877347071297,5.32159395847511,5.24384073300302,4.85660083260769,5.01705954812875,5.22423468112646,5.38470359573939,4.2580540766234,5.20328123275043,5.46852986944812,7.33951533259935,6.47365393639016,5.32618972100037,5.86389723728241,5.06117688334983,4.76265160235479,5.22940969505842,4.90240858834714,5.07121504242799,4.69491347076337,4.63753506407182,4.69725713356213,4.71827659531334,NA,4.75261939423472,4.3602828458026,4.42767933966988,NA,4.51114346408409,4.55535776517628,4.13703463246298,4.78195135505045,NA,4.30236233773084,4.2630932062115,4.799356358622,4.59617309127829,4.97188306043487,4.42789377505057,NA,4.94769128779464,4.32104134567018,4.54025571406606,4.18060190839583,3.92988910358642,4.22560296867032,4.37361309695159,4.14746519608709,4.1258310969828,4.34893939997282,4.18424705795901,4.11053201062977,4.75179243889789,4.63966046368716,4.67307005637068,4.45205998139017,4.76436628932505,3.97281575887818,4.60550935115339,4.57689743168896,3.82810418563935,4.58858229695973,4.09633649573887,4.1486909383337,NA,4.27593727941364,3.53496473603757,3.76090089425514,4.02802737113467,5.15374645778661,5.1571140902734,4.46129688022506,4.22071259085372,5.3163153150053,5.75999343515393,5.90362003512573,NA,5.00733427252155,4.13636904243243,5.27498100815067,4.53271252155786,4.72403305846788,4.60728565495414,4.66733511907855,4.73888041561543,4.77656807577281,4.81883899854121,5.01528542675945,5.14435665881864,5.43574358700507,4.54631786683189,5.12610176235288,5.04587517959607,5.23672696194711,4.23189162686758,4.73769602404256,4.59150008500899,5.39811770207767,5.85594370532652,5.62887251760729,4.44589622303692,4.52846823207208,4.89358778363995,5.05071189633698,5.12036495056759,4.97797180454819,4.93942569167855,4.56239773400639,5.12720185016611,4.82679189087131,4.733925673737,4.86243169945711,5.28249207264545,4.873484698696,5.21418455890172,5.62475030640469,5.09202435152376,5.17693785957516,4.59966042588298,5.0623574899631,5.00712805547312,4.62891697193973,4.22401941402407,NA,3.96982466053909,4.43165935712221,4.71683637875065,4.52022060664117,4.36022281021476,4.31738932450998,NA,5.25556168410029,5.16235620313786,4.87076295034128,4.61800474910221,4.71551784745055,4.76710378503242,4.85730517658716,4.1245450972299,4.15239926229661,4.03508215347354,4.06274588521269,4.6932899356053,4.31338552436829,3.68775582468257,3.53645949257107,NA,3.16366066682621,NA,3.67094336940035,4.15948982045931,3.3512035042918,3.10323690390655,3.92831120262554,3.24779211841731,3.37080518388558,3.57678965493056,3.52915249720519,3.79378812047613,3.42320248719975,4.09346143546284,3.56105917330039,4.0358520697762,4.27647816242825,4.17375961627333,4.40847891763002,4.05795012669431,4.79517996742836,4.72954368947311,4.20102332664402,4.31891490052337,4.59578526790641,4.15846836169216,3.67570373683861,4.46467408178849,NA,4.18133738403084,NA,6.62378558697975,5.65703463622803,6.9262100065729,7.14803544058926,4.42133803605057,6.0744942189493,NA,3.52935948641539,4.49473326658331,3.926167523838,4.20373132709499,NA,NA,NA,4.57484529928254,4.488795056567,4.37333654827636,4.30423610402525,NA,4.00899195395159,4.87900172848055,4.10496798396264,4.45211583494294,4.55273773717541,4.49163391863759,4.43319397868974,4.24443182662381,5.0380225674745,5.59371480455978,4.68457586040483,4.34237471527426,4.59835311392771,NA,4.03280328623325,4.6325633747186,4.27719910757688,NA,3.93378221253885,4.05225316868731,3.8250150060012,3.94403463773895,4.20149936664277,NA,NA,3.88781709281189,4.3455352499203,4.18710142796405,4.20144059396594,4.05393081559783,4.59255610148984,4.05931193224624,3.52529607384093,4.35931110057524,3.88624416927318,3.81424420561754,4.04720604432656,3.84680342440481,4.06877838194465,4.66763792640558,3.89116480845368,3.5244234168399,3.71725937589622,3.43932529960552,3.39575298556139,3.05882150442405,3.26905955699449,3.51523194544503,3.15838126758028,3.30261498251255,3.32437946445279,3.205537319896,3.6645505533406,3.56158659702149,3.89036253062503,3.84731489632153,3.57138968251581,4.50974635654776,4.42275626099893,3.71904866243437,3.74528403300743,3.80764213501202,NA,4.99178383064245,4.54957328100795,5.31756158570388,4.14197097628822,4.01644993983774,NA,4.6792715397204,4.14336577032796,4.01700130586826,5.12523416370119,5.20211196985648,4.96908894574382,3.72768930711695,NA,5.03267168276278,5.10133934217413,5.06587090184369,6.65990954694979,4.54171700859659,4.84112064044434,5.94270915429701,4.96782011498061,6.43960300009987,5.78025866277974,3.57557401067369,5.07947079860473,4.84738013080394,4.54502279448047,4.52699053346242,4.97683124554147,5.50353072912327,5.05702951323047,4.90200595634162,4.95074898169207,4.86392210688929,4.52613254890413,4.30294346192507,3.99913448401853,3.80393757893246,3.98192988210416,3.8898302836749,3.80604700190371,3.56742361440426,3.54127127147011,3.83155459590192,NA,3.11762044254685,2.95394616578691,5.4047722175159,3.13014422789112,2.98883261885062,3.07761344527776,2.85653291637969,3.20721589062052,NA,3.12283768218579,3.40160027605835,NA,3.34780752523573,3.71718381533547,3.50865463433885,3.38991629626619,3.40171241657284,3.43240345319975,3.20372865069436,2.58669925792157,2.35639286819332,0,1.42347239093932,1.77972980011921,2.3983784534215,2.72804066519158,2.76486396541671,3.08872308295645,2.85600284896437,3.34336239351337,3.39882090043863,2.83038000375885,NA,3.5726436986648,3.47413505450985,3.230076357379,4.43812819208588,5.31436443518583,4.12228069075969,4.76938817893717,5.1799069427877,NA,3.78482376685167,4.31962740333,4.62184677454936,4.40206422725209,3.83664463736027,NA,4.84538381462808,4.35278343485909,NA,4.14521426244402,3.81473896854071,3.58373772355406,4.44548872771074,3.7478054002351,4.98296268877352,4.47498886095101,3.78691107375991,4.32229409171677,4.72330662777855,4.61982209981005,4.74124031888413,4.80847287127815,4.60993423129403,4.46928513837542,4.08099147039699,4.06458859492909,3.94545471289408,4.28141503681714,4.67390346390373,5.05015573079205,5.19627236345558,4.80919775447,4.20354839676517,4.61829782992279,4.01388295382453,5.01055636283157,4.68014102257754,3.90988990475765,3.98717455143618,3.78493361719724,3.91939761367379,4.12279580292463,3.78453975057731,3.66147342737196,3.23463592082858,3.74035627762933,3.95069526363292,3.61671324318235,NA,3.45507127074184,3.60566080385366,3.70890220595941,3.83402735529331,3.83329743958019,3.65143106685717
NA,NA,3.9164661566546,NA,3.65488133317325,3.88314690579683,3.35528514509171,4.34035288975926,4.64884576971258,4.01200981048956,4.68441654826,5.0001359325201,3.44522126571882,4.11219561951523,NA,3.79664364791067,4.34168530721259,4.03871516606807,4.06247406711924,4.03331059832414,3.42366481096083,4.01885012590462,4.57836120179979,3.18261776273538,3.75942407061466,3.8321428650429,NA,3.87127207227578,3.6447442964145,3.83590997017023,3.13348079358965,3.32081814196533,3.41182073392911,3.35196567309823,3.37472136501538,NA,NA,3.12130143743742,3.37062022671809,3.49577764140811,3.5422819535577,3.38620831025789,3.57471432293542,4.13461572083777,4.16573040547344,4.13967705849716,5.5727441099141,4.59086620086646,NA,4.89380876365236,6.0561346793788,4.8662461692054,4.90868004374632,6.73991136492271,8.31988531830851,8.81049495037081,6.18445890824463,7.32830412843596,6.15671763829488,6.26376163359666,6.85369200853924,6.92656001325245,6.18737855946183,5.49605803953197,5.93030426108646,5.52345627705721,6.52579590948354,4.99389414032788,5.58591699188505,4.46630677290917,4.75933959931683,4.56464781827673,3.49845473215214,4.10703772471563,3.59621099241015,3.71262120990763,3.68721082108925,4.27070018981685,3.92094877966349,3.6613896064578,NA,3.26042934507708,3.75914798112329,NA,3.78561308127206,3.77891935040738,3.73180703958653,3.04191209859096,3.66864717338768,3.33270195500509,3.81676380599926,3.49058478991953,NA,3.6638515921108,3.26882644063848,2.9199236097242,4.20896399075134,4.09005068889269,3.73320922376383,3.63670005636083,4.16013597521423,3.52886320326587,3.14896435734471,3.14646650482822,NA,NA,3.44174570230632,3.85270555111828,3.77816308246744,3.49343829095211,3.04580466356886,3.49836189461217,3.36434959472614,4.17260772529765,2.8644615236687,3.40838296590934,3.60109168789044,2.70965566907731,3.52606754596706,3.91343499598034,NA,4.00790480180956,4.08287450251887,4.0394512290855,4.50778111169038,3.2940779300191,4.11233216874491,3.75803155750658,3.89799087761098,NA,4.1096950875676,4.29670030923008,4.85561216687138,4.25144306420523,3.93968799505498,5.8735671744311,4.70556590529934,4.07639601131307,NA,NA,3.7410246546208,3.86614294933146,4.3605882747553,NA,4.74008071649516,5.00903647591486,4.92550257539145,4.50819211436518,4.7896544249772,4.98434842760464,5.1433380304494,3.9223986566897,5.45854557929195,5.23452354311635,7.17141417550497,6.23728605540191,5.02955405005813,5.57031867901079,4.68650885381492,4.36948209870686,4.82714743831945,4.47207490471618,4.70407948357877,4.27129886413085,4.27461067158682,4.3182043644351,4.32349296699928,NA,4.3832495245761,3.92850820862048,4.04673544427153,NA,4.03283016581246,4.01012265534005,3.63441434863543,4.29347106979727,NA,3.77478095925175,3.75063212254673,4.30937233868568,4.10311556185597,4.52213446470062,3.96979729199804,NA,4.39491386795335,3.83193787751716,4.12244407678037,3.6678289949219,3.37997634562768,3.67606285710627,3.81642334573475,3.64120293876037,3.64082887008169,3.86435260658351,3.63623736312712,3.55522741473757,4.15323555216204,4.1251706866991,4.15877193447488,3.94944488734822,4.34299221287817,3.55628348194268,4.22742501021767,4.14646735025883,3.3398643753573,4.18300204261451,3.65898055324207,3.60870867472874,NA,3.92699555760055,3.0689592632086,3.32954943507481,3.53965173809752,5.11340862639003,5.04570132077369,4.12376270858909,3.89647415966147,5.21608135533711,5.63198507456484,5.71142850608816,NA,4.69615682328452,3.78514824087568,5.17820652173395,4.31721232670639,4.48733438423577,4.32875399488984,4.38027491691221,4.45351917746387,4.46937168903207,4.51170011479834,4.7731247612685,4.87899474484499,5.21230163076258,4.10610711104259,4.79345021678074,4.74435981342492,4.767644779194,3.81089492790661,4.35777328024067,4.14867225547535,4.95705073931201,5.59439606287477,5.32497935067115,3.96279851901808,4.07801582766174,4.49587506939683,4.72751566283997,4.82276377908277,4.63109066739646,4.54149777500252,4.1747203103958,4.7843858245429,4.48375440428539,4.41134892386226,4.49040336964154,4.88437437160394,4.54252511177116,4.8628204916999,5.29585544179502,4.68142851861733,4.79080433800965,4.17014677314199,4.6595749778674,4.60299004165253,4.13920489838494,3.71410149987849,NA,3.32678095003342,3.87450115460814,4.22031558699969,3.91115862067897,3.71400272091715,3.75952054035502,NA,4.67384114356591,4.67669588252564,4.39322281645054,4.07366218836414,4.15448671589402,4.27723283629102,4.42613165850518,3.5219722840751,3.62507299109926,3.49780845189673,3.45424377642502,4.16071443624626,3.81874608410349,3.23285276415854,2.95934104386539,NA,2.62714800255065,NA,3.36703680947831,3.76397454079717,2.74080561470119,2.57807112690205,3.65960088346112,3.1852986326762,3.18254823737404,3.26066558419728,3.12913230857337,3.45630176221713,3.12694836304052,3.65203538818704,3.22264880277255,3.73679124367335,4.06851148983556,3.94700640433115,4.14237548716267,3.69168073006496,4.57223692193863,4.52848386911657,4.03465267548203,4.21152920866859,4.39660894902608,3.91158289960805,3.35044996041794,4.24774109106386,NA,4.03140138476916,NA,6.60166369130467,5.67014942455984,6.83720385131454,7.04658232171632,4.17046972380999,5.90075019984878,NA,3.4329869102859,4.54067667471751,3.7511534158986,3.98602580973168,NA,NA,NA,4.3737297340052,4.23197555312977,3.98569163707795,3.94344914751897,NA,3.65939931827455,4.62902896455914,3.81102404699985,4.2484935050665,4.27131905579159,4.28831689178074,4.19328228516498,4.0380157235682,4.94243419338811,5.37070972834814,4.31169586049667,4.0373386220174,4.11915620699262,NA,3.59927297608337,4.41979478195249,3.86161601019845,NA,3.44812636737324,3.37634525548767,3.28998585044056,3.36496360917792,3.64620080955065,NA,NA,3.20997782158592,3.76095124599169,3.52212803184847,3.46946506820128,3.36650664753628,3.89675286541542,3.30757320008338,2.81842956033711,3.7359732967727,3.23773171030996,3.12811177322824,3.37087851714361,3.28129077903462,3.58973032071814,4.07592051563807,3.52971357952964,3.03955321636596,3.19418184550586,2.93543954709235,2.78414594090257,2.60450918278016,2.97748527952242,3.39491524838562,2.65637556424751,2.92216085142689,3.05214594348909,2.77904976586941,3.30751709536757,3.23557644008765,3.6525957595412,3.37888291484979,3.200725345213,4.51599568368186,4.33148877972159,3.57278929025348,3.57485198074575,3.6272118487463,NA,4.7083753808592,4.45234318382655,5.16193778317668,4.06793750439499,3.91245111356598,NA,4.57346197686972,4.01810031385509,3.8700063556312,5.00637583700367,4.9858052283679,4.83497717162826,3.4173467487835,NA,4.86708197055804,4.93615569025882,4.85523285815465,6.58715159480731,4.42954870985063,4.62963791720418,5.78270128712682,4.73961428209884,6.27456573843744,5.55189312610119,3.22832448232917,4.8023749253612,4.50166626332686,4.31231001358834,4.2509112180469,4.67870080469391,5.29268716953903,4.78854404206372,4.6627278747561,4.78860967830625,4.60826712165468,4.21117747584762,3.91451311303368,3.49458649828816,3.28711500662085,3.52945579059787,3.35377427686257,3.19478570238226,3.06734409664897,2.91141075607673,3.18890534861462,NA,2.48329863496117,2.21857211087831,5.26550723583905,2.49051586986194,2.26921533628251,2.3352782704598,2.31338771309463,2.50383244980905,NA,2.32481078014307,2.67750146506368,NA,2.64400907529723,3.04009288748322,2.8647100177316,2.75229287255512,2.64451972469788,2.81692283940618,2.66438907887292,2.03912651411425,1.81516509423781,1.42347239093932,0,1.18148581607018,1.96339218375384,2.20383713324799,2.53035159461624,2.8865530707979,2.79105738162007,3.30341166271689,3.17814332287954,2.28772677873709,NA,2.8281063109083,3.13834564143507,3.14963382254908,4.601500207724,5.40664653528715,3.99679943162146,4.7100482165994,5.03063621895451,NA,3.67274213213189,4.32498111700015,4.50123082821146,4.23568503956721,3.67738916238434,NA,4.88815394082109,4.41132381232719,NA,4.1071520254987,3.81346689629608,3.56508992532666,4.4830027977367,3.760257784039,4.96975702877464,4.25310719911121,3.60707605739169,4.23614000281384,4.67076978106117,4.4946511329434,4.58498926801636,4.67513290661535,4.49646745214748,4.39434187131107,3.74345607245242,4.03556908335885,3.78122027758151,3.96620194746546,4.60112019547898,4.88258904097917,5.10044417470933,4.80432637395246,4.12845117608744,4.49782830425699,3.82332116992248,4.80506004708664,4.36567682778798,3.52114581994537,3.8315156693709,3.47975900689532,3.49957724553977,3.7894122103672,3.36370509757654,3.20996538165285,2.75972124519107,3.29065025190832,3.47805955539198,3.07202155328536,NA,2.91868504483858,3.01543872763028,3.04351167553745,3.18515743812874,3.42546924092728,3.18697713647906
NA,NA,3.60053139549421,NA,3.37573150485593,3.60033178684028,3.08328541337152,4.02072098032541,4.32706668808898,3.66953364019988,4.27928337841814,4.59717213509472,3.19111887573178,3.76533371797999,NA,3.57533450808809,4.01061878255016,3.73107717826051,3.74047560468669,3.68744170562153,3.15328244883787,3.77041945087824,4.28671799031856,2.93386548627635,3.48793234042214,3.5575209253119,NA,3.65369131129067,3.41739713783926,3.60528414192999,2.89992975821521,3.1721722904996,3.29380064851116,3.14634105538155,3.16863242738185,NA,NA,2.88535357801258,3.18880831150971,3.26164562622859,3.30489579952972,3.16077042184775,3.36257741739768,3.86056141332975,3.79071493873474,3.83643437530625,5.24916194535473,4.28893276910445,NA,4.60228092613753,5.73856662761452,4.56848744838596,4.64103684118168,6.42032530878677,8.05620574359535,8.55565630414391,5.84838168519593,7.00801560516469,5.82890976825674,5.96767320006354,6.5783858137636,6.64904142739128,5.90363978343139,5.1761349045996,5.62604458891425,5.21360633311519,6.25332965491213,4.73208945298838,5.30858203904208,4.23484480065105,4.51634922871691,4.3881063082461,3.20656765191653,3.8383454841569,3.31191492252604,3.40003833698184,3.37891708532357,3.97941468909941,3.61706834316467,3.41868105019541,NA,3.00339721346324,3.46689171628507,NA,3.52279936837536,3.55701968913784,3.49538730841954,2.81899938116964,3.42731589571185,3.08943693375493,3.60640867922294,3.33060077634671,NA,3.37994455956187,3.02716231636016,2.70722627401198,4.02948466266422,3.86637864323498,3.54828939706587,3.46140590434336,3.76575793665916,3.28560066012976,3.03736791177072,2.89430752660093,NA,NA,3.29108344282681,3.43594939631482,3.31371248722173,3.18398415214839,2.84127475434101,3.26545929730082,3.21635292832507,3.8778693322615,2.56211120503833,3.1908550340275,3.41870678144538,2.5441477281424,3.28079820899728,3.7173441376973,NA,3.830726983589,3.87218709033353,3.85881450008791,4.32984931501258,3.07789232897782,3.8962324182149,3.53605620075674,3.6808255779373,NA,3.84461557338882,4.04159360093823,4.6519985425581,4.01861801414746,3.65199149981048,5.61409068509635,4.45178538479431,3.76968998050393,NA,NA,3.53070009992903,3.60701301549436,4.16349267304646,NA,4.49894972065378,4.71369871656652,4.63522290295312,4.23762876533052,4.55399831790773,4.72754178489418,4.84312175981833,3.64050818444813,5.08473180075,4.90619971897643,6.8581023696781,5.91922241805667,4.70986696789453,5.25642390169404,4.40335315603128,4.09330798123976,4.57510751253882,4.24888458580051,4.45815071467713,4.03482394180132,4.02192284745252,4.08857358830344,4.03477621989598,NA,4.13009402325187,3.5959487177249,3.70449994933068,NA,3.79307274706182,3.78047265514661,3.40756962281091,4.0559690688997,NA,3.53159825161821,3.56378703799281,4.12163784232117,3.90433553337018,4.29476969868349,3.700218184522,NA,4.12892072104325,3.55994631806516,3.86541802588774,3.50603224679891,3.13984445896115,3.44317067491688,3.60097427501229,3.39327129689112,3.42077940707007,3.60338620495057,3.34932356138578,3.30877560283133,3.97013458044876,3.99139310839652,4.04560834923886,3.8374380909914,4.20801805258198,3.40074586775303,4.09059477851874,3.98122087095012,3.1596466602443,4.03733917289411,3.46643103288767,3.44768642413817,NA,3.5395354356579,2.80013200733895,3.13279608302168,3.41735166286153,4.78413045051073,4.68021473395974,3.7923755225833,3.51624274350363,4.85835804597061,5.29320491981747,5.38523387617752,NA,4.37489000298552,3.44832806943706,4.84604460815447,4.02794395096277,4.26555258505111,4.04582634171013,4.10174452614104,4.19439119050679,4.21685038111123,4.26945831018723,4.511150294726,4.60903390510104,4.90191038471342,3.85836990234161,4.61532369312981,4.54959306452728,4.54618672700493,3.6278438827235,4.11102086033829,3.90763528240474,4.73768192670088,5.27081124180339,4.99631779448292,3.74606762000006,3.81798724385104,4.25575673236233,4.43614230917278,4.50399963121079,4.35491004397277,4.29588133416865,3.93419203716133,4.50913334299602,4.2325444623684,4.1608457773851,4.21259029281185,4.67888242778935,4.3281206045628,4.63504936198386,5.01302342198691,4.48051466514551,4.61606865909861,3.96488170517639,4.45588207292107,4.32795457422524,3.91734363887858,3.37321301963448,NA,3.0754162352717,3.68063840074372,3.98883496572125,3.70739024984815,3.49696906867376,3.48603263939031,NA,4.59371318019318,4.56256907994922,4.24777424939113,3.94290776741464,4.00924317913022,4.05512788173217,4.23396772338232,3.39678606569446,3.46443212464862,3.22926043226938,3.20851813080362,3.98466001838151,3.62296051753014,3.05887785193729,2.82554714143629,NA,2.38237737391772,NA,3.12402853082168,3.56944140813953,2.59596647938268,2.29090943759559,3.33328126306287,2.79141145182666,2.9351330005466,3.08542810133451,2.99956487739811,3.27814582935865,2.85571477606708,3.46579721858579,2.96516519786605,3.48531787515724,3.7862358628594,3.72667784929051,3.85718137294254,3.44162085911619,4.37857779187122,4.34402755246311,3.79148632683423,3.96457101631702,4.10695432508817,3.67054058825215,3.13864467404044,3.996631830113,NA,3.70334156472396,NA,6.26960463121365,5.27746936650376,6.53496106249967,6.72423052979973,3.83716341128337,5.60759848584211,NA,3.00018486474236,4.01801688405461,3.40248196082055,3.6629106547405,NA,NA,NA,4.07286416845659,3.8905415758072,3.74988858363272,3.7135734833773,NA,3.37506033303725,4.34784934592031,3.56076226836374,4.01303136260996,4.0164633732865,3.95632391264299,3.86561575493942,3.7200765435661,4.60693720919877,5.18152964562389,4.05228514125526,3.79115673637934,4.00607714810797,NA,3.49123218880781,4.18227040287666,3.70612188679176,NA,3.21347736200717,3.31982321381114,3.01283384140054,3.14371774547221,3.43730191567452,NA,NA,3.03307214941363,3.62448970342972,3.3861506258703,3.41918504555237,3.17369323459168,3.76191540828293,3.2476197594586,2.74342792016548,3.6685954841705,3.0915342335012,2.95360067259758,3.24881125538115,3.01519641056798,3.34114325434054,4.037846141899,3.34934248229301,2.9049561340516,3.05362839904271,2.73310336559677,2.64697361942061,2.38110650017361,2.58320089780169,2.89460517396721,2.28897434699443,2.46815692412804,2.77127361429893,2.49375065894699,2.91478803818532,2.91720297795628,3.3270462134882,3.17954966172405,2.86994509627446,4.21459967435644,4.01489027342289,3.16703886062722,3.19054821490767,3.25057446628421,NA,4.31897472607759,4.10865857557497,4.7710222901787,3.71527697816575,3.62062583365213,NA,4.27408527252811,3.74205315572081,3.59822440939442,4.73929671704216,4.70146589873181,4.56966463058585,3.14524753437452,NA,4.50842279919253,4.58258670315329,4.52682153551788,6.25807183148504,4.10237118804134,4.30842817014695,5.480446535732,4.44974133778476,5.98377171598204,5.22361864456258,2.92553387428421,4.45769728949356,4.15391682035624,3.97730866374319,3.9093833642661,4.39696923673874,5.00958899323602,4.52056358707222,4.3507361454071,4.44928925772835,4.350691468785,4.04377424428339,3.7452771281877,3.24736857317662,3.08755666054916,3.30924633225962,3.22062936806957,3.04571998498121,2.8259376343146,2.71820639734496,3.00764342903094,NA,2.36090599438862,2.01320977383187,4.97076688365895,2.30937594531049,1.99940127504603,2.22815449087781,2.22257038861166,2.43965955800615,NA,2.25722611244296,2.61604327176732,NA,2.53789687402365,2.96753716238212,2.74346587553399,2.57417018357133,2.52884713498669,2.67531142650372,2.54678186110653,1.98706644313844,1.84831031076833,1.77972980011921,1.18148581607018,0,1.31334904419756,1.78818848693964,1.99362709848835,2.24084281021104,2.27598811296272,2.81010694036963,2.77198790828082,1.93894373112726,NA,2.76329124426569,2.55127625781171,2.68240739594678,4.2927871263852,5.11287323053809,3.65273189713413,4.35776747525096,4.64634712690828,NA,3.31107779473007,4.01546170335997,4.14978580549025,3.87936483550879,3.32504311456593,NA,4.5636742302004,4.06617704237107,NA,3.79712508601891,3.48720303388304,3.25233096321079,4.10353577997834,3.37753830798181,4.65228282574029,3.94748763976761,3.24413582531408,3.88522760783672,4.32450986558795,4.14572704046271,4.22868030199678,4.30906459015679,4.14426867491985,4.06518400661194,3.54437695567286,3.69675155200578,3.50959308276874,3.75177983527541,4.23467354079682,4.51713064361519,4.75803269018346,4.53689519678343,3.88026938819852,4.18225821952171,3.53395655200423,4.51294759901586,4.13052609126016,3.30714439092545,3.58834763850374,3.23619857370086,3.30563858152419,3.57167193826651,3.15324020604248,3.0144537984101,2.4876547199635,3.07682586808003,3.29179686757927,2.83251725193022,NA,2.67946966167476,2.8680396174654,2.92926064542966,3.06821487542834,3.20385674470599,2.91534519135335
NA,NA,3.77388217581789,NA,3.64505675726376,3.70833858670387,3.36503033937081,4.08695072599218,4.37013590266056,3.84473202709367,4.20438132757151,4.58897610619247,3.5934132585888,3.91418797351533,NA,3.88054086751218,4.00881669676491,3.8175118484086,4.02316838045216,3.99466723626734,3.48223693676493,3.98677873794508,4.50266376126095,3.32206634560448,3.75948581068691,3.86636594186827,NA,3.95776216404655,3.68911616944719,3.75304540954907,3.13252963511693,3.50490561324462,3.63599575509055,3.38504091000888,3.47925876862338,NA,NA,3.17000925012497,3.45710509254387,3.54680846378019,3.55327278361331,3.49222275500129,3.63681682526978,4.18433339561336,4.01620893913614,4.08110037295076,5.43486017058794,4.54813875278139,NA,4.89793014629987,5.91773875555149,4.75815023567302,4.88554021167948,6.59350465871187,8.15627186642041,8.63482512858021,5.95827910120291,7.11784736839372,5.94916219246759,6.0637333462108,6.66661167601948,6.75290238597166,6.02816545962149,5.33011077926652,5.80533607172451,5.42872246705628,6.46617488562228,5.02652071118386,5.55081764416608,4.55929326043264,4.88197771810176,4.75914992900471,3.54324692514717,4.17153618323037,3.67635600191402,3.78502798090277,3.70906277194127,4.32277809286076,3.98483828734265,3.80415210960676,NA,3.41138903045066,3.82242020500383,NA,3.8950106986561,3.94287739012341,3.91459086297097,3.20580711708241,3.71834769936066,3.4385787467866,3.93714159244872,3.70686920860068,NA,3.76715335019116,3.43775008560419,3.11409177317194,4.36531509005451,4.22540461853373,3.97757880222052,3.91933076308998,3.97459466502805,3.66845458086578,3.42249972821528,3.24644706416311,NA,NA,3.75197514408415,3.28138656219139,3.51003853635047,3.57987517249483,3.21446068026666,3.72657334260705,3.78891548581494,3.99230443693419,2.98879420261423,3.33097739831203,3.8204774998147,3.00854528810805,3.51657607735902,3.94718416012567,NA,4.18392248089258,4.16700460233527,4.19521088935677,4.71271565249438,3.49780063880176,4.16911815942152,3.82271785770767,3.99713058811413,NA,4.02438221141681,4.19639671735472,4.98975701653602,4.22369812770336,3.9436808461437,5.6949465435429,4.62608834773123,4.0518081727554,NA,NA,3.93522025008819,3.86909876130639,4.49704881169681,NA,4.72110072594537,4.92747573272576,4.87065701099248,4.55094734204911,4.85268284185527,4.96020461618672,5.10546309226535,3.90028947530006,5.13890678378527,5.08773182273726,6.99244306413285,6.04827586213943,4.95685912555513,5.5044561904946,4.72235515462839,4.45727621431099,4.95020838240842,4.61377995045351,4.75413089719424,4.43146962903295,4.38518555591969,4.47826389001122,4.43941971008225,NA,4.48270211799971,3.95141449366157,4.0686061589048,NA,4.21722141448459,4.24258350323475,3.89850254689424,4.48810866232057,NA,3.95737208889384,4.01343377405557,4.5940737489018,4.32394070389891,4.74233289481106,4.17870872344045,NA,4.57962581618052,3.89430415830355,4.24683597890552,3.93363014236127,3.57355051015646,3.8921555938631,4.03840415311002,3.80345590584867,3.82078959404877,4.04081561880822,3.81627980389207,3.73677606907893,4.38876163616633,4.47410298832927,4.46295564219183,4.27049891238521,4.55359472437626,3.76563370682342,4.39473332551661,4.31016862937072,3.60232234371301,4.38928029161832,3.92308738257868,3.94542071223717,NA,3.88319884102952,3.21569915647332,3.50815655062363,3.82808928645609,4.91235512397698,4.74212742363355,3.93664836744129,3.63096103835489,4.90664126898551,5.30744668666721,5.4102239981303,NA,4.60513273509504,3.72449836111726,5.11565399446639,4.3377214578489,4.58739752346,4.34955913438011,4.35741975845471,4.45825151027229,4.53655253551793,4.6214269269583,4.81993100973748,4.86862309360047,5.12078933249376,4.23701845802923,4.96010792472713,4.79782928340969,4.88737966420989,3.97650312371225,4.4239423862607,4.23878949791674,5.03404107830488,5.53055696164793,5.23691963161327,4.12398652142376,4.2439357839542,4.6206189609622,4.74122193477095,4.81051926532387,4.68463334472415,4.58841139736361,4.32468015435309,4.82800545085141,4.57618466700409,4.57182066702224,4.59044489460604,5.0205876505252,4.66101396018627,4.96800824516259,5.35426869222878,4.87829848068117,4.99138742673201,4.37679161734728,4.86893940644427,4.64165813634538,4.35483752068283,3.79445555193323,NA,3.47471254455565,4.14969890577732,4.4345774426498,4.13830602839657,3.98024873914338,3.9751940773278,NA,5.0937939641299,4.98751093557356,4.63674859202328,4.43143029921674,4.49712849594751,4.5468973265906,4.66754721689919,3.91782623961215,3.90334966934327,3.62515004424742,3.62354723823035,4.45302684567843,4.06749708531743,3.42048251282087,3.3265320048736,NA,2.80190836092676,NA,3.42106466253593,3.95989414073412,2.93810551514827,2.42820568724331,3.39621422282228,2.85096749473895,3.21090704145863,3.32474785342615,3.32133171016275,3.60956426816113,3.20453969608989,3.87459216148646,3.3365866478491,3.81289820288571,4.01962465703358,4.04728476504606,4.07853516637919,3.81720535872581,4.73289315660856,4.66159139777314,4.087174939667,4.15336582065773,4.38608898127393,3.99459343330018,3.46587893263653,4.36222394615063,NA,3.90568376313606,NA,6.40105647605244,5.48891465447298,6.68471288386476,6.90525094673429,4.15857649455046,5.86226206329892,NA,2.94124883762437,3.784911394075,3.69988025905916,3.96769661010572,NA,NA,NA,4.34797906990562,4.1619007641125,4.02197941190699,4.05189628163097,NA,3.67989072775795,4.57618246221863,3.88887046063173,4.31698707765698,4.34271170682507,4.18452934339706,4.17792049638094,3.88994876554552,4.77244183566177,5.43359988081595,4.07351329307014,3.98935039436812,4.33404365127338,NA,3.81995576513008,4.3529433410386,4.05459926103542,NA,3.55342656447411,3.73580464398146,3.35253282658224,3.60238356681623,3.8325209664541,NA,NA,3.48878807696073,4.02715233486239,3.81138561127297,3.92612771233833,3.57574636725783,4.20901034513518,3.78839274729372,3.24641021536016,4.14626556679732,3.51962761775771,3.32978607407809,3.59738975219213,3.28245157379477,3.54398573294461,4.54651840476714,3.53365850481115,3.2203404222708,3.2761346958036,2.8954381948281,2.89934783466132,2.77511942771744,2.74794955183653,2.83033710349953,2.31425660706006,2.48341688372441,2.84790464595728,2.49045884052316,2.71355825915537,2.85265611572755,3.07582623424348,3.32618699413326,3.01331514092767,4.29307697209239,4.19337576327873,3.48301545427706,3.46718039869264,3.37688570862983,NA,4.40458360930465,4.20147494672049,4.84283726607678,3.83582436715567,3.91023918197251,NA,4.45547402689786,3.90505408558665,3.75761385271905,4.89561352406701,4.81706001841212,4.75429061362108,3.41829946524292,NA,4.72036645848791,4.71696112566505,4.7146710293846,6.33916524492774,4.27483314146861,4.4578149704517,5.61464934670952,4.62491708620672,6.12312025468646,5.33759546020165,3.12761462689051,4.58857621078966,4.34642931943193,4.1462198941961,4.10217209185773,4.56213290057969,5.11859778394938,4.64474488895744,4.40057052460227,4.40179474226142,4.5207293013274,4.31563733611693,3.99728568787582,3.54773179122838,3.4227673033864,3.573863480526,3.49040748715579,3.40269207269415,3.1112338145129,3.11714048117558,3.37027902683076,NA,2.89394870933345,2.49916408379931,4.99531479122574,2.87164513871386,2.45311080161944,2.7484484342566,2.76384513719304,3.01104407299964,NA,2.76734019860458,3.07572594463862,NA,3.05325184612968,3.41298785081688,3.24462482210041,2.6859405980292,2.96046928939753,3.30450232284784,2.97104705761572,2.4676799409175,2.38858648622383,2.3983784534215,1.96339218375384,1.31334904419756,0,1.54630213587262,1.63029690746663,1.95717632109362,1.98888845149702,2.50780155454606,2.44633538771784,1.79159991510539,NA,3.24353056759294,2.01866796389248,2.69826715326689,4.20354799745477,4.90849807417801,3.50841416017452,3.95822744039197,4.41391416587249,NA,3.26222599963017,4.13643673925059,4.16801390678031,3.92733211287679,3.48596135329369,NA,4.52646544056081,4.06987387577651,NA,3.72431780220177,3.50018588756316,3.32290515194177,4.0071879585489,3.29954037716646,4.64215463960171,4.09865132726343,3.28114552710214,3.93539818187534,4.3103750266089,4.17520764661588,4.23253812088649,4.35310563138417,4.30598461219731,4.22783316924494,3.89590640437334,3.56088508338196,3.64454487741172,3.96207505594265,4.35187442270977,4.57313353891151,4.9345501838372,4.71727987923434,4.0908399065398,4.22983967884383,3.62827098991933,4.63805859496367,4.33958308913039,3.53000714284539,3.68277566858261,3.40182841755598,3.53585372071613,3.75616035059016,3.41812016187505,3.3267402769724,2.67016489779308,3.38209501749014,3.66497007151414,3.19551265471758,NA,3.06625758431409,3.28262751696122,3.44936026166963,3.57271833729752,3.55935742262949,3.29471949374032
NA,NA,3.94958280655739,NA,3.78401124057206,3.90205662598099,3.59093371408751,4.33875401896484,4.46637776556226,4.14083872392886,4.59309344096152,4.91786458324382,3.75604687342352,4.02803053520914,NA,4.01677814427113,4.33123505943999,4.01231688947902,4.14625173635975,4.13933830009108,3.5658711637674,3.96064733456639,4.71583058816427,3.46439129602822,4.04441903786121,4.09104953192108,NA,4.21779626408659,3.87063703084257,4.04335673671627,3.35415170559668,3.5781374618533,3.73773088302995,3.63272646842964,3.7013097849859,NA,NA,3.46181762777468,3.46211310283371,3.59402834988048,3.75934377989782,3.69783730254798,3.81835947799495,4.29970415574449,4.2602446019534,4.27820169124645,5.5878065113533,4.79048812462529,NA,5.096412823402,6.10416732701977,4.965739303337,5.04698018119215,6.82020413876511,8.42396417182246,8.79709678614796,6.19729571189661,7.33951737138381,6.19216544510268,6.31406300823953,6.93880086018282,7.00828761876538,6.27919158461128,5.55952303648552,6.03205831458067,5.64216428440515,6.61718949028687,5.13800774395644,5.79708332775482,4.76536281090468,4.97157792703978,4.89628502427276,3.78276726404327,4.35801989392116,3.83876065688683,4.00406939041599,4.02906265856388,4.50641498169008,4.21011616795129,3.97100930841445,NA,3.60032360822747,4.01470948009008,NA,4.05944213946012,4.12787968863093,4.06775043086662,3.38283974004179,3.96222965146827,3.64488632993769,4.09875329490293,3.82867579736698,NA,3.95348553692366,3.66005560585133,3.27544830449837,4.51855852264104,4.43631697186986,4.11664729321028,4.03004447095822,4.37457618702064,4.02439457949618,3.55874892425002,3.43031431516372,NA,NA,3.77450957192222,3.55954190842692,3.72256468388798,3.65993595931177,3.37864094734071,3.6374935858463,3.79610940427877,4.35361997265481,3.14923105578407,3.37954003296855,3.8999253601352,3.03364075834486,3.78607774408137,4.1071696684355,NA,4.29637994809815,4.37186379822817,4.39055787476889,4.81341112813631,3.66212848646535,4.37148918817155,4.02539826847432,4.19398810075179,NA,4.28176765523907,4.52724434086723,5.15276188509274,4.3140474469861,4.15302977776612,6.08024219173346,5.00335820445972,4.2262860189505,NA,NA,4.03229319767763,4.08141985211582,4.66241017137779,NA,4.97852547513245,5.12279561915022,5.04295786033768,4.70340255261356,4.99748207073327,5.12261943388667,5.24693934606704,4.15097883197851,5.61566862928755,5.35087811715961,7.17998097959702,6.25569233079421,5.17186383202713,5.68952470775229,4.89496160930978,4.6655273964273,5.15109171818382,4.81389281845789,4.95873872733676,4.60224479015697,4.54810705613369,4.61744561383986,4.65744505837954,NA,4.73219404064511,4.28246223046202,4.30790314709628,NA,4.36486380362626,4.40544814831571,4.06373398557532,4.70571832606623,NA,4.1827921427059,4.18251428372314,4.7228531549387,4.4788554011639,4.93155168585103,4.40500032507899,NA,4.83440252897357,4.10428264839439,4.48570727426507,4.07779552718654,3.83097541764817,4.1778882328831,4.34824358128144,4.01638887983159,3.97627262550258,4.08390179286457,4.11700241613724,4.02226574460053,4.55719636314337,4.60191166785369,4.56766881820966,4.41682813362832,4.73249181340088,3.92069803202754,4.51501816604241,4.41093693644953,3.75290215945548,4.51867632565684,3.97238492663778,4.05113882450687,NA,4.16343930912222,3.47319728398632,3.70318249476839,3.92396722735952,5.10630589392062,5.00492213349966,4.25947962116278,3.97287693689363,5.23300119214222,5.63240854772921,5.77974585155156,NA,4.78935645990417,3.91117326932581,5.34953989121941,4.53286774876973,4.75898648686039,4.61375032851156,4.62208905644987,4.62787993753987,4.67936665772341,4.71373384185237,4.90036379040967,4.98479865896118,5.24852190172566,4.35591617811797,4.92970283645119,4.85970874285358,5.0198109280911,4.09307351493291,4.55990106941322,4.27505346974674,5.25797503432208,5.66630628636783,5.45451427639676,4.21895897275493,4.36867849172989,4.73631154318234,4.96317741768409,4.99506709956145,4.84646278440889,4.78886028503884,4.47695596465395,5.03543672078672,4.73515100787299,4.68306685402957,4.70088195033862,5.11709857398851,4.77752543304523,5.10302435655646,5.51897194641678,4.95277100852827,5.1146569890912,4.58856477910968,5.00968782808124,4.87948167497458,4.53141670706586,4.07833540830231,NA,3.69086780862579,4.32085067217452,4.62411741647547,4.27345568192385,4.12894850238605,4.14082116436542,NA,5.15112791344552,5.08410676536069,4.78842716655491,4.50838344918862,4.51811768622474,4.58229457008398,4.77746955110153,3.99944765101651,3.98386008277814,3.79001985242582,3.74222063072132,4.50181298219752,4.06713483524683,3.49979737064866,3.36183177691014,NA,2.91004630312061,NA,3.466579123543,4.02222524860532,3.06285689344051,2.68572801313306,3.55903051789817,2.91892194422089,3.20439918394454,3.38336323008676,3.38756471991085,3.71331960638098,3.32582789962768,3.89622770203457,3.3971047103363,3.91164619546901,4.20625209483692,4.18840005956566,4.23888577781426,3.98704533559382,4.90811722779156,4.85019465475505,4.3097343341318,4.46687995966269,4.62706822119588,4.15097029015084,3.64598629821863,4.49731100672934,NA,4.20162121363777,NA,6.64163103586577,5.68427976970393,6.87095921077871,7.13455043469956,4.33108149462366,6.07075871886396,NA,3.36527290493897,4.25743817268188,3.93977453060759,4.11760806564086,NA,NA,NA,4.55877988060122,4.33556002059433,4.20933903997573,4.2311844048298,NA,3.78593679588243,4.76481923322556,4.03599380934538,4.45335078451854,4.50652945259593,4.47452005814578,4.39783431552851,4.13056666299892,4.93208585405106,5.60028930226604,4.22772704805596,4.16793089314565,4.50790413370157,NA,3.9330420761519,4.65686263004143,4.04816090481481,NA,3.71809607210092,3.76875172501408,3.45558293631604,3.66834276481687,3.97369577574796,NA,NA,3.57985857685979,4.20510079815542,3.91286414398913,3.93112785161657,3.64849100075153,4.29332812161506,3.85935617089129,3.26326813489636,4.20179610599812,3.62467158057842,3.4522825582096,3.73202645950102,3.43789332874225,3.79228671746326,4.57656666176892,3.69414754685015,3.33959497155337,3.40095270545641,3.05765000901559,3.11045452307569,2.8846350436535,3.01247941543198,3.5873041110158,2.8567980446686,2.96944526789695,3.0620319047942,2.75369256861321,3.09889601149324,3.0194658936493,3.41952817634335,3.46101312834443,3.19542701065682,4.65429115480767,4.46471608890341,3.7834107255987,3.73283651290505,3.8107448442827,NA,4.62281096784462,4.43877945463741,5.09004391564161,4.15974483761612,4.00282999914994,NA,4.68311466240334,4.12659964664386,4.00321427689248,5.03052801826674,5.13802612264089,4.87280379381347,3.57059277619449,NA,4.90586055571275,4.95818558408095,4.94193651475433,6.59837537965226,4.38859806337794,4.72226089592174,5.84093088687276,4.87437246264884,6.33836780150219,5.69985724082558,3.33104903457521,4.93974063779097,4.69947108674523,4.42685432215088,4.38216067279641,4.73917444541441,5.43005405811703,4.99065954475728,4.75576604514352,4.78903280247188,4.77502077919037,4.48174892869701,4.21216006799543,3.77812445281656,3.52247560850726,3.69998195627282,3.53587450587741,3.50945601028012,3.22113902489252,3.18312050057803,3.42561480509067,NA,2.87503991889678,2.65005995114345,5.30180384622255,2.88773727111028,2.68941415738819,2.75791863492981,2.61846045419613,2.96275166190589,NA,2.69291542875389,2.5949591314824,NA,2.83752872453064,2.97895029586217,2.94311002544561,2.86389398259495,2.94723187406643,2.99693236397946,2.4377062419395,2.42039252295792,2.42580248482618,2.72804066519158,2.20383713324799,1.78818848693964,1.54630213587262,0,1.92704517935165,2.42928956463404,2.28483941783779,2.64095633216411,2.4713149671189,1.94294382959839,NA,3.18385276451747,2.67583597640971,3.15204744384877,4.66024442435512,5.4120211558044,3.96870598496694,4.52669776285056,4.90223950342968,NA,3.71300233814824,4.48800806867352,4.58771353463445,4.2520267777554,3.77279019732248,NA,4.90073977703544,4.51631352970047,NA,4.10966130111826,3.85023321821121,3.79653647859619,4.5077425161106,3.59467834769498,4.93271907690467,4.33742485626655,3.69789652445299,4.14994403599375,4.6022194888153,4.5677586791481,4.63280251451715,4.74694907571238,4.59914120221388,4.50788487876733,4.00750571153264,4.02638645619138,3.76869367665503,4.17408188000412,4.71399784863415,4.94472112946396,5.20696984698356,5.04233658942635,4.36459738264438,4.57872145794256,3.9625889389217,4.92044601259543,4.57372176277086,3.74971755656215,4.03663980601913,3.69405989731537,3.75894576677738,3.99895955619378,3.59585227713291,3.51172020711043,2.94938420729488,3.55972539395826,3.83975742545208,3.31571201238551,NA,3.20352436911658,3.3621253799465,3.49274664109214,3.62381338417565,3.63389346910227,3.49585941358871
NA,NA,3.77391414767413,NA,3.5478492161534,3.85105130663743,3.49788536683698,4.1156336311248,4.45266613455881,3.734907342411,4.01487463731485,4.37173740343477,3.48750245554769,3.89558951477609,NA,4.00563647905659,4.06066603282986,4.02580615853596,3.97590852299056,3.81559187029026,3.41508813374437,3.94401941694417,4.38392764470774,3.35753805648429,3.77784110302597,3.71809302930917,NA,3.85124809853652,3.58677503429278,3.62804205567702,3.16382076795263,3.30256220496083,3.47866001138597,3.29996714253881,3.35364307321901,NA,NA,3.14287029221989,3.5749561832503,3.62413710561673,3.48141820797683,3.40944822775124,3.44216249217355,4.01167278490815,3.80743845240137,3.93326826412402,5.25194345970788,4.41583727519902,NA,4.75924339579288,5.77260578825159,4.65590585019553,4.78814073201273,6.41217959283479,8.05078942078938,8.53839283783779,5.83154621147024,6.99625715068407,5.82097133776685,5.96734768690778,6.5736148262215,6.66767611973812,5.97798665550369,5.20528581743872,5.71300536662124,5.34906787811697,6.44486154872903,5.01723377208245,5.50676499357715,4.55116285873852,4.82134061010022,4.76741723639002,3.60518333432296,4.1829982682635,3.68829755604228,3.80905220665257,3.81740953326783,4.36161608264446,4.0428217478849,3.80139512140231,NA,3.44632206685929,3.77353445191386,NA,3.9475659026467,3.95194210334919,3.98540840776078,3.16674586697215,3.82789479500901,3.56267035566074,4.08735549376148,3.84082612347194,NA,3.90059343913605,3.58251750561105,3.09155087292867,4.42046944651126,4.2840936538553,4.15596170320602,4.18771556788286,4.2072988950582,3.90850079231749,3.32569328703313,3.4074987258925,NA,NA,4.11542586355428,3.86721844037704,3.57164719145652,3.53935378016468,3.05362202080321,3.73642513527762,3.7942689598466,3.85873334061702,2.85808205765181,3.22907053890589,3.6544085753759,2.93389336556077,3.41852804485789,3.83946162135457,NA,4.06631660160229,4.10085831209153,4.16193245427834,4.71476444881568,3.51532715569961,4.0971607287014,3.70741415292237,3.93560687681117,NA,3.83377398498494,4.01992337319171,4.73731252564139,3.93258378983507,3.74756503290653,5.5756991021989,4.40523246016048,3.85999073690684,NA,NA,3.80453915615571,3.75508525203759,4.46685068009884,NA,4.62360724953369,4.80937223655454,4.76929549535921,4.49540325140906,4.75274080667576,4.87755312318425,5.00289013674053,3.85765804892266,5.11256352891084,5.02242252881665,6.86984654149917,5.93314244591069,4.82425834479604,5.42167010493654,4.67046154598406,4.40634392131601,4.90880017352566,4.58746951880286,4.73845568526274,4.43043058830722,4.35701034343618,4.44555832028275,4.52933704512335,NA,4.47454710494833,4.07309309803095,4.08604518408739,NA,4.27418147223993,4.37419504225552,3.98872912293571,4.67162435851744,NA,4.0799393339161,4.09256142500988,4.65107865612015,4.48527797102196,4.89698180675199,4.30910827848719,NA,4.85779029808658,4.15028223164111,4.31584197913232,4.00218676363958,3.74310057111841,4.06181587829697,4.18815070107124,3.92893518331327,3.9278603166549,4.27578836534357,3.95833970570874,3.82528386518774,4.46719933384018,4.49176863364655,4.57222399913964,4.33517732810031,4.55937593003094,3.78895002064092,4.36152983887971,4.32226195491029,3.64123286851909,4.29629782979017,3.8916889179974,4.02117904842096,NA,3.75489893310053,3.07599448299016,3.36015160305852,3.67455031260751,4.51479497444949,4.37756268471774,3.73335850742584,3.37513423896308,4.68787424812102,5.0303786758872,5.22554512820292,NA,4.30257506365597,3.45516175093822,4.71411111037242,4.10744493914679,4.42472154816316,4.26558268794967,4.27866127958279,4.39450304505995,4.45924220437997,4.5000301149735,4.66183479217171,4.7292201778676,4.99457891621128,4.21668558571027,4.8414426220278,4.72135441331398,4.90030650658663,3.88003098874983,4.39377233299556,4.16557269515049,5.04087606467195,5.42513167085392,5.15102432211007,4.08473055494345,4.24676573859197,4.53280242761442,4.68802723021633,4.72528510780416,4.65166389130129,4.57628028387817,4.30474847913819,4.77849921110608,4.55684169292994,4.52092435913927,4.54727507541415,4.99666052037497,4.58944454906403,4.96612379956249,5.35554960057782,4.84467022460221,4.96841163147923,4.44697056725909,4.87475239492652,4.70965699598399,4.38768277656883,3.91195807135753,NA,3.62133805396972,4.21624364003127,4.45069827431463,4.25195498390715,4.08621117853111,4.05783857538582,NA,5.13301960741099,5.11974050708949,4.81777129023746,4.53660883860537,4.64963712411853,4.59581510782687,4.73132194457937,4.08320022727169,4.05867827420338,3.94482939795688,3.83673328868936,4.4817259549258,3.94022095129654,3.30383665404215,3.39266761472587,NA,2.82147011311838,NA,3.44033291673597,3.97483402300696,2.98045246495714,2.43484961350866,3.05538296530479,2.62289528248789,3.06449354508284,3.27116470389226,3.19762445062297,3.44158400780356,3.07597776479051,3.81004331765051,3.20939379480459,3.65016161640915,3.83221559788036,3.87641596057624,3.88299997540368,3.70740964312623,4.66740633524322,4.58588773638084,3.9701556017055,4.12039192354964,4.26150009988501,3.90623113774167,3.37315362762694,4.18900110010903,NA,3.81468473053677,NA,6.24640223160905,5.34459008331731,6.55014627768532,6.76216473499421,4.05652139786379,5.76501103600514,NA,3.09783995712097,3.42142922704933,3.52415057874641,3.72201058347584,NA,NA,NA,4.13864955434482,3.89567018757874,3.93065211649135,3.91532120938834,NA,3.55685586743826,4.41624517434011,3.75116566125744,4.20216078215289,4.29995193488033,4.10064953401645,4.07145784194671,3.68924895901782,4.56449507207708,5.31800745605219,3.99084480943442,3.89942265382183,4.31895106111676,NA,3.74227392638358,4.35511206975166,3.89271678201932,NA,3.51056267924213,3.69543503137723,3.29277088510062,3.62583819122044,3.88656214225521,NA,NA,3.7204515281942,4.10516905145671,4.01863487311213,4.08979173239866,3.81069987041264,4.31684879789292,3.94829077644146,3.42384304391245,4.26178644288346,3.67723616689142,3.47737476878871,3.78135371276213,3.14283339337961,3.39044534880025,4.5578448033894,3.484953172907,3.15988454068856,3.15536121763715,2.71400330439989,2.98220965521246,2.57761417961366,2.58956198619249,2.98035821092498,2.54304783914928,2.44984900143947,2.58033612138573,2.31680959960722,2.39993735511163,2.32926959120463,2.76786556872629,2.92679767617604,2.42173373872742,3.90477923354532,3.98060218655297,3.35766706165686,3.42757702637609,3.19358590889054,NA,4.00433810441612,3.96509224449213,4.50911530799085,3.64248757556413,3.84730573095162,NA,4.36866517135628,3.71851679030981,3.57007855162421,4.72513475731049,4.70974996156138,4.58194658814338,3.22653229857332,NA,4.49082166577714,4.51143106052538,4.56455763548236,6.26511443355744,4.06887052707045,4.29964002504148,5.47781872522335,4.47059236328588,5.99571649303201,5.25545156311347,2.94658767280083,4.47383097792916,4.25550165430075,4.04341244998708,3.96271942750652,4.54253815042868,5.0365045523014,4.58534328492435,4.24168317405853,4.22672658551325,4.44856641541202,4.23150678230852,3.95354861360666,3.53437073897541,3.35306547229904,3.47017588691127,3.56832194826392,3.46497064427523,3.07880931854118,3.15865198279772,3.39468403690836,NA,3.08967235230036,2.82828583030652,4.79973009929059,3.10456065776514,2.71925026093025,3.00176747130795,2.91417505135523,3.12008996549021,NA,2.9661465377723,3.44230932657737,NA,3.28470345116545,3.7737085544492,3.54537982598654,2.7555966146929,3.06706770856562,3.34248884661075,3.15385517475098,2.68692765764678,2.53529567586836,2.76486396541671,2.53035159461624,1.99362709848835,1.63029690746663,1.92704517935165,0,0.946128748993308,1.62619880782193,2.19479686634786,2.66986035125858,1.50241669159273,NA,3.39262708512193,1.77768425416654,2.1647228416006,3.81813282081282,4.49924879863377,3.13594289514977,3.49666240367332,4.1520624627449,NA,2.98704193763213,3.90674612370128,3.98653913442166,3.60135244035857,3.15524318623565,NA,4.31856939872747,3.93801541947358,NA,3.55977332111309,3.28515545597054,3.19601547343779,3.69897646131182,2.84850272499764,4.37246855504714,3.95738302552036,3.18662746497067,3.71276478132586,4.08110128769393,4.04868888561375,4.11847483268771,4.3001160111746,4.23438809869839,4.16126368398846,3.8569027659798,3.3262331719415,3.52815709005402,3.82713059265305,4.11729878229753,4.24733926461956,4.77173107609551,4.63929568617395,3.974937103422,4.14609936404344,3.52374323928539,4.54430095269054,4.25426676553301,3.4611710825813,3.59806863908136,3.35972759391356,3.54169291830929,3.78656391945214,3.43731767824921,3.42672947040896,2.73413427158187,3.35897132488347,3.67689505285186,3.22221191416765,NA,3.1030162587981,3.38857345105065,3.55202913489199,3.65443311200397,3.54116175972869,3.2601589183127
NA,NA,3.90005838784736,NA,3.70211192368382,4.05670750121368,3.66834613506094,4.26592985288341,4.65775739191561,3.87717968431201,4.12423068845281,4.48241492397731,3.64048275593793,4.05377269675776,NA,4.21221045823267,4.35479760378873,4.24652428479009,4.17114218944119,3.91868688719897,3.6119955240369,4.13135019128427,4.59531094305869,3.68458281455242,4.08759933909505,3.9824510603136,NA,4.16067561449997,3.90784635631059,3.94079025142317,3.46503052079211,3.67148150726308,3.82601496270768,3.63541155613131,3.66008588590007,NA,NA,3.39762014854863,3.84330270593836,3.87346950153241,3.72035768909113,3.60139324228315,3.68456942138327,4.21522292764987,3.91184806944292,4.04183546243188,5.36751472469619,4.51608294825153,NA,4.88703363939876,5.89347287994513,4.8256994254384,4.95229734327736,6.45143349951857,8.05763038122189,8.6103120314761,5.89915421496614,7.05959660541341,5.92448801554637,6.05453953936546,6.6732530653124,6.770977479727,6.10508320984606,5.3406337518293,5.84885234094234,5.48975767735456,6.58340025178542,5.20430633514454,5.65827487569629,4.72187435777781,4.96777816791212,4.95918392743671,3.76904472910562,4.37464736396465,3.90189831311565,3.97910558205813,3.93469064667628,4.53456925431897,4.20234874706373,4.02653983449514,NA,3.65829804666214,3.96083232935091,NA,4.13792823369258,4.17580356116931,4.20228986710649,3.43100295292091,4.01209319167673,3.77640317475828,4.29314793796161,4.0730435174924,NA,4.11629554351464,3.77642845926173,3.34303458989139,4.6169461995578,4.46080304828281,4.34910234950155,4.41173699397184,4.31668879305798,4.02775286698291,3.6009745544905,3.64750215537349,NA,NA,4.38601883906548,4.0958861013036,3.7215489874359,3.66418222146616,3.32332305053324,4.05696837624778,4.05262161357761,4.01785388656625,3.07575883524733,3.52853507578268,3.96429113116983,3.31171882281675,3.69760297904531,4.15417408388913,NA,4.3201994641652,4.30818026966123,4.39752028325784,4.92472467795953,3.71076346419691,4.27245336794041,3.90030246485802,4.12387564669021,NA,3.97218786244008,4.16938872454418,4.79846231985269,4.11248568594904,3.89713156150407,5.61256293026202,4.51332103544207,4.05936170793129,NA,NA,4.07171797923128,4.00113091617963,4.70654006588141,NA,4.79798866748668,4.97280369495919,4.9318877706897,4.63441898354082,4.89139541567641,5.00792109224903,5.07685075578581,4.07690740147161,5.22706662950551,5.13896240056563,6.92514564231569,6.00971811156018,4.94354360250356,5.53547668887163,4.84811350267627,4.57676600535884,5.08813334298074,4.7439802309837,4.88451682397097,4.61289957714262,4.52042078647581,4.63173404839473,4.68154692285871,NA,4.55946456125801,4.16444605267269,4.18008329015208,NA,4.47811987020306,4.62396975919975,4.21779267570998,4.90820461531138,NA,4.27539593390667,4.2574226194046,4.85573755303732,4.71655474381216,5.10457601376061,4.49651088223694,NA,5.05211721637222,4.37254083344866,4.54553900812307,4.26051622960311,3.92619464381722,4.18483914026882,4.30594522731476,4.09518450092425,4.13755904011433,4.4949167631782,4.0501135425163,3.94894287457916,4.66293773202018,4.76040382438371,4.80941536900653,4.57353148059379,4.7464784264633,4.02252070747084,4.56057433033587,4.51396328739211,3.80429539012673,4.49585591851964,4.08958312309286,4.24261738200569,NA,3.74572082418301,3.14769902378453,3.32611525347843,3.69661727192336,4.39713727647705,4.31319177071171,3.84010317062481,3.53134183018398,4.86243895710482,5.20140028656702,5.4258429695084,NA,4.37360128573061,3.61678785418853,4.73852507869808,4.22142154821437,4.56028799939882,4.35966121143958,4.38068202683949,4.52557451877091,4.60012664879308,4.66334787445869,4.81743347487279,4.89721547142249,5.12255094488404,4.45722363944775,5.0513947929483,4.90053677095324,5.09664830788733,4.0920149011786,4.52974276287605,4.40443148776099,5.19762976017639,5.55048196952853,5.26152060742771,4.29521249980317,4.44102763323539,4.72633678260508,4.82592503228469,4.86989529371311,4.80668388270534,4.77892861721644,4.50555766934362,4.94319598780551,4.75463381129379,4.71200862071387,4.73008499435309,5.17716109150229,4.78543014335738,5.12456636127538,5.51815480199928,5.0854969808809,5.22414129777435,4.60715535099406,5.09582398496774,4.8910894552526,4.6345052938977,4.10383110889048,NA,3.85951986921512,4.41289713695738,4.64069580499957,4.46939190800299,4.28510370623162,4.24202688252964,NA,5.29979175248028,5.29067496014941,4.98995418584036,4.74956419768988,4.8609083480461,4.84393205585098,4.94304220127986,4.34145340038553,4.33983161453952,4.19607763854842,4.13644112340069,4.79128139922155,4.24261543753458,3.62177324959271,3.74299460426636,NA,3.17786557714558,NA,3.73790306733059,4.20083601506147,3.28917270501165,2.73380035009274,3.36467395178806,2.90697106165819,3.44905511245824,3.59104452593683,3.52767088120237,3.74131723666402,3.41078700597293,4.1164104402486,3.53756601442322,3.9222444956551,4.05121294440033,4.12397944287031,4.1229564515874,3.96293012739473,4.88875787904511,4.80817179413236,4.15402267270043,4.30812032061936,4.46320375538843,4.14345975262786,3.6040755881916,4.35606765782693,NA,3.98535688350598,NA,6.33665443036848,5.46796200961414,6.63968386043683,6.83274002043059,4.23616128667397,5.85974915836381,NA,3.27630847802818,3.46159868452528,3.60443064555623,3.85069717047467,NA,NA,NA,4.24503680847079,4.03465300901536,4.17615560896585,4.1137402654858,NA,3.81071312575839,4.64385292929207,4.03599368327453,4.46388658315492,4.49975170720135,4.29680984369922,4.24823596378037,3.8612426872897,4.68983595216257,5.50912742394487,4.25022177222681,4.12715397015726,4.56116179024835,NA,4.06421997421907,4.56092870181618,4.17563527865003,NA,3.78358725449665,4.04258556801246,3.62257454622872,3.92245980639274,4.14716158298579,NA,NA,3.97579814474215,4.33752475807649,4.29111184981741,4.37974708711217,4.06861273824168,4.54175632432549,4.17230777094803,3.69906348046126,4.52786614343013,3.93404060900172,3.76015896205044,4.08880890350365,3.30627894205574,3.63176186637945,4.81930460380784,3.76132019320129,3.50115541055996,3.53871631211099,3.05167726123257,3.2650636929274,2.83696232338743,2.76486849875171,3.09267860076346,2.7174952480195,2.64238809294381,2.85333508062648,2.61535976570673,2.72975419473707,2.6794330619158,3.13104523089411,3.26614904829892,2.70951258425814,4.07105737820299,4.19075912071095,3.48372148946967,3.65070441383897,3.36151158151001,NA,4.26050175510097,4.18267414071673,4.73305441923138,3.8253317395751,4.01999947786571,NA,4.5261422158895,3.93124991115073,3.7732155608535,4.87196884619985,4.87715348046571,4.71467941793016,3.44896250746838,NA,4.5852985906165,4.60764664117232,4.69315373625688,6.33878557879189,4.20553626329687,4.43334289999206,5.60162686704835,4.6279753586551,6.08411792102414,5.34773659432393,3.18927843997657,4.58016382373724,4.37365313314254,4.16968960406419,4.06015649008239,4.68938791561465,5.14647513616715,4.72886957520472,4.37109951219031,4.34507505738864,4.62075626026226,4.49280699134731,4.19814923135979,3.76136824889652,3.61349471754347,3.7302539865934,3.85784211811201,3.77647867609559,3.36471781510115,3.44919294768271,3.67950899643803,NA,3.39123208158619,3.10376912789721,4.92991711834582,3.42852946247495,2.97261630673758,3.27723283987764,3.25637639145343,3.48195415063598,NA,3.37783132725466,3.86682503741191,NA,3.67209720115744,4.17116126677393,3.93969206681614,3.08376217258239,3.44705353292611,3.71041937001541,3.57426751497115,3.10611388951538,2.95461796982869,3.08872308295645,2.8865530707979,2.24084281021104,1.95717632109362,2.42928956463404,0.946128748993308,0,1.5291882577705,2.22335778348513,2.96520526788511,1.90048192924889,NA,3.79522853184722,2.04358696405829,2.14504807067355,3.93362623102327,4.62581690021053,3.26144919039541,3.56676606034315,4.28977680720777,NA,3.1667143581468,4.12611220414894,4.14730110858212,3.68866615347676,3.29384257433652,NA,4.4934222981026,4.06449491557444,NA,3.83211012948974,3.54197520409286,3.36861283979657,3.71556290159203,3.01684486158019,4.54042655553911,4.11418777057122,3.28850611475912,3.84933685194768,4.19297923231625,4.13618922735823,4.22195968967848,4.36309147496898,4.30436347314067,4.2414995078634,4.09914504098297,3.35495399169628,3.71932036768746,4.00161245360661,4.16373351593804,4.31337498026769,4.83399944985269,4.7915163494431,4.18756349509113,4.32206038504402,3.71498986363646,4.71096031845174,4.45634631136654,3.7246204655901,3.84476389573636,3.60401516161176,3.78797308579409,4.00662658807253,3.69455377837941,3.685114641932,3.00782919219675,3.61106133041247,3.92669703568,3.51486208673547,NA,3.40763073778222,3.6796455432883,3.84786098351607,3.94627832596536,3.80700237020765,3.51512933218371
NA,NA,4.03146156380499,NA,3.81302287539188,4.10475133330471,3.72580456483158,4.26401688385091,4.54804840907861,3.97362162305378,4.21923702116816,4.59155150800469,3.71597384740524,4.22603272461051,NA,4.27363672982007,4.4418176498788,4.39689052796104,4.17990352159586,3.92035065362667,3.68545480580416,4.16658447379872,4.75501859756076,3.88884029734478,4.30854614359873,4.17421036643505,NA,4.30519675650567,4.05006931684358,4.05260150069552,3.58439279645205,3.83121206460966,3.91676167961688,3.79679591351927,3.81404915054893,NA,NA,3.67283572414612,3.80273003893728,3.88505403230193,3.81467691485392,3.76469897567641,3.83554940175851,4.30678939004824,4.04171127173198,4.14720438516774,5.49383422573096,4.67401009095828,NA,5.04423716572349,5.97397073098559,4.95387767214278,5.05960419372613,6.56403808224317,8.13200587321661,8.65549981353912,5.94323985565052,7.12791098575084,6.00888889787578,6.07066386101356,6.69341426922739,6.81519040381336,6.1212579916491,5.41637910959197,5.91628182325382,5.52941217914073,6.62869404100673,5.28427186460038,5.75575492768955,4.84694513673673,5.0870870630116,5.07504266202452,3.91076674565256,4.44135488060992,4.00112959092753,4.07763775080623,4.01529070454231,4.66084217005688,4.36437987452135,4.13787730384446,NA,3.78408446367519,4.08847719363929,NA,4.24151899908307,4.28329748066653,4.27070199908597,3.55362207013805,4.10204171289994,3.85643537972144,4.37749807046107,4.14693234432366,NA,4.22182424041407,3.8442476972741,3.47409710392219,4.63283708035953,4.47074211426326,4.36480986261229,4.4654930045819,4.62640760751381,4.01536444646671,3.64419585710411,3.7801818046854,NA,NA,4.45396224743628,4.09167643551446,3.8966039452673,3.71878182452029,3.46461001481919,4.0953561858979,4.07366924333184,4.21007347043926,3.07899773199471,3.62797374120938,4.02017612057954,3.49169606807941,3.95638333529011,4.29275419526267,NA,4.46409358415519,4.44586946396653,4.47992660732322,5.05940780934195,3.86086711485291,4.46480996342631,4.08875901654838,4.34383056075096,NA,4.11242540427117,4.3017244483234,4.98570609180482,4.29680091328238,3.96436550051446,5.62327087184656,4.52911545116342,4.19100233223806,NA,NA,4.2491550496279,4.20111950390949,4.8373088976736,NA,4.88160697944279,5.07453562583323,4.99379269551175,4.75512570749461,5.02161077381554,5.11204345164553,5.21144344185131,4.28648885083676,5.47089986088898,5.17408247550371,6.99966012058341,6.10765709324568,5.03986383596609,5.60843080287561,4.95900975621686,4.70663821705694,5.20515506362575,4.88429896588461,4.99198320446419,4.73372623837669,4.6040552796182,4.7330090782289,4.8253436791504,NA,4.64949554992778,4.26627691581114,4.27510771290574,NA,4.62706224710559,4.80890439055978,4.39656696647873,5.07853254568504,NA,4.37632693172599,4.36826231820202,4.97086862874462,4.83620468221472,5.2120158335872,4.65265273027245,NA,5.20454770016949,4.49264385902607,4.64562006359995,4.36631950853263,4.08690644238827,4.31518276506937,4.44500726249002,4.16200273521636,4.21883686894951,4.47422169345934,4.17778332687062,4.06729418454833,4.75262364390883,4.8564222689585,4.90239334868171,4.69214933769292,4.89610860929499,4.16859611350836,4.62781214370712,4.48983058297897,3.89410936437153,4.52115256465529,4.17385609611507,4.39596140257105,NA,3.83241955842958,3.09361362175755,3.39025285968077,3.86672294341804,4.61668108356279,4.63069964012674,4.09384687971501,3.81927526258865,5.07622390526588,5.35670201857206,5.52986244803438,NA,4.66101637087428,3.94258965944178,4.99035181793821,4.3717374654277,4.65848247097209,4.51213859658715,4.43474548629488,4.62738838547776,4.75862518172245,4.79815316706844,4.91735791425542,4.99146954927961,5.19929700787924,4.66001517109899,5.17174797871461,4.97657684655497,5.32737918052647,4.22012286708961,4.64989905639866,4.54798315576889,5.28043157192204,5.60798996759916,5.30920340499338,4.4594211592472,4.63931279829853,4.8269499617235,4.90224517763249,4.94938170311083,4.87723653114182,4.85875074951598,4.61609704125674,5.03501822412737,4.86066550374733,4.83245376406025,4.90563984966391,5.31536051445157,4.89438929331181,5.21947070938653,5.63690127752637,5.22838922565469,5.34066825558277,4.76644574314046,5.21553968120705,5.0322755500431,4.78615029733675,4.27737869597987,NA,3.95926273224586,4.52882556335053,4.76072988603375,4.6276954541346,4.45674848964896,4.46800315553914,NA,5.51128017857375,5.45079391335348,5.16899305081203,4.95635247372838,5.07291368855205,5.0317487317779,5.07750004425106,4.4834670937089,4.47752762973521,4.37502887082875,4.30973948511645,4.92989303386663,4.42636306229697,3.81573902672943,3.87892320797165,NA,3.40635393484495,NA,3.72474936713396,4.2305679902409,3.42180055106988,3.01505066581374,3.45609379224604,2.66220110219101,3.38210848464742,3.60504802523434,3.60868960468025,3.88667102494956,3.58852511284472,4.25872993582433,3.7198490188408,4.06068106069245,4.22566267822367,4.27799219178837,4.29314003684117,4.12923891631696,5.02785024633504,4.85219798178082,4.31231760802909,4.41658429617472,4.56905233234544,4.26224070995996,3.76268508457555,4.46604764067859,NA,4.10432519413316,NA,6.44725352613247,5.63066095107029,6.71425280129557,6.97059324816598,4.44786094016771,5.97805696986018,NA,3.34553022671249,3.7998379175127,3.73021385920672,3.98411237797173,NA,NA,NA,4.32266739936603,4.28794864151516,4.33674842999953,4.2891593031847,NA,3.99904763568696,4.83540900358788,4.17496696085012,4.57210422300297,4.60948872339572,4.41344653544189,4.41987146052772,3.94780858435167,4.76047335821635,5.4261369526192,4.32676355376302,4.07568830302715,4.57542019658531,NA,4.17480563181651,4.49920689444004,4.24932219945791,NA,3.94582869107282,4.14735538475621,3.78370457923136,4.14896247117278,4.3321384586547,NA,NA,4.10271120113962,4.48503886084109,4.44807783569525,4.51103119859712,4.15534994224928,4.57283713186509,4.27404333643031,3.7643970298513,4.57344303708677,3.98501465287524,3.83418908867792,4.12585237375128,3.35994486576117,3.92700239690049,5.01914028761993,3.89655963446732,3.71711016119104,3.71854567862886,3.29149895293427,3.38215279453728,2.90388946158472,2.93116677569655,3.41029550071831,2.81065326005157,2.81966886816296,2.8913241040631,2.7956952301702,2.81776147087252,2.79334026064525,3.2064674997174,3.35312357123497,2.79660107812781,4.08361454070864,4.28192385131262,3.67456450992286,3.76037810286131,3.54640037552693,NA,4.44805065478662,4.29137295535075,4.87517953587221,3.92317811940203,3.96336145495326,NA,4.56935515558898,4.0261109501929,3.86852238535852,4.93697089534555,4.97040883072215,4.80442208132203,3.64035248465349,NA,4.64975765237005,4.71095910139759,4.77121630634875,6.32719280288776,4.27688571611818,4.52126154790784,5.68771682330836,4.72704520552593,6.15499825970859,5.38203107231315,3.25512774172574,4.64641476135543,4.47791126239235,4.32101608546333,4.16272373939727,4.75475697281385,5.21863127105627,4.82491468676397,4.49160252705104,4.46315222317819,4.69498420546324,4.64545670716852,4.35419766502575,3.84337152302505,3.73004691506644,3.8978068314626,3.8987914328648,3.80075743213514,3.48502945136503,3.60084038703213,3.75609827285458,NA,3.45381664757142,3.16398792921824,4.9540898712833,3.3982948448905,3.1002227113061,3.25431085667133,3.1530457260158,3.58397238316078,NA,3.43926054464517,3.6777850986147,NA,3.60773791845733,4.00294942025384,3.85097907485594,3.42796056216332,3.69499340648181,3.77662421312363,3.49751256304999,3.20488849374166,3.12775823274647,2.85600284896437,2.79105738162007,2.27598811296272,1.98888845149702,2.28483941783779,1.62619880782193,1.5291882577705,0,1.39381012637066,2.81205615853248,2.21610645506833,NA,3.86755664154654,2.61077673276564,2.23093125819849,3.97039087447066,4.85096618452307,3.43781563930493,4.08682022633904,4.54033490642754,NA,3.43000436995418,4.3317390672233,4.42064958497004,3.95597657488426,3.51037133589323,NA,4.701142766916,4.19828059313379,NA,4.02860224186369,3.70245222011033,3.43930663941616,3.88700282569486,3.17710653651576,4.55007773597121,4.1216992433657,3.33139441815199,3.84530763060429,4.2393097226835,4.1583170642405,4.34901179698995,4.41651865588647,4.37139025719149,4.31616306002507,4.15735934160502,3.66924039329957,3.81038355695092,4.13505873992549,4.36224099566883,4.54325417807319,4.93626092000668,4.99579839966516,4.37554637394441,4.52476559238574,3.85782941468722,4.80230814893475,4.58199358358846,3.86680298383271,3.99021102633916,3.74788886610185,3.88725459415803,4.06994817918008,3.79448707152208,3.77346182046819,3.27525610419052,3.87704156692516,4.00786531795998,3.71632950065938,NA,3.58376084438296,3.83953775083248,4.03554879153547,4.10776249994167,3.98658227925879,3.68221330997585
NA,NA,4.30788898462252,NA,4.18999295888109,4.35920931886458,4.12105155225357,4.46103052170065,4.68450193361985,4.05645695849958,4.28780566289525,4.64017350559868,4.03459532544511,4.46368483691895,NA,4.48204090089586,4.58632964426198,4.60056438612129,4.35247094555686,4.10693962723943,3.85609327577286,4.40453554562398,4.97232296725379,4.15842829196973,4.57342370916256,4.4982012634534,NA,4.61796386106026,4.34859963142894,4.30779383416324,3.76966609876059,4.12319609530967,4.24454827300076,4.08856487072667,4.06259113605225,NA,NA,3.92961036351256,3.98793125399014,4.06401181730587,3.98659293923164,3.95621966435972,4.06086473881123,4.63727632453141,4.28345266574057,4.43558233078205,5.81817572687372,4.92568066987529,NA,5.33036060013745,6.24457333599326,5.22342365567854,5.38972130951298,6.89489298760471,8.4498085238203,8.96423744501404,6.31252654027642,7.47344957834041,6.35571800063574,6.40093703613274,7.01160406948462,7.10434552482776,6.40158436145347,5.73972489991126,6.23249700223443,5.86394066820068,6.97311688438007,5.60802344468958,6.00148276699813,5.10564375030453,5.34462727730623,5.37099612791562,4.25253764095486,4.73251361938078,4.31127368999798,4.4012754785965,4.37965747961713,4.95116851858386,4.68189059219187,4.47550775389537,NA,4.11893360383405,4.37597833718881,NA,4.61272420769309,4.61021110816103,4.59734483292506,3.8546035895545,4.40340935827668,4.14134506351272,4.66203956717529,4.46018671168548,NA,4.52217793130116,4.28234386961698,3.80358721694338,5.05563294637671,4.88374002029125,4.71681158376396,4.81798527109606,4.90855421317935,4.49228133452732,3.99759530219563,4.07358651363398,NA,NA,4.79187221954044,4.23443940231017,4.07693702321905,4.05633843101044,3.72717082285182,4.38791242909279,4.4326041939249,4.40753523778065,3.406119236018,3.83447336518784,4.29927461762224,3.79000180329516,4.1817834469574,4.50471891282196,NA,4.77057756194522,4.6586145064224,4.77642278982204,5.32732822374911,4.2415306528828,4.76608149609857,4.30540973205794,4.62339673748567,NA,4.27198526593492,4.48339983398252,5.18729542416891,4.48827662579986,4.23033444147256,5.9541188506933,4.91269811213986,4.52746645564523,NA,NA,4.57056672925004,4.50096363951477,5.14248028402028,NA,5.17511482093582,5.40348747012808,5.39724973055697,5.11521881083759,5.30942006860548,5.4177148646694,5.54340407398474,4.5437548919814,5.6611341264266,5.47354930757149,7.34319332572613,6.44039224739371,5.41763726270305,5.97119517550564,5.31842374071428,5.07351591371594,5.56266920654153,5.21458789657798,5.30647131735051,5.03952173646271,4.92879145748417,5.07960498505512,5.17433123482888,NA,4.97066973500653,4.62914621806249,4.61671088607614,NA,4.94506419753762,5.15312306133668,4.70432481880349,5.36882134526887,NA,4.6909963072011,4.65258553389187,5.25753039540531,5.07903793051094,5.54440196401662,4.97239134038089,NA,5.49834796024,4.78705374087679,4.93689811515118,4.6885255513749,4.41517228101756,4.71440654414577,4.84790895313864,4.54137896919765,4.5539610838382,4.83583383336809,4.62025748158535,4.49073301111291,5.11742105451249,5.2243118088354,5.21029455053515,4.97330410704879,5.12825706618365,4.4517622780795,4.88439453653956,4.80885365256538,4.16984004269463,4.86159546220888,4.50261138806816,4.71950414239989,NA,4.35403524945603,3.67457074135449,3.79943731595854,4.17736167086985,4.92755025470114,4.98454593807277,4.48845434052111,4.22224112441933,5.42293958199228,5.68485887209128,5.744188889422,NA,4.96843912915272,4.22264323270287,5.35496560982711,4.68494229916457,4.98029732123649,4.84821946413129,4.79993817546608,4.88627991522251,5.08620482265372,5.12764103121976,5.22687212897311,5.30037563238792,5.50552133728994,4.95131160283369,5.49144234985308,5.2483149593965,5.54348192329899,4.56159779334701,4.95346324073933,4.84505674761175,5.57354645399327,5.96914870888411,5.72788002074429,4.78258031169168,4.94751858971518,5.15897346195856,5.25729329783102,5.2730726546237,5.21139381678773,5.20378580560973,4.98480451123092,5.39223356486699,5.15743658575757,5.14224165470088,5.20141047359601,5.62687159299464,5.1908079136364,5.50579644885656,5.93020136232386,5.57041078275034,5.66994853697023,5.0830246790856,5.54280804400659,5.34810041304054,5.09131402764462,4.62342777059239,NA,4.3401404073309,4.89029719794709,5.10058592389898,4.9938154721404,4.84396613228654,4.78640955464151,NA,5.7728634008361,5.61736055730205,5.3353209181976,5.18062272094415,5.33739574803858,5.33674392735917,5.33258217942749,4.80416991172749,4.76574974131967,4.65765617387975,4.65811443609763,5.29489336575881,4.71932254658514,4.06747717772825,4.13897739965405,NA,3.7269286869155,NA,4.05918726617063,4.49162220173488,3.71326325426628,3.31074754657877,3.8576895342961,3.07409915495086,3.71284886969677,3.80707613249245,3.91014253978289,4.17720020245732,3.83548795412097,4.54235231877002,3.96701510763722,4.26830763152324,4.43317225159928,4.49280671363515,4.54603652977809,4.42235873512394,5.2483083159223,5.06271165628661,4.47230383532505,4.55724288387308,4.82862951590486,4.4947583083467,3.98691778866642,4.75872283481604,NA,4.33337503545348,NA,6.68532108130109,5.84592466781192,6.99489838158351,7.24831532528761,4.67120229298285,6.28275782441591,NA,3.52720118974112,3.97202481912695,4.06000603208814,4.28845267159095,NA,NA,NA,4.66558429528606,4.64748085449815,4.63006126593911,4.58753791439067,NA,4.28103685637051,5.04974896198881,4.4893470014325,4.87691742798294,4.86878380326795,4.6180829254569,4.71438286111478,4.21313215742138,4.98121527239556,5.7297959891241,4.59725902912235,4.31217984318423,4.72256659501093,NA,4.42809758834975,4.69410960372947,4.52591243354491,NA,4.25933841335005,4.46026432451971,4.10763149722499,4.44186599979973,4.6547672741391,NA,NA,4.45130271028414,4.80885208008285,4.77662723091641,4.85251818333503,4.58934045940001,4.9713329771772,4.65086515262489,4.13793310667839,4.92129921626651,4.3135861473175,4.19511290146226,4.50089226981541,3.69525074365693,4.1787693139166,5.30962590255898,4.05432145893104,3.88605364963865,3.99704357535647,3.52303869298672,3.72532681478216,3.25428560892505,3.21233495404837,3.64011570699093,3.22963459941746,3.17767734523784,3.2054864924203,3.1138438308769,3.02028148687675,3.12116545256434,3.49407527284042,3.73680456872249,3.16295580236188,4.27201006077648,4.51945343587334,3.95530266587738,4.01308488451045,3.88711996590049,NA,4.77264058605633,4.60152018809685,5.18998427470895,4.23394628870424,4.24647666457457,NA,4.83017074926403,4.30639266259925,4.14316094061214,5.2051748595422,5.25309791096965,5.06850694145287,3.92973409362014,NA,4.9279398305638,5.01135428929996,5.10334063431269,6.5459514540906,4.55718984583691,4.84682969377813,5.97325384876895,5.01430689982017,6.44324160856696,5.66979056971367,3.56280236220832,4.98179427549009,4.74643050714235,4.57890168817748,4.42989334851529,5.01068501887587,5.47497251601941,5.07802602807137,4.7453020114954,4.61668732322525,4.88452816284233,4.94361969650335,4.64808410755671,4.18063718716146,4.03873519320422,4.18727617301762,4.15792842198854,4.128238851038,3.82233316149455,3.9745348045076,4.18161968936892,NA,3.83171168665124,3.5969764615197,5.18874956900135,3.83019336419166,3.55283638543832,3.72355099735984,3.50703837043027,3.96178305399544,NA,3.81786425568977,3.97684622082146,NA,3.92310395224679,4.28019538771086,4.14241605102025,3.7645855078226,4.02505986326285,4.07505212827018,3.70324803120377,3.51426180587791,3.46768903031314,3.34336239351337,3.30341166271689,2.81010694036963,2.50780155454606,2.64095633216411,2.19479686634786,2.22335778348513,1.39381012637066,0,2.88819631982234,2.70138691076849,NA,4.22838152538967,3.12190364383876,2.46779039318152,4.0631248585623,5.0402845175518,3.6405128178962,4.31843601484244,4.7484953192114,NA,3.68936873172339,4.54214684592541,4.62792167052064,4.18006794604567,3.78671588148788,NA,4.88943125065496,4.35568504702883,NA,4.29625228256086,3.96082082337349,3.66340233151954,3.98341704537739,3.41801155449821,4.75883125408926,4.41880252306263,3.58005880387095,4.05816824765627,4.43117678911414,4.34066078571644,4.59736097215824,4.6012897414241,4.61844571426629,4.56689255883858,4.45913858209166,3.84177380765873,4.01915373212287,4.40074305583031,4.62314874414685,4.81936975300855,5.19563447408902,5.30223338986541,4.68188810485825,4.84153498934589,4.09594790759219,5.05614867963413,4.89366977393286,4.17321861756404,4.22541858439875,3.9894251952049,4.15120955531138,4.24036785365574,4.00757425687177,4.01984480807562,3.53171331613213,4.113453376146,4.2804686783229,4.00060989179991,NA,3.86876930833881,4.1038800209869,4.34966545989124,4.43446954124368,4.26671996179908,3.99055324345592
NA,NA,4.04888573506212,NA,4.23905268209537,3.7117097860288,3.77780129042672,3.9552694426258,4.11394527364129,3.91750593848389,4.32876128971983,4.68675745618238,4.07191612250512,4.10281935459598,NA,3.93978581721714,4.30494276537887,3.95540857002939,3.91909273513573,3.98392927120598,3.67660205105501,4.02007662324967,4.76379999359486,3.86398474469055,4.33563313980345,4.45932124426574,NA,4.63818112927126,4.31979906583126,4.30382373980829,3.52826203985363,4.09463536936717,4.28959420479644,4.1183383793312,4.11027685005765,NA,NA,3.97041282862724,3.96606111044449,4.04048052992429,4.05184287010292,3.98501937106741,4.19861531679602,4.61248756617236,4.47284626762548,4.56529693348,5.75509600010848,4.95750998174469,NA,5.31681166528265,6.1840875270381,5.23567245080811,5.38691558063105,6.92870512355683,8.50801833799047,8.85300566112188,6.40567017702408,7.54598277862446,6.4189346531652,6.47669048449837,7.10017792256256,7.16604151273892,6.40037955322895,5.91542539291235,6.29217181510235,5.92440403093811,6.83062900647706,5.44083679249745,5.95528581661008,5.04618386010601,5.18185664325757,5.24282665709664,4.08660985125159,4.53565343808602,4.15076281326366,4.309939125497,4.37869263771942,4.75138283526783,4.56316034008593,4.4109272944071,NA,4.01045816059741,4.40463283137398,NA,4.46265919260862,4.64817327822856,4.28145062015792,3.78093501510443,4.27530473147238,3.82021824319056,4.17933958523368,4.16228499532931,NA,4.11328359581765,4.14498987979886,3.75963210093022,4.99129215619383,4.8468345877527,4.31162350182639,4.34731339513112,4.56568298863235,4.37346196924273,4.03478472064847,3.71193039984927,NA,NA,4.2066365638723,3.57115988627209,3.87496555338353,3.88659628039741,3.76119889886554,4.08520556939646,4.20761958491295,4.41302651475479,3.61893261123873,3.82528972542226,4.26158572527495,3.76056594521499,4.2595756873876,4.47596770088928,NA,4.72304251770144,4.54865062117346,4.65262405889904,5.10513836688528,4.21706001095389,4.74818991883687,4.32226168471506,4.6146696408747,NA,4.45293449219424,4.71333802786373,5.27794176774552,4.58247712116684,4.36082633404002,6.14190632086415,5.28171168906482,4.54778729491944,NA,NA,4.55966695111454,4.59268965550268,5.2040034609704,NA,5.28135929632224,5.40820696862796,5.42235148658232,5.05793703817817,5.2718498745903,5.29997599291671,5.40041342787111,4.49979389540521,5.66427434484068,5.53689643706303,7.33523896677862,6.41042101603457,5.47486215138523,5.8649244194692,5.18677365174289,5.08703988873047,5.57796333998268,5.18667937146812,5.21212165909551,4.98111268282008,4.93652065823393,5.06007154546725,5.06644924842071,NA,5.03443169429433,4.64491831369497,4.58487416744371,NA,4.83399820409196,4.88434384741169,4.57285734804087,5.03564954907746,NA,4.47263048335538,4.54747580394095,5.11509667517807,4.72160525956281,5.19979943719196,4.74447551184165,NA,5.09940530965706,4.45752707968933,4.85021992425918,4.58238731075083,4.29895621143582,4.63091756971664,4.82396535726621,4.50864931257864,4.5159802511231,4.63913082404173,4.5071684721369,4.46356174364982,4.99428988429893,5.01143051776746,4.91677094828414,4.79927988265578,5.01342951289909,4.40417335136584,4.68736884913729,4.61786658457599,4.09441036540776,4.85619755238406,4.29387310098604,4.55151601124373,NA,4.58221720277085,3.95895837087465,4.03050902460105,4.33756909236604,5.47257207291437,5.49735371897613,4.91462063788351,4.6373886069676,5.63059499209645,5.95594917269278,5.62267524014662,NA,5.27053710254547,4.3888518614794,5.63277316705862,4.66996729984773,5.03000678427142,4.80754528436176,4.73752802876834,4.6901588410671,5.0264811620025,5.08436979458047,5.19190085389255,5.37351677556124,5.46889292726351,4.81384611594192,5.2132885158925,5.17082886427197,5.37169235357389,4.46954780990743,4.81174144272761,4.48111088908619,5.60253588443405,5.87695789986153,5.7426849917407,4.73288925827598,4.68932122161098,4.99306982351214,5.29551504878491,5.28826829649957,5.23024892103239,5.24812525378391,4.92362008993109,5.3805867168451,5.07920608201295,5.03632647306519,5.11976903614553,5.50596169362873,5.09935304372401,5.31674168968389,5.68539035026269,5.40295421090928,5.53068121839252,4.97103131844002,5.3025876330365,5.21657644581354,4.92011964883537,4.49135370747935,NA,4.15854157110185,4.74573907374922,4.97148374094725,4.6842017747128,4.49951450387989,4.60861516072652,NA,5.60906639658675,5.18789556732577,4.83976111621635,4.79395441144412,4.8256849041862,4.89154347191613,5.11406622858238,4.33655672932123,4.27393432837103,4.15192716538853,4.27111395047106,4.94394152183745,4.59094951847219,3.96675361085834,3.87430287905098,NA,3.63083505623892,NA,4.05859134499969,4.39856788302428,3.72238717555491,3.37284832411147,4.10117410193397,3.2812953176398,3.57669921616683,3.5532541843198,3.88497831504834,4.16359309329855,3.77287349734481,4.33863796380094,3.86940001193445,4.32214929226493,4.59246272720508,4.37491304228201,4.6167251548993,4.45551693496253,4.92519427609325,4.95642669497987,4.5125614050906,4.54799098724017,4.88974330358892,4.4519486333451,4.04638450568736,4.79005935224496,NA,4.34484283422039,NA,6.61821665347931,5.57723653299704,6.95630596641524,7.18563183564792,4.54449065960367,6.26732269420271,NA,3.23475953175364,4.10834732558674,4.08437987458671,4.34232496855157,NA,NA,NA,4.88173417331215,4.61160594887207,4.58558852966582,4.60590829514002,NA,4.16281400365146,5.08127029670145,4.39293941267607,4.81972151044256,4.75419318853413,4.65173476063687,4.66964216795484,4.39716480535933,5.03394435670732,5.87109507026262,4.25543863451224,4.16017386059857,4.70735257642867,NA,4.33867393202089,4.45276925010831,4.41623606347186,NA,4.2741894584968,4.39087507740433,4.0487780550081,4.23948639385514,4.53637033487226,NA,NA,4.04433791777529,4.60091567914817,4.38335426260745,4.4009802652344,4.08475410202646,4.79718804608839,4.37629134120589,3.70761395248881,4.63531454066375,4.0287094809972,3.89136859245224,4.25179150278275,3.89258665371869,4.22758936936536,5.0859060089188,3.82874613616151,3.66640679015214,3.86851754273564,3.51056172038025,3.57290625942773,3.33494309730611,3.28637241164351,3.80465761015168,3.31327885494353,3.30157880744149,3.4120404840697,3.24202445081438,3.38845273760898,3.41993309898391,3.74112503977478,4.0742316309974,3.70235613121186,4.81147957023012,4.6315396857551,4.08316658895568,3.98641478731842,4.2454149307764,NA,5.30806418294779,4.69085412719174,5.45033281551487,4.44662345373258,4.27563653237611,NA,4.82525736435019,4.38011937245924,4.28817182506489,5.13949397687437,5.36854359158193,5.0273064704962,3.973288252723,NA,5.10619570757221,5.19240191685871,5.17108741202216,6.35766208486909,4.42277004037586,4.99688156277904,6.03932259810238,5.13188277980418,6.50548121255821,5.77858887007145,3.6952285581066,5.25022676782213,4.9791831978305,4.69284972532819,4.63516484443513,4.86573613034178,5.54774578246061,5.23809000138553,4.96288374234122,4.7583332943583,4.85613133702126,4.92889685174029,4.65623658331742,4.23246836556262,3.94595971947414,4.15733327193494,3.78511041222453,4.05327575156666,3.69755519361564,3.76725998584018,4.01834472790883,NA,3.48380563117969,3.28429340579719,5.34917012606391,3.647574548983,3.40234101447848,3.40785799247335,3.18986784376667,3.69798556695982,NA,3.56238360813951,3.7746251314881,NA,3.82125956285952,4.10394827345502,3.95593127416381,3.54029018387884,3.7672431308338,3.78657871967191,3.52981358027502,3.19947859760198,3.14587237444928,3.39882090043863,3.17814332287954,2.77198790828082,2.44633538771784,2.4713149671189,2.66986035125858,2.96520526788511,2.81205615853248,2.88819631982234,0,2.39014670094937,NA,3.84467576505219,3.09771681177183,3.39356052555906,4.33774629258572,5.23603653990597,3.92645742318493,4.29901395971298,4.81090193579994,NA,3.9005374672927,4.63594596970562,4.80382943134932,4.545293298998,4.13472142567963,NA,4.88296309122579,4.46575732738924,NA,4.40908718351433,4.19189511170812,3.99320792219636,4.56583604076344,3.80196971898736,5.02966090613552,4.50936251585087,3.77945396178968,4.11907899125024,4.70773603037985,4.62282539377986,4.83693545496669,4.70385460257436,4.62432578077342,4.51236974204112,4.35000190628927,3.85388985762937,3.75869280793596,4.55418562269679,4.87459927447258,5.08472359796955,5.32881738855855,5.40720935324394,4.80485071063529,4.93040975773295,4.16857785619462,4.98797606180871,4.90253075234281,4.14200874185586,4.2465257912669,3.97507565725234,4.0621533411758,4.08468596061567,3.82124231299705,3.76333600591169,3.40435746523998,4.05884610477985,4.2232960457327,3.91814724582342,NA,3.74723525052786,3.83404537235385,4.12822585792089,4.17924833197251,4.00639747457602,3.92233486695406
NA,NA,3.5959003088555,NA,3.47752386004678,3.65997876918499,3.24714133865705,4.04391807240121,4.45466758131258,3.79872999497122,4.10324275004996,4.44067952859821,3.31645643663698,3.784948806478,NA,3.90436905769863,4.09729863992466,3.84293219619054,3.95087257727929,3.92533614429078,3.34125966500849,3.9720129349259,4.29338387421341,3.04517498011064,3.57294210493972,3.62882869652486,NA,3.78753619385884,3.44620098968318,3.59557025371006,3.00877549398536,3.08478910974217,3.20388037851085,3.089276359824,3.21169633167177,NA,NA,2.98623254992165,3.50100415356023,3.63000074805646,3.46607680075785,3.29447031473827,3.34346053240571,3.98406288378576,3.96357972664334,4.01671138411887,5.30655370163136,4.473880153204,NA,4.79456472477967,5.87097430543017,4.67276054410703,4.76505728233661,6.50750426260872,8.14616765711695,8.60186065465495,5.9339793758468,7.09002643099491,5.91821108192295,6.01694412057828,6.61783938870834,6.73186159452817,6.01579436445837,5.29912110561064,5.80134890617191,5.39686980752856,6.42073269897228,4.95393091838095,5.51016678118213,4.5072885941927,4.76709747519365,4.68371833632248,3.44922039054382,4.11238077926876,3.57721821905035,3.70125546381132,3.68371253196752,4.24614860378385,3.9148966812288,3.69385345549668,NA,3.30223825511918,3.69365479441992,NA,3.82816419439233,3.84950688274399,3.88499830842714,3.03523935288932,3.70025609689565,3.39766196674885,3.93700326113703,3.65115168101139,NA,3.73767595758358,3.3677757835277,2.91604167199497,4.22808571773226,4.122762542622,3.96333240048323,3.93031729657988,4.12520592211205,3.74374441888655,3.19947092083836,3.23054956344916,NA,NA,3.84158832285124,3.92446684173801,3.70255621148451,3.52739236364193,3.00251943158783,3.5144504574362,3.32046367849525,3.58609893233289,2.66919434658012,2.96509012746907,3.44185674689145,2.7042518252532,3.35165475766627,3.69877198281444,NA,3.9829550004898,4.08706189328564,4.06155877514577,4.56979683565377,3.33775411913723,4.10385883335655,3.71542133956883,3.90992766604971,NA,4.03512443611178,4.22299147898489,4.86221326470595,4.02437130768357,3.74603983170506,5.67249450696714,4.4483410576924,3.83941625072982,NA,NA,3.65758358645718,3.72614161221773,4.40963420333646,NA,4.60297304563578,4.80296406507199,4.75073572951541,4.45471366246073,4.73823799838312,4.85398841921284,5.00692214516143,3.79402926367592,5.16923285537202,5.03884502673862,6.94229658206317,5.97674759542922,4.84403426269667,5.40295388266198,4.57284432634609,4.32332405727745,4.84587269986724,4.52258281269371,4.6794408849872,4.33939013709165,4.26669664523843,4.30258024359932,4.39991147834704,NA,4.40167687535958,3.91920465709292,3.96934024555404,NA,4.08008793931101,4.06552790054733,3.73969435489483,4.44214679399415,NA,3.85147029443823,3.90448773117211,4.45435900040942,4.28437674184088,4.72750969195295,4.13559499334366,NA,4.60966296936858,3.98199660708926,4.25512050257984,3.93079369671048,3.6200652571029,3.87739144197037,3.97917381932985,3.79144814813094,3.86165415578484,4.19323590963302,3.75791208508078,3.65393482036393,4.26432699957325,4.30692354880565,4.37934210868561,4.14703170885004,4.470685258868,3.65690863162384,4.29147266841388,4.25807188843152,3.40711496921943,4.17562520162785,3.65815723476876,3.77051390023842,NA,3.70248161734089,2.88694724630259,3.33774369670139,3.60510825073541,4.94163528423265,4.85003625277028,3.97806264882051,3.63583087754059,4.86179524655977,5.29697988057104,5.44422862641401,NA,4.45042766596455,3.4995155874772,4.94899193381216,4.11658985170078,4.41172343420827,4.24922141576104,4.21250469614474,4.3184810182798,4.42563127653328,4.50262610052893,4.66417822209406,4.69971592049486,4.99313123695251,4.08798163159122,4.7343405756864,4.64857926716966,4.73371911656695,3.72662445549797,4.25151899704173,3.89795336167953,4.90228408935631,5.41021196001941,5.10983001523927,3.88778448836921,4.04579907629639,4.36930370144631,4.63362197442385,4.68676321338952,4.5649589119191,4.50100902171101,4.18300836251391,4.70963642721805,4.46468450260627,4.44104085212055,4.44742272029853,4.88927202371463,4.52267075203519,4.88871571715345,5.27906428687175,4.68960185798085,4.85409625062785,4.32006381540195,4.74610920975236,4.58097049060004,4.19339149649463,3.64584804634479,NA,3.28247731174157,3.96714097442671,4.25876058771195,4.00342120794028,3.7990837271522,3.8477785924254,NA,4.91052859812727,4.95679120785908,4.65060151709744,4.31536428719878,4.36456864799341,4.3401943898504,4.51495729488981,3.79401180227911,3.79663350858749,3.65590176249018,3.4880536202628,4.16651990539486,3.76706387668086,3.18500520353603,3.14416437453143,NA,2.5411638489297,NA,3.20729698562644,3.75741102056842,2.61180118036596,2.26576572819907,3.13131292851272,2.86674913862581,3.00242790977173,3.13341498327806,3.02017710642071,3.35905152756661,3.02027524824827,3.6271075702794,3.13210645184245,3.7202501344303,3.89433949548139,3.83502673334003,3.80628690705423,3.52552636693549,4.51042347341241,4.5050295137398,3.96769562769857,4.15317129634912,4.25331114623461,3.81608293554732,3.26227621003916,4.14567236925299,NA,3.79825563390605,NA,6.38110932331981,5.43243184473533,6.64773933463663,6.82006532274899,3.92814198313701,5.76230817114468,NA,3.17188641229546,3.79891940282037,3.54241566059174,3.70562319634693,NA,NA,NA,4.20982873630041,4.03565751057227,3.89450013800039,3.93206599415975,NA,3.55434329046081,4.40931683286901,3.69298379849186,4.14409501548321,4.19338376227947,4.06289404558599,4.08408609254072,3.72527070429756,4.62732976909683,5.33385507796877,3.76109507031784,3.7792635068026,4.11472990636027,NA,3.537366757423,4.27188367047196,3.71899077557785,NA,3.34925824591887,3.41790156190587,3.07325621948116,3.36317008814695,3.62892124190375,NA,NA,3.38277976041695,3.79900079590974,3.62495936291053,3.62105107056159,3.30616733068905,3.97073741110914,3.51418114167249,2.96934816222983,3.94904652669391,3.24512427409204,3.03879493165445,3.4261594330822,2.85925300741879,3.30013022146529,4.34434896192768,3.45837829473666,3.01723279062535,2.9041621861667,2.48201855495858,2.56070444026859,2.21984735946107,2.4971372148148,3.03481907392014,2.49861290607232,2.34719836650642,2.43714894158033,2.12829950881211,2.28885598581466,2.18464341866931,2.70233377716548,2.97129527030563,2.44322446401026,4.1496257768183,4.11937669672452,3.39120152525366,3.46865635990656,3.32897588390737,NA,4.36685744025234,4.10514948347346,4.71523911764983,3.77446238130049,3.87059296995638,NA,4.39985357264894,3.74964489008339,3.59386090490373,4.7391259605041,4.78768083504232,4.60093802954179,3.14870270791529,NA,4.58346096839715,4.61900657430701,4.58845504555952,6.36536813143212,4.04588486981096,4.30010971374342,5.53106006443994,4.49031170956969,6.03643878003486,5.29482790686613,2.77831655924831,4.47830845580874,4.21173979132689,4.10286560814189,4.01653418083589,4.47746662368722,5.0942733473621,4.58753618605741,4.29868948984223,4.38869967942117,4.47693810360722,4.03161622617118,3.77005146252131,3.33989316004122,3.05618026273814,3.30781569104604,3.27081675866582,3.21781966543892,2.81451139003633,2.75202367162992,3.05507138217315,NA,2.74306740177735,2.29929778863006,4.97085752788933,2.78828683863292,2.33079549863412,2.50479741721906,2.55059837443918,2.68973011293066,NA,2.58694987149322,3.10953744684451,NA,2.98479753609144,3.45616468636025,3.22867059248456,2.42791662062306,2.66051368974196,3.12817172197461,2.99306292183851,2.44385415187966,2.11806085573052,2.83038000375885,2.28772677873709,1.93894373112726,1.79159991510539,1.94294382959839,1.50241669159273,1.90048192924889,2.21610645506833,2.70138691076849,2.39014670094937,0,NA,3.03492108377591,1.70849311327626,2.52412737037518,3.91508231673835,4.48281370605776,3.14543691548281,3.52731460009107,4.33767523130179,NA,3.08447038516216,3.86272461313603,4.0856625170587,3.74836552730745,3.24598132906515,NA,4.35325036834237,4.06071973879822,NA,3.577076164552,3.31828630336634,3.14978106789145,3.96086128609186,3.04227547966302,4.50739277250441,3.87821566364675,3.11782783534315,3.72539331064616,4.23070156918382,4.13048576174667,4.24715133057729,4.43557556827589,4.28805188046683,4.19304458358158,3.74873052181614,3.52053412976425,3.55319080256775,3.87149429297753,4.28472073447681,4.43948736969063,4.87798696255679,4.71669376261417,4.03085426268001,4.26512333518158,3.59328744780883,4.59786248438208,4.21109241268463,3.34440861028523,3.54969445752965,3.28020056034822,3.42821396142561,3.74772521965284,3.29750491397435,3.18769566969344,2.52743925455741,3.19480714147006,3.47964171471018,2.96222268350812,NA,2.86096783557915,3.06664894216503,3.18664095845992,3.26861900141157,3.25923617408822,3.01341182439663
NA,NA,NA,NA,NA,NA,NA,NA,NA,NA,NA,NA,NA,NA,NA,NA,NA,NA,NA,NA,NA,NA,NA,NA,NA,NA,NA,NA,NA,NA,NA,NA,NA,NA,NA,NA,NA,NA,NA,NA,NA,NA,NA,NA,NA,NA,NA,NA,NA,NA,NA,NA,NA,NA,NA,NA,NA,NA,NA,NA,NA,NA,NA,NA,NA,NA,NA,NA,NA,NA,NA,NA,NA,NA,NA,NA,NA,NA,NA,NA,NA,NA,NA,NA,NA,NA,NA,NA,NA,NA,NA,NA,NA,NA,NA,NA,NA,NA,NA,NA,NA,NA,NA,NA,NA,NA,NA,NA,NA,NA,NA,NA,NA,NA,NA,NA,NA,NA,NA,NA,NA,NA,NA,NA,NA,NA,NA,NA,NA,NA,NA,NA,NA,NA,NA,NA,NA,NA,NA,NA,NA,NA,NA,NA,NA,NA,NA,NA,NA,NA,NA,NA,NA,NA,NA,NA,NA,NA,NA,NA,NA,NA,NA,NA,NA,NA,NA,NA,NA,NA,NA,NA,NA,NA,NA,NA,NA,NA,NA,NA,NA,NA,NA,NA,NA,NA,NA,NA,NA,NA,NA,NA,NA,NA,NA,NA,NA,NA,NA,NA,NA,NA,NA,NA,NA,NA,NA,NA,NA,NA,NA,NA,NA,NA,NA,NA,NA,NA,NA,NA,NA,NA,NA,NA,NA,NA,NA,NA,NA,NA,NA,NA,NA,NA,NA,NA,NA,NA,NA,NA,NA,NA,NA,NA,NA,NA,NA,NA,NA,NA,NA,NA,NA,NA,NA,NA,NA,NA,NA,NA,NA,NA,NA,NA,NA,NA,NA,NA,NA,NA,NA,NA,NA,NA,NA,NA,NA,NA,NA,NA,NA,NA,NA,NA,NA,NA,NA,NA,NA,NA,NA,NA,NA,NA,NA,NA,NA,NA,NA,NA,NA,NA,NA,NA,NA,NA,NA,NA,NA,NA,NA,NA,NA,NA,NA,NA,NA,NA,NA,NA,NA,NA,NA,NA,NA,NA,NA,NA,NA,NA,NA,NA,NA,NA,NA,NA,NA,NA,NA,NA,NA,NA,NA,NA,NA,NA,NA,NA,NA,NA,NA,NA,NA,NA,NA,NA,NA,NA,NA,NA,NA,NA,NA,NA,NA,NA,NA,NA,NA,NA,NA,NA,NA,NA,NA,NA,NA,NA,NA,NA,NA,NA,NA,NA,NA,NA,NA,NA,NA,NA,NA,NA,NA,NA,NA,NA,NA,NA,NA,NA,NA,NA,NA,NA,NA,NA,NA,NA,NA,NA,NA,NA,NA,NA,NA,NA,NA,NA,NA,NA,NA,NA,NA,NA,NA,NA,NA,NA,NA,NA,NA,NA,NA,NA,NA,NA,NA,NA,NA,NA,NA,NA,NA,NA,NA,NA,NA,NA,NA,NA,NA,NA,NA,NA,NA,NA,NA,NA,NA,NA,NA,NA,NA,NA,NA,NA,NA,NA,NA,NA,NA,NA,NA,NA,NA,NA,NA,NA,NA,NA,NA,NA,0,NA,NA,NA,NA,NA,NA,NA,NA,NA,NA,NA,NA,NA,NA,NA,NA,NA,NA,NA,NA,NA,NA,NA,NA,NA,NA,NA,NA,NA,NA,NA,NA,NA,NA,NA,NA,NA,NA,NA,NA,NA,NA,NA,NA,NA,NA,NA,NA,NA,NA,NA,NA,NA,NA,NA,NA,NA,NA,NA,NA,NA,NA,NA,NA
NA,NA,3.37313170144561,NA,3.13910138761617,3.16273471632053,2.67032109370316,3.88210795031035,4.24351470842807,3.76862409088326,4.67040511949917,4.92284946760171,3.13161001037117,3.80209822581661,NA,3.41372743548482,4.15193761660644,3.72483018256604,3.82050365008355,4.22938733699111,3.50282714424197,4.10514075543891,4.71596109962014,2.7004153637165,3.48957542758091,3.90234427942948,NA,3.64993724557737,3.01963429457788,3.71134915359291,2.7179438250526,2.63271226081708,2.8451941720853,3.04195542096707,3.19980237770523,NA,NA,2.98415099679129,3.33700811842336,3.43823093433767,3.38751724403385,3.2499932052312,3.48384729582953,3.76923264804239,4.17465069387302,4.04818059520676,5.38696332141754,4.31581197219584,NA,4.51008851809447,5.77692872400647,4.77651725986914,4.6251809853738,6.67888940734819,8.32319825867976,8.73321234263916,6.15711648339162,7.2345818865076,6.14578126539055,6.13172863770104,6.82972219250504,6.86514034138805,6.06080456151545,5.40462562694175,5.52752753222339,5.2320204008982,6.12516180754797,4.47171707457282,5.24948810130812,4.0436582285887,4.29682401134854,4.15370245287431,3.05983754409883,3.46456945075467,2.91727458725589,3.19832939496399,3.33006681701028,3.34505178268737,3.32342355211006,3.10167134337544,NA,2.70620902236265,3.24123104129028,NA,3.17887548132913,3.39893359120657,2.84529231210693,2.57287267790631,3.21577653148542,2.6776204785476,3.06419479498359,2.75758961948892,NA,2.89141622077237,2.59527953993548,2.58062332211317,3.61912840945974,3.51740320152906,3.01760836041017,2.8213913554433,3.76811059901781,3.07327003177377,2.92421994469788,2.7198384981795,NA,NA,2.63792034346318,3.81658569542072,3.9419512639935,3.57042561390732,2.98415491773588,3.14179936596792,3.10908450728826,4.47633406114064,2.89122411927636,3.41575343786015,3.43782920480104,2.58608310441651,3.59457205368993,3.81705261005518,NA,3.52656463091346,3.81964671597735,3.42176003350416,3.6482530520265,2.69381595653706,3.68960994988424,3.56904411978505,3.52832608010694,NA,4.27109552106592,4.55164329118068,4.84944411998144,4.21718116689388,3.97348122631455,6.1046060214842,4.93937032153946,3.62534468255473,NA,NA,3.35934656964954,3.65973933779901,3.98778983167096,NA,4.61089005806476,4.72861600942373,4.53322217635881,4.08335063735419,4.58581746228168,4.7081060110457,4.87746108390293,3.60386271245606,5.66981530887548,4.99133130193638,7.03636449768001,6.0701079148772,4.75088946556621,5.14872117820757,4.11863257478313,3.91699550872045,4.23725715215413,3.94002685534594,4.27684195507815,3.62167182179759,3.69195424352642,3.68915059281734,3.74818696117505,NA,3.98076436723264,3.52830817921919,3.62749611267288,NA,3.17968041511898,3.07451507588012,2.93371572092096,3.32528342368731,NA,3.02446327904826,3.23505551285937,3.54509135487582,3.24401521304569,3.54480011633828,3.12667318208161,NA,3.12948225815247,3.1307344492085,3.42574451317986,3.12490301418253,2.86821614960182,3.1895188485391,3.25268357806657,3.08901301632959,3.25533517006349,3.30158108051078,3.14358735591786,3.12183516969481,3.51081778883892,3.46588073248413,3.55205743189896,3.34397868917758,3.86037493039815,3.41813020886064,3.89823117685281,3.78796171103181,3.08178116327038,3.84421663110208,2.97508969296908,2.94464801542115,NA,3.97509242426095,3.27887037238923,3.77203841382939,3.88603722664016,5.49453069022482,5.36136117179355,4.3909965415264,4.10538666698104,5.28980590123951,5.8775262812127,5.86553595309444,NA,4.69657703984924,3.67119809376107,5.26998829989605,4.23335924199242,4.3064354372968,4.06639337505838,4.31769342219601,4.20588222266555,4.12236214521172,4.07951946155794,4.5147280962422,4.63807194718827,4.90941540292408,3.47775330409977,4.23264052808107,4.39244204474068,4.27245798908207,3.33361176421053,4.07589892233606,3.64767958263637,4.66496918307815,5.36945342963357,5.07797950653162,3.38959071882594,3.24096145220833,3.90659138512167,4.25359036404788,4.37779994837793,4.26875850640833,4.14091963150478,3.5554395524804,4.24069503314715,3.94976519509287,3.5172254397939,3.94996053625844,4.46258809079378,4.07245288722426,4.38165121809596,4.35916311977194,3.76623104389361,3.95337323920222,3.62374789057078,3.8567888061696,3.76130079409293,3.17266539379473,3.02569896803714,NA,2.54680566487777,2.99847456823526,3.31983486047842,2.87416899172902,2.78555724786129,2.86937287962714,NA,3.74426733471646,3.99074187351537,3.67602185874689,3.18810863747699,3.29406146111991,3.30923024377158,3.71023220471212,2.69037182290231,2.81791741241935,2.67423120851336,2.36719821737805,3.14015133591179,3.21204908412204,2.99292433648928,2.24105410786632,NA,2.52468722699682,NA,3.51226881922544,3.74936753289201,2.73930012226942,2.88274847819696,3.63172261301918,3.79147148194076,3.47001593621144,3.36264991486461,3.12957531339272,3.27198216527105,2.73111175051093,2.99389952562175,2.82559503840912,3.58537355865894,4.06450311312373,3.59650996272754,3.80715016624961,3.26776125203605,4.13744649384219,4.25457480794963,3.86592908980128,4.15338304289692,4.1941703744189,3.75753721887178,3.23633262534434,3.95390957668262,NA,4.02445225056206,NA,6.568592814337,5.47387795087318,6.73524873508425,6.96327628828957,3.95128366583459,5.72130083676682,NA,3.89361153205744,4.93864339339696,4.10543436294077,3.97623140666028,NA,NA,NA,4.40674437771081,3.99049811640133,3.79979696129695,3.6877000751684,NA,3.38413570794457,4.5143029739358,3.51546691488918,3.9372923787491,3.83113397951795,4.00078373080479,4.0391564439665,4.06033153586248,4.96760857033783,5.44264829217898,3.94131100470606,3.98079585814236,3.98144151715425,NA,3.0833785371208,4.36754852216529,3.33851643452545,NA,2.75559581062747,2.63746026402093,2.6103970009947,2.59053255947186,2.68318591904507,NA,NA,2.26629798655388,2.95529881008756,2.51152089074941,2.33032069779665,2.39274156081119,3.48959962326496,2.6944001590569,2.11377240231849,2.92184929406856,2.48450151280736,2.26193010433224,2.61014615259571,2.81918449840849,3.18145469633797,3.51305940911008,3.24788645008315,2.78377665952974,3.0597073175639,3.12297456838331,3.16294647151466,3.10583807051639,3.37540946093354,4.13751964062738,3.36379719788646,3.51169848414938,3.54937857949346,3.27907454962582,3.73865841153177,3.59436756114466,4.07453433367102,3.77492209079982,3.64790407183387,5.04341308693408,4.64450722937143,3.89174132694827,3.88739893331535,4.02761134289555,NA,4.98655767800383,4.74337360615399,5.26903940695385,4.30784128888499,4.11859807347821,NA,4.63968513141869,4.08893682651155,4.02007551965149,5.12365996680329,5.07619436571707,4.94682077482658,3.52686739314588,NA,4.99082747275363,5.06849606354091,4.92324075463915,6.6670774657781,4.58097110241323,4.71243143507694,5.80017769710098,4.78129673812343,6.3045534475643,5.52950281216678,3.35694550033564,4.82932453874878,4.40216368172317,4.38129446279299,4.29119844227589,4.64774721072455,5.35016872392432,4.8459298960536,4.77243563198957,5.04777539618482,4.74696852210754,4.2843255914338,4.02959600327827,3.37372118644215,3.12526783570984,3.35276174805389,2.99860653121682,2.83752937800748,2.80908436126898,2.41465420877107,2.77174864415532,NA,2.29909517835694,2.11227255168377,5.57081165388492,1.99975235933636,2.03976727078923,2.10120598310678,2.44584287450659,1.75097051520959,NA,1.62207690666935,1.88071106297419,NA,1.86486135336806,2.05335600856093,1.9436446768121,2.49743812839908,1.90210859516761,2.58908844406383,2.6083125830684,2.30341061391778,2.20245742639977,3.5726436986648,2.8281063109083,2.76329124426569,3.24353056759294,3.18385276451747,3.39262708512193,3.79522853184722,3.86755664154654,4.22838152538967,3.84467576505219,3.03492108377591,NA,0,3.68902396296549,3.87191797339533,5.14165846355085,5.87915581241014,4.34246517897108,5.08911205484285,5.33231627155192,NA,4.02993981344686,4.57086929666479,4.70163160153524,4.39714321804165,3.82286245544961,NA,5.08010664037043,4.70511017164864,NA,4.43104458850219,4.20895097447326,4.11862843761596,4.85704045448147,4.21587789554869,5.26127723575246,4.33853184724072,3.88250760725791,4.50239910861614,4.8886398516647,4.65163676793249,4.65635317912733,4.73668825059167,4.47686045890408,4.42586519345394,3.38356229957526,4.38522260420904,3.928206857592,3.96626119952445,4.92635709960761,5.1489130863931,5.32723658485709,5.07954835054029,4.38421312329437,4.64374640020578,3.90050222807842,4.69574117206537,4.17194240205515,3.3624670976166,3.93363479990777,3.45977692746295,3.33092413071397,3.6720534875948,3.06279869975254,2.68596041821311,2.65080357682816,3.06680911580846,3.07336243370969,2.61244738937468,NA,2.45006961871593,2.38652341147803,2.27761973632757,2.35669422227092,2.97330048221737,2.70203211782746
NA,NA,3.94569673125621,NA,3.8509288099023,3.94567224613056,3.73418129018809,4.06408533308084,4.57999604151969,4.00662784770252,4.03297218775042,4.43647291919439,3.88618866967432,4.16221196761264,NA,4.32803061780173,4.17179371813434,4.12314248299576,4.34483606575414,4.39204128486475,3.95850574234515,4.56753401955875,4.63350035026244,3.42713474134678,3.72606789348032,4.06739780320048,NA,4.06572221042958,3.68155560104866,3.67057869187803,3.31057530655792,3.40586570261254,3.57531010539488,3.25997995439986,3.53993761486806,NA,NA,3.42814713678448,4.13282925765159,4.20344386299204,3.87282897745369,3.80353336317921,3.78799269101847,4.55645241094284,4.28540445671384,4.53519849531076,5.7122093636544,4.94248616669091,NA,5.27985114400893,6.2043950777939,5.09757751211376,5.23665557007005,6.79789819546229,8.39326575278901,8.83143376818486,6.24457465687269,7.34370495060278,6.18667497698515,6.2803993273284,6.87231162304239,6.99823237496895,6.30706807590568,5.64134546728182,6.11568631326997,5.83204291884353,6.80592174369829,5.40440041080698,5.92318861480392,4.98941153103361,5.32723439333934,5.27212170739313,4.03465762351727,4.58599231264046,4.08598821790697,4.24313603987846,4.21725107221778,4.76291036527368,4.43435925385603,4.23521950223891,NA,3.84075253289436,4.2016013919081,NA,4.37161908700375,4.36372866058551,4.36626690409188,3.58777346304959,4.15705997703422,3.88900074055496,4.39848951044494,4.14026638139261,NA,4.10394809416464,3.89136191506496,3.53248177569738,4.78423990105366,4.64806383244165,4.37241849917027,4.41280714798301,4.31029028394238,4.22073270314226,3.7950271650751,3.6879589899735,NA,NA,4.3261162680538,3.98523327459742,3.86144792922704,4.12669273152068,3.54997959340391,4.14536404155508,4.0669202137689,3.82619433658714,3.31632457463815,3.44099683771087,3.94158485774832,3.35960113503053,3.631892017472,4.11279938520693,NA,4.54384908895237,4.57192796957121,4.5823051523796,5.16808820293625,3.99349907407427,4.59505014190416,4.22695766274549,4.31894250614957,NA,4.36311458051752,4.48961299251505,5.33389543029217,4.53313526957114,4.31966183824538,5.79469908172051,4.65328258183256,4.31058772611638,NA,NA,4.26418093942886,4.19925698258833,4.95512034382773,NA,5.04907684071179,5.25143362007497,5.17927964648024,4.94624815749709,5.19233611727341,5.30101706921014,5.4583906404734,4.25153519870766,5.21031080214446,5.44977348363244,7.25237976054305,6.28904032387509,5.23076654871674,5.80129277465107,5.05326727254861,4.81335467098896,5.3073831594237,5.01461513981029,5.1692722516074,4.81963833100487,4.81916667770073,4.77743182526074,4.800696533119,NA,4.93967960380392,4.43864898037431,4.49354583070016,NA,4.6358924968781,4.51665610086858,4.28783870359582,4.82447463072389,NA,4.33493781108309,4.49085446685836,4.91394730191637,4.67488354569086,5.06236122247368,4.53221553540115,NA,4.99607405526179,4.37441033490331,4.61821188615857,4.35539958387716,4.01990884701387,4.30438068124742,4.39068581788357,4.29625221391679,4.33602915663345,4.60485974982774,4.26318680187279,4.17878981895251,4.74879643941471,4.97025435775178,4.98113235320732,4.81348348237871,5.0905844778142,4.30183956926955,4.93650293060238,4.81965316585239,4.0913774237616,4.86844859076221,4.23076849576189,4.24754773192877,NA,4.16726309663077,3.46981090639545,3.92141117996049,4.14714734308109,5.10737616750608,4.91797508211002,4.05315729648176,3.66622233765048,5.01885540714138,5.39822637003172,5.54210066786928,NA,4.76790034946718,3.8881986267244,5.2908116894902,4.6590453746713,4.97501302802131,4.74883016578601,4.79139687697586,4.85639331240228,4.94160438650596,5.0046031172258,5.18190808405771,5.21957547633044,5.44358888233774,4.55547956129093,5.29382647562047,5.17953247850808,5.15217067865889,4.32985863603996,4.87238895969066,4.46633852754245,5.4881748194193,5.87249246040827,5.58663615092676,4.40120585898239,4.58044691757834,4.96246937086042,5.12911727721883,5.20581861033587,5.12390388922213,5.05685958838649,4.73133412949495,5.20606436493483,4.97189661319385,4.99509590046518,4.99850704629094,5.4370047054318,5.07413894370781,5.36848907657276,5.6902899480719,5.06085937374606,5.25358132799998,4.79963863452176,5.15016415247059,4.87435773818597,4.57203789709082,4.07502514908548,NA,3.82206940269456,4.58098556654997,4.82033603837996,4.44557877955934,4.23436071879424,4.29796767726471,NA,5.42170311519889,5.391868133075,5.03570505289761,4.73104666161609,4.82073048581177,4.81866172727428,5.10890264881684,4.28744942111675,4.27751592725623,3.95927063497372,3.87838988557277,4.75702821267961,4.33595267437252,3.73216663631359,3.7745669297851,NA,3.14097251191522,NA,3.89333237787423,4.42859195802506,3.30422356270005,2.60498676141733,3.33056212464749,3.30633079393113,3.76491411805299,3.85003814249727,3.73203240731454,3.96893224311846,3.50050795459226,4.25873254796652,3.63918755541939,4.27598659693714,4.40780668217508,4.40446057499304,4.23857330542617,4.08027134125496,5.12986118969729,5.11072714482844,4.51727595630155,4.54661736152485,4.75276316405088,4.45126032116327,3.87672140458539,4.74506218785959,NA,4.18682326608798,NA,6.5787705674926,5.71670771034612,6.94196470428135,7.05913952064343,4.38211937103255,6.08503963571056,NA,3.4026406103335,3.77185341665504,4.06041469047701,4.11787527484396,NA,NA,NA,4.54806900456138,4.3307888347846,4.41115525363743,4.45381479489787,NA,4.01009241586276,4.7861422016227,4.10982237006693,4.60630516361962,4.61891154923999,4.36923801950979,4.37274698953244,4.14297241265578,5.00746679985399,5.81992206250132,4.11574090672127,4.26298016770885,4.68098072374811,NA,3.94868785470498,4.59629681457971,4.28868376312396,NA,3.90005688635864,3.95031039083088,3.60433143473105,3.93471986785233,4.16475578511003,NA,NA,3.92297636618114,4.3406745629764,4.23233427734874,4.32268980369168,3.91026729954692,4.70360303198046,4.22043419951782,3.70847926132501,4.64443145429344,3.89242903279978,3.61250560844696,4.02786816246102,3.30780474567345,3.65031971569978,4.96786962049326,3.87716221081862,3.44870574864238,3.29092684438836,2.72683736859507,2.98631919733597,2.72943926842993,2.73298662640861,2.89325238937161,2.85509724822777,2.61371031614101,2.93326250962888,2.54312418596842,2.37327980313349,2.50524429475692,2.81110177586129,3.50246282379206,2.7582691101877,4.34787715578961,4.5106957459081,3.83762597536991,3.8694817373473,3.50029690406187,NA,4.5021507606672,4.37950199580407,4.89187102248847,4.08630178631292,4.4940741272255,NA,4.8022158609318,4.16818502133645,4.04221488653375,5.19701032282949,5.01969762400523,5.04687370241276,3.78138457386469,NA,5.00900874655128,4.95617716170896,5.04788470411563,6.58884931217437,4.46412424507973,4.75514464419383,5.86662275153236,4.90638418912929,6.34740358520163,5.57138031566074,3.33009778544281,4.88627649685192,4.63717303761875,4.57552240456188,4.41765330674792,4.91658260802443,5.36251448259805,4.93744041823005,4.55979217609285,4.57605504317028,4.87938899898386,4.53159760094387,4.31798315661638,3.94728333401526,3.73715357611735,3.88129844952373,3.88655366450063,3.89810588071041,3.39071301618385,3.45971136516094,3.81291247826097,NA,3.66552776940377,3.14335437786038,5.1396227040636,3.48274318319405,2.95788810471852,3.44704146382062,3.50708071715587,3.46800132642879,NA,3.4288368014773,4.012379814773,NA,3.74292322352746,4.23920102020277,3.91013040845826,2.94057578968226,3.25711926272564,3.89914382618969,3.71470524251818,3.15812249635002,2.84720499412333,3.47413505450985,3.13834564143507,2.55127625781171,2.01866796389248,2.67583597640971,1.77768425416654,2.04358696405829,2.61077673276564,3.12190364383876,3.09771681177183,1.70849311327626,NA,3.68902396296549,0,2.24436183575145,3.79545028666021,4.27179058809072,3.0749203579726,3.34795965107707,4.2938646987386,NA,3.0352263010623,4.01445942739107,4.16971335865635,3.87615216256783,3.47706835631688,NA,4.41694053808059,4.17109633886392,NA,3.72445205646606,3.52420229970485,3.4593009615708,3.96268938501672,3.29752434272198,4.78136168497162,4.39748668650395,3.60374477364914,4.22920509364112,4.55506080421796,4.45443056166547,4.44670517466366,4.69180307372081,4.63791606437821,4.53627254381202,4.35587603969605,3.56217186178326,4.02084666649948,4.44008362416465,4.48759686238211,4.57010863288077,5.16954741163469,5.01338601800274,4.41074782223962,4.44155206835684,3.90070813099179,4.9615484914953,4.64588728265935,3.85062185061778,3.84618051597568,3.70333964354872,3.9388500658701,4.25753905165763,3.77083514626029,3.69362988084147,2.92684525455005,3.724555959454,4.14325962330648,3.56845356877604,NA,3.43817074630951,3.64628292766916,3.82827760558505,3.88688818587385,3.68288366472185,3.45896445866148
NA,NA,3.67162543973295,NA,3.50002338639241,3.91006505869514,3.67527083039103,3.90333963458288,4.4551055374597,3.66001652276806,3.53843662464204,4.01460574586116,3.54054610540996,3.87364814330437,NA,4.24944918200833,4.21729210064587,4.18635731467901,4.08054299201682,3.94396262880672,3.6807888697795,4.24332037310056,4.53631373506223,3.5689922294572,3.99557569092432,4.05562040509253,NA,3.93973762875453,3.79597989936918,3.73669877061413,3.3131279164518,3.4489278204089,3.61446118986906,3.35957781437523,3.42216080215887,NA,NA,3.3421797955391,3.89586824994542,3.93461498091459,3.64754430564736,3.48977725357476,3.50120534120674,4.22510745936331,3.9124017932388,4.07211002758463,5.41291909858207,4.56185928982359,NA,4.98186065470228,5.89957708576052,4.79027494283319,4.99664498914149,6.48982916102317,8.05297121088611,8.58075870052786,5.91561999128255,7.04103621048654,5.91983055828648,5.96334071964269,6.58872354047613,6.71951483781976,6.04591534305501,5.31243764662879,5.82230907627298,5.51995744910957,6.58783351417053,5.19111916484933,5.6531824519717,4.72587743544457,4.99032094447068,5.02272752340172,3.85662805943363,4.35715174134569,3.91408031793775,4.0532623802696,4.05729415678153,4.56822022774822,4.32320986895087,4.0680238272661,NA,3.72411878696712,3.93921559867575,NA,4.24596725842162,4.24188626494875,4.28016945948635,3.45835237042477,4.07286577615017,3.82592206791929,4.37460058728228,4.11817347620144,NA,4.16422437326436,3.91411036679053,3.41450876497612,4.70793130591151,4.52695318771922,4.37159131146503,4.47936865195873,4.42711697960907,4.13572798070609,3.57571803680417,3.8116070088018,NA,NA,4.53985647926506,4.2609529448219,3.84064007838477,3.94032079066602,3.30827487522795,4.1509209057683,3.94848435220496,3.64655244392697,3.0839046584296,3.54430099148619,3.77306985031286,3.41599542058297,3.61671893686689,3.98752346827424,NA,4.28273781148069,4.28134749654104,4.33385195379707,4.9708531551977,3.85822695365692,4.35204661929514,3.91465901391786,4.14824947774219,NA,3.87856359725648,4.01675204717376,4.80787812854908,4.07082664117586,3.89096179924159,5.4049424251503,4.1637752661348,4.03751306409364,NA,NA,4.10785046340549,3.98884833356424,4.76287426824966,NA,4.80419257661947,5.03116873054649,4.9997611956979,4.76264402688862,4.92376914644751,5.02838438699996,5.14477574373562,4.09602019468463,5.04900487212946,5.13944727181536,6.95230609124609,6.02778581395042,4.95778227592289,5.56392586310821,4.88372534823773,4.64322392673258,5.1091919743019,4.77683724522157,4.93185002640262,4.60839120327957,4.55276047081282,4.61874723809254,4.69923735338379,NA,4.60097790233317,4.24979989051803,4.27133572028109,NA,4.51780225799543,4.67895832824951,4.2929093457521,4.94988701139116,NA,4.25749466912507,4.32945268974181,4.88244452806187,4.73244571893426,5.08149271885776,4.52756304495564,NA,5.06712532534725,4.44191197507086,4.48667944021798,4.32371008683417,4.02518698252211,4.31986391029551,4.37972534479706,4.19348694292363,4.25161572185657,4.62163656606354,4.26603146272965,4.11058774685232,4.66339456337632,4.89156893461386,4.90180817934078,4.66704558506645,4.81144603957637,4.11630880804574,4.60457531261138,4.54458200175784,3.91006009064258,4.56461914674916,4.09657728966892,4.29795172994396,NA,3.88861819081704,3.09321051514955,3.54713474980906,3.8796659512408,4.56248016730674,4.48211261212942,3.81268683988553,3.41655135560473,4.77846663327544,5.12961408460187,5.29182837046868,NA,4.49261406920414,3.70328698586324,4.77790785702437,4.24918515795668,4.57885991964818,4.4395031128008,4.41582991123038,4.5469666786543,4.63857165766095,4.7097597027077,4.8452331540322,4.89479906456108,5.09760196024181,4.50006525673825,5.08284194741023,4.87605324788002,5.1125814757687,4.13838823866529,4.61604760878681,4.37841269089442,5.22577839084705,5.59303940925664,5.32190111374322,4.31262762366195,4.48674423749533,4.70350120790972,4.80879587495884,4.8823222111877,4.82734443462304,4.81055122068874,4.50913894087743,4.94535778309156,4.75442088446006,4.69714892489122,4.75376315488791,5.22581703810858,4.79092361528829,5.13609211625282,5.48688983319444,5.02447185437906,5.1662376636895,4.63548112451737,5.04055502035226,4.84862382137142,4.6606507208226,4.22149157835559,NA,3.9756692363549,4.52961629984874,4.72718914284626,4.51367146097194,4.33675671986969,4.33853962859593,NA,5.36733258460587,5.30738808218572,5.01600528156266,4.77505582888872,4.88414912299634,4.88480848297589,4.98931592589243,4.35908153975971,4.35371997058299,4.20860734041324,4.20967123866698,4.8044679026856,4.19887346906003,3.62962242642704,3.78414206227985,NA,3.25219416130491,NA,3.81412236903307,4.22357039575146,3.33743463286694,3.00869828402269,3.33200651296535,3.13570561260151,3.62870946462297,3.61568572710574,3.52337668828074,3.69014145132091,3.29998853547102,4.19439884508114,3.58764752979848,3.97775442904847,4.06014035397151,4.05436412712366,4.02770983348162,3.912438949273,4.88468666711931,4.72302651298006,4.0985657647976,4.13112821738552,4.3690214403287,4.09138998864102,3.60360081802215,4.32739815690621,NA,3.87566047613698,NA,6.26840007077249,5.46040925331702,6.64918846218069,6.82290191794364,4.19280947859551,5.85854529087338,NA,3.4690253141335,3.69700450189231,3.60923244889568,3.72586035616488,NA,NA,NA,4.22072495282284,4.11912056289337,4.23752584367038,4.16973777828141,NA,3.82272745011216,4.56200377994584,3.9174471785572,4.35305872639948,4.4279216030875,4.10473259393152,4.25501329351817,3.75629353693275,4.61669057486578,5.43206369475009,4.15311532316694,3.99380678942535,4.47547273870155,NA,3.9002729735526,4.34970991792867,4.06699668607963,NA,3.83140172212336,4.05749441898769,3.75728858545749,4.11550980357862,4.33373516523997,NA,NA,4.14971842757787,4.54286879506544,4.47780348259636,4.50479301263524,4.12480211849698,4.66426602078098,4.26756112664941,3.69977094306145,4.57471191749156,3.73413432735279,3.61963408390071,4.051636704357,2.83694594493945,3.58299110334588,4.90326205745996,3.69560860379912,3.37496808368305,3.39557581091476,2.63417709794066,2.96887533314003,2.50536507249849,2.62345490305136,2.80871661256372,2.68597492608524,2.54730762837231,2.60639773521799,2.44867340755865,2.25692942482429,2.39857044225558,2.69094343882749,3.35019888170315,2.36670498031708,3.45989844535157,3.97184470747319,3.56854150758507,3.67957964595891,3.22533769884637,NA,4.17731551662417,4.07932314260751,4.58624614329403,3.6873907465804,4.05339309677914,NA,4.46315604859478,3.81618580568817,3.68826309247279,4.85487421706569,4.7393277720722,4.72431426370589,3.52135250825331,NA,4.52876969364015,4.52073680777111,4.68900405219372,6.28353216679902,4.0833944592488,4.35668198038041,5.56912678670214,4.59122629979605,6.05848629656807,5.27234591526796,2.97061220968095,4.48131801967125,4.31108011936514,4.25663065219298,3.96853071361821,4.65495684378393,5.10168144781497,4.69984570497161,4.30789567726399,4.2269571533025,4.59022701526207,4.45085559886741,4.24010009904555,3.80531992194025,3.65178241317907,3.79879630224494,3.87957962885605,3.85955465333369,3.37304836785544,3.54922606861437,3.82661461019531,NA,3.61402776498362,3.25485577666054,4.82339668914442,3.61205551922816,3.16217099326255,3.51737522472304,3.46763092114032,3.63541153203521,NA,3.58065254140453,4.13487468521681,NA,3.84907876309882,4.38613409793656,4.15076419548765,3.38740571946282,3.62524937933161,3.88561494597536,3.7823075665575,3.28595190739249,2.99868418864731,3.230076357379,3.14963382254908,2.68240739594678,2.69826715326689,3.15204744384877,2.1647228416006,2.14504807067355,2.23093125819849,2.46779039318152,3.39356052555906,2.52412737037518,NA,3.87191797339533,2.24436183575145,0,2.90184173994304,4.02717445655658,2.82187443513023,3.81524874281446,4.33158609562412,NA,3.11437926398319,3.88917986028305,4.00420911911368,3.56969124695585,3.2043057296252,NA,4.3471706841942,3.93738492828617,NA,3.54914211240802,3.28150723658868,3.02266432420512,3.39428520418422,2.84360770774162,4.2601728090363,3.99540530752421,3.26477348653038,3.72924690029149,4.01866811106128,3.90848928676457,4.06284236029758,4.28445375915632,4.31254756596408,4.24233473469433,4.13134696776413,3.45378129854069,3.76208939642973,4.07522854536614,4.04829064600328,4.06460163225332,4.7638656776964,4.71817279553264,4.10177686631927,4.27833566376443,3.63903779093894,4.62624729689411,4.38293516735371,3.66421301647575,3.56281545940838,3.43697568796611,3.69724050954161,3.92632592750861,3.57979273990942,3.60441150809744,3.07606080102476,3.76462792474796,3.95722806647178,3.6681261337134,NA,3.52921020663249,3.73601269122066,3.9350675224594,3.99714579583319,3.67744631813474,3.44095983346322
NA,NA,4.68075409904782,NA,4.86911700626719,4.85210515984723,4.90819627860469,4.73307755273476,5.03861626814891,4.39685157439878,3.71939688800647,4.27018971999267,4.70680323972866,4.89950418547235,NA,5.05631772987376,4.79418043661145,4.96471644949144,4.83533312077524,4.57207798677561,4.66757704057711,4.8979633334396,4.78794008664565,4.57537711436326,4.66897602410115,4.39896311617458,NA,4.59405198667471,4.57466457886111,4.32997609782739,4.23744949830459,4.46505109445116,4.53887414016385,4.38446254447171,4.37023826909767,NA,NA,4.40406047042931,5.02640725265798,5.09774834316733,4.66463127373509,4.56718828320442,4.53627873512643,5.24694698084214,4.97278889813389,5.18225768187235,6.39731709085141,5.49957427192341,NA,5.87691953376493,6.69340570208077,5.80044283863339,5.90805473442213,7.31808343715161,8.76379608890518,9.24489516194478,6.70487159636011,7.78544384897822,6.70641712253498,6.85486755275191,7.3463511900149,7.41530735962597,6.74719853220155,6.12306396983977,6.68643007711827,6.44392600908445,7.41035480896996,6.11968547819468,6.39689795871458,5.65346749102327,5.98815469297119,6.11661415228131,5.02348411835712,5.35485637058758,5.02967667810479,5.12727105370532,5.10985411854472,5.63996547827943,5.4452855015881,5.20929376785237,NA,4.9126614476034,5.05657672131387,NA,5.4182083677327,5.40157352665004,5.40587573273174,4.59547238809745,5.12396697768976,4.89734967870184,5.40286912585847,5.20661348076811,NA,5.23842733657582,5.14601322619481,4.59941911954808,5.89076145615708,5.67963797930195,5.55418158157764,5.67325352396771,5.63216040442769,5.43143611099643,4.71799346609192,4.99609995335025,NA,NA,5.87027854453468,5.50002199262498,5.20127726986853,5.22036854050771,4.46492325237186,5.29450488755999,5.15422547230386,4.11172405575105,4.41173499229477,4.39320656208919,4.57893665192791,4.56781272516703,4.31555227051696,4.60558571518658,NA,5.32835173047769,5.00139566211416,5.15645373679107,5.90037823179731,5.0540754669178,5.36711958316106,4.96951972390082,5.30011922932541,NA,4.85460124503669,5.02543728181752,5.74660567406284,5.04820662112261,4.81725301610498,6.08257024695677,5.0680163904135,5.04410166719171,NA,NA,5.14316294602831,5.01293931844167,5.7578114229877,NA,5.61742448783628,5.96067047270989,5.95027538515737,5.77368094399815,5.90407612960289,5.9293884685441,6.1010592542074,5.15605856908254,5.39034348071076,5.89057621471371,7.7205520978297,6.76038448794741,5.90034981797902,6.42575661815927,5.81971578748428,5.60818289062538,6.08247168028634,5.78014588580316,5.90356479617559,5.63991762713396,5.57149628841698,5.65904587997472,5.76604841262543,NA,5.65587001895848,5.33466149492328,5.33684568043976,NA,5.60260074215629,5.77204646842077,5.39274978566147,6.03229768159671,NA,5.39667341975154,5.42357666727381,5.89314921583281,5.70364551086658,6.17041504408793,5.69167376006882,NA,6.18871734914669,5.65295789707748,5.66824420172591,5.53660195652952,5.30788912224753,5.56319311129866,5.65857655658597,5.47324513824024,5.50307710278222,5.89354240936122,5.52744737696388,5.45609597613424,5.89014230148643,6.06578564425964,6.08501857029516,5.77827957860015,5.98382546586509,5.4289106394565,5.76986296468754,5.6387119119902,4.99334864952374,5.69037890448077,5.23693911799585,5.46120840458358,NA,5.2328622898528,4.62621518188272,4.89146961287016,5.07933765746033,5.77120251396376,5.66421749088792,4.93750668310294,4.68109807020289,5.82434395108611,6.05309293018715,5.98575279600105,NA,5.63738056835506,4.9077517037495,6.08638581849731,5.40763335534347,5.6881092194388,5.47161037827683,5.47278547179604,5.49242577462269,5.71645634619128,5.7819287491506,5.83431176482696,5.91439295241445,6.02902922165161,5.59857362074829,6.14168131571965,5.95005826121852,6.29159624675143,5.24687377218991,5.71761897776778,5.44772969756356,6.17868421798073,6.49597541485237,6.26184020197565,5.36992740966583,5.6536966926077,5.84498363924092,5.82825787544103,5.8484522891764,5.80266534287211,5.8154830475598,5.62269710302861,5.98457431753545,5.75361487081132,5.80103372063021,5.82896592940112,6.24029835555802,5.86402177525275,6.18585080672305,6.47313224044978,6.077221793455,6.20355918873615,5.77705548055178,6.12068273472456,5.91665624053018,5.70109365662969,5.28582641169464,NA,5.11577860367424,5.69137626835513,5.85047452919868,5.71155173560787,5.57060755868905,5.56069934187541,NA,6.49992045649158,6.32787236061639,6.03093300639028,5.89553746571912,6.06467300667368,6.05340423011614,6.12349600269532,5.57803709999368,5.51208097337176,5.38179804271843,5.37110735994146,5.98364054514673,5.38750429601138,4.84841040179198,4.8761667986824,NA,4.60361629180438,NA,5.07703573514886,5.38251477087104,4.52476247070671,4.32394294154142,4.72030897197055,4.38035847371741,4.86797917304682,4.74575292409802,4.57064367097405,4.80046515321114,4.46768671972767,5.30992839806044,4.76695406837382,5.1587735072672,5.13550458311395,5.16593808423803,5.18251984270928,5.0432431536062,5.81823569904405,5.69098495045185,5.11922804799833,5.02292510943387,5.49398343829203,5.2814461996387,4.67781427253084,5.485949235439,NA,4.64811703380774,NA,6.97202173492405,6.20520336816744,7.34580741495647,7.41733274187791,5.07943585615533,6.58995756381078,NA,3.87067241454895,4.18875595290541,4.62901968770361,4.69122528963485,NA,NA,NA,5.14517551323898,5.14586523111509,5.1494470842756,5.14003116445397,NA,4.74443077164749,5.37715463635797,4.90538143341504,5.22499255546022,5.31402139872919,4.96701823547163,5.13332379815293,4.60861610732406,5.43766529988923,6.33871142366209,4.89689248741552,4.81475663610609,5.261483411146,NA,4.89725379343425,5.0552579538808,5.06072458198501,NA,4.94696620440292,5.14760245726632,4.96714901177908,5.3048506522892,5.53164764652782,NA,NA,5.30904735330421,5.53925442347421,5.57302123475104,5.59167285684105,5.28605913098459,5.81679768724411,5.47633685599033,4.97114473025322,5.73510686792057,4.93069704728954,4.80540643511685,5.23680677600637,4.29140190552777,4.66470053354222,6.02726545931271,4.67885910294129,4.42633008365217,4.31982806043616,3.76400462621914,4.22903667549574,3.84112990143387,3.81165405119314,3.63697896583203,4.18014911105249,3.78100191150278,3.8745185615527,3.76635596201803,3.0566548348699,3.4125649433167,3.50356179413202,4.46149097170862,3.64406346673126,3.95689645960845,4.61458227532661,4.43770321481072,4.52215638625974,4.24353708547996,NA,5.35055602450905,5.00125320331092,5.42721829290433,4.53827335189725,4.92253403045303,NA,5.16380114440941,4.74825352606335,4.49761620310603,5.51378906205443,5.35205364379375,5.49741235779033,4.47466629788644,NA,5.47563498087875,5.38890894349865,5.59328474507454,6.68911709826688,4.8053233569585,5.21496555829021,6.24310511408792,5.32522616640132,6.66364461336992,5.83191299407551,3.80925113890441,5.33556694961614,5.20262246326091,5.22542733266918,4.87989907604538,5.4515618923919,5.70589308490636,5.38298886166289,5.05729064351731,4.74550936999744,5.28987297636472,5.21896058112059,5.05942996116697,4.87875295446324,4.72733378395929,4.85789445400573,4.83730616326353,4.97427758253385,4.53439566641951,4.72061056268068,5.04717871230962,NA,4.93280141494399,4.6299784953401,5.53275078920895,4.96628124629461,4.56921184948591,4.85713817882776,4.80703242723352,4.88345923649754,NA,4.82288057370966,5.39154481192472,NA,5.01423740366799,5.49089097872293,5.26871158780738,4.54889262978549,4.82387817272583,5.13994720114581,4.94485433566586,4.55170343335088,4.27544589851167,4.43812819208588,4.601500207724,4.2927871263852,4.20354799745477,4.66024442435512,3.81813282081282,3.93362623102327,3.97039087447066,4.0631248585623,4.33774629258572,3.91508231673835,NA,5.14165846355085,3.79545028666021,2.90184173994304,0,2.03641952371267,2.52285308948669,3.49961857284976,4.24068814908052,NA,3.26499181837972,3.80344391223789,4.17845669338752,4.06891280379636,3.68085665988025,NA,4.39948125646743,4.04573161804442,NA,4.24424759837779,3.99821378098131,3.64728646983768,3.90448358941519,3.61317171208681,4.65267736214298,4.83445562522261,3.96887523085083,4.49628751687964,4.71261701129485,4.34226598174401,4.72718164005268,4.7176674202574,4.81348249156394,4.77419773393471,5.03521079114344,3.66409226348477,4.24651523281532,4.98376481197497,4.53679019059849,4.55317856511108,5.24076691029707,5.23832712161245,4.78461001362134,4.99483648422613,4.30786050477754,5.24876835023912,5.16693605512619,4.58212744851797,4.18825281551328,4.27988592101007,4.59469309515602,4.63540237364867,4.44170874840557,4.55018453072227,4.1543176724414,4.76584827174921,4.98267787651621,4.72351081212436,NA,4.51816289144985,4.66855939884279,4.97946029277283,5.04464270013867,4.68679579764001,4.4942870376811
NA,NA,5.34466345373813,NA,5.53673662850776,5.63885621143023,5.64662801273946,5.63775228865712,5.94722960452984,5.24540446448714,4.55161981196748,5.3543782185296,5.52401922722228,5.70934214434901,NA,5.9216931855089,5.66251108635894,5.75219565849799,5.78735473939697,5.45897604629972,5.4890373784191,5.77661272351083,5.4347773008071,5.22365527517809,5.2621699902757,5.10397593407126,NA,5.37739511627916,5.26217624431545,5.02859088768524,5.07673011786167,5.23684709322873,5.27436175347117,5.09839251773943,5.16455574638016,NA,NA,5.12538211259605,5.83420850395272,5.91692095381188,5.48119219283247,5.41909201517074,5.36657975785535,6.01535261840164,5.82887272825532,6.00246197496702,7.06015369744045,6.25140226393583,NA,6.57960694471258,7.4218193025263,6.50583407582361,6.58325608904654,7.9400321662207,9.3830472480783,9.85928564551472,7.35097473306442,8.35890756743639,7.34215991295768,7.5282353048445,7.99136827790945,8.07103493840738,7.47880658672251,6.80343834112583,7.35978589490424,7.14728221410428,8.05142706433592,6.81104050575045,7.13328671058107,6.41603080151589,6.75254529074709,6.85380445912376,5.72498160464144,6.10355023832293,5.75096897106979,5.82930461012265,5.80781657946616,6.32445314530254,6.12264567599707,5.91026859711879,NA,5.61877844891726,5.78512013328614,NA,6.072941712375,6.07397239433662,6.11393983423355,5.33522002566685,5.83918727573821,5.65095004566083,6.14131683378777,5.93551017195017,NA,6.0096348102763,5.83704267744916,5.33649997417026,6.55248912236951,6.35007493172139,6.28536920706368,6.40361538220901,6.32234714268415,6.1475030725579,5.46635155241022,5.76645651151687,NA,NA,6.60670115668031,6.35350391833245,6.10562944145568,6.02982488736404,5.25970093495362,6.02118279826681,5.96612480916504,4.86110502569341,5.16835959268594,5.05323294645636,5.42974590498664,5.27467906055557,4.98014578055167,5.24302812764046,NA,6.08187434947616,5.87638574138509,5.94093494567895,6.64643954168942,5.72959070481528,6.0650740362807,5.76515228330563,5.99058812879535,NA,5.70392563089015,5.83740593081327,6.57108508022037,5.806137828108,5.59738186584048,6.72955205807939,5.6715252584391,5.74323558797105,NA,NA,5.80370302123717,5.65362846442891,6.44067625860218,NA,6.29667338530929,6.58799264301239,6.58108307710897,6.40787488241581,6.64738025422498,6.60749502217205,6.78419496064575,5.85723645325536,5.97007596181826,6.56857773847738,8.31130238587266,7.35952986839644,6.53395127016449,7.06826674798024,6.47747345673843,6.28022438100247,6.70989732699337,6.42871079105335,6.59832010245478,6.3274359918112,6.27551565318878,6.33061470406501,6.46438845923893,NA,6.39448796661967,6.03294741519272,6.06863617818852,NA,6.29089687585402,6.41162637858968,6.11207505368455,6.70448453966971,NA,6.09309889833804,6.19141737370169,6.590451562843,6.44112814116388,6.86729072638398,6.43037565215042,NA,6.88105262014121,6.39376673796655,6.3851133698897,6.22066043544825,6.00542107608574,6.27762767539119,6.36440801760471,6.1740190125853,6.17779153030491,6.59679749762236,6.24810477743429,6.16604477605036,6.54085396831298,6.76321326133721,6.79039685297755,6.50539449816123,6.74121403702824,6.19173964969036,6.55386430058216,6.41127394073736,5.7924607630033,6.4430995687799,6.04186416985833,6.20434554893114,NA,6.03087204301627,5.43739637417352,5.80163518880885,5.91311387760281,6.55932248950157,6.41424299449482,5.43645244657546,5.18662907496743,6.36869715810797,6.68178228363655,6.53020675400271,NA,6.27494858194725,5.5786322261724,6.8431483251426,6.18781685779451,6.46152198739103,6.17630263164921,6.20639134073961,6.22889586331632,6.39465166219136,6.47862991832424,6.58668069235812,6.60995459960884,6.73981449022746,6.28387818444334,6.87171800748985,6.6662681239803,6.97880205427767,6.00472706045416,6.46075601966261,6.15254545376758,6.86395987290591,7.18679375671582,6.91660946790744,6.02511720632596,6.33357359399741,6.54476700845714,6.51767160237305,6.5762381421035,6.51398178807268,6.47570191997462,6.30508868896422,6.64648114942987,6.46329793088235,6.50329879690473,6.51196514974982,6.91984529160545,6.58724174218364,6.91462862270179,7.15335097719025,6.7501211738306,6.88498704242565,6.43342087246402,6.79652517616089,6.60433587922877,6.35826793458088,5.9342228829201,NA,5.80250454400471,6.37143791825216,6.52217379569163,6.39253345280997,6.24074120687881,6.26029643676968,NA,7.20426868378786,7.12526321743388,6.84893542900494,6.6551250636267,6.82893923418233,6.77431089581934,6.85642072658895,6.32082645784556,6.29621663719132,6.17339549140075,6.09675085558943,6.70694040575601,6.21410575140582,5.69980431901562,5.65802128664243,NA,5.31603971469999,NA,5.83786659693606,6.18340417013979,5.28278471850658,5.00614424508424,5.44100270713036,5.25162672830328,5.68201189072227,5.56308253574056,5.32372766775935,5.5687492745679,5.26319387486852,6.01381997561958,5.52610433136711,5.90533427988396,5.94686993095699,6.01743644288731,5.98396450602058,5.7332602571113,6.54689018970589,6.43087589330653,5.89848503560896,5.84247127960126,6.31871442372798,6.12260788655836,5.45645147144948,6.25541299681939,NA,5.45358457168745,NA,7.69033067803958,6.91967086663012,8.06045743117912,8.05460431772298,5.86554331985189,7.31380656377228,NA,4.77879739654767,5.01861879770522,5.53265828613644,5.55653137100486,NA,NA,NA,5.93937243051305,5.81669766888729,5.89541989350418,5.93638935842677,NA,5.54276276889828,6.12600492431051,5.65697291310367,5.97330608761014,6.09451995749434,5.78880483057653,5.86884958030823,5.4328337697704,6.25942283501005,7.11885627005325,5.62833118142057,5.66193065993896,6.16479588493613,NA,5.72110674455601,5.94790596525024,5.83654526366042,NA,5.67781414985182,5.88041124537622,5.67495383586607,5.98106475643128,6.2048928662552,NA,NA,6.0333936542133,6.21526423284081,6.26236411949591,6.30243579697098,6.00321209313403,6.49807161144103,6.21899754357423,5.75869722516033,6.45078404832108,5.64876356718319,5.51294651007611,5.94157571706539,5.09970763116383,5.32267589611783,6.74811429690069,5.61532798309734,5.30056800526313,5.05783181801861,4.54740192837328,5.07094287680065,4.68841186922284,4.69590520457481,4.40432298590464,4.96867507803392,4.51776714008731,4.64952888409216,4.5051655364832,3.683536953644,4.02626039753686,4.08181466815379,5.14962437050437,4.29748621676467,4.91570936994761,5.49968081407027,5.21880603098805,5.31094648427523,4.96977413703238,NA,5.94513518006311,5.6964016630927,6.04293902188454,5.25686582140629,5.6876129283895,NA,5.95246814098116,5.59106945473474,5.32464444879724,6.28216220619931,6.01606560682891,6.26983744232618,5.23754925956066,NA,6.21034086370675,6.07977531258757,6.31396434297005,7.45085063201911,5.60739746564489,5.94551683035057,6.87467593701137,5.98710279202723,7.27562135053754,6.44007907755129,4.56264815018934,5.91650097032935,5.88235966560279,5.99848593441036,5.61802248607291,6.21507242545404,6.41074404936117,6.02905095763774,5.74360676738842,5.53383333977934,6.17569348696503,5.85869771234433,5.72646489628238,5.59187180595052,5.47515902806835,5.56008969943231,5.59959534447136,5.69142318007937,5.27938297386906,5.42999578488544,5.73075672735767,NA,5.70875450741229,5.38946214061433,6.34136417534897,5.7262939296923,5.30445582144544,5.59504263125208,5.57866315219126,5.61909550300897,NA,5.53872417138318,6.12115058332554,NA,5.73183354742199,6.18988215371975,5.98747336406822,5.15652855546529,5.5113692608129,5.94974114800938,5.75345155374543,5.35454702116883,5.04488446483596,5.31436443518583,5.40664653528715,5.11287323053809,4.90849807417801,5.4120211558044,4.49924879863377,4.62581690021053,4.85096618452307,5.0402845175518,5.23603653990597,4.48281370605776,NA,5.87915581241014,4.27179058809072,4.02717445655658,2.03641952371267,0,2.87737813364341,3.70127233070591,4.73422823769107,NA,3.6710538615131,4.31662342868638,4.63220849412048,4.534089163119,4.32486498250993,NA,5.02792616659659,4.73010605712927,NA,5.03661021269225,4.78382451290366,4.41422616050552,4.49838286704768,4.35026205063912,5.52230871864228,5.57954431547215,4.71475131064168,5.34057060946012,5.5174922007302,5.11735801804307,5.27804373478837,5.52508362578068,5.62996183859595,5.58510800736379,5.82177586442794,4.4043307171801,5.12238018691004,5.81134890384869,5.14400517703404,4.98915042818317,6.02625595365925,5.99087202468976,5.58792144232947,5.72589721236569,5.14154553513174,6.02040300936467,5.91662256292309,5.34642531789744,5.03348645124487,5.11421430416603,5.37017733948986,5.55317396653071,5.31120009913179,5.39163987510918,4.94085508118689,5.5691646342528,5.76611538127682,5.46696788956086,NA,5.29039271975441,5.43401224353224,5.69595892174335,5.78652939134969,5.50536991295264,5.29675655352312
NA,NA,3.52054385977151,NA,3.90644491460797,3.95615363359727,3.96231432954069,4.09008236517477,4.26141583091775,3.67810022513096,3.09441228232279,3.85190194515163,3.76413958515617,4.11832060612424,NA,4.14528081690728,4.06694778510206,4.06388393303637,4.08088570954393,3.92404833257458,3.82912115118318,4.06811243201108,3.85073345307474,3.54474135732523,3.5025156316277,3.177828343019,NA,3.42446586209153,3.51708981880416,3.34400382038456,3.39668614160102,3.56341102934948,3.54000472476381,3.48905389318333,3.39983937797028,NA,NA,3.37033089212868,4.05338091829852,4.18117273291234,3.77473404681259,3.61756483855925,3.6864023832804,4.24651349900403,4.16495873362383,4.31131427007454,5.52576342455113,4.67167096689188,NA,5.07105282997019,5.9249788587347,5.05025421086818,5.06748488588892,6.56907495312215,8.03133340341034,8.5992707919872,5.91040828608852,7.03308524160853,5.86038544158375,6.08147508593171,6.52889132758435,6.6255393605717,5.93576100211579,5.33947904638418,5.96830978598272,5.65391692237457,6.62842837832481,5.23712776410524,5.60418221271174,4.78392072725552,5.06255239518428,5.23169863595041,4.06601801710934,4.44791722966168,4.08198741436864,4.16209701042806,4.13917605448576,4.6733214295918,4.46738406134111,4.19471231782663,NA,3.93032909690777,3.97563547046904,NA,4.41368449231859,4.41861328033856,4.44804666166039,3.67412720659356,4.14865961162074,3.96767158286535,4.47276095764955,4.23145097301173,NA,4.33911339277619,4.14645823133515,3.67490612938815,4.90432881975314,4.67439806271612,4.67664569256573,4.79898598122745,4.67615201150885,4.55740088116609,3.86730540205029,4.14611162051548,NA,NA,5.01699772236257,4.85120448250431,4.69133536982597,4.64258127964453,3.66451156875626,4.64517752148935,4.6384876306109,3.88533200506129,3.69655826187236,3.87076903044303,3.99072519425243,3.79391748635955,3.6285868114618,3.90754045145562,NA,4.41267109514763,4.01342937025422,4.28339670312328,4.91884789311827,4.12384173816771,4.51839406548467,4.11707382761456,4.37886450655293,NA,4.09806544478917,4.36014517885212,4.94621988820324,4.22592549066058,3.9437569421067,5.48382130122453,4.37295613687551,4.11079744855598,NA,NA,4.25837861414799,4.17079090252843,4.9064992691596,NA,4.77477098680172,5.12928003818529,5.08724399390402,4.87688472731837,5.06918387811661,5.11722598336103,5.29451797121812,4.22178691121595,4.7148637079467,5.03369879039723,7.0498453270476,5.93976631430366,4.97871862192731,5.56659125195471,4.93555381361201,4.69696890938989,5.18789499342501,4.86398527435658,5.01601068901136,4.7089841246046,4.64095245968415,4.69854380959764,4.85645875555421,NA,4.71385766558736,4.42084788788487,4.41177951783124,NA,4.64795755520376,4.83289668523585,4.47124412058848,5.12982952875004,NA,4.5060010088704,4.50299118951946,4.98614613447125,4.83547407731274,5.26506106322026,4.8227031336457,NA,5.36134439814309,4.72074300102638,4.68722200798467,4.5425416992315,4.31284810197944,4.61732336707045,4.70742988194579,4.44844813213195,4.52026329738605,4.91730902502095,4.5194655304087,4.46632082938382,4.92697993925477,5.11791047148782,5.15793193671076,4.79585067532098,5.0363945139993,4.58556517012039,4.90480067107907,4.88970682021422,4.22194188757376,4.74132045089461,4.34630161465438,4.56068584366943,NA,4.52605055062617,3.92416550693488,4.33799469763036,4.54279144514962,5.16752581601727,4.93897407772522,3.92793678210537,3.64924760379531,5.11553682517186,5.38130943673791,5.28035626884112,NA,4.82709010477327,4.0218649688767,5.28757112918758,4.5592826372251,4.77826835905657,4.58204144009722,4.64264746820382,4.65197116639215,4.78930432713112,4.87860382572148,4.97186548385062,5.09850162351936,5.28784774636921,4.69551232983713,5.24949033042337,5.11908843389475,5.45602223844309,4.33934496055742,4.86340525272933,4.5518103400786,5.34964641444117,5.63474736942056,5.38811865167103,4.42928509546358,4.74286610399805,4.99691078465967,4.92207981818539,4.9936379118056,4.9016135731047,4.9088433409425,4.72289306834393,5.11482002611313,4.87266415862381,4.89916323038958,4.91996613773663,5.3208762619128,5.00034900677937,5.34072298507918,5.62960040705936,5.19588479131277,5.30507881867788,4.86120045930883,5.25369303323022,5.06299170449781,4.77868737069021,4.33036937763176,NA,4.16248324408453,4.74933772681689,4.8553671087402,4.77875350789582,4.69109348846403,4.71215481498752,NA,5.67102273131007,5.66085550064552,5.36216085708752,5.19600353333262,5.3940763735841,5.31249870218572,5.26344117635487,4.79776444053969,4.80716632014834,4.71815240559422,4.63253721981868,5.1814284136336,4.74376991438336,4.18829565576179,4.07900254664396,NA,3.72420343236725,NA,4.33239735821879,4.68299599646469,3.76457798706435,3.49300679915344,3.83074123324468,3.82020444782353,4.16798169404833,3.99571442874694,3.75246730663404,3.93562103732633,3.58131610388787,4.37064157439582,3.88560336941233,4.25148524429684,4.28737647631228,4.40697371630581,4.27438394123617,4.06418607502903,4.90276462453249,4.75762881623606,4.20277568626785,4.07700449573417,4.7068776603404,4.46940050399072,3.74992985522933,4.5826581413362,NA,3.78046042025834,NA,6.25777813527149,5.35087098371006,6.66787931874306,6.68201089986128,4.10844961039944,5.67278179497749,NA,2.99489108439705,3.54114642941861,3.7840716513031,3.80887344318489,NA,NA,NA,4.29584059094125,3.98677102144603,4.13364296572694,4.23902515505048,NA,3.89591425296171,4.51966186035253,3.95614439468828,4.34924649638618,4.36894120484417,4.04061899489058,4.38332471566831,3.87525913929781,4.78486341499351,5.48758811014822,4.08919036897028,4.13295999538544,4.64801560307624,NA,4.12001011768427,4.29451382660835,4.27141465431976,NA,4.02317069949694,4.37006684512332,4.08027879674787,4.35425027842667,4.63694552543631,NA,NA,4.44548301603634,4.6582727763637,4.71158829115975,4.78997996875364,4.53545905467711,4.80280800832586,4.59146011318637,4.24274396812635,4.80805846797301,4.12666689552564,4.01797262043048,4.3723729613129,3.71954557076796,3.65102705075501,5.05299527103783,4.03204158397385,3.84450060412181,3.5499541374382,3.34058751924301,3.75457754135205,3.34620242239588,3.26622235750247,2.97030672752237,3.34590114969313,3.00262038626979,3.31585924783681,2.98857084363579,2.5442975291205,2.74633181836472,2.95651127149391,3.73432058789596,2.93225907479579,3.49184789405745,4.04858528316334,3.63661743709129,3.77472611542564,3.52692423011818,NA,4.48090750849698,4.3188363405834,4.57675433027932,3.68017112861418,4.08143348373882,NA,4.37904787500487,3.9114532185904,3.69121525093517,4.79724762822867,4.57280786147824,4.76451685315161,3.61241710651454,NA,4.61115960428788,4.59542610017299,4.76738656703184,6.17074096926982,4.19893013292789,4.35690557310754,5.50967059257504,4.46669413758384,5.80712229433878,4.90921123300464,2.99840328182614,4.28612386237005,4.17522733227411,4.40696851201416,4.05799957083636,4.71694010058279,5.08988102363291,4.61757288793072,4.2522907010593,4.2315604126108,4.82534042354837,4.63049968324414,4.32473425787106,4.00656241047657,3.97435748924735,4.03747065836045,4.09713045244631,4.09308315160023,3.75486226768587,3.89090681821661,4.12343634247339,NA,4.09647570846844,3.88492486631532,5.09547131071687,4.15561579073349,3.77181936543795,4.03938267475921,4.06259203241518,4.07172589460702,NA,4.02825687882468,4.65342220075474,NA,4.26546588922845,4.7041129480837,4.50559135657088,3.75587171107773,4.10436580617753,4.5774163232442,4.42461476407725,4.01449563932561,3.66701030166453,4.12228069075969,3.99679943162146,3.65273189713413,3.50841416017452,3.96870598496694,3.13594289514977,3.26144919039541,3.43781563930493,3.6405128178962,3.92645742318493,3.14543691548281,NA,4.34246517897108,3.0749203579726,2.82187443513023,2.52285308948669,2.87737813364341,0,2.08207492386279,2.97274708093991,NA,1.88277790911165,2.72761671012445,2.68632676251339,2.77890457336051,2.36636810693208,NA,3.35711536155332,3.10771517848846,NA,3.67444884271589,3.45549207726083,2.96464660737056,3.00928325709365,2.96332079556832,3.89674074188853,3.88962020292442,3.00399181741997,3.65455233160649,3.89816226280728,3.2699201147221,3.64361127408731,3.91993044891539,3.96727469285513,3.93191395164053,4.04313418745516,2.76749944044131,3.36467254020596,4.08796011131886,3.75636284879118,3.68936129490131,4.56507536871258,4.76782898335434,4.24116208668168,4.27272922188826,3.48993012813238,4.43796725930169,4.24946004358208,3.67630151496674,3.61233709726965,3.5562066794695,3.77036974311667,3.9214912215574,3.61771479680866,3.69674329780002,3.31684456783732,3.80973029281958,3.99823230923383,3.70968130108605,NA,3.53572523984737,3.7272118022118,4.07926117816849,4.17472274257318,3.68988636259338,3.48018712772459
NA,NA,4.46354655348213,NA,4.75552749354607,4.67960530232354,4.76058557566247,4.80284475901953,5.01084330636002,4.42439378290191,4.01753305077431,4.74895477104067,4.73795895427442,4.98177279487986,NA,4.80138154711675,4.5687659306456,4.78094684143434,4.65596604569432,4.63972458417541,4.55354659257883,4.93907670330825,4.54639219842108,4.31445691454422,4.0764090029177,3.98016925558994,NA,4.37427536063098,4.28700449577919,4.05688670750666,4.10815866893473,4.32694689468511,4.39902451795449,4.24173682711819,4.27945663564404,NA,NA,4.12882077503814,4.8164096222213,4.9017559756983,4.51002115297835,4.47052418410936,4.49957500679536,5.01151506798797,4.90319648723671,5.12004010809563,6.18037418852038,5.37724615624842,NA,5.73750629277364,6.57704514068275,5.69657423637092,5.78192716666688,7.20254577364871,8.60528416835849,9.12040405925615,6.58255007161348,7.62408519421906,6.47002625002542,6.78046985467509,7.24735238308383,7.25144302100925,6.58117941678794,6.05063709672964,6.61673024882858,6.3587797409995,7.27036194849676,5.97033540005237,6.23670588598161,5.51470398758481,5.86625382541425,5.96380338296919,4.81462106338265,5.15122659441545,4.82689820929788,4.92572174829986,4.91203167783897,5.35874780268734,5.16066990463195,4.95840323483876,NA,4.70486393393949,4.83550029853819,NA,5.19178297914353,5.22254422350519,5.16378104308947,4.43333885284266,4.88369658268534,4.64742032240046,5.1058594637653,4.95194792669032,NA,5.03408614537724,4.95654855333968,4.46009100302891,5.693761843,5.50102773251099,5.36272032140383,5.52045118806402,5.32302576968984,5.29704948489415,4.63539174720043,4.8210312372836,NA,NA,5.69977192362575,5.28760979195913,5.2284058251946,5.30750497740725,4.43258348989816,5.3607012732634,5.35433776471239,4.50896881377311,4.51232386841036,4.52262380275298,4.78378112942058,4.53334126813919,4.32688122000372,4.57627092482409,NA,5.1923456194034,4.75124254709878,5.0683989462523,5.6783291054953,4.84455837401432,5.15694422169902,4.8057397381261,5.06638426494552,NA,4.74965471003361,5.04225692498752,5.78971296995686,4.99333662184057,4.77629397391474,6.03600751428203,5.02826085061638,4.87876102380608,NA,NA,4.96675464246051,4.83902575799901,5.61814768297043,NA,5.52680284707657,5.8021808702506,5.80350201007246,5.61161118348931,5.86783578753232,5.77847391880432,5.99597419740089,4.94227559539095,5.1056699906669,5.79058539127359,7.63695015470312,6.55427430691293,5.69711040957349,6.23524601117917,5.64309974992997,5.42366045099214,5.89400809994815,5.53753282681024,5.71003047777307,5.43933294041404,5.41431830123165,5.45275027551599,5.59906385376682,NA,5.52234750770149,5.23633313845436,5.2009799049137,NA,5.3821900747418,5.51377916056778,5.21098524711729,5.7983443913506,NA,5.233464761627,5.25471352266801,5.64803438157556,5.39382252387929,5.8919001318106,5.52292328911839,NA,6.03487500632835,5.44753312722347,5.46978268305016,5.28829566290688,5.02475054378141,5.33969160406645,5.4464553616884,5.23992857245264,5.27386232426339,5.6667041183629,5.32510077166915,5.25721501785769,5.69758093498134,5.89966062307956,5.86788422886685,5.53906618177104,5.75861009935014,5.29166135797786,5.66686389576574,5.64204042226797,5.04337191017601,5.62839394822631,5.17765256821797,5.35161174031767,NA,5.27177299134132,4.75873743305257,4.91581539032696,5.02668508545757,5.64847318121986,5.42172467344107,4.6134453322653,4.36202420090389,5.6232113155948,5.8443900405679,5.7474984304802,NA,5.43710230305394,4.71732239966393,5.98223600808084,5.32370293713995,5.54832984856119,5.29412413311253,5.40597314839284,5.354654436603,5.5316113962515,5.61981358258917,5.74630028080204,5.77670316070837,5.94942894020292,5.39822901614074,5.97409246132914,5.83786723551288,6.09782575016004,5.13251142637522,5.59182026057873,5.25490720467438,6.10100349897378,6.39980282106308,6.12479246934639,5.12212520716682,5.46078184500027,5.74037446972503,5.69204589350501,5.77311287054286,5.68725261705941,5.66752513652324,5.48630844383134,5.85138073579419,5.57675201056502,5.61944564451954,5.60697292163099,5.99241378655005,5.69882491607717,6.00642513999055,6.31838518699761,5.90042695717295,6.06461885994689,5.6171219725815,5.99975834262973,5.75244334192873,5.47891617670201,5.03008882679923,NA,4.91378015171945,5.50824327414501,5.62327289503376,5.5286989014281,5.44228954919279,5.42125890197337,NA,6.3296976530828,6.21667299786231,5.92505766847016,5.8278265955808,6.04724444317638,5.98461098754695,6.02033782761007,5.5227316463673,5.49455538812907,5.37768078183935,5.28635536051287,5.87287526282715,5.50381836716675,4.8577266142609,4.78709557936609,NA,4.38847265904481,NA,5.0200802948728,5.36537913775134,4.44403071605819,4.06764020353116,4.44134438337346,4.45681985716714,4.81871558541813,4.67709884382808,4.51966346527011,4.67952422926081,4.38068767900899,5.12462012569677,4.59796223603524,4.94632181078655,4.98218007067968,5.09618866092817,4.95593291361908,4.76630287543141,5.68067758723706,5.63548110973121,4.96230140853142,4.67130405467708,5.35187076143845,5.13766548050504,4.51023409732428,5.3479318539552,NA,4.45412365971081,NA,6.72972756306367,5.91640597729426,7.2417252874917,7.1716278175034,4.85035926825245,6.38573487902125,NA,3.54609331590067,3.66870813556637,4.53639813360798,4.71685008692823,NA,NA,NA,5.08390646358624,4.78639552764383,4.89326466542796,4.98801728337096,NA,4.60950082194781,5.18245443685427,4.66702398878644,5.12522198602941,5.1156755137786,4.81000614683004,5.05953975943656,4.67603046214716,5.52292405516993,6.25024556829196,4.6690368736156,4.88025397311519,5.31938199704437,NA,4.90689580448941,4.97949938025768,5.11389586373666,NA,4.77385090320563,5.08315518551708,4.82333947009909,5.06215785784114,5.33280238517136,NA,NA,5.1620638463753,5.31659547202954,5.40274194328126,5.48390314339202,5.30302713588598,5.69885844537116,5.42060792116316,5.0250382456135,5.61365927848135,5.03325983624441,4.87497365754654,5.18114706919894,4.59843299020342,4.36155372460994,5.8199646730773,4.74473311943146,4.51575838529785,4.25207942826184,4.07133358719793,4.4777492417877,4.10700189248375,3.85672228336355,3.67429398436784,4.07032189374679,3.75217171104025,4.0558617974495,3.70157534290112,3.38551462841939,3.56266645257932,3.74204924697781,4.41686261437365,3.76593423004322,4.34593048742409,4.63665740573182,4.3574440668391,4.40313926980674,4.18409208219964,NA,5.16773730846073,4.87997671695434,4.94107255766812,4.21334469791491,4.89425120250465,NA,5.05716758400551,4.62080226387982,4.41218409433993,5.46819747438856,5.0935777418503,5.48837595451691,4.36791101559622,NA,5.46134716123719,5.29674233212427,5.54952948158495,6.65471770206911,4.88444127283343,5.12373944803268,6.06265616936263,5.16277345464091,6.49418700600908,5.64227282538125,3.86483061341603,5.13578919808491,5.04508216606337,5.10791242742811,4.84053045541687,5.37476969515955,5.56152808561011,5.23376252160017,4.93902345833348,4.65158350206248,5.36302282602536,5.2007398310358,4.97781998179189,4.81271722688892,4.73044161755146,4.7279940398562,4.74903608635697,4.87529701621614,4.52194306018106,4.68114139444002,4.93547709672904,NA,4.89545805887956,4.66579744885267,5.56708787156333,4.96921915241351,4.57539163642954,4.84141050606065,4.82268635158355,4.84179469503184,NA,4.79290257624889,5.36480456524503,NA,4.99191760366495,5.41858453482359,5.21510303005416,4.25300435240236,4.72851416935313,5.30071170435834,5.05958297145869,4.64344534433724,4.34744788081313,4.76938817893717,4.7100482165994,4.35776747525096,3.95822744039197,4.52669776285056,3.49666240367332,3.56676606034315,4.08682022633904,4.31843601484244,4.29901395971298,3.52731460009107,NA,5.08911205484285,3.34795965107707,3.81524874281446,3.49961857284976,3.70127233070591,2.08207492386279,0,2.7400623031283,NA,2.36854554348739,3.48853951826898,3.31737972958097,3.34935018741259,3.24429439069963,NA,4.06622363588918,3.83610443174977,NA,4.204916409697,3.96478101676177,3.6493679521631,3.44902784847222,3.60903482141919,4.71838908620541,4.72723982010278,3.84957902805403,4.62719514510772,4.74092341663487,4.22026460654573,4.33304876797374,4.51099593141846,4.646485587567,4.60524877335634,4.88908725304957,3.04658326774502,4.06629358707639,4.87525718955546,4.33795871248921,4.1204696622637,5.29136028891748,5.38824539749218,4.92851112457297,4.77021753343418,4.15234515441064,5.03913564528652,4.95095714977014,4.47539515232715,4.22085995915214,4.2745843728187,4.45783236151211,4.54443470424614,4.36332384895998,4.50026791880869,3.99185462394442,4.56640562702241,4.84624176092384,4.50225801986118,NA,4.31974115184422,4.50164571258075,4.84859688526429,4.9474454209511,4.59259309884843,4.40742308659541
NA,NA,4.59363849416565,NA,4.98995834126083,4.87887927372392,4.95079049906519,5.0557875365307,5.21795852150783,4.71693508776074,4.52032922192239,5.21675137959419,4.94117930511359,5.29158173821345,NA,4.96135121792517,4.95216271359193,4.98732587556405,4.96686752301242,5.00971944234587,4.89690460808987,5.18454890992382,4.86178001842747,4.59092558936556,4.55131006043037,3.58813962883999,NA,4.34598661118114,4.46715189426385,4.32269137008609,4.32944389092518,4.64950507298812,4.60296259059472,4.48284747432055,4.34897143690598,NA,NA,4.31539350298367,4.96162274845341,5.07082832880714,4.59520273413024,4.54627374962855,4.58993640932757,5.09029588357351,5.01597164877157,5.16445963449785,6.29744620971731,5.34872252008199,NA,5.74148144981509,6.59360030181527,5.81908766382202,5.85202311089502,7.34830658654923,8.83663259987165,9.30450731382713,6.72213085853274,7.8161869608048,6.58937425353347,6.92516575388422,7.43491105715965,7.42884176903634,6.7248840515119,6.14035745652489,6.72334131256771,6.46715921491572,7.38303869560496,6.07498785419577,6.3320713660033,5.57069949550965,5.91449524811856,5.95892507673012,4.88964120281415,5.1947701780848,4.90370193810119,4.99355026528916,4.96809687382419,5.4330544928785,5.24303634191961,5.01742414118235,NA,4.80210418359188,4.85367200416195,NA,5.26522940518388,5.27963529834255,5.23864696794468,4.58889967027026,4.94427994432938,4.74085572500521,5.1940144920556,5.03454544470054,NA,5.14977402088533,5.0748708779418,4.63657879728176,5.83293604555861,5.60329388827795,5.51853386404675,5.63887436359463,5.52717217668768,5.44277212452573,4.9146750174917,5.05883153346817,NA,NA,5.9561960706839,5.57308646385358,5.57574340561981,5.63860008525011,4.69883148287544,5.65400855760577,5.59372085486205,5.27270485832531,4.8449578639472,4.9450666687308,5.0180928626578,4.77467318405417,4.70298407511373,4.86307052263383,NA,5.22615685163354,4.80143895185749,5.0724816589714,5.69834016184969,4.95087013960299,5.30065235040318,4.96652063171857,5.23563657557812,NA,4.97681861139514,5.24030103547082,5.96256189750052,5.12340617827056,4.8408946592022,6.36467059186842,5.38084868319992,5.0213136652894,NA,NA,5.10654533427584,4.93950362101391,5.64786125797887,NA,5.6170782038642,5.89344545571861,5.88507722498998,5.69768755988229,5.92180032340703,5.89860596361314,6.12384057578903,5.08022493780348,5.49831406199882,5.94679445570477,7.78972195868625,6.767239750893,5.81599548714922,6.31806971849706,5.72641261561628,5.42526172013064,5.98424320241024,5.65720621194788,5.81825946877343,5.54328104000337,5.53201438083841,5.56830415323891,5.76160403325685,NA,5.60096778737412,5.32143584473377,5.31508659645303,NA,5.46122978477272,5.68303042789737,5.28367095128382,5.82774238969713,NA,5.38486577408449,5.30937975757518,5.78370877455927,5.57298808031005,6.03754402709343,5.6289013452912,NA,6.09101554822762,5.5816309664221,5.57320140363845,5.41471252356096,5.14851162488632,5.49595184820233,5.57187780456821,5.38234676379222,5.44596700342793,5.77531915888971,5.484891721295,5.38963968560704,5.96325281779834,5.92894317379342,5.95727238529762,5.57921449182256,5.86515208255088,5.43665982882253,5.77182209088128,5.84402543500918,5.25797540484371,5.76027107676082,5.28824512108261,5.53393891535457,NA,5.54668595396944,5.0553670923429,5.17163916393814,5.2834825010888,5.83361305440257,5.59323037902958,4.64770555257769,4.41278938659445,5.85566031884999,5.98929858140626,5.78633601824656,NA,5.56223297659607,4.8085570157994,6.04012591842296,5.41942052802284,5.63361715650292,5.42774672240993,5.53327063971472,5.49683598584559,5.61092791185403,5.70429872519991,5.840175172266,5.40409233966752,6.00949758135223,5.45920408805009,6.08241539759219,5.92908238575496,6.24588468905646,5.19952263269474,5.65253524303607,5.35464115916164,6.08723475201147,6.41464564335448,6.20649222562686,5.15915447232311,5.53354735474037,5.75526541968193,5.79160992336031,5.83417230535987,5.74756177259616,5.69030058410596,5.48874824412567,5.95350614969936,5.69050794154128,5.65725480290362,5.43179338762114,5.95325773049717,5.57106962156255,5.9973361630027,6.3206658939838,6.0480519139446,6.1400270135993,5.7082949008949,6.12314622474774,6.00404477649222,5.69832098554784,5.29759405730037,NA,5.05668039670199,5.64689505838054,5.70427342838993,5.68718473633243,5.58597477310429,5.6062690043858,NA,6.51012707677477,6.30181508193198,6.05963757796429,6.00255235370583,6.20388097908616,6.01828791911589,6.07975293752697,5.6152010520666,5.63260868733598,5.65724879604958,5.573854555629,6.02481587022628,5.65256399084679,5.05670853842275,4.92832733479204,NA,4.66093029175628,NA,5.26469851357396,5.48916154098076,4.64869647498969,4.40149964313603,4.84180204752679,4.77463581142702,5.08309865604377,4.92247082988034,4.66599026858903,4.86057933626273,4.49894318044834,5.23142589673922,4.81324169848235,5.19577247167154,5.27846688983505,5.2380540514127,5.1242112688822,4.92706688926246,5.70284860618473,5.75057214564609,5.09798097771876,4.89098347325627,5.49639586487856,5.21744229562797,4.59119895444022,5.47767770867835,NA,4.47540458198508,NA,6.86276493739845,5.81579039835415,7.34494796496735,7.3382797404464,4.89095448315845,6.48466220157981,NA,3.7904161173028,4.27567042715359,4.66245315450473,4.77913906404496,NA,NA,NA,5.14019582042159,4.805111020322,4.80159450619427,4.99716486584676,NA,4.61737225728849,5.19864853623438,4.7378224305944,5.06191655679201,5.15414201012475,4.98428780900603,5.25719938046173,4.82341574053481,5.71854298485194,6.46922951004783,5.01578672664527,5.04817262516543,5.45502094960473,NA,4.98377287204456,5.05732691073565,5.16922239315055,NA,4.79600861967533,5.2438448764364,4.97121768724124,5.21581413917815,5.50853971751279,NA,NA,5.33661300760876,5.54972740128825,5.62208043191244,5.69778545868909,5.51916181088537,5.76904919776859,5.5551023335984,5.23981280534294,5.71688100945557,5.24516095972264,5.13104406011382,5.32828208365227,4.88955955066444,4.77888642996585,5.90716247685363,4.82116557279105,4.73900676820641,4.57010064940507,4.38697793005005,4.76242375991488,4.39215252414792,4.16104713256851,4.31086960362438,4.27406690542076,4.211113649454,4.41530366164945,4.10374807330042,3.9144834714798,4.16398866589994,4.24503173401213,4.87115949632389,4.31042152036032,4.81671476397649,4.82556503960896,4.46949374719827,4.5634201949006,4.41923978234768,NA,5.27309367488216,5.08074056846925,5.16855360149153,4.45931194441984,5.02963379859036,NA,5.07406774794858,4.48974168609309,4.3846769269201,5.49957435930739,5.16718904889872,5.58437625427043,4.48531563264789,NA,5.59334396754113,5.46796586658589,5.6300298378906,6.80427019221377,5.08268501983646,5.26651990230726,6.2229062512096,5.35157038918627,6.65231847115226,5.84431732731081,4.00015427394941,5.3124339052742,5.17658139739014,5.18324537315216,4.98507497327531,5.460128501163,5.71935447412086,5.38522297779996,5.22622726546148,4.93794698102763,5.45135683808271,5.39084543669941,5.13419738965478,4.8267372864616,4.84225059762877,4.84029198638227,4.82568321502149,4.94336117522067,4.63415535435434,4.81682130165582,5.02267546036733,NA,5.04732476194266,4.85685439131336,5.86249935582226,5.13500039477634,4.7586286675385,5.01032429790127,5.00969142508687,5.03547458516829,NA,4.98839982084842,5.58545902063869,NA,5.20626034959131,5.62183474144763,5.4238145138761,4.65302742964484,5.0633075665046,5.5085232113115,5.32584388405093,4.96353424011119,4.72614266485961,5.1799069427877,5.03063621895451,4.64634712690828,4.41391416587249,4.90223950342968,4.1520624627449,4.28977680720777,4.54033490642754,4.7484953192114,4.81090193579994,4.33767523130179,NA,5.33231627155192,4.2938646987386,4.33158609562412,4.24068814908052,4.73422823769107,2.97274708093991,2.7400623031283,0,NA,2.78724276430066,3.80266729304666,2.84452997078065,3.28388550779275,3.28036803349246,NA,4.48957971318734,4.22915498109358,NA,4.36354660013541,4.11146357356279,3.93806945063445,3.9328122918525,3.97770375964231,4.79893511066516,4.82550011543368,3.97803343414058,4.7393417668119,4.78061767243623,4.13897378039736,4.33207932427121,4.3342374087365,4.49826526864718,4.51708177292202,4.84422910168517,3.28697063388646,3.98531081524565,4.69826746233176,4.48232912519564,3.68599604456211,5.39337254350871,5.47770178611142,4.99955008574899,4.95880394629171,4.1115821769553,4.9632243364554,4.87024674363527,4.44145084312966,4.3666362368277,4.29166544647358,4.46159356277095,4.40599091245388,4.25846000930576,4.49034369115716,4.09065398790329,4.47074155705156,4.80161657725859,4.47189772361888,NA,4.2565071601414,4.49495629663597,4.94099542750487,5.06293895048991,4.60828306821527,4.39795257538869
NA,NA,NA,NA,NA,NA,NA,NA,NA,NA,NA,NA,NA,NA,NA,NA,NA,NA,NA,NA,NA,NA,NA,NA,NA,NA,NA,NA,NA,NA,NA,NA,NA,NA,NA,NA,NA,NA,NA,NA,NA,NA,NA,NA,NA,NA,NA,NA,NA,NA,NA,NA,NA,NA,NA,NA,NA,NA,NA,NA,NA,NA,NA,NA,NA,NA,NA,NA,NA,NA,NA,NA,NA,NA,NA,NA,NA,NA,NA,NA,NA,NA,NA,NA,NA,NA,NA,NA,NA,NA,NA,NA,NA,NA,NA,NA,NA,NA,NA,NA,NA,NA,NA,NA,NA,NA,NA,NA,NA,NA,NA,NA,NA,NA,NA,NA,NA,NA,NA,NA,NA,NA,NA,NA,NA,NA,NA,NA,NA,NA,NA,NA,NA,NA,NA,NA,NA,NA,NA,NA,NA,NA,NA,NA,NA,NA,NA,NA,NA,NA,NA,NA,NA,NA,NA,NA,NA,NA,NA,NA,NA,NA,NA,NA,NA,NA,NA,NA,NA,NA,NA,NA,NA,NA,NA,NA,NA,NA,NA,NA,NA,NA,NA,NA,NA,NA,NA,NA,NA,NA,NA,NA,NA,NA,NA,NA,NA,NA,NA,NA,NA,NA,NA,NA,NA,NA,NA,NA,NA,NA,NA,NA,NA,NA,NA,NA,NA,NA,NA,NA,NA,NA,NA,NA,NA,NA,NA,NA,NA,NA,NA,NA,NA,NA,NA,NA,NA,NA,NA,NA,NA,NA,NA,NA,NA,NA,NA,NA,NA,NA,NA,NA,NA,NA,NA,NA,NA,NA,NA,NA,NA,NA,NA,NA,NA,NA,NA,NA,NA,NA,NA,NA,NA,NA,NA,NA,NA,NA,NA,NA,NA,NA,NA,NA,NA,NA,NA,NA,NA,NA,NA,NA,NA,NA,NA,NA,NA,NA,NA,NA,NA,NA,NA,NA,NA,NA,NA,NA,NA,NA,NA,NA,NA,NA,NA,NA,NA,NA,NA,NA,NA,NA,NA,NA,NA,NA,NA,NA,NA,NA,NA,NA,NA,NA,NA,NA,NA,NA,NA,NA,NA,NA,NA,NA,NA,NA,NA,NA,NA,NA,NA,NA,NA,NA,NA,NA,NA,NA,NA,NA,NA,NA,NA,NA,NA,NA,NA,NA,NA,NA,NA,NA,NA,NA,NA,NA,NA,NA,NA,NA,NA,NA,NA,NA,NA,NA,NA,NA,NA,NA,NA,NA,NA,NA,NA,NA,NA,NA,NA,NA,NA,NA,NA,NA,NA,NA,NA,NA,NA,NA,NA,NA,NA,NA,NA,NA,NA,NA,NA,NA,NA,NA,NA,NA,NA,NA,NA,NA,NA,NA,NA,NA,NA,NA,NA,NA,NA,NA,NA,NA,NA,NA,NA,NA,NA,NA,NA,NA,NA,NA,NA,NA,NA,NA,NA,NA,NA,NA,NA,NA,NA,NA,NA,NA,NA,NA,NA,NA,NA,NA,NA,NA,NA,NA,NA,NA,NA,NA,NA,NA,NA,NA,NA,NA,NA,NA,NA,NA,NA,NA,NA,0,NA,NA,NA,NA,NA,NA,NA,NA,NA,NA,NA,NA,NA,NA,NA,NA,NA,NA,NA,NA,NA,NA,NA,NA,NA,NA,NA,NA,NA,NA,NA,NA,NA,NA,NA,NA,NA,NA,NA,NA,NA,NA,NA,NA,NA,NA,NA,NA,NA,NA,NA,NA,NA,NA,NA
NA,NA,3.67576688523922,NA,3.87254813111294,3.88673330400786,3.74872544017321,4.1361210472504,4.30211978031737,3.6456910475601,3.71288047747655,4.24363955319321,3.65166324605904,4.31586219279962,NA,4.04003910723136,3.87675342459778,3.9328219297007,4.00900212356341,3.72916079707007,3.64321304085545,3.96518450460153,3.65734837891421,3.08791671617129,3.08503934716959,2.91325730338395,NA,2.93997677302566,2.90179318640535,2.79746217160934,3.01409313241913,3.18537128499111,3.11651023397187,3.02062240257547,2.8801051685734,NA,NA,2.82839365180761,3.60925140837321,3.70394951194256,3.1732230904198,3.13474637185828,3.11968916531146,3.92144954470762,3.72361301144969,4.10386059711855,5.28063212170356,4.32072088227105,NA,4.66333048846628,5.64286205134094,4.69231899817366,4.67368776520092,6.22350316133611,7.83855028488461,8.37328771183083,5.55540164400517,6.78373928137253,5.5208210558433,5.79123940608142,6.24125045713091,6.44320616646526,5.72614833899808,4.94709738441573,5.63741526703335,5.31074392914249,6.35539400944733,4.92099722652511,5.30698904590048,4.40807810009889,4.78472200643272,4.86801704730346,3.67509634977572,4.12019901383567,3.7009460650039,3.77407986394282,3.75884863314157,4.26050246780805,4.00462944351517,3.73629249245336,NA,3.51856507157099,3.68688364017371,NA,4.05042443856536,4.01767277962375,4.08120920686382,3.26615611991517,3.80052724269856,3.62005384945033,4.12943442346574,3.88715642303828,NA,3.98911032800761,3.81144507898231,3.29459093317146,4.64787131150334,4.43540837213578,4.33543093799662,4.44503490543317,4.41072997814587,4.23335805193065,3.5879698473168,3.79521591915364,NA,NA,4.62902990999705,4.54916931166359,4.41695780222097,4.36357601785998,3.29995374972117,4.25852514100528,4.31351949904876,3.81341936571132,3.44931392396685,3.52750324249151,3.561526288835,3.38254443295195,3.28336610459894,3.60530067059552,NA,4.04249736738576,3.70976621350427,3.99725972056005,4.56652859153747,3.70856012716246,4.07770966426832,3.67921351079618,3.9066472227173,NA,3.69382702275029,3.97103363683529,4.72856945142499,3.97552090820477,3.72924270673962,5.4136931816796,4.29530503560669,3.79980837271896,NA,NA,3.86907930082602,3.74138564892891,4.45455741967118,NA,4.42835976184852,4.70598001229014,4.62718521441838,4.41948054002067,4.6809455973313,4.73386418471674,4.9828933462838,3.81083022400296,4.23846385805444,4.78939038937492,6.67729427550985,5.54244286863761,4.53466368481685,5.1988670978549,4.54003686769534,4.24288451082215,4.80716745422808,4.46168275836525,4.6843170525665,4.37385375463178,4.33032831069882,4.38597473084462,4.5691522741978,NA,4.49068541889237,4.15888941270059,4.2031378326463,NA,4.29488788984418,4.37337126781037,4.06933001183361,4.75808551804867,NA,4.19141302887668,4.12991938258944,4.58511908053069,4.49546083907185,4.92737048845302,4.42384650385914,NA,5.05224215352028,4.41542289483396,4.40759423588767,4.19609609394971,3.98552295601574,4.28876939428824,4.43617830497049,4.15852141718441,4.20355222074666,4.6129408003523,4.26505114762042,4.22183480017142,4.78744907901492,4.81387163320504,4.87777159406273,4.51834713728478,4.83691758840719,4.32170134323911,4.7153626293144,4.79288599565532,4.06471703555403,4.64094115044275,4.14503867563146,4.27759503758729,NA,4.30654822421624,3.81950019748836,4.12019189497815,4.27127846832229,4.85148704875521,4.5286493959196,3.35080139167089,3.04972958787333,4.60800763835387,4.85409017102758,4.70354086277205,NA,4.32485073978505,3.53311630171019,4.87434163603939,4.20564276173502,4.45164555636362,4.18515088622078,4.22018263727052,4.25359369687741,4.38261076848319,4.47884460032547,4.58682742988372,4.61309166131315,4.8055904307624,4.27837742238236,4.94963266800687,4.74264828355813,5.11871051671098,3.99429234838278,4.53382923516973,4.17821346727576,4.97671485456363,5.28762360724521,4.98719430742572,3.9499347204954,4.33505570528683,4.62328392581353,4.59651347081914,4.62475164569001,4.57488076598633,4.54107854235485,4.31289391166316,4.76491808791924,4.54686007699146,4.55345684827525,4.53515513554592,4.96048200682651,4.64688610063882,5.00750188289346,5.37911706000182,4.84825485395776,4.99719696003636,4.58149755942926,5.03899941870342,4.92199713379191,4.52270544551385,4.0631534725758,NA,3.91245701012677,4.46339537547246,4.50496277151499,4.5285365480049,4.49567395021731,4.51967480422058,NA,5.42181388317501,5.42598638282537,5.12123793036008,4.89401734401421,5.12881624618007,4.98837975510201,5.00466118361557,4.50881723565553,4.56653338838402,4.44153290842045,4.29375974004433,4.82818216536918,4.53681797970211,3.91387186520923,3.72911366633416,NA,3.40963767357349,NA,4.08799016790513,4.42457170848532,3.39782433123902,3.12985444148772,3.67367718863188,3.65764414843821,3.87234885110809,3.80907994144453,3.36228465177429,3.49423223045757,3.1792540216666,3.96338269504107,3.49431906318704,3.88005262012147,3.90160100430415,4.03300759732348,3.86565820856645,3.55786012343459,4.55812366093402,4.65984766209442,3.7757455318611,3.62035070817392,4.18877698593695,4.03941521686895,3.25243760459523,4.23844836911369,NA,3.33182017794682,NA,5.94655917219247,4.96161559338288,6.40617778936038,6.23985599702738,3.5493601996582,5.23532839188688,NA,2.90180256358888,3.60416916741658,3.54508677036891,3.52947337458389,NA,NA,NA,3.74490807968415,3.50614287739634,3.68430005518663,3.86495726368538,NA,3.45250018620194,4.10304982298925,3.43678267785597,3.95752501591529,3.98866389289614,3.77735616183564,4.02065011888526,3.67089179190364,4.65318911502624,5.39644368948554,3.86225171334255,3.81364855132353,4.34566768303195,NA,3.68835272570308,3.89311293080907,4.01919059421213,NA,3.69783486433256,4.02712292978085,3.76472985859785,3.97137378320174,4.28782054995297,NA,NA,4.14719501314154,4.33176975565391,4.43530901268345,4.47268536981251,4.28514552195946,4.60653615075458,4.33151714047906,3.99089762638286,4.53124111480666,4.06094761002235,3.93135834573584,4.18144219404569,3.82235608226512,3.68308623615154,4.84827389255844,3.87776563239704,3.60152164045301,3.27971945594092,3.20717140930308,3.59005493000771,3.18295611828861,3.02311077772751,2.9995803889158,3.23459769404302,3.08294178384621,3.33605501242883,3.02309712197357,2.88191017552799,2.94298385039536,3.10401272915392,3.55124201844594,3.02980296936207,3.43905813365052,3.61892919941493,3.13755628602205,3.18708821659118,3.10379462074424,NA,3.94241811712135,3.98174580713938,4.237023728768,3.40564067742429,3.82315008335882,NA,3.98812039851792,3.48020110774262,3.23876898163918,4.36746916870206,4.0740730534789,4.35722919930689,3.17900675634487,NA,4.4753878867413,4.40957178965675,4.40944009228698,6.00004310061986,3.87789647737192,4.06228812172388,5.10772162894411,4.10902787463263,5.63946188025946,4.90109663326254,2.78420318910002,4.25929464459448,4.08438927914728,4.10532678461346,3.91908035790914,4.4172938949453,4.76815317535031,4.31520653074928,4.16445935678991,4.14248434716035,4.55793515710347,4.13000524195885,3.85814751474352,3.63546044695538,3.59361196389945,3.64354905429589,3.70694190070558,3.70948423980069,3.39744450671498,3.51620269980459,3.75335915921711,NA,3.78996034303839,3.60192463485075,5.04954841990771,3.82440887686429,3.37549280113254,3.68984495083362,3.68190577202238,3.69455099385537,NA,3.6861083291668,4.3140452024143,NA,3.89917036663917,4.30172893478125,4.10776988392923,3.47038700816232,3.77187504578616,4.28723013299908,4.04468223275474,3.63389062278294,3.22524110709599,3.78482376685167,3.67274213213189,3.31107779473007,3.26222599963017,3.71300233814824,2.98704193763213,3.1667143581468,3.43000436995418,3.68936873172339,3.9005374672927,3.08447038516216,NA,4.02993981344686,3.0352263010623,3.11437926398319,3.26499181837972,3.6710538615131,1.88277790911165,2.36854554348739,2.78724276430066,NA,0,1.95851078030819,2.20532578420403,2.14817111870454,1.65719685910625,NA,2.94358065253781,2.6311673754201,NA,3.17812542533657,2.82313512289564,2.59510973105685,2.77739360769755,2.61243514153566,3.73943747203743,3.62251819718337,2.76035882315943,3.60170551984771,3.8184445255552,3.36004152133471,3.52634698057385,3.69546688150016,3.61128253315073,3.55844556689633,3.64825055551387,2.45105915848508,3.0168535872837,3.71294992909685,3.57470696598481,3.42400675215005,4.34592419444861,4.2352331278589,3.68193408913084,3.95080894582867,3.10743854843515,4.13283006393597,3.786732714981,3.25013950197576,3.19758921559336,3.17558925560433,3.35078314640479,3.57301810226846,3.29276316944726,3.39596856612888,2.89526140687201,3.42469722757913,3.66540291640931,3.30266285458277,NA,3.16486151709352,3.39768773895698,3.66649737374579,3.79967720357137,3.31073019171599,3.16338691549419
NA,NA,4.0538845902535,NA,4.45959530875568,4.36521167723072,4.31720424508306,4.46273103608251,4.46591423847471,3.96593085279915,4.05550599173111,4.63660716271407,4.12096308001593,4.74807419285926,NA,4.48136097092931,4.3064330628182,4.18923293174949,4.63605718317615,4.24332040114707,4.24396809962747,4.19340949047446,3.6337136152691,3.52894986342586,3.5488433158992,3.20007569923503,NA,3.33251416044841,3.52036031349072,3.25162893946978,3.68024838390936,3.92024451328586,3.91229311242223,3.88970536749921,3.65195100050092,NA,NA,3.66098852497848,4.36590792677456,4.40080866883705,3.88918530771226,3.89596912208265,3.87847030852206,4.49899319557276,4.431066594672,4.69481822958667,5.80539069708432,4.8852208118274,NA,5.21006777351043,6.10907494490201,5.26302633131626,5.24508435023251,6.62683158423016,8.30213189319159,8.77198202736149,6.17961225273266,7.34509836813798,6.14789139360666,6.47288016340209,6.8823264105939,6.97602859778271,6.33948846880083,5.61537770991776,6.17178292896741,5.89973155625705,6.84963839806761,5.49216434046071,5.81607528552964,4.95135340355128,5.27334242761082,5.44485896981912,4.29070364821952,4.72314883396689,4.26978431460442,4.37152596574492,4.3771254109656,4.79940774558311,4.58042327920299,4.31913674832113,NA,4.12629663133062,4.25447078715071,NA,4.70450128352104,4.66133573454186,4.72882278756409,3.86687658127996,4.46395741626995,4.27601511971407,4.80525335453351,4.53042233164479,NA,4.46358944269267,4.46532347791186,3.88498111225898,5.2341252820309,5.0423076692485,4.90839115893933,4.97549158087603,4.96299708976813,4.87573371501617,4.16115038032777,4.31547557130452,NA,NA,5.06536244560525,5.1328194434802,4.96220333792493,4.80523540981681,3.7661027741156,4.50308836356906,4.70888810301452,4.04119902834937,3.98870914978085,3.96057015314597,3.84722899763451,3.9971623572724,3.75263790507072,4.09303675455402,NA,4.59020838034014,4.12285540520453,4.5438788444977,5.01587336412886,4.3534212796447,4.65412921768811,4.13107382923732,4.40103889086495,NA,3.98764285972577,4.46684908702981,4.96893670369174,4.41158512868375,4.19582823319421,5.78799098275949,4.83296371470167,4.36869024650355,NA,NA,4.48755704282467,4.37788396577732,5.05714850963067,NA,4.86835962407791,5.25324231669432,5.20445087447556,4.95141780251713,5.00655299671631,5.21968101578757,5.47838669719642,4.31638804818494,4.51277691779035,5.4068988483956,7.17322327534326,6.10812244568639,5.18559177075511,5.75329410752479,5.08001144753949,4.79486500007487,5.38640940732545,5.07266740972528,5.24112972609914,4.95489075144,4.86170944899823,4.92321298781742,5.08369350783067,NA,5.04941525834129,4.73302063084823,4.82225560214708,NA,4.87078191056064,4.96792187437724,4.64706975613623,5.32981730803364,NA,4.78590659072186,4.6678491971886,5.08209094383843,5.09600563646288,5.45734056371219,4.94452723508915,NA,5.55411539448268,4.96183649670989,5.01383374513019,4.74976199448852,4.55235916855666,4.82941646405252,5.00352905455413,4.74889824747093,4.82083787775655,5.17470250201088,4.831586661259,4.8241852121119,5.31686370043907,5.32712398556132,5.43672679261407,5.0461005081251,5.39827206916575,4.93181119532624,5.23896976793378,5.30247971039547,4.60447211865791,5.15114238144114,4.66985834088653,4.8790438354023,NA,4.96100749565284,4.49865971864045,4.8003897219952,4.96489256339475,5.56001351931329,5.32660165250708,4.22764456601235,3.99143943770503,5.24264321390688,5.60544686187697,5.51701644611529,NA,5.02692160599979,4.26569426221929,5.49518705236451,4.77431714288741,5.00495612758891,4.75852679182917,4.79995466523471,4.80638638739581,4.91327674649062,5.01373275114131,5.16243314357242,5.21680940366418,5.38057490627312,4.83139885146603,5.41871985293665,5.26524108481754,5.6443122915081,4.51817109620339,5.06800248683688,4.80275847777949,5.54102142126131,5.81368317493531,5.58042105956972,4.59247877646142,4.93038998756809,5.17388462953847,5.21317864403583,5.25672443419572,5.16989426589225,5.14447203058479,4.92324112073802,5.39468440275346,5.1849052542026,5.14388561034605,5.15380955739726,5.59496054211146,5.2794121902772,5.61988329712396,5.9382981002765,5.42712454000085,5.57664746683391,5.21591224457579,5.59754013984382,5.51457750129561,5.15183184577282,4.77127652963404,NA,4.59092045769411,5.06438441226536,5.13023341042058,5.1365570586581,5.10493504794748,5.14455606224329,NA,5.98795236770238,6.05481091073003,5.73722284530724,5.50514976784982,5.63971713353262,5.46613885575676,5.53362991713899,4.99850146398986,5.07493891926786,4.89191124296395,4.84918417191888,5.36515882658784,5.12094336366995,4.51991480657411,4.32204716801458,NA,4.05384621836728,NA,4.66578329815974,5.0436866979057,4.07755862623688,3.91651524252515,4.49484419879843,4.44931906571641,4.5374511198097,4.44762881085185,3.96392267615738,4.04989802761708,3.84130198351025,4.5534935895625,4.13204077076904,4.48467758413794,4.48284333891382,4.58053672960486,4.43986121775903,4.22156725314897,5.00320944537251,5.11960433000571,4.24989829783149,4.1396986411714,4.73106223953817,4.65157362188836,3.79483268894996,4.72351427736691,NA,3.85933238039186,NA,6.20029971484461,5.1908756847881,6.78823653344603,6.59985043801133,4.02763982078115,5.6295570307245,NA,3.4960327782403,4.48621053791439,4.18106090719568,4.14447632747204,NA,NA,NA,4.47714328206081,4.05026548680624,4.29437334898962,4.48685849983375,NA,4.0453194538906,4.65838881967892,4.05716244398822,4.4153793378974,4.58078085238252,4.4649869618662,4.69299538755714,4.24740433525655,5.14064545260292,5.98667421717733,4.5218337110686,4.49631261374257,4.9281294166226,NA,4.36788648607698,4.63291433202571,4.533532778487,NA,4.32578020775646,4.61834770886075,4.4567356112533,4.66074702206828,4.96563563129677,NA,NA,4.79133636883247,4.95929999223049,5.0712352677779,5.05107431328911,4.8828574320792,5.15079805574787,4.89565001047746,4.47827277143618,5.00361151648624,4.54905842788715,4.44827623713504,4.68980803768077,4.38629837725587,4.24562998911464,5.29943106427821,4.45783569743192,4.14155458515942,3.85209497867878,3.7842352365778,4.11111031699917,3.77563196282299,3.8811196216808,3.81736536193423,4.05363696512294,3.91274943664106,4.129231700597,3.93122089981928,3.91276443632566,3.81054027548269,4.18190017858767,4.28814515435714,3.86341000901562,4.18461822849312,4.1752920957195,3.8201436150316,3.77041330473216,3.85232884447938,NA,4.74835091701552,4.65725558601739,4.99813885375978,4.198209267516,4.31818304469021,NA,4.50124807954931,4.12966372073397,3.89854563214029,4.84504334031327,4.65320714449088,4.83628269656129,3.78821254650149,NA,5.03300107961728,4.96544853853194,4.93218330221169,6.38122901229592,4.36274367674037,4.59536179916289,5.57886492107006,4.64007271575835,6.09913143942772,5.50303138909357,3.43673014292847,4.89647769359263,4.7263039884387,4.71475852569872,4.53434541920735,5.03070446390706,5.38659824961252,4.89751472584043,4.78703238135014,4.88108489537644,5.2299823843504,4.70067014772244,4.46508645471163,4.31074324231396,4.23972177758574,4.32677751608393,4.40394871052442,4.37268580384837,4.0546449504806,4.15785030961047,4.39147293296426,NA,4.40456197258817,4.22200970682991,5.67909484250904,4.40599534662884,3.96068188837698,4.28748076718831,4.22466429605463,4.25907666409538,NA,4.29135386330367,4.89419525793915,NA,4.49643218054776,4.84581448251831,4.67228356316688,4.16335718070046,4.37783919281171,4.82985845817833,4.58822150308315,4.17509442753319,3.6941080680072,4.31962740333,4.32498111700015,4.01546170335997,4.13643673925059,4.48800806867352,3.90674612370128,4.12611220414894,4.3317390672233,4.54214684592541,4.63594596970562,3.86272461313603,NA,4.57086929666479,4.01445942739107,3.88917986028305,3.80344391223789,4.31662342868638,2.72761671012445,3.48853951826898,3.80266729304666,NA,1.95851078030819,0,2.16772928217515,2.56653319578344,1.84077339433382,NA,2.52032482393453,2.53462151791927,NA,3.4742323544873,3.09667463838314,2.9044770187864,3.18207898167551,3.07725193760857,3.92303509040352,3.99675668549884,3.35543704147214,3.9000799981533,3.99687549998543,3.69150262600395,4.00881464518552,4.23087912364477,4.08187029008611,3.84997340102933,4.11892695172629,3.13282109395026,3.58489869077211,4.27090083332594,4.20354143542459,4.17388747583672,4.86778532818177,4.70020204310319,4.19899438330159,4.53303159263182,3.71715351299181,4.71578389871569,4.27517596791453,3.80149825554363,3.7431259583454,3.74333117541917,3.97321815697333,4.1582465861357,3.82157341714484,3.94023928187279,3.54932885241681,3.92856129811933,4.2365142081339,3.92015860696782,NA,3.78062066383733,3.99518526215256,4.25014449222607,4.3160268422778,3.54014448183368,3.57771452942907
NA,NA,3.89281721939045,NA,4.41417494498122,4.41274139196842,4.33895376320964,4.64274712771136,4.64608993958406,4.12070685243542,4.03803301128059,4.66252041285982,4.17129061667254,4.77542382530966,NA,4.45138228263976,4.25957251927134,4.15969928526415,4.67948381466878,4.42564624412181,4.22691463352963,4.39689524150489,4.14571749815509,3.83107329194267,3.80525017104323,3.18260150323067,NA,3.68303213669859,3.8034700937351,3.62731258924111,3.77731467826912,4.07538316486608,4.08014880795714,3.89906698743303,3.82829871833578,NA,NA,3.70391832832325,4.44012964739526,4.53306354727665,4.13234855135079,3.98995958479165,4.06750592030812,4.53667553195852,4.51282033510534,4.59537878072724,5.76288869859105,4.82642916283611,NA,5.17854217321063,6.08935454977616,5.30849728270527,5.26918818757286,6.72836253960849,8.34234536933329,8.8556446625839,6.216999518624,7.36922276496977,6.11706348328078,6.45143643496177,6.88657592174281,6.94612323689249,6.3073533175949,5.54380154516884,6.13858935659787,5.85345942093455,6.84395912327988,5.48189753074074,5.78088232785684,4.92484800255314,5.27163662186251,5.35035419259864,4.19724079858518,4.64028587212566,4.23829852641314,4.26769790632762,4.25066362229743,4.72596630440194,4.57925955979091,4.30927405372444,NA,4.09569091268272,4.14506509382706,NA,4.62891624158856,4.61163049145976,4.6422795227338,3.85956149080871,4.33593202055907,4.17002796157375,4.65963946369682,4.4802210606491,NA,4.49626721611804,4.39108468864203,3.8820524933754,5.20738200746786,4.96307905349463,4.81017107484533,4.99209955857027,4.7153411916551,4.81858859202105,4.25717786992294,4.23729511767955,NA,NA,5.21762107857342,5.13386046845031,5.0611183626815,4.9717607904475,3.91857277379549,4.84427988525977,4.83908347654702,4.22676369768041,4.09973139932585,4.15773808374337,4.09497836096827,4.02953889124161,3.84094764872478,4.08006351732438,NA,4.54297971697213,4.02436567108958,4.45642282761453,4.93775083486487,4.28284120604938,4.48399878438786,4.10518959718217,4.36038833510541,NA,4.29978985153533,4.68639699748983,5.18011356566532,4.4129580503292,4.16809597839393,5.85580773302603,4.84769037995577,4.36328691741365,NA,NA,4.52778612924768,4.39450746447277,5.10345451824793,NA,4.99661960005204,5.31159512172654,5.32836048656754,5.12545408771203,5.29364289300942,5.36264950313013,5.54472069067789,4.38598834464683,4.97910983107344,5.36637478940261,7.26163654016539,6.22139897992632,5.20730416683179,5.79823602722204,5.10398617204397,4.77296630915239,5.36947647490415,5.06411331833738,5.22981972254681,4.90681315633086,4.84218655487442,4.84247177566311,4.98614271836087,NA,4.9046544141865,4.54287460343129,4.6736418118529,NA,4.74071513306421,4.89179436288484,4.56425506333844,5.16028322689485,NA,4.7057573334665,4.5885313997461,5.05401203871535,5.0411570389288,5.40366045249529,4.87270737336338,NA,5.42878960027401,4.81947320589404,4.90870561142914,4.62021100193643,4.38809902921045,4.68999329501916,4.86477569473729,4.61992958629287,4.70241736782426,5.06797696452075,4.69737338209298,4.67666584609915,5.23056468903448,5.20160277653643,5.2864031468294,4.90315381738514,5.16090417692319,4.8023790240997,5.08513236773886,5.21766046099759,4.59172008158781,5.10361787815392,4.66252615152434,4.81655875521546,NA,4.91866145295406,4.50937817726217,4.76273177468019,4.91222542180272,5.14868652419926,4.96158200841419,3.75691410909341,3.62718222864363,5.33903472029271,5.36930270574822,5.32815165873475,NA,5.09755010966005,4.32034167672424,5.4926143912839,4.85967246552135,5.07860063966819,4.75854737481376,4.89473226880557,4.86976462252598,4.87106242851283,5.01544770828901,5.19250893468524,5.25847644394756,5.44420815180604,4.78538692313594,5.46034535723457,5.32902322640914,5.691334389069,4.51407940607773,5.00964284819536,4.84563511838307,5.44975813083602,5.7804051115908,5.5935032618524,4.6015496195796,4.88401959350051,5.15323481640881,5.15847413723188,5.19850336035782,5.10981648299853,5.13499348176306,4.8848686020247,5.35311381747131,5.1467252745028,5.05408698687504,5.04415063744252,5.50127836693486,5.19132262574219,5.5506671088685,5.82691757426331,5.44817573894058,5.55260067181415,5.06629166576378,5.50673947308109,5.38688365821534,5.02568004458354,4.67134313984149,NA,4.55740864425649,5.04298756169852,5.05184338015256,5.08147879042214,5.06834503311223,5.05341677752941,NA,5.91741137609751,5.9470945657664,5.65810645360225,5.45493240512153,5.64392320698881,5.49689808984881,5.4523174461751,5.00130235182351,5.0988813183137,4.93670945738014,4.8770245441823,5.38867790850919,5.08701753790316,4.44891774993643,4.33080762998008,NA,4.05009891450163,NA,4.6490594716744,5.04929802743422,4.07736673803151,3.89674640815015,4.40974790455621,4.4721783256102,4.56804151258761,4.42423976780409,4.05583736451145,4.18117294160471,3.90925492594915,4.60938145193098,4.21221895454214,4.56363058498034,4.62982033143794,4.67516136654814,4.52955225775683,4.30863356702337,5.04569769859774,5.13081132786626,4.33167175637042,4.20527947054945,4.88111447035327,4.69015224386686,3.88117329456741,4.77662576523049,NA,3.86298916505483,NA,6.4363892166559,5.38378074683779,6.79564437401189,6.81401165318966,4.11248192067821,5.74126017512073,NA,3.39524306681135,4.45589887308354,4.22677021096591,4.29423496990595,NA,NA,NA,4.63480845106232,4.15647773953528,4.25477017042136,4.46963188592755,NA,4.18557934858979,4.7845995078775,4.17620471049434,4.56836710380898,4.62700190195376,4.47434664253713,4.68921127178642,4.30247921951259,5.21764429472353,5.95778097331563,4.5369092988943,4.6037307270072,5.04357926102764,NA,4.47019698448837,4.70385606405605,4.58033271943615,NA,4.24886990463925,4.69272720000321,4.41212465930978,4.55120927220159,4.91756201048966,NA,NA,4.75133157374479,4.88771222555988,4.98076359180861,5.08626492002465,4.9048643226227,5.08990681808359,4.8637346679863,4.5890488188221,5.03506072961374,4.56572648507692,4.46161701372807,4.68974727683729,4.3619266686802,4.14928893674816,5.22754969310757,4.38673772778766,4.23388766701856,4.04015716740315,3.9223785841923,4.25466153017591,3.97479393538628,3.96290699529879,4.01614753841051,3.96919492450295,3.89878995166216,4.19729038370923,3.91695142462942,3.91896595268926,3.95657045052105,4.23805083268796,4.52302022060631,3.99747188812735,4.47748304043286,4.42275711166977,4.01053461895232,4.15884096511977,3.99135057321004,NA,4.81802573481447,4.72982398111413,5.03637084417301,4.08282511381352,4.41168815728341,NA,4.58511944211866,4.18379073201521,3.96462110902647,4.93598680152204,4.77780480962086,5.00579097899758,3.8785854410858,NA,5.00905287534817,4.98326189707224,4.96890828397572,6.56795614965212,4.63779724146617,4.60714163159805,5.68304289762063,4.70124621601023,6.15944058394205,5.43464023693123,3.48091577618258,4.78899476283618,4.62323501170754,4.61669857256138,4.50626672583912,5.01620153973637,5.41302918514357,4.90720675208646,4.77015743001767,4.81813250961574,5.22316402214374,4.86683808589028,4.59958204677573,4.26845772991955,4.29072242447362,4.31723046332465,4.3984661954801,4.36879349122106,4.08342089137452,4.2004510003594,4.41350827790922,NA,4.44609801535926,4.30535895610213,5.68620052747997,4.4998863055334,4.05972337156581,4.34444934558511,4.28875775760688,4.30106033928837,NA,4.34787492305071,5.00234465817101,NA,4.56188065370127,4.98531610697444,4.77720678279721,4.00083097644099,4.43926059269682,4.91244170801825,4.72257977702062,4.39416181672047,4.04941903752002,4.62184677454936,4.50123082821146,4.14978580549025,4.16801390678031,4.58771353463445,3.98653913442166,4.14730110858212,4.42064958497004,4.62792167052064,4.80382943134932,4.0856625170587,NA,4.70163160153524,4.16971335865635,4.00420911911368,4.17845669338752,4.63220849412048,2.68632676251339,3.31737972958097,2.84452997078065,NA,2.20532578420403,2.16772928217515,0,1.62500098260248,1.79075569160716,NA,3.10586789607019,3.20603049433664,NA,3.88038330447561,3.57767978370805,3.29978837961041,3.56551873273985,3.62543249763958,4.28500601364195,4.22914981278577,3.34358354846897,4.16460041435492,4.24121058702006,3.59278819382182,3.68377815122046,4.05399293258664,4.11223586934953,4.09345530372845,4.20356463294662,3.30298387919281,3.6935651579592,4.17106115360084,4.15808797600428,3.69587337190821,4.90794106091523,4.86909895426106,4.38777574607114,4.462967800015,3.66211955087611,4.60937147769779,4.31319842519441,3.82732256266904,3.87506861576539,3.77222849566102,3.97902362491976,4.07716147226353,3.80596237148225,3.85070216769425,3.5252389332457,3.85504896924009,4.12748175729279,3.83716794707067,NA,3.68700954278574,3.96171023540567,4.31131638219754,4.43121294009681,3.73592781333029,3.60507572260561
NA,NA,3.72709107171132,NA,3.98468148912825,4.17551275961476,4.05141050793268,4.41786489364104,4.62089939634191,3.87956446769199,3.87783422145833,4.53015907768807,3.82988600215437,4.4901896846221,NA,4.36490738302154,3.93020653178903,4.05013130746679,4.45011429920273,4.13760445811461,3.92816855386273,4.2262773066806,4.16965701463827,3.57414456623791,3.62380008620934,3.26612264086862,NA,3.59186839055548,3.47637771567793,3.28818557132129,3.42242918562714,3.66330952993589,3.67551650758613,3.48279598124579,3.45166131037777,NA,NA,3.26533202758722,4.0149534031191,4.1166466596962,3.70324813299396,3.59014529439688,3.58319476945948,4.12194544302121,4.08138292599307,4.23618429473499,5.43903354987274,4.53569051059173,NA,4.84509439579321,5.83917922939686,4.9700569477011,4.9108216823374,6.42281047807186,8.07409650125962,8.63107274322448,5.87673918637636,7.05725308368361,5.83765394947232,6.10500903179223,6.59615365755656,6.68076576462445,6.03918002786598,5.21480164008645,5.83904518527049,5.51211924023635,6.5592107316298,5.14806795818132,5.51331516317446,4.64501109846222,4.95581487789908,5.02694391579051,3.85321080443134,4.35519094139145,3.88826130765049,3.94267902239767,3.93253315960032,4.42811273638141,4.22131489478075,3.96363316924564,NA,3.74674080897821,3.85511119463469,NA,4.31670675514244,4.31407832790586,4.39742472013807,3.47003169940528,4.08625987686644,3.90141511100636,4.47123917189395,4.2359289061599,NA,4.2958196997139,4.12573966345421,3.48315713013544,4.89348474241761,4.70155233629915,4.58401807699345,4.74710940912251,4.522541973118,4.5609883949911,3.85654509884631,3.95047618056867,NA,NA,4.92731145905767,4.84930122185062,4.72262716794799,4.58125410763856,3.48462005481011,4.41990538829324,4.40151660809826,3.84464869831159,3.62268399655949,3.6698677566474,3.73341911420259,3.64465897352286,3.58251408636611,3.80766469431755,NA,4.22490374090639,3.92617452071494,4.3167382694789,4.77590419459437,3.88756517793758,4.12982862065392,3.74958637826499,3.94520321373124,NA,3.86382343449427,4.302452246379,4.86488984742167,3.94860516316186,3.76427998422316,5.52699546033034,4.45914713496756,4.00373161117571,NA,NA,4.11265727455198,3.95506766730873,4.68901668778788,NA,4.60566535345272,4.87210561667331,4.90290499665261,4.67433700587101,4.97279817967058,4.96800314442725,5.16160591266205,4.0346782336467,4.83530243268052,5.00194313785772,6.91097910044611,5.81127611742827,4.83964203475654,5.48683842154347,4.75526324522346,4.43166022898365,5.04663065423015,4.71530784753303,4.87505347383228,4.57160502109603,4.46389366757666,4.54299540640361,4.71807827658765,NA,4.60369478054422,4.2834662539343,4.35404378394188,NA,4.46845174247833,4.6750973146784,4.27649090022695,4.99120972967748,NA,4.45226778741196,4.30916154903202,4.81492294760121,4.79967533321042,5.19614671991162,4.66638073077655,NA,5.24981670951381,4.63879586775313,4.69788700056746,4.34956596658597,4.12356890736603,4.43606675896383,4.61450486986182,4.38249181126618,4.42486762702856,4.86040505950612,4.4789958453761,4.42666881890584,4.97931878947236,5.00644019158675,5.06794257102529,4.70766466538698,4.92470867323885,4.5412977981068,4.82993409557694,4.89836913206621,4.25052268097889,4.81160036875169,4.33895293541566,4.51860489828822,NA,4.54284131072849,4.07996028567487,4.4051242605729,4.51480236561487,4.49903198902353,4.45756574033555,3.17984281497669,3.1233683312582,4.89497009179067,4.67259516833004,4.82354011991399,NA,4.62466832708521,3.88647173092941,5.12515053605964,4.50203249177225,4.71956809829329,4.41611838462243,4.50106318106984,4.47471618744397,4.51799448732877,4.66255854593006,4.84185220043769,4.81206803259956,5.03531675572729,4.48705315245392,5.14062082178951,4.92536550190133,5.36792503043933,4.18134816902504,4.60004570007555,4.44933695181721,5.14056510311333,5.45098485650358,5.2407147711883,4.23372065338676,4.56376432759213,4.7798280498258,4.79794656960528,4.82946911246856,4.74422882950772,4.78325509436312,4.56161244044368,4.98914459702829,4.7679381740807,4.72548202900874,4.69815098029003,5.18377645938142,4.85581749248637,5.1988204708721,5.51859957359261,5.14746923670959,5.28496877915819,4.74581219899955,5.25043327468373,5.09975272985135,4.80684843010267,4.40801170340521,NA,4.26481542387994,4.75360663130121,4.80935632502157,4.81874920201271,4.78389997103323,4.72125023542175,NA,5.65469271328975,5.72316901254355,5.43509797314015,5.20854335072571,5.35053309721538,5.21814986091563,5.19973167414663,4.72657920259465,4.81234875198552,4.6665199527523,4.61319289473056,5.11027987582712,4.74349108855997,4.08629834518281,4.04006539385908,NA,3.74421784624291,NA,4.35493177651106,4.74289034806451,3.70929324163694,3.52539821441581,4.11254038021529,4.1039350162608,4.15623374201067,4.05801096899028,3.63992947970952,3.78276554228486,3.52997634536042,4.24831550590407,3.82978534951373,4.17461020925937,4.21564262330666,4.30082592510694,4.11759993786195,3.86671964930128,4.73393932461051,4.83838760913403,3.93825457527386,3.88619110161707,4.47615160666264,4.31876977333642,3.49926988132532,4.39586699363289,NA,3.67349966522092,NA,6.16153746469594,5.1330348566631,6.56172313264132,6.48663868228916,3.79182394050697,5.44995155200612,NA,3.41203746974147,4.19564516988121,3.84860902837731,3.88492853954789,NA,NA,NA,4.21850557349428,3.91075838157972,4.02970187740119,4.15172923485261,NA,3.8078260458998,4.46141704286346,3.79432994083537,4.23102179813446,4.31547599097818,4.10935459971197,4.34095369547651,3.91681751251754,4.82431146432402,5.60897073169859,4.21230249683459,4.25154773127584,4.70959221795645,NA,4.12680690507089,4.45709659778779,4.252548188656,NA,3.92511020838917,4.3278919045828,4.08389661424364,4.31069300802707,4.66266819888231,NA,NA,4.49846307641532,4.68884988609904,4.78610143507257,4.80617297018142,4.63486895419179,4.82585883087755,4.57875068253626,4.23737341460248,4.78064141493225,4.29617656947277,4.19059795370987,4.39567281467574,3.93229691740093,3.89508498822461,5.03821134835367,4.1713252614958,3.95357237433624,3.72045651305831,3.58941843569692,3.89827859832561,3.58450768349177,3.68174683858788,3.8552915611192,3.75440348335574,3.66327904175993,3.82832005453541,3.57062454772531,3.64428332176767,3.52446023640016,3.95149323070081,4.0867060237184,3.54752725479557,4.1861132594011,4.08777939189131,3.62768691592752,3.8304859980434,3.67340649495762,NA,4.46634321074018,4.40442144010615,4.75164918941793,3.8294445845705,4.04099229625878,NA,4.30069832470857,3.87612698208246,3.61769460213712,4.58417936386266,4.52828780012632,4.61183134845128,3.45599982180297,NA,4.61252357026658,4.59905853940916,4.60122247450404,6.32181651975116,4.22690785402699,4.26107058053539,5.29110070840554,4.29453024381638,5.88664669959457,5.17299648006363,3.06146238971028,4.39759918459124,4.2673256250341,4.25236269559515,4.0965477005616,4.63530633897374,5.1169403877729,4.59649099790113,4.4671842457853,4.56582325154553,4.91270651435694,4.4125465662468,4.23759974873773,3.85941366225992,3.82669729952572,3.85154098639909,4.01658846222717,3.9840641226133,3.62829401506146,3.79780145419892,4.00937056317442,NA,4.11407931414327,3.95662502217397,5.46475978424382,4.177054492051,3.69366475344131,3.99724852095377,3.90704822811418,3.99377077294726,NA,4.04730883095732,4.66640177189334,NA,4.26425878499738,4.70211228947872,4.48603602736135,3.70665860911915,4.11013148104059,4.5339515090192,4.36775608363875,4.08021885404906,3.73018798288698,4.40206422725209,4.23568503956721,3.87936483550879,3.92733211287679,4.2520267777554,3.60135244035857,3.68866615347676,3.95597657488426,4.18006794604567,4.545293298998,3.74836552730745,NA,4.39714321804165,3.87615216256783,3.56969124695585,4.06891280379636,4.534089163119,2.77890457336051,3.34935018741259,3.28388550779275,NA,2.14817111870454,2.56653319578344,1.62500098260248,0,1.49803199252905,NA,3.2127621985905,3.03106776151197,NA,3.47284959913194,3.04897395610078,2.8344448285894,3.10904880863617,3.10113556937972,3.96248017813316,3.81646275292752,2.94508740564849,3.76779767004429,3.8730867985558,3.47869759278071,3.36134321321847,3.80681869369394,3.90976148723737,3.88829622049974,3.95210217869968,3.24230726600151,3.57747695385652,3.95155774254038,3.89119939657811,3.70324654027705,4.61072215571665,4.5092321787909,3.99802405328983,4.1913157317607,3.43455824956445,4.38599189644603,4.0534927624281,3.50009017247118,3.56877836639624,3.45450576656451,3.61374870623704,3.84902742232896,3.5843149523939,3.69440657016295,3.2361324004372,3.73349438438617,3.88952069522054,3.58327259232321,NA,3.48309561516762,3.7469236379169,3.99441127570742,4.08841782064211,3.54441031289339,3.3758264820959
NA,NA,3.32528643508689,NA,3.5668840192791,3.65754070706137,3.47702048081606,3.92901404355589,4.04067052352162,3.43536807068462,3.63877078032202,4.09240446562594,3.22471449316345,4.06870028021575,NA,3.77224985197502,3.65855561890345,3.58959291080886,3.95622473523736,3.63183292773081,3.45284217607731,3.68774189705798,3.56385464058354,2.92660679569216,3.05284183142226,2.58504419126251,NA,2.77762545741421,2.80265360089315,2.71841394690622,2.91146200287532,3.138666646239,3.05378610296771,3.02033277253545,2.78534309634972,NA,NA,2.78888008908815,3.47177731251618,3.58556541451341,3.10408767895172,3.00197667070489,2.99622388592534,3.57565673050663,3.60976488085467,3.70861110281426,5.03749310936739,4.00974999907522,NA,4.31379960375295,5.36490869653974,4.51054460312155,4.36393025108801,5.96139377129112,7.69508323308016,8.24946097778554,5.37109935878701,6.68442588522827,5.4060583833128,5.71536159792151,6.1646919977508,6.26895208680038,5.57936805055493,4.65705086675244,5.39806698583173,5.0338329488443,6.12032607443719,4.63481634241844,5.02525208386523,4.04100714278242,4.40254322155251,4.47201283713138,3.31072917130415,3.79851485048851,3.32000705283013,3.36018774189861,3.30981558780791,3.86556963723262,3.61805355810737,3.32859491468148,NA,3.14106683912628,3.23627385511241,NA,3.71847834987852,3.64900970669837,3.79593385658193,2.91626875502796,3.50190336210162,3.33778752812503,3.90910704538218,3.60434276477109,NA,3.70841304191431,3.50725999761971,2.94489088834594,4.32410816426687,4.12663833308779,4.10507841792991,4.17033074506011,4.11319486810452,4.00045520685416,3.33908090301516,3.52476473153794,NA,NA,4.37209697387123,4.45399449839031,4.34069792107893,4.16638033003018,2.96963318170753,3.96157964458755,3.95544840580572,3.62703479527662,3.14698238096076,3.31561040314181,3.12632413719558,3.1663135943718,3.10022126865834,3.41596930272197,NA,3.65016849963189,3.31115283965426,3.72492936179729,4.19975084614286,3.35989356407693,3.69616675099958,3.21607243208254,3.49160280012409,NA,3.31139852010191,3.80065466594371,4.28509340687275,3.54021610604824,3.27838200007465,5.31154162415594,4.17703030268237,3.42370718663665,NA,NA,3.58044127700991,3.45540536836088,4.06977757201146,NA,4.02380373609828,4.36162350848623,4.30320167540258,4.08022796842665,4.31557190636314,4.41251022974145,4.6689483600036,3.45112495485785,4.35239048745225,4.49538478764654,6.50006759722063,5.3703744349549,4.27744707903511,4.94694866339788,4.20620793069289,3.84528417453609,4.48053917450222,4.15181859820649,4.32625892060515,4.008562414269,3.89848842117744,4.00890356023925,4.19972777559925,NA,4.05427365610313,3.72872032629868,3.85701284301568,NA,3.92972331226193,4.10504048586886,3.7268992353482,4.48907536227138,NA,3.91464200934914,3.73547470090866,4.23007999094857,4.27820232486683,4.66921494633412,4.09848263073024,NA,4.77034404086322,4.08506359337613,4.09406261305442,3.80221293742642,3.61099981611174,3.91842498862429,4.09117728960165,3.80593627178907,3.88330124823615,4.31673479570294,3.92001465579578,3.88000345690551,4.48842271411044,4.44662602940155,4.55360927438072,4.13942137289911,4.4576366652592,4.0351765705277,4.34567232158008,4.46748920409312,3.71737063846818,4.23821393544774,3.78413263224996,3.96133484334969,NA,4.05052738845123,3.56588472494392,3.91321992973306,4.10726951620053,4.50608741865764,4.28906782531449,2.99596017700854,2.78247628941124,4.61570336042622,4.79831222162755,4.7551835710849,NA,4.13851832837001,3.33044547535814,4.57515069336032,3.91708834668478,4.12827050433132,3.86341582094645,3.95241050743217,3.95082481136504,3.98677110007276,4.10489319504064,4.26241451467883,4.30892578898654,4.56504846521201,3.93835292542746,4.6168184076683,4.40482047458011,4.8318189647085,3.58663350096966,4.12682118716069,3.89551343128289,4.55286157606436,4.90479021677818,4.70081407609785,3.65492548988377,4.0383548267164,4.25226473956439,4.27299934844237,4.3320628221902,4.20700530522804,4.1904372315181,3.97218830898083,4.49846975803184,4.30938353595787,4.24376113610361,4.1927540006917,4.63068659425797,4.32736264943474,4.71865783633285,5.10016964381874,4.61471457165201,4.73952983079877,4.26506865885655,4.76655162542558,4.70139766278399,4.32159910436314,3.9058282030647,NA,3.72176908111227,4.18571398243894,4.19599046105539,4.30158110387541,4.28470152027208,4.30017741828799,NA,5.17927495816336,5.29658687726776,5.00169273335566,4.71690200099526,4.9002028199959,4.72638309940631,4.66503726546808,4.20392309224955,4.32351564443859,4.18210233038104,4.09078427196917,4.57200223435332,4.25920148337959,3.63133999069374,3.46354213916151,NA,3.23463663259807,NA,3.88275498948002,4.21576025179109,3.17034943947396,3.08408897399845,3.66366809054693,3.64360345758957,3.68344615009588,3.626735960668,3.01841878561967,3.15106777077666,2.96452246315001,3.65086057995197,3.26250985066167,3.57440510264457,3.57664465644165,3.7224313033816,3.53645843770016,3.33566726067934,4.14760093589456,4.29805365144211,3.40638557814294,3.41879111728073,3.95953932834325,3.75413128795634,2.82231540725716,3.82830890003007,NA,3.05564521683954,NA,5.76293504621185,4.63374252518199,6.14545823899339,6.11368328329904,3.1933474013409,4.9289855474205,NA,2.89894190935582,3.89974353324843,3.37691295850159,3.342804742703,NA,NA,NA,3.6372286889213,3.17788220018103,3.40111733176705,3.57114367094382,NA,3.21777433906312,3.91558644244795,3.24616847779774,3.61437777079405,3.7522408136836,3.69170980182013,3.90149284137902,3.40752288518415,4.39561585519869,5.16118974687411,3.78485735927936,3.68354020767278,4.05673177332978,NA,3.53129090060235,3.866281801515,3.62110371919943,NA,3.33981385045161,3.72921533837986,3.52150809799964,3.74466215798617,4.07088768202843,NA,NA,3.93668394513792,4.13812763855627,4.24062612038269,4.22271928312033,4.03971998217099,4.21188335831466,3.98721496675254,3.64556496853417,4.13973834868356,3.70624286768307,3.61592223085512,3.80100615122973,3.48720043097018,3.45414091067043,4.44542099603661,3.63075688492874,3.43138357160585,3.19434626349404,3.16543925073779,3.45740479519165,3.12369364072101,3.20474425862737,3.48464376181368,3.3508447824683,3.29985519898115,3.45980861773463,3.24488014424406,3.28305298672486,3.16703981112631,3.59910335620525,3.68580510243168,3.09721033337233,3.86823792563655,3.60766622009097,3.01373048207859,3.1982776128808,3.12173307716042,NA,3.79553587182225,4.02279652980332,4.4314113160336,3.4625385888633,3.50626996683688,NA,3.82248260493852,3.33842395999391,3.07105698730255,4.06808102176747,4.04481865048391,4.0579725707471,2.86762135810301,NA,4.18062202091919,4.19984331824659,4.03145812736309,5.91246095818466,3.7184362884775,3.70897438562795,4.8631686796869,3.79433690257046,5.43968209668794,4.73139019312749,2.45525349100123,3.95812763302311,3.77061276840166,3.76341596153242,3.62640602222262,4.16343249492239,4.69435323540295,4.14022607478353,4.0690595209133,4.24258727587252,4.48479302862203,3.93578307404528,3.69186915307218,3.27633275726957,3.2871722311067,3.34401735664696,3.49663214703856,3.36866481407232,3.0932024018061,3.19760500952235,3.39634952948257,NA,3.5130031476253,3.37987897427263,5.12437418153844,3.52859575050792,3.06328190649282,3.3910948075258,3.36804137325778,3.36988699828792,NA,3.4284612584299,4.08192194672083,NA,3.65092998453008,4.05678375530783,3.86555548379318,3.31868894611795,3.57864564343868,4.00600689052222,3.85222723481398,3.5277498208537,3.11391267973541,3.83664463736027,3.67738916238434,3.32504311456593,3.48596135329369,3.77279019732248,3.15524318623565,3.29384257433652,3.51037133589323,3.78671588148788,4.13472142567963,3.24598132906515,NA,3.82286245544961,3.47706835631688,3.2043057296252,3.68085665988025,4.32486498250993,2.36636810693208,3.24429439069963,3.28036803349246,NA,1.65719685910625,1.84077339433382,1.79075569160716,1.49803199252905,0,NA,2.64063549858633,2.35873637923063,NA,3.04213435186271,2.61167145043001,2.40688779895377,3.03825068188589,2.71189383600623,3.40376926446725,3.21319368216146,2.42140208053531,3.22299197665922,3.39709184259945,2.88845330028459,3.15739308545779,3.36182726115734,3.30394418307118,3.29486996319869,3.21935161594905,2.87967959388924,2.94693861122447,3.27414241007897,3.70173117162061,3.69283742383464,4.13271726112009,4.03095433289344,3.43396136660906,3.78431209061422,2.85472696896728,3.89588076636077,3.44053317219131,2.86739637529444,3.04669134110241,2.87967631494613,3.02555196059189,3.23353459088645,2.92093686940971,3.0382509888225,2.66702295295047,3.05976242495989,3.22299985085686,2.92913429246254,NA,2.82155259064007,3.10750072251651,3.33873736842264,3.43746604777497,2.75464282731998,2.64768701969997
NA,NA,NA,NA,NA,NA,NA,NA,NA,NA,NA,NA,NA,NA,NA,NA,NA,NA,NA,NA,NA,NA,NA,NA,NA,NA,NA,NA,NA,NA,NA,NA,NA,NA,NA,NA,NA,NA,NA,NA,NA,NA,NA,NA,NA,NA,NA,NA,NA,NA,NA,NA,NA,NA,NA,NA,NA,NA,NA,NA,NA,NA,NA,NA,NA,NA,NA,NA,NA,NA,NA,NA,NA,NA,NA,NA,NA,NA,NA,NA,NA,NA,NA,NA,NA,NA,NA,NA,NA,NA,NA,NA,NA,NA,NA,NA,NA,NA,NA,NA,NA,NA,NA,NA,NA,NA,NA,NA,NA,NA,NA,NA,NA,NA,NA,NA,NA,NA,NA,NA,NA,NA,NA,NA,NA,NA,NA,NA,NA,NA,NA,NA,NA,NA,NA,NA,NA,NA,NA,NA,NA,NA,NA,NA,NA,NA,NA,NA,NA,NA,NA,NA,NA,NA,NA,NA,NA,NA,NA,NA,NA,NA,NA,NA,NA,NA,NA,NA,NA,NA,NA,NA,NA,NA,NA,NA,NA,NA,NA,NA,NA,NA,NA,NA,NA,NA,NA,NA,NA,NA,NA,NA,NA,NA,NA,NA,NA,NA,NA,NA,NA,NA,NA,NA,NA,NA,NA,NA,NA,NA,NA,NA,NA,NA,NA,NA,NA,NA,NA,NA,NA,NA,NA,NA,NA,NA,NA,NA,NA,NA,NA,NA,NA,NA,NA,NA,NA,NA,NA,NA,NA,NA,NA,NA,NA,NA,NA,NA,NA,NA,NA,NA,NA,NA,NA,NA,NA,NA,NA,NA,NA,NA,NA,NA,NA,NA,NA,NA,NA,NA,NA,NA,NA,NA,NA,NA,NA,NA,NA,NA,NA,NA,NA,NA,NA,NA,NA,NA,NA,NA,NA,NA,NA,NA,NA,NA,NA,NA,NA,NA,NA,NA,NA,NA,NA,NA,NA,NA,NA,NA,NA,NA,NA,NA,NA,NA,NA,NA,NA,NA,NA,NA,NA,NA,NA,NA,NA,NA,NA,NA,NA,NA,NA,NA,NA,NA,NA,NA,NA,NA,NA,NA,NA,NA,NA,NA,NA,NA,NA,NA,NA,NA,NA,NA,NA,NA,NA,NA,NA,NA,NA,NA,NA,NA,NA,NA,NA,NA,NA,NA,NA,NA,NA,NA,NA,NA,NA,NA,NA,NA,NA,NA,NA,NA,NA,NA,NA,NA,NA,NA,NA,NA,NA,NA,NA,NA,NA,NA,NA,NA,NA,NA,NA,NA,NA,NA,NA,NA,NA,NA,NA,NA,NA,NA,NA,NA,NA,NA,NA,NA,NA,NA,NA,NA,NA,NA,NA,NA,NA,NA,NA,NA,NA,NA,NA,NA,NA,NA,NA,NA,NA,NA,NA,NA,NA,NA,NA,NA,NA,NA,NA,NA,NA,NA,NA,NA,NA,NA,NA,NA,NA,NA,NA,NA,NA,NA,NA,NA,NA,NA,NA,NA,NA,NA,NA,NA,NA,NA,NA,NA,NA,NA,NA,NA,NA,NA,NA,NA,NA,NA,NA,NA,NA,NA,NA,NA,NA,0,NA,NA,NA,NA,NA,NA,NA,NA,NA,NA,NA,NA,NA,NA,NA,NA,NA,NA,NA,NA,NA,NA,NA,NA,NA,NA,NA,NA,NA,NA,NA,NA,NA,NA,NA,NA,NA,NA,NA,NA,NA,NA,NA,NA,NA,NA,NA,NA,NA
NA,NA,4.51488688439894,NA,5.01204008727326,4.53838004762679,4.78875641024482,4.01462824958845,3.79297803336149,4.07147070342219,4.23556237553787,4.83228298047441,4.62614843380721,5.13147047450423,NA,4.8048529842087,4.04827073436558,4.13113430040376,4.78317687814389,4.51796351442013,4.63875855128426,4.29895963754409,3.72385151658398,4.01801311234657,3.90061723408449,3.77524549876162,NA,4.02702759632174,4.0407053445542,3.61396619444289,3.88289485715461,4.41367890631536,4.54535645817137,4.38172493219332,4.22276606079144,NA,NA,4.13532589803781,4.74616217641579,4.70784706943999,4.24274870172386,4.33485806500144,4.40921265801355,4.93117790830827,4.86715990685271,5.17501855515105,6.29724289891501,5.42688771014487,NA,5.73630555464518,6.53167552817203,5.83806504721224,5.76758998596863,6.94653359215797,8.47455805047036,9.12389305685005,6.5752265108961,7.74918871254632,6.69223960594804,6.9271841018985,7.29716798146854,7.33430666285491,6.67769586558912,6.06493143898129,6.64291379744732,6.3721326389433,7.27758136610408,5.93603691297156,6.17002594104554,5.37751248684115,5.64601681737604,5.94681120387201,4.77954219976165,5.13876672628872,4.69956663396667,4.84318875637977,4.84733395907782,5.19913608149132,5.06151602225159,4.86874550309059,NA,4.6523002180303,4.8575402288264,NA,5.26394294921668,5.31849420625513,5.23735839287651,4.34873562688847,5.00288430589173,4.70804743389423,5.24923808841657,5.05620580582597,NA,4.76635007732163,5.03183924780298,4.379607587956,5.80047613614923,5.59735971678773,5.28872429824008,5.40819619912923,5.2366527309673,5.39631496847752,4.61068250356901,4.62909964958028,NA,NA,5.34412392506035,5.12694937794217,5.09890209830186,5.03656068181094,4.12513521541112,4.57522250319535,5.03391221295827,4.15499677778493,4.41235733893649,4.29186474797593,4.26676765132606,4.56721995526872,4.21838942877311,4.60358006828109,NA,5.06638032302256,4.57030879091074,5.13442468085581,5.60109224650904,4.91770049840569,5.00583706623512,4.4248850583311,4.68625346648876,NA,3.9581676179265,4.72343364668512,5.22972593283987,4.83609675808102,4.70434947003156,6.09502292514325,5.32329516352748,4.86207064901548,NA,NA,5.08752498299227,4.96600318331327,5.65379714940819,NA,5.29725339723099,5.73834257535308,5.71831582530052,5.41043556419087,5.3759924548899,5.58543737185128,5.87387096668779,4.8139630979715,4.85601171028539,5.80075903293963,7.57757937365984,6.50856978860279,5.69367722560016,6.1293082684942,5.58793562118504,5.35208098177005,5.92250947321684,5.62367223411803,5.72342339741095,5.47224940599244,5.33361628511949,5.3763848979475,5.49285756479965,NA,5.47823003456175,5.21418874387585,5.24560236796667,NA,5.34578456034586,5.52906461399931,5.14827629773573,5.73900390675291,NA,5.31086215736668,5.21931754410058,5.54420972157338,5.45344060331751,5.83543655476021,5.4142968655555,NA,5.95045127908984,5.37083664224054,5.46775435962351,5.20360027054428,4.97787795962446,5.30807775398675,5.43967554331488,5.17453027711501,5.2575317588382,5.56369184459289,5.32562767605265,5.31943441093005,5.74643463388295,5.84183611117461,5.83479039134317,5.45344232903585,5.71530415340413,5.36322910088057,5.56946033565312,5.54896940742257,4.97788383785395,5.57681362293873,5.01576444833428,5.3323951212018,NA,5.4383051140466,4.94282323354287,5.25112099870529,5.37776941933847,5.86074471422796,5.78765437146894,4.85639477015412,4.64852099176268,5.85446542112139,6.06478947085668,6.0230229390288,NA,5.60600672523791,4.89322053051845,5.9397747385631,5.15910259025796,5.34209490512726,5.14150978912744,5.2649267971246,5.18929281946806,5.31983807075561,5.45766540990895,5.5952761952506,5.72924261645252,5.88173731398657,5.37095328997027,5.84223424884094,5.68651225764913,6.19900488915295,5.0634895939472,5.54270476436983,5.30742461057685,6.00726177839446,6.26763251100496,6.09720106605831,5.18232907158551,5.48270662513254,5.70495139950002,5.7018162098824,5.7734714000548,5.66508081238751,5.65486668594026,5.45797951769437,5.87719669338804,5.59960072327617,5.56542057739737,5.612513523477,6.03774146666643,5.74864237990091,6.0177045054731,6.27478019154232,5.86233100543903,6.008322503452,5.65692669859739,5.95477542921283,5.86500355660851,5.59946111791082,5.28354518811265,NA,5.08749770974931,5.57642970676942,5.6694351874785,5.63371734225686,5.58376521891334,5.54533651456457,NA,6.38387096656825,6.39131650520583,6.04847395564262,5.89712314967823,5.95843500971683,5.84529799312293,5.91533650721725,5.37559843918595,5.41806956995733,5.1338352733729,5.24050700191325,5.77446426347686,5.47391409890152,4.83855839236395,4.73835737037562,NA,4.56720190697657,NA,5.19520153714275,5.51569210151166,4.63826116129651,4.37426631660724,4.98622672548563,4.8570583841025,5.05638154550249,4.85403607572587,4.42779931626186,4.44856310168059,4.27389495662492,5.03373057124303,4.59682507845928,4.93777866864351,4.91584279880836,4.9704545871942,4.89550862876748,4.81363367143903,5.39291472483859,5.48791311506402,4.61200140635491,4.29690244721645,5.23264772878833,5.15273195758336,4.26401600746518,5.12092345490774,NA,4.28348726890764,NA,6.31064799853225,5.21173066563873,7.06969310899516,6.85398977722418,4.45309798820694,5.92514375870174,NA,3.7273538666919,4.74493669200072,4.58733872513336,4.64516742358975,NA,NA,NA,5.01399122596775,4.54673242761923,4.84533286992305,5.00032471631098,NA,4.61662737455118,5.11745638286489,4.52104387975769,4.74112149806446,4.9850746810288,4.82030533773827,5.15926943244935,4.71994727530477,5.50995314005931,6.29686820458938,4.81312490584503,4.90907602921343,5.35414025784004,NA,4.85588247008193,4.88924840005595,5.01957200714261,NA,4.90116099882041,5.20262534679048,5.03596887562258,5.25275210319405,5.50236239001951,NA,NA,5.27321626454697,5.46373341500611,5.54132661463614,5.6074209062394,5.40796482978005,5.73193477461425,5.45118042102091,4.96323161201625,5.56413973811375,5.1302727393029,5.03038447081123,5.26836005713562,4.92961354700813,4.67425152099145,5.79811309400882,4.80236737564712,4.58213589617939,4.35832209523019,4.47828672268063,4.72957043036007,4.48684889306237,4.47960213824688,4.45904968835077,4.7390553017287,4.57957849458122,4.73000175609452,4.48346699851893,4.44228972307252,4.37539464049371,4.73314370896861,4.93334679245976,4.55948102555973,4.9746666011789,4.80614457138994,4.38989848179902,4.20456639393352,4.55572610497092,NA,5.54759104573086,5.25085232648928,5.6700055170029,4.79663849898751,4.81212185168405,NA,4.94208372371161,4.63764074389385,4.39364057811004,5.25401731042479,5.28194524693349,5.21655100028182,4.28589333546434,NA,5.53474841366713,5.50611797156312,5.46356973624927,6.6516179115476,4.77640884622938,5.10811413831492,6.02446613166139,5.18212777395149,6.60262255199468,5.95894556083646,4.05724641944444,5.47781430690098,5.26819051031098,5.21249834438417,5.09420922454818,5.52040661499132,5.86436413315326,5.46768209520073,5.31575577323031,5.36989377612659,5.70061801465439,5.34803367390487,5.14175208652535,4.92323689782743,4.87415980938359,4.90796154656348,4.95379545427876,4.98630873851149,4.61856046163276,4.80880613147325,5.07230975447207,NA,4.97500150047219,4.82131461072909,6.13248047219433,4.98792601721833,4.63141601737075,4.8932945196925,4.82725152741542,4.84281283030945,NA,4.83404425500222,5.39581249747537,NA,5.04716707179187,5.34782428745356,5.1922128468654,4.50007618295736,4.86014104700466,5.27017730412324,5.01730993381361,4.62129333671489,4.21051814816356,4.84538381462808,4.88815394082109,4.5636742302004,4.52646544056081,4.90073977703544,4.31856939872747,4.4934222981026,4.701142766916,4.88943125065496,4.88296309122579,4.35325036834237,NA,5.08010664037043,4.41694053808059,4.3471706841942,4.39948125646743,5.02792616659659,3.35711536155332,4.06622363588918,4.48957971318734,NA,2.94358065253781,2.52032482393453,3.10586789607019,3.2127621985905,2.64063549858633,NA,0,1.33783703649072,NA,4.00063258578668,3.74727259629941,3.49633327902967,3.8762997292539,3.80982554893323,4.56542322228154,4.62448905815179,3.85283373874493,4.59923504006674,4.72013029960813,4.1571518992257,4.53017380932821,4.62018412268385,4.44332740269986,4.05223477399887,4.65596041557353,3.59034106703623,3.9408225840542,4.79838074846987,4.9291158651696,5.02295824514997,5.33945553774764,5.32336718789933,4.8792012242338,4.98619622176905,4.12890493440132,5.103051239122,4.79343017024741,4.34795622041215,4.15854349232874,4.16217648582231,4.43211642794022,4.50516270968876,4.19453725251064,4.42581031770357,4.01590582494848,4.43124584129574,4.75788151959762,4.499687749112,NA,4.33525896242706,4.53047054399993,4.84123499199669,4.8512433793542,3.96393479646446,4.14495019374752
NA,NA,4.16354244228016,NA,4.59833697394741,4.17953322627976,4.36734113641362,3.72928700497356,3.63040537548727,3.63780513271553,3.97870087465802,4.63160733583924,4.2859906248783,4.82317620861982,NA,4.37596130203785,3.99450701795165,3.95919439272623,4.43740741746754,4.14023277324127,4.23918159508403,4.09622809387344,3.57297129410413,3.64379980123004,3.68710026187652,3.66347639863391,NA,3.77314330258281,3.71243472208073,3.37421510140401,3.59640895638001,4.19337831613868,4.24303094294277,4.09640742644749,3.85101044042222,NA,NA,3.82449234138037,4.3991237294133,4.36684863212304,3.81391366218464,3.92637868386213,4.0182212032228,4.61527386442892,4.40392614047982,4.72508700808334,5.93473902487159,4.9674703180245,NA,5.23884867835514,6.13943324063248,5.3919550128745,5.32138742940573,6.51644075452433,8.16530312056008,8.82266801579243,6.13744364557665,7.36831090192222,6.27644169057766,6.49303044598442,6.84809187828714,6.94625857923126,6.27879405511786,5.51487949469465,6.16967880396719,5.90392879385822,6.905359654869,5.53215834249896,5.75609147466197,4.89977332622519,5.25871969448576,5.50258722318191,4.31809009738308,4.67327065856199,4.22965308865801,4.30441887574097,4.28698656402312,4.72432789803725,4.58403832178402,4.39776971504648,NA,4.15506237748195,4.38477163202403,NA,4.77182307700748,4.80662389944351,4.74459020175396,3.92144263802757,4.48062024666977,4.20070724956474,4.78542167580036,4.56305690200651,NA,4.29852002633995,4.51858883045248,3.95277780591813,5.31218028636505,5.0869763853021,4.869812952785,4.96234213035768,4.87963046786116,4.90676845780896,4.25837617448948,4.28350467565187,NA,NA,4.95848876586996,4.79689244944299,4.84636845234141,4.73319343794867,3.80186080703997,4.3036395299962,4.82833823876449,4.0261599387716,4.03077173969485,4.01884029129842,4.02523736701506,4.18439661897725,3.88923648693166,4.26091965783001,NA,4.73002242657674,4.32139424281365,4.77358069184867,5.29911436307402,4.50806256524586,4.63829563406405,4.07811034122305,4.34126647059115,NA,3.59608191807835,4.29218367004004,4.85747650727271,4.52449367768842,4.28449813142034,5.78116326077581,5.02593868646201,4.50432439629031,NA,NA,4.7043999675078,4.53661123261935,5.16967453820013,NA,4.81375749930244,5.29426749330547,5.26372793102491,4.92060557841352,4.97259853193653,5.1241337278316,5.40677447018051,4.35497101920082,4.29868236246005,5.23646749360483,7.18196353922143,6.08711130180021,5.20386217382441,5.7441403355205,5.18630271875194,4.8882968333874,5.49021340353399,5.1554510598254,5.29451068117617,5.02888320376298,4.91332518671755,4.98183892555575,5.09695673100017,NA,5.0068735619641,4.70479596094167,4.78771406746611,NA,4.93961728912921,5.12573503458737,4.72045916575486,5.3525662259182,NA,4.86572718442275,4.7963348048814,5.11823282703497,5.07117874802968,5.46053429826075,4.97993430782311,NA,5.53253502999125,4.9792451952151,5.01086715630776,4.80178033253709,4.56405916927992,4.88308640930476,5.04880438066728,4.7435967292434,4.86019505110536,5.18516903333781,4.87759156493459,4.88814167919847,5.38074554140488,5.4783989334806,5.44081334238532,5.08326505312015,5.33566424305425,4.93022919627328,5.18232118488624,5.20504577389166,4.56559225669586,5.207301876905,4.69612696099098,4.94823316164122,NA,5.07616749475662,4.5763495107618,4.85644640678058,5.03363715858576,5.53882850803745,5.39826008354704,4.39088901694368,4.18314537642356,5.48506778799948,5.71209378635214,5.59022055378464,NA,5.17488154664951,4.49342520857421,5.59992817878887,4.81519459273405,5.02580357199572,4.69493531798575,4.82895231065939,4.75210706483245,4.90184131788229,5.03723985071188,5.2154196020188,5.30888065297652,5.46662905107239,4.92703598756213,5.5200089085244,5.2936306263149,5.77737864168269,4.66140387149575,5.13964271332524,4.95570080197463,5.55888608124338,5.88590534014056,5.64484647994201,4.74508319526541,5.07508540634085,5.3101637678422,5.23131462042189,5.29710824160607,5.18339815380139,5.17068733449113,5.00714793061574,5.43585460721485,5.20267783473318,5.15700998027929,5.20170565215719,5.62326593673165,5.31673143452507,5.58661861391359,5.90916575014387,5.49540448342971,5.6224189663099,5.22408008802979,5.58896255986452,5.52606811249179,5.20801212387623,4.84969511650908,NA,4.69975800169999,5.15637410808367,5.23997123330071,5.26812183259025,5.22202525714781,5.22343532368507,NA,6.04967345806895,5.99141695126754,5.67329306304607,5.53188650760676,5.66459234117159,5.52565501463816,5.55983910444295,5.01713227649057,5.11079936149129,4.86530684266071,4.95798857701393,5.50743147195044,5.22841157241899,4.57924792663904,4.3876860181086,NA,4.22170780957572,NA,4.84419224464972,5.13046184729475,4.23320395124647,4.01896938074446,4.62252137471484,4.44889239823889,4.66799668783773,4.53136576845778,4.06022098291114,4.06142584635584,3.89376628712573,4.67644806210856,4.23452322399816,4.53185247256723,4.53375804779612,4.63071004903531,4.57942935639568,4.42951798302615,5.05640675865721,5.08292099059169,4.20762240425682,3.91664234814191,4.83441163068656,4.71853001470204,3.80532455134367,4.75458332565138,NA,3.84175448819683,NA,6.00670375138107,4.94213285030801,6.73174718294106,6.51263420396564,4.11044019978617,5.59306130381294,NA,3.27681505182652,4.39229811288005,4.18354672622541,4.35493593402109,NA,NA,NA,4.54149379335919,4.13606639386449,4.44080389566089,4.60173279783089,NA,4.2098034363585,4.74326239842377,4.14177550207001,4.42680742425393,4.63963979214733,4.47608939369084,4.73408985624674,4.26756265121523,5.12759740487666,5.91901954670435,4.49936712916761,4.47081812823729,4.92633882060131,NA,4.48685793778601,4.37022738202127,4.67322010975696,NA,4.51932903784111,4.8315266000132,4.63725684456306,4.8251376131438,5.07887522440504,NA,NA,4.86570064420044,5.05816294149884,5.1571159246024,5.23608359867341,5.04294705828416,5.32144927889861,5.05719201828866,4.61058215297961,5.19234743791686,4.77092134792483,4.69512144458233,4.88420781329743,4.57996263510958,4.40295408045244,5.46347858960566,4.46767588641337,4.29222565753035,4.11898567084028,4.17728161527136,4.44545498727338,4.18821381711926,4.08420323756396,4.00997531650548,4.26743589321972,4.1309274950228,4.31330909758537,4.09558491286752,4.07927021316705,4.0875485206747,4.37094933769265,4.50972080421129,4.13320595250294,4.46729436456878,4.38813105319278,3.94064967972258,3.71567942981468,4.07662811925497,NA,5.00022884416863,4.8598048219321,5.28602219674843,4.34796022469215,4.35641410346995,NA,4.51193237264322,4.25380321883215,4.00810271365064,4.8561387118732,4.77721584985055,4.81685976629724,3.87912546587917,NA,5.0330243607779,5.00369475687808,4.88864007910915,6.15730022295567,4.39588557962382,4.56619543875348,5.53582576160591,4.58215747032042,6.11747489716055,5.35898695528983,3.55609490286923,4.91444086222668,4.71178582068081,4.71073161287703,4.53800986123008,5.0085735287664,5.34842184401053,4.86719062019547,4.81678604188478,4.85563641315243,5.22000500506193,4.91274201311781,4.64882636425353,4.39804021607185,4.41501286875982,4.46913524388719,4.48358102547994,4.50755446428867,4.2122890025115,4.38274927725719,4.63202444518807,NA,4.5403435338035,4.37750243586275,5.72780055925295,4.54635043120845,4.17774044445222,4.45298934065375,4.38568455432007,4.44220947157295,NA,4.41369691765304,4.97399211501488,NA,4.60572978126127,4.919808377291,4.76144390403538,4.23546134872036,4.53107302008766,4.95766811511015,4.69262551252497,4.27777633373488,3.8523744811089,4.35278343485909,4.41132381232719,4.06617704237107,4.06987387577651,4.51631352970047,3.93801541947358,4.06449491557444,4.19828059313379,4.35568504702883,4.46575732738924,4.06071973879822,NA,4.70511017164864,4.17109633886392,3.93738492828617,4.04573161804442,4.73010605712927,3.10771517848846,3.83610443174977,4.22915498109358,NA,2.6311673754201,2.53462151791927,3.20603049433664,3.03106776151197,2.35873637923063,NA,1.33783703649072,0,NA,3.69113669427513,3.33726663339533,2.97831488567039,3.35147240173663,3.35943580577644,4.0713089992651,4.15972332592454,3.28922183975512,3.99712319605085,4.15739782980745,3.64049952482913,4.09640226482549,4.07949499789227,4.00862298898877,3.68572460622853,4.23048193081753,3.3069097201492,3.64510844049164,4.33066193459061,4.41848957054594,4.57025843880828,4.78451482297983,4.80727469023611,4.34617020377291,4.5455244094943,3.65784333166468,4.67533177793397,4.41701293161603,3.95774893988165,3.80650290500257,3.75991638352121,3.99033854961177,4.04040734379384,3.83763395730865,4.00990344704643,3.62079907950046,4.07329428485332,4.2999209016784,4.0756286890934,NA,3.9101803117595,4.14632110188431,4.41819636840406,4.47534970087091,3.69649266205467,3.81291005255919
NA,NA,NA,NA,NA,NA,NA,NA,NA,NA,NA,NA,NA,NA,NA,NA,NA,NA,NA,NA,NA,NA,NA,NA,NA,NA,NA,NA,NA,NA,NA,NA,NA,NA,NA,NA,NA,NA,NA,NA,NA,NA,NA,NA,NA,NA,NA,NA,NA,NA,NA,NA,NA,NA,NA,NA,NA,NA,NA,NA,NA,NA,NA,NA,NA,NA,NA,NA,NA,NA,NA,NA,NA,NA,NA,NA,NA,NA,NA,NA,NA,NA,NA,NA,NA,NA,NA,NA,NA,NA,NA,NA,NA,NA,NA,NA,NA,NA,NA,NA,NA,NA,NA,NA,NA,NA,NA,NA,NA,NA,NA,NA,NA,NA,NA,NA,NA,NA,NA,NA,NA,NA,NA,NA,NA,NA,NA,NA,NA,NA,NA,NA,NA,NA,NA,NA,NA,NA,NA,NA,NA,NA,NA,NA,NA,NA,NA,NA,NA,NA,NA,NA,NA,NA,NA,NA,NA,NA,NA,NA,NA,NA,NA,NA,NA,NA,NA,NA,NA,NA,NA,NA,NA,NA,NA,NA,NA,NA,NA,NA,NA,NA,NA,NA,NA,NA,NA,NA,NA,NA,NA,NA,NA,NA,NA,NA,NA,NA,NA,NA,NA,NA,NA,NA,NA,NA,NA,NA,NA,NA,NA,NA,NA,NA,NA,NA,NA,NA,NA,NA,NA,NA,NA,NA,NA,NA,NA,NA,NA,NA,NA,NA,NA,NA,NA,NA,NA,NA,NA,NA,NA,NA,NA,NA,NA,NA,NA,NA,NA,NA,NA,NA,NA,NA,NA,NA,NA,NA,NA,NA,NA,NA,NA,NA,NA,NA,NA,NA,NA,NA,NA,NA,NA,NA,NA,NA,NA,NA,NA,NA,NA,NA,NA,NA,NA,NA,NA,NA,NA,NA,NA,NA,NA,NA,NA,NA,NA,NA,NA,NA,NA,NA,NA,NA,NA,NA,NA,NA,NA,NA,NA,NA,NA,NA,NA,NA,NA,NA,NA,NA,NA,NA,NA,NA,NA,NA,NA,NA,NA,NA,NA,NA,NA,NA,NA,NA,NA,NA,NA,NA,NA,NA,NA,NA,NA,NA,NA,NA,NA,NA,NA,NA,NA,NA,NA,NA,NA,NA,NA,NA,NA,NA,NA,NA,NA,NA,NA,NA,NA,NA,NA,NA,NA,NA,NA,NA,NA,NA,NA,NA,NA,NA,NA,NA,NA,NA,NA,NA,NA,NA,NA,NA,NA,NA,NA,NA,NA,NA,NA,NA,NA,NA,NA,NA,NA,NA,NA,NA,NA,NA,NA,NA,NA,NA,NA,NA,NA,NA,NA,NA,NA,NA,NA,NA,NA,NA,NA,NA,NA,NA,NA,NA,NA,NA,NA,NA,NA,NA,NA,NA,NA,NA,NA,NA,NA,NA,NA,NA,NA,NA,NA,NA,NA,NA,NA,NA,NA,NA,NA,NA,NA,NA,NA,NA,NA,NA,NA,NA,NA,NA,NA,NA,NA,NA,NA,NA,NA,NA,NA,NA,NA,NA,NA,NA,NA,NA,NA,NA,NA,NA,NA,NA,NA,NA,NA,NA,NA,NA,NA,NA,0,NA,NA,NA,NA,NA,NA,NA,NA,NA,NA,NA,NA,NA,NA,NA,NA,NA,NA,NA,NA,NA,NA,NA,NA,NA,NA,NA,NA,NA,NA,NA,NA,NA,NA,NA,NA,NA,NA,NA,NA,NA,NA,NA,NA,NA,NA
NA,NA,4.389317326118,NA,4.40683459191856,4.4527054390951,4.28103810207966,4.67698549099833,4.96415621651247,4.07152184222759,4.24151135086629,4.6255187134822,4.07701594583607,4.4427851694269,NA,4.59862890742352,4.2469937769216,4.36744864979197,4.69525497043796,4.52133566924108,4.29997366243346,4.57327140299492,4.74339012544827,3.96979704906599,4.05744521525923,3.93227743106176,NA,3.96998609931145,3.77911342167682,3.66504510877256,3.49293109420741,3.77944283862607,3.9522370480924,3.76475438666925,3.72355487801563,NA,NA,3.50955081519398,4.11882055261445,4.20013413476078,3.8207483426035,3.80092558039648,3.72181718058965,4.225616694989,4.29244134651815,4.48977996587413,5.68932853382415,4.80302901843665,NA,5.12568831668411,6.08800723797872,5.1078898791424,5.16616663346761,6.73617134816274,8.30538788682295,8.81316838631637,6.09393037650408,7.33456659715121,6.21000147837135,6.42575375624047,6.92191067047782,6.98728218446288,6.28354536749326,5.5278222489019,6.11772138331716,5.74483324013686,6.7530425314061,5.36004890643903,5.73412042858766,4.89946310299734,5.1586942198351,5.26962033764463,4.00768645219473,4.49113654705785,4.07424787328656,4.23430306160011,4.24247516115503,4.66956196124543,4.46078233505559,4.19482613062129,NA,3.9809754976607,4.2738012060729,NA,4.55851258905493,4.6627110058779,4.68525807391592,3.70650183704512,4.43060093878961,4.12919824686433,4.72053024955722,4.48279965189931,NA,4.57400613214763,4.41244302796897,3.71764700673551,5.19625172303838,5.04400696978587,4.85096227830851,4.97589246730943,4.87344790987124,4.78443229962146,3.9613981532597,4.18725554723467,NA,NA,5.07578651312244,4.83590419038953,4.73291505133017,4.65304928116301,3.64737992969827,4.59788504169952,4.47802807318442,4.14319238344943,3.77972786283231,3.76177487466421,3.9188024768291,3.85036938419293,3.85108455062805,4.0924465072587,NA,4.4156501185696,4.28977040841956,4.59095688311358,5.0530842106571,4.10296409297725,4.4437153297226,3.98207063630184,4.25738393737517,NA,4.0690382028509,4.45791801578513,5.10811318368433,4.19579770402274,4.08320300409943,5.90930974141037,4.78652498234592,4.15377537469418,NA,NA,4.30128500262578,4.12743148678862,4.88121707378573,NA,4.86343836699294,5.16498267753294,5.19300597664768,4.91457212344112,5.21690287816793,5.19899431632482,5.37635260395851,4.21314310797709,4.99199611127588,5.22774336557755,7.11781364446127,6.0541012362801,5.1571071628789,5.74056161484984,5.01970257093567,4.74241114787548,5.29542098823749,4.92224379757679,5.10413217584943,4.81831207970504,4.75104893780866,4.82199453709625,4.98943609049804,NA,4.91529674720947,4.65017213108624,4.5991255889591,NA,4.76958622814692,4.94686937794524,4.58228338119253,5.29944201475034,NA,4.75747276653173,4.63115118337198,5.16491392228412,5.01691419396403,5.43891461250461,4.97102448508481,NA,5.49594623588758,4.8442221405394,5.05531191485306,4.73176487903661,4.51709905417814,4.79452193160529,4.94738567685671,4.66177650995272,4.73422824292293,5.14931431257801,4.80988520121201,4.67269835322343,5.21266600473813,5.18688850497392,5.18376177934167,4.93243366499787,5.16399825884269,4.59016172435375,5.04677253158257,5.07642591685028,4.41838597956179,4.99505658332912,4.51577091822,4.76451868549787,NA,4.79261167411184,4.17680403515014,4.52592200539701,4.69658136778629,5.29181135265668,5.18433152396215,4.31860434102553,3.9957379892791,5.1252951381969,5.56014914435105,5.54009389267471,NA,5.00521802464534,4.10887205772901,5.39886268928481,4.595835231617,4.84894254293789,4.65421531865751,4.72544365510982,4.68969226339023,4.78006484304172,4.8723688841808,5.07951034284314,5.02407384613075,5.25804465988716,4.64831578011921,5.19283274851025,5.03158573328286,5.45717525424529,4.22291674682272,4.79814612760156,4.45116079847138,5.42348563433976,5.74977815263941,5.53092724748942,4.44535584044085,4.76745013632255,4.8801482827783,5.03220581165196,5.0944793045042,4.94625824285297,4.95746251761924,4.68167333860741,5.17223654831326,4.92356678955916,4.92749867788124,4.91655420773744,5.40056314199526,5.0526137459847,5.44085165469938,5.76338813406467,5.33943603790115,5.47951957105963,5.02026420485591,5.50562771464933,5.32911210471699,5.02215126646222,4.57357428242825,NA,4.37414215466268,4.97471015490783,5.12127450820142,5.02731598724912,4.95663866810392,4.90374846692949,NA,5.84696080007737,5.84670411266884,5.59462933753054,5.33964048281417,5.4487395087836,5.37394053767047,5.35584640863624,4.83121625051397,4.86663120380095,4.73797976012272,4.64324331813773,5.16551748484727,4.79393247576321,4.20114157642162,4.13604663329265,NA,3.72209554088537,NA,4.45085493386034,4.81053916816843,3.93136864682831,3.63227166633628,4.17219543486923,4.02965400271119,4.25719374953068,4.17620169872239,3.77420263268856,3.9457275540748,3.68308413781584,4.39314859022547,3.90020521160873,4.30213520991187,4.31461614902963,4.34081627887304,4.24256103407657,4.03276877265346,4.91795462837551,4.96343869176863,4.25700972190408,4.25264663956857,4.63587972468014,4.36626711005226,3.67274674529831,4.55971695761119,NA,3.95400338851978,NA,6.3831467650743,5.42092042264849,6.78646380547499,6.78815966234939,4.08395640455508,5.84301026606867,NA,3.67175396359601,4.29340053495735,3.96241354417816,4.01007226671346,NA,NA,NA,4.55147827853815,4.43148842675742,4.19403945574244,4.30865468562612,NA,3.85747538538216,4.5722490731744,3.90930269536492,4.20428892532267,4.51596660118363,4.23268165642121,4.50552513484739,4.06966871277012,4.92766448010711,5.88819478426275,4.21861935721273,4.46791986190224,4.86788994049972,NA,4.24801987760286,4.91749532216465,4.37098304864351,NA,4.09457416208266,4.3400219439025,4.20564471007055,4.49808586692295,4.80840685606289,NA,NA,4.61580673658789,4.85388915776933,4.87176289758396,4.86129679490665,4.70291376246965,5.10088908543288,4.76737831812907,4.31666073535819,4.97831016654982,4.55327123904672,4.33024910997281,4.61255468676153,4.11286116357852,4.18771985426573,5.19806216656294,4.2167414090117,3.97580554781651,3.85467614204413,3.73033021885257,3.92383145924628,3.60565582725486,3.7219194575828,4.01337047125507,3.8908224115745,3.75970182268433,3.73150143842424,3.56515711184058,3.60542385191936,3.53913653207564,3.90486190537534,4.23841231143009,3.71629457579387,4.51027096363337,4.30697290865694,3.76776962286109,3.95923642872368,3.83665686485465,NA,4.84153104850201,4.45060867022432,4.92311824124338,3.94664870546452,4.04409748040167,NA,4.45001244181392,3.91241810612108,3.7200610914625,4.82967024356239,4.77396931300745,4.74433015871596,3.58954453000221,NA,4.86578174019973,4.83651491587191,4.8567349083981,6.33625908175933,4.19649570914136,4.54917125701484,5.53450709952854,4.63218489700568,6.1174422866978,5.53083240913217,3.23383584441637,4.75743117242494,4.6047491952269,4.39909389950984,4.21412760395084,4.74125174060764,5.36275616780367,4.90158666822062,4.74591160037554,4.81350366155227,5.10452684794024,4.57113457801407,4.43434240398548,4.13803602832018,3.94105466451938,4.02288984194093,4.15948656270882,4.21546094668711,3.74579798920989,3.94122781774879,4.216587198397,NA,4.21122679632859,3.96320668074178,5.64073643405617,4.31631283931143,3.84762092589686,4.12934656968269,4.05728886199529,4.10090858082424,NA,4.11597955358962,4.68692403505355,NA,4.36974398248973,4.7943839579095,4.5750630323459,3.76437001767733,4.04707524093383,4.48599297725326,4.29143138824063,3.94314580931041,3.61846265333501,4.14521426244402,4.1071520254987,3.79712508601891,3.72431780220177,4.10966130111826,3.55977332111309,3.83211012948974,4.02860224186369,4.29625228256086,4.40908718351433,3.577076164552,NA,4.43104458850219,3.72445205646606,3.54914211240802,4.24424759837779,5.03661021269225,3.67444884271589,4.204916409697,4.36354660013541,NA,3.17812542533657,3.4742323544873,3.88038330447561,3.47284959913194,3.04213435186271,NA,4.00063258578668,3.69113669427513,NA,0,1.88119079923184,2.21719845507407,3.30407728273513,2.52923240780076,2.18078750728222,3.5468136655745,3.17088712647747,3.19148801715879,2.97194743562156,3.89037245996937,4.01738159066894,4.31279917112766,4.3313628178744,4.29800353488033,4.20273864838205,3.78920398352981,3.72992999171926,4.23834016517305,4.26267991858222,4.42872552073829,4.88108643010362,4.6867362010365,4.14256599899972,4.39112400210834,3.56378789240621,4.67373142210631,4.34926523241272,3.68029439774649,3.52127270044137,3.49036807165571,3.76782488669236,4.01092915741236,3.6978076302214,3.82261935097326,3.20809867755659,3.8902446363188,4.2100976747396,3.79716311067201,NA,3.69265213006425,3.95608545671336,4.20931015712922,4.26626879599003,3.88728252495824,3.75088106175284
NA,NA,4.25786522267862,NA,4.13216107091859,4.30348727554204,4.08753378716738,4.61246322089896,4.91981295721721,3.87077681389839,4.14588063135387,4.44651770081847,3.76675296566743,4.23550027112217,NA,4.3454197363012,3.80388170727166,4.15084802492243,4.27706376816013,3.9234538355761,3.71219975634347,4.14327504562627,4.15942303723462,3.47797175448618,3.55361657484503,3.39390471437915,NA,3.44220377614857,3.28678949849949,3.02719184450082,3.13445417299409,3.39569467933952,3.54610355786292,3.35866294010153,3.22729115740657,NA,NA,3.07152215151074,3.66225439216534,3.72510554252054,3.25118900467743,3.26716487280591,3.10319011374838,3.66385788142064,3.63043990362392,3.93906060107851,5.10019195054819,4.17534465782262,NA,4.45852434152271,5.45697216074687,4.42136110342936,4.47159046431256,5.99393260785959,7.69958496632695,8.2150279118661,5.38989834859158,6.69478636896387,5.61037310703072,5.85360771811693,6.28841305768814,6.38426132601237,5.67336695069028,4.82860676245395,5.48482303004723,5.11056571349659,6.16121030496694,4.76494909466523,5.08735121945782,4.36655580464195,4.56849164534014,4.80263743026373,3.6155356683864,4.02798326263436,3.63908375509136,3.78462812526199,3.79872072366767,4.25415380709191,4.03780942840461,3.81177135748187,NA,3.61848388214651,3.92491092637559,NA,4.22338127662193,4.31422554581788,4.36193419378268,3.29038889242004,4.17324294546705,3.83729582964152,4.46885817049049,4.20121869786312,NA,4.29689452371424,4.10623414897794,3.28143885790945,4.82319596966251,4.69760362910829,4.58229464920728,4.69903793560208,4.63411483819363,4.42985624506044,3.48801519426209,3.90758885777998,NA,NA,4.78699477985093,4.66710779433045,4.49872329569947,4.38531184086878,3.14689736017917,4.28962377721556,4.19649106172128,3.9596857145492,3.36894787369427,3.44914937586256,3.50153766608303,3.41204591911422,3.50421106583119,3.55293032595758,NA,4.00482968846278,3.83825930103998,4.12149955667684,4.66704208564976,3.63278995628993,3.83665936912527,3.3863771438965,3.69303520520377,NA,3.2777399149192,3.72944399768612,4.48532622349758,3.56624379076865,3.41804594501473,5.28967392573828,4.12023221024339,3.61367738185375,NA,NA,3.77728856597018,3.52444544844404,4.34881033978833,NA,4.10383296672503,4.3798131049302,4.41797411876574,4.25755469830107,4.62126981447608,4.48980886052623,4.70994970650359,3.54359560713206,4.27635367591993,4.48123498939749,6.2736685865799,5.11465475094122,4.3606050581808,5.08546090264452,4.41213028126066,4.13847009752958,4.7778804779953,4.39748461752396,4.53411853875786,4.29821778402209,4.1245352093396,4.36420972507317,4.51615500875161,NA,4.44880580559371,4.22548182765105,4.11117884538576,NA,4.34176180247258,4.57889875687189,4.21141752915619,4.97342746214429,NA,4.40172503972962,4.27654953758297,4.7792414780473,4.63701870065007,5.07336370199601,4.60592168853405,NA,5.1988994052135,4.53788992808819,4.69397559791757,4.378771224589,4.18623426573519,4.448852768869,4.60094677486492,4.30575522033911,4.39675074152422,4.83687191773655,4.45270222267212,4.34572306348839,4.90747812789225,4.89005291666464,4.91192258772686,4.5656972197009,4.82605098945144,4.21064226684581,4.65237702833831,4.67218481668445,3.9887764441146,4.57431956510906,4.11320689406261,4.26527458466096,NA,4.28459820668367,3.73849749324392,4.10461097795057,4.30772314606437,4.73472755459698,4.62535641007126,3.70234441056208,3.41413136250276,4.27472046172808,4.75472655120846,4.81167574371259,NA,4.26936226873718,3.50259434961567,4.78043185897691,4.0313078277642,4.24854945556883,4.00212208757651,4.05255173614422,4.05083992973574,4.19661858467637,4.30388667899357,4.40614262988509,4.25059038486033,4.37167008369664,4.11894344328287,4.68550886342313,4.35977060250187,4.90809801837343,3.82887729038073,4.14686443029234,3.81929622324733,4.88094232586066,5.02549686931129,4.79295024214478,3.92920689523684,4.30237492229416,4.39396303076412,4.42435023001779,4.48286359690708,4.34583577809865,4.34500888621638,4.15917183459847,4.57007145602241,4.33014441259051,4.39957644611095,4.42053960818996,4.91254598033625,4.51610768169163,4.91697797097207,5.27034027707419,4.88822469186681,4.99646310716992,4.58524699451129,5.08179019793,4.88258748525861,4.59443262078192,4.17765415933603,NA,4.01509296784458,4.5778765262946,4.72904152790913,4.69577290898585,4.62801141310591,4.58941834903601,NA,5.48216727117662,5.50725035821931,5.2495523066355,5.00789717218938,5.06712604730368,4.91312371771394,4.92712641877116,4.52774408851432,4.56864123850232,4.49816744556936,4.35772501024683,4.85056358007317,4.4348593200649,3.73400608243073,3.76076344227882,NA,3.33966682817001,NA,3.87944261933417,4.27136012627392,3.40342207234852,3.15891118866281,3.70176918386539,3.62048342866548,3.62730509462426,3.52422508579203,3.13211199891142,3.26756325111647,3.14203725662785,3.92312883891377,3.44045704961106,3.76826102264022,3.72313063148928,3.7559673439557,3.56881230197554,3.31486288579721,4.3422561643582,4.38460165888853,3.52308160272655,3.51667053498843,3.79153151930756,3.64930375760651,3.06524983626948,3.93629586865629,NA,3.34250353362604,NA,5.69279596223551,4.78341834667636,6.18106102897748,5.95345196418262,3.39335344472088,5.18324578698362,NA,3.50298912078101,4.06436962030082,3.40012376599626,3.41070079302688,NA,NA,NA,3.7892527314963,3.8810711387745,3.68477033636659,3.71405468981093,NA,3.28640450971091,3.95152415363377,3.24213277493099,3.59633534348333,3.95282259901149,3.68908154438945,3.95342765428193,3.44169655791312,4.28929339591882,5.21794504124329,3.82489858400586,3.99628818340877,4.36987301031314,NA,3.76790889438065,4.38391161508782,3.94815001583155,NA,3.72028117658362,4.00236734136553,3.84178663346606,4.2026063728539,4.50369653816523,NA,NA,4.36232056659582,4.62837377136953,4.64916496683848,4.6102422164994,4.45135165094831,4.77533626934404,4.46320958195706,3.99976813662573,4.65292879837755,4.28110588838061,4.10871196896112,4.3046492220871,3.93237298276977,3.99840725336309,4.95132851368492,3.93058755907033,3.63837579068549,3.46288021538694,3.35005633979753,3.53487112599802,3.15342101436859,3.19950427798502,3.54156835376699,3.47421511302794,3.3561249920093,3.29013374750272,3.19040227931156,3.21886239269403,3.09683983731441,3.44938702551971,3.62092072685579,3.21190913003076,3.67264739285364,3.43711563963351,3.10290373006508,3.35263982642884,3.18481950018037,NA,4.23279203941657,3.8081409574599,4.08623365829169,3.31262940954259,3.49288177096624,NA,3.86838103308261,3.41185696472806,3.12401306005763,4.09728243273929,4.04979307767428,4.02571453170321,2.96817451297946,NA,4.20374211070748,4.16800787070459,4.2028315899195,5.72037472367812,3.56037741923438,3.90327661001118,4.75146616562684,3.89432614649276,5.44944590383886,4.92413818499458,2.7236492968664,4.17169753175801,4.08411926273794,3.89091508288905,3.69689268716745,4.21081224398946,4.68379486501084,4.22785336323912,4.18610587862383,4.22487961215198,4.48629894614334,3.70639822417729,3.68238491877729,3.61076934324656,3.43125910350581,3.50174964207146,3.80021237400834,3.82245952536331,3.35936218959188,3.58804762657128,3.84025999722899,NA,3.88659661519588,3.63148371879688,5.11501153352459,4.01123464526782,3.5352220526961,3.80741424666314,3.6452497193226,3.82366264129093,NA,3.88230509919689,4.42253839702178,NA,4.12252785135441,4.55209331687686,4.33128663768491,3.67445640309189,3.88096675585833,4.25631496607311,4.09310810723951,3.73761508842953,3.38933104951752,3.81473896854071,3.81346689629608,3.48720303388304,3.50018588756316,3.85023321821121,3.28515545597054,3.54197520409286,3.70245222011033,3.96082082337349,4.19189511170812,3.31828630336634,NA,4.20895097447326,3.52420229970485,3.28150723658868,3.99821378098131,4.78382451290366,3.45549207726083,3.96478101676177,4.11146357356279,NA,2.82313512289564,3.09667463838314,3.57767978370805,3.04897395610078,2.61167145043001,NA,3.74727259629941,3.33726663339533,NA,1.88119079923184,0,1.16255730263318,2.47979885988802,1.91771944200914,2.56982899506912,2.88287275582677,2.62097373878872,2.71204299839417,2.79720445257773,3.37129505984462,3.48982124331418,3.74607911450746,3.78150199573635,3.81993163374124,3.84414394859813,3.54293836587078,3.33655687694682,3.70620694262859,3.52397738642034,3.7552721677332,4.24947324013543,3.85005072427693,3.32196073541118,3.79901699393774,3.05020995988222,4.06326431655275,3.6853970629589,3.15318642413654,2.86555777124055,2.95694640446439,3.26768345861113,3.53250276616373,3.37740195077606,3.58892884254063,2.96160452503272,3.57999020273956,3.81764498212471,3.48967439792236,NA,3.38503792143788,3.66122387167793,3.88680172079043,3.94702949830594,3.62048466945494,3.45062243987287
NA,NA,3.94606360120513,NA,3.94563930978886,4.04038364720164,3.83803282112523,4.37803718146649,4.65617251922884,3.5218298596033,3.79899286593867,4.12471892861388,3.52842492028834,3.98374116573046,NA,4.15495188132417,3.76703926739248,4.02290124428013,4.15078081507071,3.78055090716995,3.63230192789287,3.96359317036234,4.08502382815415,3.42568731135654,3.53177281478185,3.35727931210688,NA,3.3971566518864,3.28126434895425,3.06944959050392,3.05547201166914,3.4069500343367,3.50418745652362,3.31476249577736,3.16655386044305,NA,NA,2.95654169419159,3.58898880366757,3.66121735606817,3.18121798684527,3.13545299957038,3.01869216971592,3.54196206722074,3.46713837672195,3.75290007773603,4.95533607898562,4.04148450554818,NA,4.37238196071438,5.35655546377047,4.2622579621664,4.34299248609428,5.85729748890603,7.45826860842475,8.09091928480684,5.16138916458207,6.48702548323844,5.43686676093517,5.62991713412129,6.00632613686379,6.17973191283787,5.49190404598853,4.66660132644517,5.35374600716354,4.92827681128944,6.02887238356406,4.64492573707723,4.98614765704082,4.24519140254996,4.46786676446669,4.73468601175617,3.4322440743984,3.92403104081041,3.50387993089037,3.56476215448866,3.54072545275194,4.09604856631712,3.88100754635395,3.68250402251874,NA,3.43233474223268,3.75019379192406,NA,4.01198157233008,4.16028195436415,4.17842907527526,3.11185458925883,3.96315259140963,3.6373984030973,4.28547169227425,4.04451304252402,NA,4.10792577756097,3.87933758671002,3.07990296680218,4.6094292867162,4.44984691551682,4.40508762198887,4.52126173011101,4.42880582008275,4.19468444238495,3.29686028413807,3.75312299155403,NA,NA,4.64916210595016,4.54309393206627,4.36604239791653,4.15732340082339,2.98125450780447,4.14856448397323,3.96952959074939,3.61149038891479,3.1639995295994,3.37979537010346,3.41334084411636,3.35696025212656,3.38039765205874,3.53587948441783,NA,3.91562084351277,3.72485918796289,4.01538394667996,4.53176246109515,3.4631304947608,3.74647884608189,3.30129053369897,3.61266000353313,NA,3.21772190231974,3.61497114742134,4.30102007483259,3.40941940461011,3.11743811946116,4.94112674961105,3.76727885575872,3.49306367119851,NA,NA,3.6803601903699,3.42266271410134,4.27406777285924,NA,3.90971859451789,4.2564355911515,4.32560409595133,4.0967850627421,4.4996277897736,4.36617121899456,4.51696221635595,3.43255657282898,4.02801581125495,4.17581913056193,6.1786985946455,5.01585879105613,4.26191514824059,4.89867965263794,4.25416373843569,4.00814277151124,4.65921098448033,4.26201224335927,4.39196559688132,4.18103175559206,4.03726682482457,4.23235168234111,4.36342897317543,NA,4.20986084302019,3.95765761539802,3.90054550535242,NA,4.2261985775755,4.4760082013641,4.06375513317435,4.85154199810283,NA,4.26379983955309,4.16122627281578,4.68263167270058,4.59477609773953,5.00007164146683,4.52130279616745,NA,5.07706114302915,4.44055349841844,4.5564245401439,4.28153427049334,4.05200965620884,4.29171596844563,4.45658772585915,4.15918062656361,4.27159184956947,4.70561000677743,4.23853701471201,4.20544224063966,4.77804512381987,4.81002879300994,4.81169196283774,4.44834145883484,4.63199647193882,4.1166964543838,4.51860735783353,4.50741757054062,3.77596133924017,4.35378076903941,3.96170891380629,4.18816902888547,NA,4.10414380748002,3.42501226884286,3.87705687832693,4.10293548343152,4.58174485620297,4.50422290600904,3.53915600267133,3.27393454017219,4.14347729058022,4.61220753206118,4.6054728839444,NA,4.16378413284805,3.40695590217429,4.71420663660459,3.89760003374386,4.13548649090364,3.85729068198019,3.79042294154233,3.86338465387367,4.08891876635242,4.24558789403282,4.31954881932522,4.15428085253824,4.25748362571201,4.00817078316073,4.69284554402779,4.33245831948326,4.88958210906421,3.72861285185017,4.03195438902002,3.84777757149545,4.72981809527862,4.95218652346734,4.59958721004698,3.84690113307323,4.17736403816076,4.2783388626923,4.234730630152,4.26844504563933,4.15690520874086,4.19669901113313,4.05851927886015,4.40592701215105,4.173049588625,4.29044539413448,4.34663758012159,4.84199099069102,4.41915634753956,4.79146067792882,5.1435186274765,4.80989497311739,4.89623417723247,4.42526545070931,4.91465149959375,4.73913278987976,4.51617748291072,4.03493356868208,NA,3.86395447247103,4.45590476064636,4.60985997972408,4.56023560209894,4.49507117715467,4.46985197865049,NA,5.42133119220267,5.46616829498538,5.18304055865047,4.92862026883481,5.06509581339513,4.95091255046187,4.92332338572904,4.43697345743524,4.50657275071528,4.4295021416718,4.3202820396946,4.84852718614673,4.40444551429682,3.74513792456672,3.74776380998709,NA,3.35152428729808,NA,3.86678615480302,4.17961687780831,3.32455083902967,3.18361828083517,3.68972597890912,3.58890315290733,3.6385174823291,3.4720197475174,3.11759083118716,3.21949021682886,3.09504272015268,3.86135338040807,3.35624574132946,3.65250473435984,3.60289401221569,3.69843384031984,3.52247233865519,3.21321950901709,4.17135411154503,4.00919274104423,3.24506895183481,3.23789002194288,3.61905449136277,3.50798827339586,2.85779660799352,3.76169432600943,NA,3.07510198817571,NA,5.5265103299674,4.61360065142389,6.06399093140194,5.83660985861939,3.25294127148082,4.99862299565918,NA,3.23046393039039,3.846368327105,3.12909711192213,3.28508267230686,NA,NA,NA,3.69761008813274,3.80050639161662,3.61257417788667,3.67951616397225,NA,3.25222225956376,3.94201719780357,3.25671048187655,3.53104575554036,3.8553813719767,3.49751788427233,3.8194533686143,3.24454019683654,4.09060733423937,5.01253686741266,3.65592171082921,3.85110066669155,4.22267938673164,NA,3.73873248192502,4.18615791365676,3.81686371765769,NA,3.63756619476728,3.9612064976311,3.80398982137449,4.14085389370794,4.43494189232202,NA,NA,4.25940440285802,4.53637683728738,4.56069249595592,4.55570742163378,4.36820368030832,4.59938910636808,4.32216877539678,3.86579817362246,4.52125334214468,4.10396729191733,4.01810449500834,4.22721669254001,3.80446664838161,3.9263733341494,4.87326943950888,3.87839037774533,3.59192413949068,3.40997252929269,3.28402310743346,3.37194561104738,3.000750337566,3.06110451154629,3.24484727847661,3.18335776357064,3.05652386221458,3.04149270027674,2.94999499528894,3.04638868623511,3.02659199607063,3.3763908421226,3.46078221364906,3.06128660781654,3.33364427913715,3.27159299917538,2.89691473425206,3.1564275757878,2.94565912060341,NA,4.08783488370973,3.6214655361072,3.83748217741435,2.99146290439183,3.24763250734115,NA,3.66583055841347,3.32566992337572,2.99341765299617,3.94725193127108,3.86574966091217,3.89066596002699,2.79686892745808,NA,3.88461132284908,3.884862046404,3.97521354056611,5.49526949986012,3.39227019083193,3.63361577011617,4.62147508437778,3.61049548682297,5.19053055114228,4.47207686648619,2.4675108155278,3.7550469428669,3.65631192003616,3.69512139849877,3.46310183489348,4.01289612526849,4.42646110094383,3.89247702532863,3.83798683722291,3.9254853545094,4.31918077229982,3.72865734041051,3.59348982963218,3.40049205070143,3.31860345846124,3.39906031683955,3.63918992039653,3.67116692887356,3.22834903688849,3.47102687979012,3.70798001938573,NA,3.69636714958327,3.44077079571967,4.89857126455503,3.86543276772639,3.34083992218555,3.61083513420437,3.4973207346641,3.69793372621969,NA,3.73388845850761,4.30748097961118,NA,4.03832942819293,4.46122900293443,4.26101033428393,3.60953585318871,3.8732994204903,4.23754835863625,4.07220259603455,3.64264515052356,3.27491565583219,3.58373772355406,3.56508992532666,3.25233096321079,3.32290515194177,3.79653647859619,3.19601547343779,3.36861283979657,3.43930663941616,3.66340233151954,3.99320792219636,3.14978106789145,NA,4.11862843761596,3.4593009615708,3.02266432420512,3.64728646983768,4.41422616050552,2.96464660737056,3.6493679521631,3.93806945063445,NA,2.59510973105685,2.9044770187864,3.29978837961041,2.8344448285894,2.40688779895377,NA,3.49633327902967,2.97831488567039,NA,2.21719845507407,1.16255730263318,0,2.03904704719583,1.77164035068582,2.53021216982186,2.58285559257503,2.02018918613968,2.35967962913164,2.68655836739227,2.89491738567662,3.15462724410941,3.42340557760197,3.57383613450924,3.62655824221309,3.75172501272977,3.35114739171147,3.22573613437444,3.59535909117626,3.13942870520417,3.53362310765295,3.92064344254998,3.78554084581448,3.27467924153898,3.69000155096135,2.89635042630579,3.87766062646958,3.59831434730634,3.0417218041182,2.77663932843241,2.85307301368086,3.14345650389049,3.41939683069668,3.28541968575488,3.41136836575436,2.92062684903918,3.58057521689883,3.66813050319453,3.42802536423866,NA,3.32992263465796,3.57974079912982,3.79033579788211,3.86910984621938,3.5382635594921,3.33092815144707
NA,NA,4.26898532370929,NA,4.33653869732388,4.49311518001393,4.48373724500875,4.66057815959739,4.92068130746746,3.80928731757832,3.60209122830652,4.22404670908618,4.30830725809878,4.46181587701361,NA,4.6615226632074,4.06179339948944,4.48465600171026,4.4422724175519,4.23372674537981,4.23240116139333,4.51908777782666,4.37192086631571,4.0371052662961,3.98951082636508,3.90300669485139,NA,4.16595495108039,3.97757663789534,3.62094620227396,3.75764713680792,4.09777693607204,4.27666883615007,4.11045132569947,4.00865932537931,NA,NA,3.76937898244428,4.39821974115604,4.42920892472905,4.008918247929,4.02747115299023,3.96929114170141,4.37810411134195,4.08738380401936,4.47655240838439,5.4684228361113,4.70483726338594,NA,5.11777833656425,5.89755507968935,4.86979083756969,5.09413309900047,6.39418659014535,7.82527993575002,8.44442338194407,5.78998611905569,6.80240336554203,5.80204804624811,6.10448466561071,6.4900559616229,6.59886196946317,5.99099453093076,5.32546145460674,5.84643163119064,5.61566571587962,6.61928077942726,5.36386072899998,5.57769983605095,5.01434615131263,5.23346767787395,5.50632655545118,4.21811243040042,4.62980010803974,4.26436233786783,4.36887725752165,4.40497000271125,4.76325211685954,4.67494728863938,4.47419418058976,NA,4.20283820361265,4.39286570878687,NA,4.73647215398091,4.89208648843883,4.85695645819122,3.90421425449382,4.58439078815755,4.32011788856138,4.93603378706292,4.76302038215747,NA,4.68108200864731,4.5935547421829,3.87556976708165,5.28568903899104,5.07687594040705,5.03270454776345,5.19361967452577,4.95683788923415,4.8894808794594,4.02939235715058,4.38777036497058,NA,NA,5.35657370128188,4.9555586847102,4.73213574639854,4.70327850703895,3.73587033234342,4.82357385309836,4.81538950106644,3.9758995546315,3.86526060074785,3.9305021463073,4.16157552761796,4.07624590475207,4.00205370412677,4.08922070469414,NA,4.70032908879191,4.47968615116379,4.7114808440912,5.26316752461901,4.34964470692958,4.49623294440205,4.05918647448821,4.41328544047195,NA,3.73413075940732,4.18959928614301,4.97468593064401,4.12695682762457,3.9745054811726,5.12589206088458,4.20220500696784,4.30954007422599,NA,NA,4.53738548839314,4.18971443535196,5.12526251064159,NA,4.69955299982905,5.06607650517812,5.21526441752894,4.9837980492985,5.28133521827541,5.12336293397397,5.21307820527627,4.2546223634064,4.21050152763508,4.87788758694533,6.73392053026165,5.5123659132584,5.01316194202966,5.63159506956084,5.06124807004551,4.85589417577784,5.42256920848261,4.99291601117245,5.18939039318324,4.92896441985648,4.83912151579651,4.94846994744371,5.02063649592185,NA,5.00870172979829,4.69814892187974,4.69462691241449,NA,5.00579724540706,5.2202023165536,4.79158469202141,5.49714203967884,NA,4.83394042769654,4.87291139085205,5.3885220659046,5.21168754899969,5.59390375745771,5.18362583508233,NA,5.69724988447921,5.11804610906928,5.20779563537348,4.94913237504933,4.72870481229517,4.97311035038267,5.11833840885399,4.836501657029,4.94198915051451,5.33073283193254,4.95922421523699,4.89517227169968,5.37086567765723,5.599455154378,5.48748567125332,5.17167738793917,5.25182966239537,4.86449079648893,5.15395275521218,5.16157553062219,4.56918911940011,5.0517644757643,4.69565558186548,4.9080031787281,NA,4.68852844615733,4.20423092173067,4.66158043252796,4.83416712588682,5.18399184564506,4.93255959845313,4.11648483690625,3.75962416284101,4.58142522708549,5.12477806103348,4.88728488960779,NA,4.69046331391533,4.08745018482784,5.24283469903378,4.62486517834369,4.93278305288558,4.65349457255646,4.64406618321531,4.66252654886687,4.89379877037883,5.00400856617066,5.17626181845196,5.04119386203251,5.05642177274215,4.8445075800754,5.41630961015674,5.13651254756601,5.65061468010496,4.60230478409411,4.99218965928678,4.68721737979977,5.61787629610034,5.82252266404831,5.46312114611015,4.69291954778634,5.00110930075645,5.08991030222816,5.0594645386902,5.11580424721363,5.0333719049258,5.12282240584305,4.89220916644647,5.18696829193518,4.96568122566768,5.01074472567147,5.11701524349624,5.60134688559506,5.14601001124747,5.51051505173622,5.82806416943647,5.52789730754096,5.60535782422833,5.21157762689743,5.58438495129824,5.3525059650203,5.17967524680827,4.77413475465701,NA,4.68091516002752,5.22058480144451,5.36150251716114,5.25057531338378,5.15997419800128,5.13204073646669,NA,6.05473776556332,6.07756700913198,5.79794600280917,5.59293184299667,5.71157661930018,5.58926784949601,5.64560602822051,5.15134641305512,5.20552280990203,5.13982835797895,5.03958889396591,5.49770084482127,5.07014002867093,4.49737099373779,4.5234098291859,NA,4.11692147130475,NA,4.72861320062601,4.99707030167181,4.2139413927645,3.98345416069808,4.24484522520921,4.2607698242098,4.52231284035464,4.37231149440964,4.00431426179446,4.11300028444596,3.91794856857369,4.7039094922257,4.18589391288332,4.44223465933172,4.51794596595851,4.59101440423776,4.37395735380416,4.15667345786323,5.08900607521285,4.82452402212808,4.11597798307873,3.81846561485773,4.46710078634611,4.46485643570056,3.80922613103805,4.64912375260989,NA,3.81455926227538,NA,5.84506208431487,5.18278454218192,6.56095085926649,6.26824359185132,4.19502009587162,5.70761552348064,NA,3.66963429629361,3.90803184389842,3.90878848597788,4.06789654809238,NA,NA,NA,4.46192045669278,4.48805725258011,4.41744522598171,4.46825006687453,NA,4.05434168864178,4.59874441101119,4.01894896904995,4.37323325623279,4.60593725591948,4.11895523897501,4.42962504964737,3.85576841692499,4.64924130163438,5.55018751487472,4.30306181492147,4.52498077709564,5.03057185094892,NA,4.55534793992192,4.79621433646017,4.68643925723719,NA,4.46160847119599,4.82189765019524,4.59897233939736,4.90198519512382,5.17959872417041,NA,NA,5.02871914275746,5.19763805825346,5.27165271011366,5.32729334687971,5.14880989442501,5.40513161801354,5.17344753825149,4.73672708233189,5.3531053729313,4.86879107119735,4.7779291534097,5.01948674974811,4.34516558435484,4.29420093132367,5.56656312873618,4.62131561095054,4.31538626947597,4.13767312155958,3.94566216599262,4.26620863696036,3.86185210569631,3.73453008229851,3.49633162300841,3.84279723655539,3.58189911012583,3.81756981330852,3.65247021592442,3.61941676812162,3.64075965749066,3.95435919884962,4.05176717826874,3.68209177269014,3.55444650119004,3.77565135789419,3.76414398088485,3.88490114924593,3.62553879889913,NA,4.77766982314233,4.23728376968839,4.20479678849143,3.57417360857248,4.17793464754269,NA,4.41438636356184,4.10591626224318,3.88846024722984,4.71472484101041,4.42933878798075,4.66830666880379,3.78970697876648,NA,4.55112261532108,4.48624215936083,4.82648872897646,5.92007302382714,4.19935317261774,4.42354279716849,5.06026417803873,4.28901383758878,5.63151091271443,4.85493870943542,3.35145708819061,4.34405526273066,4.29952309068731,4.42912375896383,4.13385147876336,4.79292118697546,4.86626468602192,4.40534757399171,4.24339305035949,4.15534607469125,4.85427227781804,4.35866143478305,4.35072329935343,4.30707547593146,4.23506244592599,4.22076673112402,4.41751870340307,4.53281711147002,4.09315543778399,4.35251878185022,4.62964160871454,NA,4.5707166543158,4.34692078726117,5.11803871314613,4.69247084972851,4.22510575116265,4.52993349741534,4.40299341276902,4.58031653298836,NA,4.59112354751809,5.15168094178555,NA,4.79446238596235,5.21365503043572,5.01587248160772,4.26622720338795,4.61453044652362,5.0259272636921,4.77685903174192,4.36293509594611,4.08709032013736,4.44548872771074,4.4830027977367,4.10353577997834,4.0071879585489,4.5077425161106,3.69897646131182,3.71556290159203,3.88700282569486,3.98341704537739,4.56583604076344,3.96086128609186,NA,4.85704045448147,3.96268938501672,3.39428520418422,3.90448358941519,4.49838286704768,3.00928325709365,3.44902784847222,3.9328122918525,NA,2.77739360769755,3.18207898167551,3.56551873273985,3.10904880863617,3.03825068188589,NA,3.8762997292539,3.35147240173663,NA,3.30407728273513,2.47979885988802,2.03904704719583,0,2.22637978635984,3.50957711274579,3.75803382748028,2.90781838153014,3.40078820992441,3.5705208160667,3.51569378142017,3.61059273816221,3.88231323728312,4.1384053963514,4.12573291241817,4.59523037803289,3.48026631435368,3.88089390078533,4.44330308420859,3.43975803223984,3.65112529205128,4.48128305893963,4.49462199708092,4.12415924965715,4.20528620034561,3.62661554303318,4.56163767130751,4.4028040598682,3.95539698311152,3.52480014305753,3.74446083622184,4.04612978748951,4.23743959163586,4.10883287732918,4.23169557473969,3.70613922022479,4.37398685134197,4.53819389427814,4.306105023215,NA,4.16926367774758,4.39162462719654,4.63996490973592,4.74084151841421,4.39157831754906,4.17797219893102
NA,NA,4.02655002785498,NA,3.86898030565601,4.16707484725774,3.97093984812333,4.43709564074218,4.72125646124432,3.57429663275125,3.663195184161,4.12347736623955,3.65454737428299,3.84992016692082,NA,4.15116794107463,3.90202513294486,4.01619324937156,3.96716487966957,3.65424849558622,3.53565694761292,3.82299658011674,4.01708790474296,3.42944925856879,3.52562544139233,3.37453316434088,NA,3.69226591791938,3.50653439904565,3.37550768860166,3.20570398423856,3.50103948462777,3.62191786778347,3.54413487792955,3.35050000608837,NA,NA,3.12934113223326,3.65398696580998,3.75105535243876,3.41633205409009,3.30745806060904,3.20765689657627,3.58812221787053,3.44522178616628,3.78674887791774,4.93668049158486,4.10617844758611,NA,4.4868386715566,5.36064214311165,4.27080885568225,4.39749791550452,5.96100544283836,7.53412058313608,8.05395351400728,5.27641195456331,6.50505925399411,5.39357774307891,5.65519185909931,6.12599265405761,6.21789474985237,5.5245691959851,4.78685007153728,5.36173924942478,5.00412652433197,6.06598651843796,4.68059700354133,5.09220334596254,4.39109157545859,4.54750318584491,4.81333080495654,3.50623060223826,3.9851465087735,3.6105515968868,3.77113056930345,3.82692515591863,4.23940849763085,4.06882143526842,3.76735678601806,NA,3.56131763147178,3.84949577025091,NA,4.11631794040126,4.2810699637912,4.31600096449383,3.28342675607158,4.12187502891514,3.79678047988944,4.43693386162103,4.1987581822851,NA,4.25041504171381,4.0292705458426,3.25479594193771,4.75843868596382,4.58606755331052,4.57240827412567,4.66160076617265,4.59371737111351,4.38378505927803,3.447207526086,3.83759257877216,NA,NA,4.7498689135822,4.44521871301302,4.13107678875315,3.95587170390732,3.12336076389493,4.20175815576036,4.19944503174499,3.77012515867184,3.21451348973142,3.38184370269371,3.56781517418886,3.34550052948816,3.41601652533372,3.65238218317484,NA,3.98142145179357,3.8916895062112,4.05826977382765,4.62862280035424,3.65215332549657,3.91355580915205,3.47205810784221,3.89589714610573,NA,3.32304910775279,3.71849735063934,4.40067043468965,3.45958029740167,3.39077206443454,5.15267327013674,4.0216909114438,3.52536131847445,NA,NA,3.80782019613505,3.5030017789283,4.4096471362411,NA,4.20969124478033,4.45993318955175,4.50953626696231,4.30197240460279,4.61304908200349,4.54248517703268,4.60485916213892,3.58143494802347,4.22997599188911,4.4554877723151,6.29411652911738,5.14795567576669,4.38249268523228,5.06152445319624,4.43353230828046,4.22151971417724,4.81373202163089,4.42333519768471,4.57326149785908,4.31340367514626,4.14209485470379,4.28461992661891,4.43870875474233,NA,4.42118083502536,4.13827310633393,4.04575097310911,NA,4.36486815751593,4.58812590975594,4.21772842158619,4.96228148634787,NA,4.30639880315802,4.32844682021888,4.85191214607641,4.67634616829401,5.05348087858012,4.64266494992005,NA,5.21877188481737,4.48167477671266,4.69925059765801,4.40090649675222,4.2086112281023,4.46274566845581,4.58879342259574,4.25155702269555,4.38861787416957,4.74880949932768,4.40697074430497,4.26406398646848,4.73925756510833,4.8772271143555,4.81461523713232,4.54390807344803,4.66356398969462,4.11548975030513,4.42533595198987,4.52252776177122,3.96982825896831,4.41414303832358,4.0692056865795,4.29748527046924,NA,4.12475424645229,3.52033488149528,4.03500632592779,4.30997156624909,4.72185803923689,4.53297734185587,3.77262663035249,3.37760390504093,4.3091648836084,4.76552062443271,4.91564542983909,NA,4.26563254826016,3.49506006219463,4.41772335170888,3.81106172064421,4.14316957965372,4.04651491551028,3.98593196567462,4.05608593522647,4.21851478736099,4.29174571158637,4.38891163840751,4.31573130373513,4.43175750644433,4.12584713953335,4.6117222187473,4.33063871304742,4.92131119885991,3.74024681771731,4.18932222383624,3.87315018686674,4.99165581300054,5.07059688826515,4.7841631732499,3.96198179112913,4.30259699970497,4.30657763462958,4.41845179518034,4.47937464701389,4.35282512161968,4.41633986340554,4.11069860246065,4.56808010773909,4.33799607275163,4.38748809981574,4.44815285055289,4.94581739753299,4.48264147117694,4.88248313979231,5.32248872126083,4.86649885603085,4.99523101926362,4.65229976454088,4.99637037788651,4.83827952003563,4.64591473547546,4.17183231944272,NA,4.00040662116312,4.58899756743381,4.76971510037491,4.63774094471216,4.5589502897558,4.57858401334484,NA,5.48664736559667,5.51067303264182,5.25777979850877,4.99897566460832,5.03234086766265,4.90571100124605,5.00039833898873,4.48803255922549,4.53898102760898,4.498920391161,4.351103823834,4.75718637895969,4.08363589116457,3.6049910363203,3.77719626468923,NA,3.31660662349701,NA,3.91959914438125,4.30353003960672,3.52222244206216,3.30803655579108,3.4250306494613,3.1984499105233,3.61186566136357,3.54084153277793,3.14584429132493,3.34791433237817,3.17039805264761,3.93485188130153,3.40474622429457,3.67286124839876,3.77288644519922,3.81986244782829,3.59493694571142,3.5550289491109,4.48136174007381,4.31580589419179,3.66035297795153,3.64784587550712,3.90098906098191,3.70974128448639,3.16543590992309,3.905999546276,NA,3.27824685971771,NA,5.6548005581998,4.77047291937055,6.09034311962948,6.04245268096176,3.53008086354927,5.26436602272743,NA,3.09901003372251,3.34931933951106,3.15029526262443,3.30079528181628,NA,NA,NA,3.83891940581475,3.84856990874404,3.5949314047718,3.55955200825014,NA,3.21229752955046,3.93838973840356,3.3654685389108,3.71661930449766,4.02087704199781,3.63453769299601,3.89744316696779,3.28551358619885,4.14629639172528,5.01663336209379,3.80656433427085,3.89397626221491,4.45890830430636,NA,3.86817408677822,4.3761669122776,3.95016792927575,NA,3.79642693123005,4.14146548070026,3.89355065112035,4.23009436112269,4.51154150002994,NA,NA,4.35603681848853,4.64164447415889,4.64553643613607,4.67744313654578,4.46522877253308,4.80395670154468,4.54475208022395,4.00886541358028,4.71383833500441,4.22979883018758,4.07046916554366,4.33278761181002,3.77438465513235,3.73146898019429,4.79520944733919,3.83219672882288,3.51853577444261,3.39296333117327,3.16809055684776,3.53967977305779,3.09024812352238,3.03114705865217,3.00938775278839,3.04505917701257,2.74672274573297,2.99097361679107,2.86082925487114,2.9148037087091,2.79894268362434,3.18735457526339,3.27521223418049,2.89049097703037,3.07779498735448,3.37323895556806,3.03673057933452,3.33754457466404,3.04792274720125,NA,4.04698868604326,3.70435255581078,3.98461732497923,3.20028646719567,3.38071344988573,NA,3.78855099508968,3.26543266491426,3.04795075661469,4.00893949050257,4.113934974513,3.93900362841033,2.86188712014884,NA,4.00901937590987,3.93243063885386,4.12533122591219,5.6094057971964,3.36164538118155,3.81506906063575,4.76269972640408,3.85009180385286,5.33018457610719,4.74186531213773,2.55055282926844,3.99299977743521,3.96916911763285,3.82899678437244,3.50018975223262,4.16182111429227,4.60355574806007,4.15295909146513,3.96670524288932,3.89218945276399,4.24043803901633,3.94963658780735,3.69432904232758,3.58703342026449,3.4431295884556,3.51663585108976,3.76931047903137,3.8159182572618,3.35762985626549,3.61152804736177,3.85379121212851,NA,3.79991514718346,3.5728129118104,4.76186954923582,3.97665092772126,3.52112155093371,3.78894118876919,3.64845062989725,3.87705393636579,NA,3.85841250853516,4.42364836763152,NA,4.11210195911442,4.5458830188339,4.33832396390742,3.61523926429739,3.89164542494751,4.09246538058482,3.80181118285833,3.49523293532042,3.33456824018881,3.7478054002351,3.760257784039,3.37753830798181,3.29954037716646,3.59467834769498,2.84850272499764,3.01684486158019,3.17710653651576,3.41801155449821,3.80196971898736,3.04227547966302,NA,4.21587789554869,3.29752434272198,2.84360770774162,3.61317171208681,4.35026205063912,2.96332079556832,3.60903482141919,3.97770375964231,NA,2.61243514153566,3.07725193760857,3.62543249763958,3.10113556937972,2.71189383600623,NA,3.80982554893323,3.35943580577644,NA,2.52923240780076,1.91771944200914,1.77164035068582,2.22637978635984,0,2.85849740401107,2.95259542706772,2.50595177277039,2.62216518366985,2.89511847541123,3.23533171483154,3.46391221286405,3.70081431899481,3.71463033640665,3.77409845294236,3.83260595806172,3.24711848701847,3.06815027981497,3.68261725103315,3.42281139024579,3.51931821437485,4.14631246828165,4.12810057449833,3.59477022014853,3.86374536373889,3.08777714848682,4.05863448389039,3.8202299794431,3.23456841817848,3.11326145371308,3.08526558581153,3.38398669369616,3.59046622543052,3.44693893665203,3.59492716155453,2.98728729316192,3.64234566885997,3.86991201472903,3.55514115803581,NA,3.44601470698636,3.71323283077103,3.94995944736826,4.04205768867907,3.70739573054816,3.52565650440213
NA,NA,4.82805883484529,NA,4.92049484606271,5.00188529484219,4.88942666267209,5.33517989404984,5.50989235229494,4.54511597606348,4.60367515206186,4.81737793035785,4.43378454586024,4.69740047244715,NA,4.9329690698429,4.77786497863167,4.8963463204908,5.10241078580848,4.59888072117279,4.48591749599295,4.51663594211812,4.77098522396253,4.46092749803157,4.58863818742933,4.13561978679752,NA,4.29189904788924,4.29050206522364,4.14138163809009,4.11451270345422,4.5094622000296,4.54589882772408,4.46759522851958,4.15729146799682,NA,NA,4.11388210226889,4.50637412404245,4.60128109558148,4.15343814582428,4.0481407103105,3.86446706531501,4.39229450992418,4.19915213713612,4.38451097807145,5.60841410791379,4.72214802541889,NA,5.0242923574485,5.81213497242518,5.03881023503321,5.01500978268138,6.35690960868561,7.91422168233136,8.50758296727464,5.73138456167203,7.06209854591529,6.00677467578141,6.18875272990766,6.56960923409564,6.73231175173888,6.04710249378018,5.33956622549569,5.96860838579439,5.61316778446938,6.64222119285525,5.43239295531735,5.7089201412921,5.02387305283079,5.14521784760716,5.50542715524182,4.44294985758139,4.8047772789312,4.47741389316052,4.53842138602776,4.51121076865243,5.02527847397944,4.89617111187996,4.66839199031533,NA,4.47468171250237,4.56634336085778,NA,4.97578320431701,5.12323857573304,5.11983894163628,4.23932855902684,4.9557526140473,4.67270570950367,5.27571465954097,5.03335174908026,NA,5.16038544978315,4.93335475946852,4.21725473503183,5.61156857781061,5.44193450156704,5.4781745795768,5.57660266463252,5.41958684902949,5.23539325299355,4.41744761003534,4.90370836417807,NA,NA,5.7588755911345,5.56991163173052,5.3540130580073,5.26053668288228,4.14627365386576,5.40460071193307,5.30869716860492,5.04556022229108,4.50127116579498,4.7074013612331,4.62024263865748,4.60903135366131,4.65866499113127,4.80257969780987,NA,4.92206595895695,4.52848354544461,4.76788778675237,5.33099800922531,4.5881236968158,4.68862573229533,4.29927325073268,4.64095981791164,NA,4.07323411776526,4.60470618375271,4.9413910648563,4.14024763698039,3.91310233926652,5.79240041449786,4.81658266353226,4.37805395184194,NA,NA,4.69486677298849,4.36868816619389,5.11454460077859,NA,4.62524426709894,5.04601764575719,5.17310185569429,4.95486870385031,5.10662650291462,5.05129263927756,5.1960564183155,4.38277966713418,5.12838607523851,4.86719076277396,6.71098833118432,5.71776403564272,4.98637758230228,5.57294828283845,5.03411561142424,4.86473305542431,5.53798044943325,5.15204546921108,5.13853862986936,5.04520000658568,4.84301724613691,5.1287028232806,5.32332271534658,NA,5.05347469165502,4.91826799140745,4.81724596726415,NA,5.15300054038695,5.49507027304169,5.01693371828956,5.79434479263932,NA,5.25211630988946,5.06928132159674,5.65071028068833,5.63195705516201,6.02542986528773,5.477095438425,NA,6.04030576749767,5.39707703365975,5.46044684855814,5.22625187939842,5.03996298976471,5.28224727723122,5.38995661921943,5.11803342545102,5.18449763914891,5.64112840722414,5.22662920500265,5.17151536967823,5.65998807613515,5.679550874738,5.68727292011388,5.323018723256,5.47621903972978,5.09517936319565,5.21834732223529,5.28221769235882,4.6681586233914,5.10268207805464,4.87254397199343,5.25897012133813,NA,5.19784120651571,4.57819943705662,4.85127517862146,5.12515316653267,5.18533151384793,5.25043650842112,4.56172781691918,4.31172135259521,5.17190393680106,5.51123594239983,5.56911529485112,NA,5.14039669425256,4.44501552063498,5.5043616510404,4.7323675680937,4.97811583662773,4.73599042090651,4.64190302627908,4.70563264310471,4.91234750840444,4.99244123105045,4.91555692425373,4.87022549117862,4.92169237344369,4.90925542859078,5.39336302042596,5.06530428893289,5.80348515468899,4.52371587591355,4.88722870033441,4.85565897489264,5.50613510992028,5.58480073047676,5.32040299285459,4.76474892556508,5.0636841851268,5.10627813109022,5.02916566732934,4.92432124793292,4.8669251050438,4.94213899569997,4.89137974920318,5.20857012014003,4.96423654077233,5.03051605184004,5.10536853125149,5.6116638328121,5.13324034191265,5.57710441101109,5.93207489675049,5.70947470693738,5.74949796337826,5.28832561040026,5.75085564948726,5.662103097613,5.46502988508197,5.0792154144592,NA,4.89989960127784,5.35725867624071,5.53817051373317,5.49128348916453,5.43188709731088,5.41526584168534,NA,6.37243698444236,6.37627034796265,6.12980675911196,5.93605931164093,6.03561268087632,5.86577189281585,5.81727238196889,5.38406270097197,5.44070391705314,5.4685287170692,5.43873814357039,5.89906930782421,5.40620751890181,4.75730028890938,4.81604879920279,NA,4.57669038341479,NA,5.00121756932891,5.16341705277432,4.39115666883743,4.39592707591695,4.70076103327838,4.50868162808358,4.45617407176653,4.458564001418,4.07767493047944,4.17148856176983,4.05531534446912,4.84602222703206,4.46417254655321,4.60867579928201,4.40782571914533,4.55612911423739,4.49939579526567,4.42588043918726,5.10133558207525,4.86663129307115,4.15906035162289,4.21393466317303,4.58442168560995,4.43188632219722,3.90610088407748,4.65756187868112,NA,3.86014054554805,NA,6.0821456222724,5.20534340120315,6.41532196967348,6.424596883564,4.15744307441035,5.60120155750938,NA,4.15341127841703,4.73265608638509,3.85563786581557,3.98943940705068,NA,NA,NA,4.32044751786414,4.6055368577468,4.28159656299145,4.33651365240856,NA,4.0258069838925,4.6673884753283,4.14446037760979,4.4223029882343,4.62594970928327,4.31882880217246,4.6304230487022,3.88344923319655,4.74471426074017,5.85875201671999,4.61464208300077,4.7099657560032,5.19336386271869,NA,4.59775205534087,5.03020040561755,4.59719718911105,NA,4.57461050060208,5.02370389254777,4.83858678951479,5.13959269723923,5.47419290489496,NA,NA,5.33282638888213,5.58399712123781,5.59998089464232,5.58195560971264,5.40236867110098,5.48519626905095,5.3583833974407,4.98381001685747,5.46975223676417,5.08202742857775,4.99000308597399,5.15813592182667,4.83433800211198,4.84393882347466,5.72927373250884,4.65268435554671,4.55970540707143,4.4199432609984,4.31865256155881,4.59182180624959,4.20086971528847,4.13960851065375,4.38835042542535,4.22059849802557,4.13602710850802,4.3272289488092,4.17688507281159,4.27712305900215,4.1789434819904,4.54861817375501,4.63149817199633,4.23040797331828,4.18366538067143,4.12890568490334,3.82332844993287,4.13529606482198,3.96293833868542,NA,4.96099546973992,4.52351706452803,4.74866471249261,3.88436797652185,3.88866020960221,NA,4.25676665031802,3.9346018095324,3.64118642885221,4.44542989641055,4.58825778583363,4.39358835558818,3.61343747039658,NA,4.35468587495379,4.4087514108604,4.49505572165481,5.8946057623458,3.95794054598945,4.15600785328597,5.16400831480593,4.23199096586154,5.69698330192287,5.14476888033442,3.33576641508389,4.47464007912454,4.46751394855746,4.3708731281703,4.08923962757738,4.67153536791229,5.17770585076564,4.71778705985972,4.61554634926385,4.69088181441016,5.07598526345843,4.76134703531638,4.46441521797977,4.32678156025406,4.24690112615869,4.32708898794407,4.63844391603125,4.65849736476598,4.24624754547119,4.53008446479071,4.74614947125632,NA,4.78274164688177,4.63175239793017,5.60104728313123,4.99486273262231,4.60954078679161,4.83125618489564,4.73887725038514,4.9039885256293,NA,4.92717700130533,5.43815842598435,NA,5.15273881923568,5.52345364527383,5.38335474567758,4.86080582679012,5.10107590421853,5.32094896111537,5.22636548694471,4.90635717869355,4.64472497789094,4.98296268877352,4.96975702877464,4.65228282574029,4.64215463960171,4.93271907690467,4.37246855504714,4.54042655553911,4.55007773597121,4.75883125408926,5.02966090613552,4.50739277250441,NA,5.26127723575246,4.78136168497162,4.2601728090363,4.65267736214298,5.52230871864228,3.89674074188853,4.71838908620541,4.79893511066516,NA,3.73943747203743,3.92303509040352,4.28500601364195,3.96248017813316,3.40376926446725,NA,4.56542322228154,4.0713089992651,NA,2.18078750728222,2.56982899506912,2.53021216982186,3.50957711274579,2.85849740401107,0,3.23013425673613,2.94287736566447,2.68320160754095,2.160740409705,3.16543137837095,3.64737636443234,3.91442722187602,4.07682082523294,4.22218487329208,4.44013596360196,4.07613932469566,3.81548592882828,4.01924726519699,4.08763842362009,4.4003267690819,4.50796793775794,4.71055906120456,4.21020278660759,4.49777104281099,3.59009015643832,4.36386359692239,4.1894010804011,3.76085077703909,3.71907804968066,3.66844890614869,3.95970262117979,4.0440173030887,4.06244581911798,4.26050172951614,3.93017337174622,4.35575100432953,4.50028444254852,4.32812053247674,NA,4.21499085919141,4.50417996336728,4.81793569013563,4.86986645287475,4.38528038277425,4.17489552078369
NA,NA,4.00767242031694,NA,3.92567746402769,4.07228596889764,3.82481562000948,4.60961703598307,4.92123944807625,3.82872309674151,4.45395088651956,4.63136470291624,3.39000683959014,3.71446714211924,NA,3.96292877790567,4.4552534167149,4.35948032428474,4.29852916271879,4.15329599259645,3.70362881835408,4.11300617538956,4.4608827446228,3.65888776295209,4.00190002971857,3.83045459402747,NA,3.56744710556701,3.58433589073543,3.64542234845145,3.32513162357225,3.68769824379274,3.62271094806683,3.67766383270419,3.29011229366749,NA,NA,3.27021626571118,3.43941650464145,3.6020431491521,3.0491618423339,3.08479757097537,2.94131939182757,2.8827714260771,3.37445280110773,3.37796533140634,4.4244090013793,3.57104130398947,NA,3.82620413821441,4.79079020421907,3.94029112962814,3.80673265409742,5.41858296989348,7.00062295431163,7.52511241114328,4.32148499943858,5.94136268143412,4.9803425094508,4.98589514861052,5.46408502688805,5.80930340256793,5.11291411057766,4.3813640166368,4.98237215846654,4.2882389170912,5.07314153151848,3.87225465918276,4.46283576241795,3.89539565313564,3.66825983705034,4.21938001238836,3.0688452483004,3.51470813570657,3.16487697639223,3.28696021598055,3.27852841232986,3.68580229010936,3.36448776011146,3.3595222918411,NA,3.20614550810544,3.33333987327479,NA,3.51740594961467,3.97494574867216,3.8189519373739,3.0683096130798,3.82247908913435,3.4924793187265,4.07741618063383,3.87200349833371,NA,4.13085684404734,3.75177379383445,3.00485598475542,4.36725807722875,4.30322583309187,4.39620025770119,4.39748576867816,4.62790909964186,4.00352001715609,3.29022312512758,3.98602026571905,NA,NA,4.60700010734058,4.76729167433315,4.80425204673749,4.43770203242128,3.15098992182172,4.38926197991406,4.08508064280612,4.65922266795219,3.46225679836364,3.98105153413515,3.79802830707568,3.58768011588838,3.92756440054074,3.86292886272289,NA,3.72750230869718,3.56078644230046,3.82812509367736,3.99528554570661,3.1747192659533,3.70159356242407,3.36016405604121,3.4709977121223,NA,3.64162863265793,3.87221108028994,4.18990639996619,3.15975390584783,2.82929042508229,5.19401591602261,3.90656620146112,3.04709762761854,NA,NA,3.57280614844344,3.15899581936327,3.92247692256624,NA,3.54004644518297,3.47421459274656,3.41800810660324,3.34545540042586,3.92977775131746,3.54114940296413,3.79710444572298,3.19534496689482,4.71977992795746,3.65106573104608,5.48309538122884,4.28068314098322,3.61775513102373,3.93508479303666,3.43769893831476,3.57749644696891,4.30867287567479,3.7015543706589,3.55133537189281,3.70003762300187,3.61561523155447,3.96074037754057,4.18631200033523,NA,3.87866197032291,3.80559682519626,3.51592687323261,NA,3.95238481192585,4.35803032165442,4.02934225024415,4.79027261116699,NA,4.17665784568935,4.01775074466674,4.63474050124195,4.50850909879808,4.89294582272261,4.49952971547861,NA,5.18198536824713,4.29065549452722,4.41237277477378,4.13001845668786,4.08786278600218,4.31142224506285,4.38379230982861,4.0721080251388,4.18914898075149,4.59722722368837,4.25571606378172,4.15030770119703,4.5486717507536,4.51998496038164,4.56616756828461,4.30929919621779,4.53225052934853,4.23615209137832,4.16589577462838,4.10198222642785,3.8030445811606,4.14393084285332,3.81227308322796,4.21286880456042,NA,4.32349755810336,3.62637780746437,4.1595274926797,4.52680910267497,4.801964582895,4.65745010902137,3.716012034877,3.44095960738488,4.12339487297416,4.78246487535328,4.90437741005939,NA,4.0526470304075,3.40443038681404,4.33457184113012,3.52416965112688,3.47626107144927,3.41045163727003,3.18603636417185,3.24493942753866,3.52886324077631,3.63222153755127,3.3865026600568,3.21584923676994,3.33870351181918,3.69264217075625,4.12546380856244,3.60990881717831,4.51764858174957,3.46239934362278,3.4022942209871,3.18918816987025,4.49555372534782,3.95950663979244,3.81620565959382,3.72305387306005,3.83384221303495,3.8600674605399,3.66697029022572,3.60938118069641,3.48261064137005,3.63411502629862,3.70179513819599,3.8117223688818,3.68169728272719,3.87621932415086,3.7988728762479,4.25342666633377,3.67270729010788,4.04925368152611,4.48098146994067,4.56295212014829,4.610912723566,4.19989185335527,4.51659997146456,4.43295932361535,4.45533936580646,3.88055653455454,NA,3.61145738716265,4.20437045791937,4.38247347319856,4.17226698034882,4.21288981411461,4.4629327438198,NA,5.37395964948692,5.37126199351558,5.1314615786111,4.89046513556408,5.00681343021318,4.77622549828753,4.82153309349515,4.37081630370312,4.44175706659093,4.60606229237853,4.51193220136999,4.8629959158824,4.53759712777023,3.93373914410972,3.96662409056164,NA,3.73614683955276,NA,4.118703362142,4.06541749988122,3.65043635341287,3.75902281437069,3.91112772732801,3.89172335292972,3.66323157372359,3.25286033833578,3.18682389882474,3.16623538529963,3.12180166117226,3.43269382413441,3.17741776303299,3.22535293696393,3.3680081260048,3.35800027052057,3.45021650596436,3.09678862951782,3.66896554307274,3.81045575430206,3.06611543280978,3.4192890998173,3.53686595053731,3.34657658862577,2.66507700641043,3.07783950682062,NA,3.1504891625135,NA,5.18761207936366,3.70413124909104,5.56245035934486,5.43615408460702,2.87530351454047,4.41655688892442,NA,3.85972662465583,4.56412630206213,2.94230740946308,2.88926092619045,NA,NA,NA,3.50206240031649,3.30568424434744,3.27480312098512,3.44964191293371,NA,2.90269119125029,3.5650434750446,3.1531243485435,3.41460666993857,3.41984380644353,3.38904137666006,3.71466105369839,3.30024518100666,4.07983649490189,4.82542006803478,3.42285705321235,3.67838070046554,4.38452483047555,NA,3.65456745598001,4.11650025209592,3.41856262927292,NA,3.61568179444675,4.16115742174236,3.97505106271923,4.15551359999224,4.53980767013537,NA,NA,4.43506135983189,4.76280824189628,4.72992611615258,4.6854794267917,4.51013103654518,4.46195851662261,4.38094667037331,4.07871228291724,4.44808768010972,4.10965519257654,4.11989374285084,4.18783492891574,3.97675473754158,4.15296243046022,4.77935336844668,4.10447745760147,4.05255280783517,3.94208066721511,3.97023657113442,4.11007451710739,3.66922168635178,3.64401991613727,4.10552440636096,3.60733627352247,3.66849924104225,3.71458899593364,3.48851149333489,3.75009812038244,3.5729720805269,3.90561953998473,4.06720084746657,3.53704816716539,4.15565932818425,3.78098226774083,3.05860468752705,3.37804563891202,3.37984477488851,NA,4.28187036031081,3.893493282907,3.92454973793169,3.36523285354537,2.96453840140847,NA,3.51003936030758,3.16128449816028,2.89177457141382,3.41888671755245,3.90689867152004,3.3582138647418,2.60492743640903,NA,3.39867505239923,3.6006622805375,3.29120814443557,5.21655236457907,2.96136460538519,3.19098527516921,4.27481716175478,3.38546920476532,4.84915323051833,4.40684522413822,2.59855803433386,3.36649721404449,3.64125339775533,3.61354704875964,3.28216807359283,3.70696210538201,4.50365733984311,3.90845738114352,4.09002439196968,4.32828851592775,4.3208495079568,4.03438157838534,3.67101619412597,3.22100759042405,3.22789208410216,3.06695180986875,3.45663913442483,3.56601592070181,3.14535090977245,3.50160034656333,3.57235811586228,NA,3.74072224301954,3.67173267129304,5.16383912533214,3.98342692393395,3.57266880067217,3.70487306036278,3.70406755074486,3.98533687868849,NA,4.00742992481069,4.49703030820666,NA,4.35030898870312,4.62458272197799,4.52486524172145,4.2443490159333,4.37935343146245,4.53097181481825,4.50222596345066,4.21604188997914,3.97246654911151,4.47498886095101,4.25310719911121,3.94748763976761,4.09865132726343,4.33742485626655,3.95738302552036,4.11418777057122,4.1216992433657,4.41880252306263,4.50936251585087,3.87821566364675,NA,4.33853184724072,4.39748668650395,3.99540530752421,4.83445562522261,5.57954431547215,3.88962020292442,4.72723982010278,4.82550011543368,NA,3.62251819718337,3.99675668549884,4.22914981278577,3.81646275292752,3.21319368216146,NA,4.62448905815179,4.15972332592454,NA,3.5468136655745,2.88287275582677,2.58285559257503,3.75803382748028,2.95259542706772,3.23013425673613,0,2.15762638788414,2.10692087479903,2.44233856156956,2.81831204533319,2.96753676850994,3.25419981983056,3.40119759542214,3.67086947208377,3.53956868831819,4.09131144110806,3.36187891984153,3.45920118364373,3.86046839547112,4.19427764145076,4.12481965042807,4.08365163277163,3.47838194309237,4.03730983885544,3.24207898260843,3.59794204086936,3.33429442553318,2.9274004984452,3.41122466674141,3.01530933001199,3.01610656876803,3.32517082179947,3.28757630455563,3.5066320850834,3.37144524039939,3.79310446913748,3.56066773873482,3.4525912159292,NA,3.50203719923148,3.72775982679547,3.92933037515273,3.95650940871611,3.63687065233093,3.47659213909672
NA,NA,3.24093928133479,NA,3.35545872191737,3.37738861167058,3.17258251500622,3.88082947882477,4.1587664111509,3.12260953389597,3.46276134931953,3.72021447154729,2.88933571851534,3.53858432729419,NA,3.64625062222632,3.73882444189285,3.610916677236,3.77607264765102,3.54483460954552,3.23273387377113,3.66416485774245,3.92845470155763,3.22066911915638,3.47502490697147,3.27357942125939,NA,3.22925253417058,3.16196322066186,3.1322013291837,2.81113715496992,3.30094956188272,3.2935348821535,3.16507457588826,2.86062041904411,NA,NA,2.70217995108473,3.04974143843611,3.20125828550031,2.69867075242207,2.58515636507623,2.43881069080353,2.79193761812993,2.68325019565544,2.77216607176962,3.90554456960701,3.20550664050858,NA,3.62336553388344,4.3908059300745,3.35885633361892,3.43118050254404,5.0846452786326,6.64609742176715,7.20730993561366,4.28655892305542,5.53191668574783,4.3755659992893,4.4722257401949,4.93592747041,5.22484243189839,4.58340205102215,3.922191810452,4.45652130401201,3.97202493796379,5.214259918602,3.78986932550776,4.23415682755791,3.4746323293265,3.68011297514117,4.03866512175043,2.7231370341068,3.28415856360851,2.89056511332664,2.86935845851585,2.79773209528555,3.43758440940056,3.20963279547783,3.07093075114821,NA,2.75699896252547,2.92669189549998,NA,3.2616346169843,3.53236522810839,3.49379237044207,2.55997894238952,3.18673415321187,2.95870172507918,3.61360380831514,3.38820480301663,NA,3.51354451756201,3.21025954456733,2.51123188246607,3.99022797260812,3.79514480318324,3.93138495187629,4.02178755414949,3.95352711384246,3.55494600885868,2.86013023768416,3.41971696346414,NA,NA,4.33183125796969,4.30429262860654,4.17440539213287,3.96747195298004,2.65995074726471,4.07654944909384,3.91783802066013,3.80702097810537,2.97300637942282,3.36526340050048,3.38988012325734,3.16131294216829,3.38168624059292,3.63576855965282,NA,3.52741365432421,3.33123385919695,3.59641274299144,4.06158857254805,3.00943036787564,3.45669933578039,3.0464847484617,3.29091621457691,NA,3.04248061112805,3.30042222699806,3.94128083086245,2.79940198002112,2.22710578899481,4.24953728519942,3.15502270317098,2.83005978359308,NA,NA,3.19592627487502,2.70443687993095,3.69587602339814,NA,3.13555698966579,3.37841526931663,3.65702207333023,3.33262874773146,3.57817679464803,3.59092339884191,3.61468360898696,2.74853937247488,3.91835225226746,3.30805488265406,5.42023756383464,4.38211554947948,3.54589626294851,4.14671798738874,3.49127563438335,3.33831000715962,4.12378205803372,3.70631512031102,3.7358405158044,3.58707835196085,3.36810420462167,3.67987041072898,3.84879253625721,NA,3.47325219041076,3.22906300640245,3.13709173271396,NA,3.64708968711819,4.06403316235418,3.48421849416741,4.37130026788382,NA,3.73077201297072,3.54769324626743,4.2294169222822,4.23943584713925,4.61822358484001,4.0569048351244,NA,4.66451005069725,3.97447432780368,4.06282440309842,3.79465921860915,3.53004750832941,3.75673290287063,3.87769306692646,3.61358012985622,3.7665279577831,4.21026568446424,3.71308996833065,3.62502670239047,4.25553519053811,4.36283922695405,4.34566733263456,4.00115048009482,4.1659380781228,3.76695795333931,3.97700728808758,4.00829780369018,3.27260966296729,3.82976249184973,3.49232833743137,3.84699141384778,NA,3.6401364473099,3.01967463380931,3.53708426103991,3.91905203381469,4.22777582975265,3.96632827925153,3.17116732035838,2.90655333011435,3.58465758939872,4.02915451207191,4.32318957081244,NA,3.75931968762505,3.0410231881184,4.24703556638274,3.26784125119085,3.53019796651159,3.19343385285022,2.88016279689554,3.04602483785719,3.38915760465236,3.59871063847664,3.59417579952256,3.51261195918791,3.59126780976494,3.49689806567653,4.18038285049776,3.73185423017131,4.49633692516433,3.17756860099641,3.45438468289248,3.44730955395723,4.18243402226844,4.24310116588799,3.70472156724427,3.35503902232518,3.60110328075846,3.63659629057058,3.44638310572038,3.35175470500339,3.33410480788104,3.43564798366711,3.44773333346345,3.66873142278991,3.45224592993821,3.61674595888518,3.71547880224868,4.26505825981577,3.7483213059444,4.19303162056413,4.61265154451384,4.40696970401041,4.45273832137264,3.86935710081964,4.42640364666355,4.21141471730688,4.06824022615468,3.54014235202833,NA,3.35508883734105,3.95201844078134,4.09965995615843,4.08832745322303,4.04508041175331,4.03684858893723,NA,5.04643301502436,5.11730529406409,4.85703604030402,4.65080165122099,4.82283886183953,4.67708948076359,4.55758691478815,4.1335629884441,4.19778697681698,4.19629805433425,4.10014350481938,4.59159295912688,4.21834822514525,3.59743297030105,3.5355235278652,NA,3.23415351069341,NA,3.73991836888575,3.98087090689863,3.17089760021875,3.11626925138625,3.56896692805622,3.41208314992262,3.33429619410743,3.20240892752131,2.90752662575294,2.98329826274828,2.84994232843021,3.53141524381775,3.13466247896098,3.30161661902612,3.24916272028998,3.33892027749307,3.26222335881358,3.04547843562262,3.69015736575026,3.54308025709901,2.74208863795665,2.84141843379924,3.17668445505251,3.05106783997318,2.2755418850496,3.20927131452934,NA,2.48213157432851,NA,4.88943106206709,3.89071702045932,5.17788691035352,5.23531159497757,2.68339187007339,4.28039694853408,NA,2.89822275719229,3.7537510944369,2.53496991998729,2.57918709769806,NA,NA,NA,3.02628754427765,3.26793781220307,3.0234053486222,3.10699877515168,NA,2.72163452831443,3.41186127611267,2.84350035492878,3.09323983121983,3.30222716814282,2.92983500074378,3.12610180819894,2.45020218452273,3.3083287198355,4.29153359166011,3.04022582789683,3.22213570932116,3.74894442704947,NA,3.25572073497986,3.65266760795755,3.24619142821086,NA,3.07034791168647,3.60792108332357,3.43132125245052,3.71041810564538,4.04312164116117,NA,NA,3.84082715965341,4.14708281809832,4.1733910230045,4.19132629359899,3.95253043749356,4.07413334825054,3.90841499059665,3.56381537317775,4.06107780534722,3.6741820026295,3.58230312992541,3.74797051084621,3.42822400195722,3.55577176117822,4.4425016297462,3.57395938056925,3.52003136216494,3.40144750953451,3.27278441569392,3.46722319130218,3.08560286802992,3.05639689782519,3.40053127239605,3.01939388929388,3.0269287970577,3.05080255482756,2.90073630301801,3.04121040173385,3.01570842511223,3.33026616413424,3.62581377485228,3.10616156530834,3.63836512846796,3.40744391245897,2.56968378062178,2.94788463672923,2.41204387514965,NA,3.79048505153196,2.99789955387366,3.47213146283593,2.42331958971156,2.41333294713074,NA,2.81764577279871,2.53064756293894,2.26909273342737,3.14738511806483,3.25853166348999,3.08720404050159,2.23240223310951,NA,2.8435569978305,2.8782798841737,2.9223186081308,4.78872393533248,2.76287555362425,2.65395076836785,3.81547161469915,2.75733569696152,4.36836234417108,3.53261156151148,1.72626901212782,2.69194033923031,2.68603139436976,2.68084911466767,2.54588280353617,3.15229959818632,3.65810350959635,3.06086964897829,2.9412875815841,3.20315836772846,3.55678468038185,3.31398947133133,2.9429839707959,2.59889011466163,2.4764913437242,2.54322839786916,2.89441579200708,2.97239983628905,2.44523910784015,2.83215578214327,3.00839185374407,NA,3.19401789774851,3.02992624341492,4.19473393085669,3.45457180020226,2.97185163886728,3.16689077052451,3.15497738092811,3.38742415956256,NA,3.42417615691928,4.02738023943105,NA,3.78493649350477,4.14542111002329,4.0159330223444,3.46596314939911,3.76670243090312,4.07971324972742,3.99116177612669,3.59321828907418,3.3043293675102,3.78691107375991,3.60707605739169,3.24413582531408,3.28114552710214,3.69789652445299,3.18662746497067,3.28850611475912,3.33139441815199,3.58005880387095,3.77945396178968,3.11782783534315,NA,3.88250760725791,3.60374477364914,3.26477348653038,3.96887523085083,4.71475131064168,3.00399181741997,3.84957902805403,3.97803343414058,NA,2.76035882315943,3.35543704147214,3.34358354846897,2.94508740564849,2.42140208053531,NA,3.85283373874493,3.28922183975512,NA,3.17088712647747,2.62097373878872,2.02018918613968,2.90781838153014,2.50595177277039,2.94287736566447,2.15762638788414,0,1.73263327844375,2.07690073121571,1.94298017249194,2.02445064218207,2.32754793075503,2.49806647691467,2.62086344930684,3.15240864447366,3.07249611477751,2.70056438314808,2.91361653773438,2.83865491422995,3.33468956343208,3.11696014345542,3.31612119449571,2.81366925536525,3.0207754700935,2.24738377688111,2.96903728867051,2.88728782672157,2.25341471403739,2.5040561198559,2.25192723736649,2.47726361456715,2.71281739061608,2.64079880151902,2.76410180659105,2.46310035674448,3.10173955229633,3.0450825089296,2.87064335104016,NA,2.86600436566412,3.14759176882356,3.40967548353154,3.46893494508899,3.12047562863865,2.80150440164454
NA,NA,3.91423576450652,NA,3.9255241374503,4.0471277826752,3.8761633232176,4.5369509176043,4.73179075570946,3.71881202693466,3.97182625438534,4.12125891885609,3.3643859243162,3.67168271268761,NA,4.06923850776266,4.46917206555224,4.24920448245527,4.28812347311407,3.98489377537343,3.76545832897668,3.90627563812162,4.52650743646212,3.91318815181794,4.24966191988423,4.00747415858739,NA,3.98677454937748,3.94746449116808,3.84397376352794,3.54592166539258,4.00681427926795,4.01210690412849,3.94619656660083,3.59459264323653,NA,NA,3.56090132212041,3.70022008242424,3.8175341293217,3.45371163601088,3.31083354520462,3.18720561284263,3.40684944467081,3.24029647136659,3.28385272946783,4.35320479819172,3.71140483473829,NA,4.13113163782759,4.77067566819963,3.84186735705996,3.90443470337987,5.36021750162762,6.91496294256883,7.37446594612352,4.48252810427139,5.86431266774814,4.70134540468193,4.84931061070324,5.27784058048717,5.67754880061929,5.0463383432284,4.40975076013128,4.93353118018053,4.36274863013155,5.38659166485289,4.19298416016156,4.79024814357725,4.10207172651022,4.0290466015595,4.49108574530014,3.40845947800052,3.80794501571381,3.51147799488946,3.55401324723039,3.5213405806916,4.03743237093324,3.8887385925612,3.7461425879289,NA,3.47320652194596,3.56450235524448,NA,3.81642471754144,4.20774150586611,4.1281126462102,3.3269063178616,3.95659567150474,3.69294568848347,4.32066420303469,4.07743663287483,NA,4.25937227763159,3.94622178720477,3.26436256364374,4.52743723129396,4.38237510334552,4.58471992184747,4.67358435166247,4.71181972387429,4.28083722021136,3.54106636261695,4.10512267151112,NA,NA,4.88061735739678,4.82223329348326,4.67972902735157,4.41714168186549,3.32949033627573,4.63264605702426,4.55701339260522,4.54019208149013,3.6582953875826,4.05881769586818,4.03951461565163,3.85538421298706,4.11563782716735,4.27616352076461,NA,4.14153598148391,3.95332405426952,4.17029769951888,4.58941271074505,3.72709689395921,4.04492145407316,3.67874674534849,3.92460835229833,NA,3.55715617733423,3.85653164499095,4.29577781570777,3.28109686227907,2.84427477354846,4.9034927867515,3.95020654679915,3.52010774707899,NA,NA,3.88992294018138,3.49073077289439,4.31919388280978,NA,3.77984856975141,3.85898996136555,4.08308954366678,3.74879689219587,4.07130381700352,4.01026105122193,3.95949785653194,3.36870917177277,4.60361098536171,3.6761322240939,5.5955480757761,4.66720826075001,3.97846026702836,4.51465965946106,3.97601546926142,4.0166548723006,4.72000143036695,4.25916968105832,4.14403979714412,4.17663178417886,3.93509390105913,4.29215303461656,4.49134200866645,NA,4.06776848406388,3.95235737494467,3.75173994355255,NA,4.29975011020749,4.70489548907974,4.21061093158145,5.01825940648414,NA,4.40712280703652,4.23530880722485,4.88352626526559,4.90715306350315,5.23380182160571,4.72855441382309,NA,5.36362650027604,4.54725464108387,4.67455238253458,4.38951656135788,4.28717916354585,4.5298324213911,4.63196730468093,4.31256688908034,4.41612296942962,4.83974806717334,4.3836050949015,4.35331050378457,4.85175922472602,4.92757846977148,4.87585047400104,4.62365091988157,4.69475833838456,4.36358709953762,4.35127654800951,4.3880987941871,3.87686072534549,4.25033803871796,4.04940259880245,4.46493200987736,NA,4.30609639731698,3.66384408316864,4.13540148090589,4.54869808396191,4.67096389394346,4.55710068101661,3.92981455965683,3.69598121152084,4.23549544059854,4.73978749414082,5.01524179834133,NA,4.36554217118819,3.66892324478937,4.6678227134022,3.83149082050994,4.01869150687072,3.77596236243012,3.46486962493719,3.60541439205222,3.95396309877364,4.10921722807212,3.98329541342354,3.92364907149349,3.88878821586891,4.05784735747882,4.50215705903079,4.11479302692348,5.00256155437173,3.69513352805347,3.82595316703407,3.98209809397723,4.76724706783956,4.55662128740656,4.08178109164478,3.97924647207262,4.1742851636469,4.14208041036178,3.96691195647476,3.87481586107097,3.85802620449764,3.99497094867813,4.01933752356651,4.20841983759539,4.06769713098936,4.18271694215541,4.31677325478694,4.80817412736726,4.21727561914955,4.61656448673543,5.04267216474378,4.92585606353749,4.92751284655612,4.47558950268456,4.87762095324556,4.780861445452,4.69552482198837,4.28045157751679,NA,3.97737282770436,4.54314393839223,4.70480577418779,4.56601765875581,4.59168458395298,4.66606305908103,NA,5.64494009726397,5.64781985551883,5.40831917763675,5.20644231553424,5.29359605623847,5.14457401421287,5.11404326534598,4.67078054389016,4.7294026528126,4.83350990781459,4.78621372583529,5.16989647251672,4.70743448556077,4.14781994145269,4.16894842314021,NA,3.92204837101387,NA,4.30788582633004,4.43676868046122,3.81714806401098,3.82277293434763,4.06937938304463,3.81150355232057,3.7397545362647,3.67774238255605,3.5478319078204,3.59544126270725,3.50090081549659,4.03352863443635,3.6968815357276,3.83536245253609,3.80535061795227,3.87572408400533,3.85297722229314,3.77060502337189,4.33700337563585,4.01908512186425,3.4418249474378,3.64003555010034,3.74994525980151,3.64565040527152,3.0835583470001,3.74400058393732,NA,3.21986493554097,NA,5.32178821455081,4.30395737574536,5.42156857152567,5.56356839440435,3.306289945986,4.70546383463456,NA,3.51702161354884,4.31401888462519,3.00999075142827,3.01416317129436,NA,NA,NA,3.60814942045256,3.78383612392542,3.62498611719001,3.61811368098357,NA,3.26743014934462,4.03587726903265,3.49153031547843,3.6603882728712,3.89254540566727,3.61993655038516,3.75165214163986,2.971201167514,3.53587037556277,4.79006532224665,3.68471262270772,3.75980249592009,4.48647963972104,NA,3.96094821419602,4.24591054495064,3.82492479807552,NA,3.80991042848954,4.31512600372507,4.0854539019613,4.38403211295667,4.71214392382796,NA,NA,4.52955536226343,4.88615677480639,4.8545906087478,4.83969590850055,4.63131369411924,4.63558306221576,4.54575101610878,4.19052590253469,4.66483061999529,4.30788603208873,4.2545780983329,4.42819178430385,4.05494124463962,4.24322668499544,4.92807153522076,4.10235315997314,4.05767482290092,4.02127832570029,3.84428888515564,4.07942573500739,3.65896603919608,3.61490890007746,3.97642707457528,3.56604259040284,3.52241452572769,3.5653337629069,3.51645933799233,3.67309781191118,3.55450430412543,3.87880641861969,4.13061910635053,3.58340988858773,4.08419797833614,3.94384614834734,3.1520418357239,3.54230640536133,3.16936652090252,NA,4.32000182394081,3.63184522201879,4.10394723584031,3.2640175895012,2.88565938265763,NA,3.32473539286003,3.05967460483044,2.89700093036606,3.33908371293184,3.88618831138082,3.24200931914852,2.85633579412233,NA,3.11411214909158,3.2270439822377,3.13081343100073,4.81949363006207,3.00354958884287,3.21346406949897,4.24274339860947,3.31043295233129,4.7024462894456,4.04361228592603,2.48507012976365,3.26107928342959,3.42098386026039,3.32054186200396,3.07377578155307,3.66845317345304,4.31012787058267,3.78834828767531,3.66948650799254,3.89062772210097,4.17154341578571,3.98911653548015,3.62516634971838,3.31785554621631,3.17869432590769,3.32595931111336,3.56577447801709,3.65899915130535,3.1223503522797,3.54273910884814,3.62569665831982,NA,3.7953001696417,3.72410032661646,4.73397542975098,4.12086262711441,3.690339097925,3.84460756618288,3.74405734781125,4.08567530897967,NA,4.09276313467207,4.60947377519589,NA,4.44049160357124,4.77567822287599,4.65360141771409,4.21729093737893,4.42718844030288,4.57343757848843,4.51024133112637,4.1644327640157,3.9498696945297,4.32229409171677,4.23614000281384,3.88522760783672,3.93539818187534,4.14994403599375,3.71276478132586,3.84933685194768,3.84530763060429,4.05816824765627,4.11907899125024,3.72539331064616,NA,4.50239910861614,4.22920509364112,3.72924690029149,4.49628751687964,5.34057060946012,3.65455233160649,4.62719514510772,4.7393417668119,NA,3.60170551984771,3.9000799981533,4.16460041435492,3.76779767004429,3.22299197665922,NA,4.59923504006674,3.99712319605085,NA,3.19148801715879,2.71204299839417,2.35967962913164,3.40078820992441,2.62216518366985,2.68320160754095,2.10692087479903,1.73263327844375,0,1.48733275379089,2.43039458248645,2.71432429298382,3.06237707301374,3.283300309911,3.48946401387532,3.72790268999599,3.84708890058482,3.36584720107195,3.55449745170941,3.49389012314805,4.04387544828125,3.69283380660111,3.9696446563918,3.47355126212978,3.75354758139454,3.06820601571082,3.54633921601249,3.55361351907773,2.96089332472919,3.2618637153658,2.98084718503788,3.23413365282861,3.39511277099179,3.38054248669341,3.48686038122614,3.28951265919963,3.82118547345317,3.71815230462441,3.62611291364158,NA,3.61646904512283,3.88483351321166,4.11670247152097,4.15527459537234,3.77374212155171,3.53511936489246
NA,NA,4.2352283010299,NA,4.27394291456777,4.43725122230235,4.28389894755402,4.84120043976588,5.05672899054124,4.06029328659724,4.24302120138587,4.43960790653518,3.80973878779689,4.07112871939572,NA,4.45338320431037,4.68445501564997,4.55040146447905,4.70742188928863,4.35185638052369,4.09165481433751,4.22873666511268,4.70647617807599,4.2410773215173,4.51120771493259,4.20927851104026,NA,4.13106852061533,4.1532519809668,4.00669989972071,3.81521783151821,4.30389591177723,4.29971648841226,4.19222612655008,3.8750260305304,NA,NA,3.83175948630765,4.01729503955389,4.11833907169577,3.62482669748967,3.5547592852972,3.33964152408662,3.59301810072007,3.30974517150598,3.4068488291105,4.41271654999086,3.76930632961938,NA,4.14892105099393,4.66110175132311,3.93331281586269,3.94432231733176,5.32019103021112,6.82996699858722,7.33402233402438,4.55342256522129,5.89093472890851,4.82851327666385,4.88873834769534,5.27445138506785,5.61315252407863,5.01881410825732,4.38944023813766,4.90250045571027,4.47238981484305,5.58545879015554,4.42599538552645,4.86713335488199,4.24485086616325,4.28146196726201,4.78261081336595,3.77339295553144,4.14334010012442,3.85752064963427,3.89258889896105,3.83700935244572,4.35019797189947,4.17998645734656,4.05433025102842,NA,3.84174900617474,3.83040613611096,NA,4.23248977698529,4.54553128807693,4.46870282923193,3.69257791126753,4.30523439457482,4.06658010311603,4.6538446692103,4.42671586333323,NA,4.6308320929443,4.36264663721807,3.65755878418477,4.98232459977013,4.84415062612234,4.96039046693446,5.04698201277603,5.03440150838005,4.63115704892556,3.87776436377813,4.51334279057294,NA,NA,5.28027216121553,5.17974552566263,4.95372508932023,4.77724726800956,3.68241087858567,4.98374783134511,4.91678177263933,4.84626858080117,4.06202422698012,4.35168797192913,4.35797922274184,4.21880354645006,4.42293666500658,4.56953171896052,NA,4.44838241324885,4.20156260956931,4.43513306044571,4.89802525034834,4.05296928105379,4.30897125557876,3.94769446446061,4.16647882940046,NA,3.72873907097372,4.09693104585474,4.52757640058602,3.42829720631911,3.10699050941872,4.8775411830444,3.96467005331085,3.68757688932461,NA,NA,4.15305810585768,3.57431565773012,4.50953345559207,NA,3.7820790618895,3.96332109405793,4.29965317986927,4.02681934106857,4.17485903670691,4.11730023427898,4.09304446938713,3.64092178174664,4.63454845976233,3.876767813772,5.60313242422603,4.71004173570274,4.10514744144107,4.66166070751043,4.19174890574859,4.1949568811192,4.97571658761078,4.48447553954906,4.36789618378493,4.44863590747865,4.18425507393676,4.58645586575381,4.80426738882367,NA,4.35157615520558,4.31079917129232,4.05531794818501,NA,4.6041081612375,5.03890110296894,4.51192563859476,5.36022045082227,NA,4.75798073528422,4.54276920944559,5.20113192083939,5.21055612047747,5.58598402414939,5.0691072102632,NA,5.69306509820878,4.94133397201767,5.01058642303439,4.74841037268232,4.60309366204693,4.86879861759137,4.93495954411938,4.68659794548002,4.75674153237416,5.18179925630615,4.80532391246397,4.69675260671472,5.14999173164556,5.23375442069338,5.21438250401026,4.93419293560708,4.99019128989332,4.67883184077368,4.64700464092044,4.70451633679826,4.22164295435236,4.68037565506816,4.4083386828789,4.84105883952462,NA,4.72862849431182,4.07439377290085,4.44840825996053,4.82551030520161,4.69188380237145,4.59532192258411,4.03182214437868,3.79750469254468,4.31036649255949,4.76784507988664,5.16567321309016,NA,4.58821225058292,3.96547582461843,4.8553340956991,4.065232336101,4.28929960633867,4.01544634662915,3.75401649788355,3.89080254038145,4.16359391933709,4.2850559614416,4.11694368649242,4.0271932102742,3.9781443666438,4.30974965068239,4.79182470036063,4.33701507338493,5.27720574559127,3.97884162439835,4.17141828287015,4.32992734830104,5.00275808200656,4.66822982295925,4.24516964047257,4.25001386204645,4.51822626280511,4.46338284624441,4.24425881684892,4.05147596506997,4.05973877719964,4.14074674228948,4.29170599359604,4.46536542410985,4.26586259638725,4.40082113349862,4.45791040000392,5.02152583776183,4.41800300414782,4.86171268602048,5.27583428398535,5.19731114586845,5.21718003891368,4.72883415113408,5.20765095415874,5.03156551365941,4.97497377321959,4.60890790375479,NA,4.35570005045499,4.87350976220961,5.06325731626713,4.93603946664522,4.93073315880908,4.94054114623873,NA,5.92700544748315,5.90836132648096,5.68883258207233,5.52436202725201,5.6268916789184,5.48917708343522,5.43554806231065,5.02794915026971,5.05424193999915,5.15248371852842,5.14753488107485,5.52641210556645,5.07687699264066,4.49297394777014,4.52626064469382,NA,4.28839935057993,NA,4.64743531648296,4.81374713819932,4.13433088866975,4.15159724914946,4.378462030278,4.18903454218276,4.10249756611327,4.04589119423985,3.86728012867832,3.91472185930457,3.79648586047715,4.4109716262734,4.07602862606965,4.16414783466389,4.02620610134276,4.15039205554129,4.10934344806287,4.06320085881251,4.60509384592386,4.37571859270535,3.63310099728312,3.75832425510154,3.90753452774384,3.8541346618671,3.31310007749615,3.95842604940775,NA,3.33436785840013,NA,5.16688986947012,4.26785920339466,5.32552913356044,5.46444110980737,3.55249441579322,4.70334164200003,NA,3.85034445289113,4.51706340845903,3.14468907568543,3.20563005704825,NA,NA,NA,3.58873937834693,4.01819496226803,3.77743851970179,3.79079195033719,NA,3.47988053303506,4.12529946947216,3.70958670942458,3.88730020304835,4.15949071998164,3.79504068764253,3.82805419399371,3.12900708784804,3.7645923837203,5.05714162013596,3.989165504807,4.05482420714648,4.75865773379475,NA,4.16383265828181,4.55481360926554,4.08196689668394,NA,4.06412824993151,4.64440603368455,4.45252302903105,4.71661071335189,5.08133610944094,NA,NA,4.92131654982756,5.24287312277522,5.23441283035298,5.20377423608442,5.02831262484198,5.0243516220329,4.91878366491803,4.58861189534033,5.02840126964895,4.64167438266857,4.58973286842061,4.72589726602332,4.38312914644082,4.50146326399318,5.251009736288,4.38236711581872,4.35114748258168,4.31594728467974,4.15048325834042,4.43314055541396,4.02541844906988,3.98573089998191,4.23515768602006,3.89671338469886,3.87698657744042,3.96374101901358,3.84906505536934,4.00511285194659,3.92566847696832,4.23451973407068,4.42810131102987,3.90898871828993,4.26274321101775,4.12235294459125,3.42036524116204,3.8355105797466,3.32167889135344,NA,4.56040795900139,3.74394972264827,4.21688675460994,3.33913137955302,3.06389130279154,NA,3.35794826689126,3.1102215593788,2.9008419896172,3.5148666880836,3.75383303675919,3.4434515600764,3.08815435122591,NA,3.23797404659231,3.21011545491221,3.29711775872822,4.80695040932045,3.1394104516807,3.12278311275993,4.09157838075093,3.34414261288816,4.68585053861805,4.13510708702739,2.7362726585784,3.36330425072167,3.68195894592957,3.47374680187176,3.14177526481983,3.77782427411607,4.28267783270435,3.73615842367658,3.73333147217498,3.86328890693089,4.22511333016833,4.09193463571587,3.70605128238304,3.59944582092885,3.44713890611986,3.49385097638332,3.89931834050081,4.02677595499332,3.47570959570442,3.91190995050454,4.07622322564524,NA,4.23449686863294,4.1444350240942,4.74143522401654,4.53136572351647,4.13213855931511,4.32983254001448,4.2330300264132,4.52799937312611,NA,4.54073145714899,5.03970949075333,NA,4.82117327008332,5.1702514428427,5.03884137495745,4.5934351896037,4.82022655608891,4.964850754543,4.91214261020112,4.59531364252195,4.3977456575172,4.72330662777855,4.67076978106117,4.32450986558795,4.3103750266089,4.6022194888153,4.08110128769393,4.19297923231625,4.2393097226835,4.43117678911414,4.70773603037985,4.23070156918382,NA,4.8886398516647,4.55506080421796,4.01866811106128,4.71261701129485,5.5174922007302,3.89816226280728,4.74092341663487,4.78061767243623,NA,3.8184445255552,3.99687549998543,4.24121058702006,3.8730867985558,3.39709184259945,NA,4.72013029960813,4.15739782980745,NA,2.97194743562156,2.79720445257773,2.68655836739227,3.5705208160667,2.89511847541123,2.160740409705,2.44233856156956,2.07690073121571,1.48733275379089,0,2.22557363101715,2.43781552036253,2.80780032986712,3.18680546591002,3.43241513390721,4.00672800445219,3.9293152614312,3.52472985655159,3.54832132769348,3.59223577220302,4.08240194434584,3.65776394710858,3.84357836302366,3.44394390783533,3.64457803700702,3.03297449468818,3.48119729518162,3.52264069939948,3.08557450198813,3.29429703584309,3.07790932769694,3.37241121592637,3.50322136694923,3.55937516285711,3.7769326871662,3.54448807471705,4.02197173773343,4.04171212115368,3.90172734668313,NA,3.87892553950346,4.14305238037334,4.44153643163129,4.45981298103876,4.02495775575074,3.78965246530496
NA,NA,3.60359797986948,NA,3.86715614849858,3.91260193568921,3.87458416045969,4.30247579688221,4.44473809921753,3.60674231259593,3.62103177946243,3.86916123523704,3.40945115136948,3.9602759457317,NA,3.95759141469593,4.31176169171585,4.00269465274389,4.26940344864043,4.09647756867188,3.83173012820055,3.97976224096759,4.1072791282931,3.86684345674578,4.10666229714385,3.48755740831735,NA,3.46556275060183,3.7402880330336,3.72759676781981,3.47094360971291,3.97537170705796,3.89405526038398,3.83063130186084,3.42880138956783,NA,NA,3.45386725148709,3.72657999206902,3.83891921552692,3.31437109991323,3.12368839007042,3.05916063431257,3.34239623711116,3.15574575544246,3.00342074715442,4.1958631628738,3.36920308012607,NA,3.78057392859035,4.33722714540164,3.71190646635153,3.65605842222715,5.09917803473818,6.624766998002,7.16258207630853,4.33852599245005,5.62293297279957,4.52243509023751,4.60193685589305,4.91697623693422,5.18790290685461,4.48069107428046,3.89655037792656,4.57480246881119,4.1966584020458,5.36538458606308,4.13752053013506,4.36271888280185,3.6507670850303,3.8861415995331,4.35119702964461,3.41901303438225,3.74690337875173,3.48011501246821,3.43553320883342,3.34557008244309,3.95285642352018,3.84408163212781,3.62695086186212,NA,3.44337588113598,3.27993666285122,NA,3.92542907186393,4.08563113407745,4.06666825769756,3.34276133319912,3.73394447555752,3.55772173362,4.15874372004877,3.93250506092195,NA,4.15196457355865,3.92847881942408,3.36017052591306,4.62177370735832,4.37000159173684,4.53927762443449,4.64253933789162,4.55949618319764,4.26162070902491,3.65094275323212,4.2396208513164,NA,NA,5.04667178921085,5.01122629370179,4.89275473118531,4.76178360306053,3.49212404952558,4.89135734271189,4.8488588879704,4.66477661480693,3.89637785705436,4.34091941928799,4.15468777852931,4.01681897432501,4.15151726274375,4.3900403478744,NA,4.04769317120552,3.67036766704368,3.98405327322445,4.53656183191084,3.80022291463462,4.05288885681304,3.68434054914039,3.92624401868215,NA,3.59848169029758,3.84291962972674,4.27080164519502,3.42118343160842,2.93597023932257,4.72509997818124,3.88524052594917,3.39162845402792,NA,NA,3.86705598717389,3.31812511079821,4.07419247506139,NA,3.35903233616025,3.75953298214305,4.00416654806654,3.75043138192684,3.78256158330575,3.77296446290726,3.86863904352584,3.30058363223287,4.22589990307743,3.40380488463949,5.49360248836898,4.50846526305237,3.6543884121552,4.21293339672258,3.79442247508474,3.73312040015076,4.48405890333724,4.01312759990142,3.98134288801177,3.96324263217872,3.69790443525229,4.10596541291477,4.32500675785609,NA,3.72681013213268,3.71325804830829,3.64294168620647,NA,4.13077450602677,4.6274337021937,4.06099565132035,4.87878475984611,NA,4.22127548683619,4.00997434065634,4.75465624250941,4.70163650901576,5.14364013034537,4.58531671497035,NA,5.19535571719743,4.51220240160235,4.45053756450583,4.31237896201409,4.09488531464137,4.3730078924662,4.43703688800805,4.16570190314903,4.28039334902823,4.75154853297161,4.32396997854411,4.21151537592875,4.70607109999414,4.8164376232664,4.78747637121125,4.38266340016536,4.51010850587727,4.31003726726177,4.23144117057097,4.35011832649158,3.80999308562659,4.22739990127813,3.97953384289498,4.44091933278547,NA,4.39323874002892,3.80244876582408,4.20015546099294,4.56783807752306,4.60922093877238,4.41116633913752,3.64503873675397,3.41167815421971,4.26201954316092,4.69266560165852,4.98331038645373,NA,4.43381183094077,3.72682541267119,4.64134816234675,3.72612822181875,3.89507849457208,3.50729730032336,3.45534131306551,3.52773684974646,3.72470948366735,3.85875795591844,3.83393242076266,3.85699677440877,3.83267647454029,4.05877740097123,4.62661205945655,4.15460699561931,5.09687563827514,3.75064446780895,3.94621776718582,4.10571609825516,4.40999172834826,4.23692577307681,3.82004112028989,3.86994279204871,4.12980739237905,4.09627645107627,3.74499977883331,3.63633628859233,3.58045277248979,3.66255185938256,3.7966001254147,4.05069526083361,3.87102630042112,3.92637549932142,3.96601845375594,4.53817829743255,3.9776569990117,4.46136427974772,4.86843061995947,4.785246893402,4.76047658542985,4.24486293439735,4.86856713337145,4.72897872092687,4.59011486348823,4.22332107541973,NA,4.02175199119787,4.43055599744397,4.57111640577847,4.61247203587368,4.63396947276898,4.63639268381864,NA,5.55646694540227,5.56120037285454,5.32179866551081,5.19967969801657,5.41115395521475,5.22893972950375,5.00986775998452,4.72348082883164,4.80724146535358,4.82931055189626,4.8417686526907,5.2089073997565,4.84774869584402,4.28104764792859,4.14100755363704,NA,3.99976792343242,NA,4.48589650763853,4.5832869347656,3.87059480976647,3.972333815473,4.24149601705713,4.06547246695314,4.04588090783389,3.90842187134721,3.55446668484451,3.55977493203071,3.46015138554907,4.127729081204,3.8541422769844,3.95344985207526,3.79820632911841,3.88524272907311,3.90041368810694,3.79752533725731,4.24396194180027,4.01966703514417,3.19859113846337,3.22199235045075,3.7383971121954,3.66873469170961,2.93611406949558,3.66691594171105,NA,2.88708511644454,NA,4.92753943066897,4.00850324266642,5.13312939586916,5.23437295094335,3.13433256504918,4.22306679181238,NA,3.27458399598004,4.25554563214888,2.98353507797724,2.97191844834756,NA,NA,NA,3.06550025732289,3.58320794725189,3.28321892841528,3.45009451686988,NA,3.25422512433735,3.7564845491063,3.31716045254528,3.53694783877981,3.66898869652022,3.36318831108865,3.64839127556975,2.86430049627846,3.68823109830654,4.70625003005035,3.79558937129505,3.69279844200694,4.1802657912506,NA,3.78524563838525,4.01303791303804,3.8615365412595,NA,3.68425178822961,4.29987525746236,4.18007759718131,4.41036702407988,4.72538181004321,NA,NA,4.54420898214793,4.77946705377438,4.84814936233039,4.87157970827504,4.68236569991216,4.62744777645019,4.57402794939351,4.29895185288881,4.58418111060483,4.24168518423052,4.19910578977369,4.30777251600994,4.04497892056647,4.10518293476609,4.87027942912089,4.10971323736437,4.15162900028032,4.07005656952371,4.02046048978283,4.29344300136773,3.9264425113588,3.86979419258081,4.13380904629344,3.79991973484396,3.83083741798501,3.92888845488751,3.79214957744782,3.8125264693532,3.84944917053768,4.12358792072695,4.31428180885919,3.846944525787,4.10869466162397,3.85295776704617,3.18800326675297,3.52685531703169,3.20129150335073,NA,4.36788509151503,3.69926414500797,4.06261491491407,3.02624515932532,2.86814788762889,NA,3.11506226788263,2.94085443266313,2.7382327207794,3.4108679460523,3.40829138070918,3.42804395075491,2.86838330165773,NA,2.98854812733253,3.17527528166512,3.06300613128983,4.66917373437973,3.18866899032722,2.76515909938038,4.00055700668818,2.91902483614504,4.29566016176403,3.5171874339804,2.40743068854442,2.86862221129374,3.06029755216148,3.15974519270358,2.86938062854212,3.47150004366313,3.93309266459639,3.39145981978916,3.399083137488,3.58445718185527,3.91936775869219,4.06765626107083,3.60030020624652,3.22269963766282,3.26864354872346,3.32515794878442,3.62525258703992,3.62886367404899,3.33438558305622,3.64378959117224,3.81599523337155,NA,3.97418494817374,3.92082269409142,4.58747579421076,4.21437704466436,3.89796583563521,4.06914721942243,4.06836934449064,4.18937845651477,NA,4.20402816347488,4.75485903113298,NA,4.4488958996491,4.80103134359129,4.69425000422871,4.33492035476788,4.56152970961598,4.77694459542977,4.74806979357393,4.3945716986396,4.17103062580319,4.61982209981005,4.4946511329434,4.14572704046271,4.17520764661588,4.5677586791481,4.04868888561375,4.13618922735823,4.1583170642405,4.34066078571644,4.62282539377986,4.13048576174667,NA,4.65163676793249,4.45443056166547,3.90848928676457,4.34226598174401,5.11735801804307,3.2699201147221,4.22026460654573,4.13897378039736,NA,3.36004152133471,3.69150262600395,3.59278819382182,3.47869759278071,2.88845330028459,NA,4.1571518992257,3.64049952482913,NA,3.89037245996937,3.37129505984462,2.89491738567662,3.51569378142017,3.23533171483154,3.16543137837095,2.81831204533319,1.94298017249194,2.43039458248645,2.22557363101715,0,1.68548222594157,1.73376498304929,2.0885943733053,2.59924125473385,3.41656112730726,3.32892806599497,2.79328547487362,2.84038142272589,3.27563013540219,3.78333469575484,3.30479387332384,3.58320229160245,3.13981479074039,3.49030499835277,2.50432422390759,2.90583438297339,2.85741951007816,2.66437328729767,2.95358620685762,2.64074479546964,2.86193618637635,2.7899810465754,2.86272693728798,3.20343581713146,3.13617275063014,3.40004705542024,3.37501559784089,3.4119122704687,NA,3.33469410714275,3.59605525487195,3.99199481310642,4.05050009575196,3.41934628681511,3.18610542491109
NA,NA,3.60509689386981,NA,3.65912906571553,3.89567308729779,3.84037639904267,4.344399311965,4.6416387092095,3.83623304403002,3.86152177696846,4.29527879533763,3.51835281245431,3.98106769779211,NA,4.15934163695703,4.469419289762,4.2317712255046,4.50490488061505,4.37692092236412,3.97403858007558,4.30476810867642,4.52114862634342,4.0056513596523,4.28624787269482,3.95771361620271,NA,3.82614079895376,3.91067918017834,3.85486340855626,3.58473074214792,4.06404642550536,4.03247182875882,3.83085998680711,3.60285517235218,NA,NA,3.45359678618568,3.72901515523067,3.89217018482138,3.36979811790316,3.28208186943898,3.08162144368059,3.25062031823705,2.89742042357283,2.72505038042259,3.53934555308275,3.19775848946614,NA,3.60838211609409,3.93729899716636,3.28191297330545,3.39641895177294,4.94433060023812,6.48508091752092,6.83299179455885,4.22533306704622,5.12075191271512,3.99522362601158,4.0453832899234,4.57989375396516,4.79422420781446,4.19621229629036,3.77945585257478,4.17702047900847,3.8637661990248,5.0183041206156,3.83205185785466,4.12126383119286,3.49251503445574,3.76777161389671,4.22099182352036,3.35111715971859,3.74583610134337,3.45906071079908,3.4160190135492,3.33419445262648,3.85186124781769,3.70202816443504,3.57863971908615,NA,3.39195503044303,3.13911946588761,NA,3.74495496888551,4.00597453465526,3.96233362559828,3.32474885611525,3.63494441995371,3.54912597816178,4.1098256647547,3.88709683707332,NA,4.15445892842978,3.88951570104915,3.34118365490278,4.5352079617036,4.31743764256804,4.44356452025648,4.57998616803,4.49204378493097,4.16034524555073,3.65279422831301,4.25766980022014,NA,NA,5.01525664109792,5.02882804932787,4.93033968239276,4.7583467913597,3.51960435434769,4.86401448240884,4.8205386522571,4.71929942073364,3.92056812060493,4.3591302404044,4.32741220853586,4.06219852555015,4.29810712001886,4.50696025676163,NA,4.18464329268057,3.95635051559122,4.15931267909032,4.59939731341418,3.7471390678525,4.04842109344533,3.78789668871709,3.80857349027114,NA,3.67586097717048,3.88879650164743,4.52912274731209,3.35042690090249,2.8790096573861,4.17650571832136,3.37506659197371,3.2954130124495,NA,NA,3.7922117841956,3.01053036851494,3.96226938249207,NA,3.13826593762753,3.4777469149508,3.84485262188829,3.61317884659768,3.59309187150734,3.63246556199432,3.64077324205425,3.24283405964494,4.37016839006884,3.31659452514913,5.20223905824846,4.31565144756488,3.58613710768114,4.07523346657499,3.59542219190468,3.61932992602892,4.4038764363576,3.89467415371151,3.85480914664684,3.90285859521121,3.68662939257011,4.06452700129979,4.29883030889561,NA,3.74845660044605,3.73009734891672,3.6189667618858,NA,4.05380239622814,4.58821091563608,3.95380346098319,4.82669312556827,NA,4.1841343551467,3.95417615935279,4.69488405692831,4.67722234178343,5.08097577805024,4.54656516410334,NA,5.25097202366077,4.50460048537679,4.4692968083682,4.17054466735255,4.04123712552257,4.3338460003562,4.37413504728786,4.15173078937921,4.18446335451606,4.71483588291325,4.38882742652933,4.23801670570433,4.70418737278435,4.83217416987737,4.83918398514581,4.48463226922995,4.63766096623957,4.44519072155969,4.37263960041309,4.4047716927678,3.92223331532679,4.43354985238325,4.06735802554706,4.52073425184774,NA,4.45941058703737,3.81459509187483,4.30734049196195,4.58692503153081,4.44693750182034,4.06300688709917,3.33945953141014,3.09505261895431,3.6624806789515,4.1036642060556,4.66870732491374,NA,4.30667847089031,3.72870969824323,4.73265657478528,3.84259622706806,3.99847749545574,3.51365588975473,3.33020493358429,3.45459329821766,3.70243505984442,3.8865881607607,3.87669025937961,3.80340682002263,3.77435196386239,4.03365483903237,4.68912388844158,4.19474698125967,5.13912764087416,3.83455776049423,3.92822043482977,4.01605399069687,4.49542109736319,4.25238797314058,3.79103902711065,3.83864353265671,4.09213563929063,4.02343162838175,3.70571546774725,3.45631850056267,3.42878215996203,3.53155204568158,3.78829713879312,3.8769926300258,3.76105785689677,3.86787161848498,3.85561768963409,4.43010638049497,3.8995265275052,4.35787159805233,4.74303315630347,4.81001730334964,4.77698654214362,4.11624550063052,4.82816841599351,4.61110420849186,4.57556265825801,4.19048955506784,NA,4.02026861655995,4.45525961808463,4.53879752960613,4.56806743356081,4.58184466029693,4.55492192821473,NA,5.53748379078858,5.56486232415624,5.34631431917394,5.22583308596764,5.41083697990332,5.2521487365245,4.99855053549724,4.73119150292721,4.81426813041027,4.85246734104655,4.83054115104437,5.24625150203306,4.85942581831946,4.3121061633657,4.21136267492673,NA,4.07274453356072,NA,4.55943122916647,4.70737348161335,3.95317847506437,3.96039312144575,4.35179151670311,4.21606674398887,4.09726854944596,3.9848711323356,3.70984922778777,3.77667399199236,3.57588756123376,4.20901589695066,3.94106300572891,4.08822252965689,3.9780010725843,4.00241774205148,4.05800734469644,3.80043434914344,4.31473399034593,4.15943173128887,3.27311044953127,3.23571622872675,3.66712687694386,3.66253413967055,3.00341223734228,3.80622636580816,NA,3.08232387376304,NA,4.66212624391109,3.85365091444676,4.78084207867245,5.06620733028483,3.30356640800429,4.28020982019699,NA,3.67128439947119,4.49166267182212,3.02402458126073,3.06433226841609,NA,NA,NA,3.17737649261936,3.6185702387859,3.33140675040481,3.4874619721319,NA,3.28273677505519,3.75986064698702,3.31988548909108,3.47778136651497,3.63974345781568,3.25708564366906,3.3266393771038,2.66513053115967,3.40728331563886,4.69450681458772,3.58284056959684,3.79283688419662,4.30965187221083,NA,3.73876693619646,4.23035125968726,3.7930418792832,NA,3.54859438338101,4.26606012953058,4.12315719926955,4.35310839612595,4.70712558774574,NA,NA,4.56879729368837,4.78738648596367,4.85665808497316,4.84459521346024,4.66233001550028,4.63396433890875,4.58126663752826,4.32459604274183,4.59545910946331,4.26622251319728,4.20162416810546,4.30088895525263,3.99058858025386,4.09982699931309,4.96334915379383,4.2535374107353,4.26568246790641,4.14015258066789,4.03135510173018,4.36527318603389,3.97270476487237,4.02766874088399,4.3028261029308,3.84440850713723,3.94935824580272,4.02379107193526,3.8151998193963,3.90036734583389,3.9056938561473,4.18399339367908,4.46428927448855,3.93391013470669,4.43344931794815,4.13282226841153,3.25418342315816,3.65115653857794,2.89103610525105,NA,4.22329542030687,3.25269533978186,3.74278070966348,2.76112682324642,2.75088203136577,NA,2.88423784703911,2.88676822391004,2.68205295031942,3.37483314099239,3.15515625057972,3.34259269186735,2.96293062730728,NA,2.73743025255688,2.71103363080815,2.86781681568575,4.58121169988147,3.18069548141896,2.52444473960082,3.55755038881258,2.6820454938467,3.96245640917642,3.30430539157472,2.44135177025022,2.41998659851434,2.90230321713601,2.67104495710407,2.38003147884453,3.02966215577595,3.56528133958043,3.02047135822889,3.00940043182223,3.26231411963754,3.65399105890907,3.79005629526107,3.37062200834774,3.05666684889804,2.98056813933511,2.94907353779635,3.43006970042431,3.50610461058038,3.06012474238794,3.52937300871875,3.69987961765781,NA,3.94545401252833,3.89307875533014,4.21104657765288,4.18905264868561,3.88193883483058,4.04534160155904,4.05214630338257,4.19811849205324,NA,4.2159718753414,4.75106335480308,NA,4.46240141662137,4.82426689139119,4.6990549611563,4.25896161854867,4.54862467785807,4.77733485551324,4.75836364628187,4.44280087183919,4.23254567869185,4.74124031888413,4.58498926801636,4.22868030199678,4.23253812088649,4.63280251451715,4.11847483268771,4.22195968967848,4.34901179698995,4.59736097215824,4.83693545496669,4.24715133057729,NA,4.65635317912733,4.44670517466366,4.06284236029758,4.72718164005268,5.27804373478837,3.64361127408731,4.33304876797374,4.33207932427121,NA,3.52634698057385,4.00881464518552,3.68377815122046,3.36134321321847,3.15739308545779,NA,4.53017380932821,4.09640226482549,NA,4.01738159066894,3.48982124331418,3.15462724410941,3.61059273816221,3.46391221286405,3.64737636443234,2.96753676850994,2.02445064218207,2.71432429298382,2.43781552036253,1.68548222594157,0,1.56415569347032,2.1107764848147,2.48830299928155,3.52475019911241,3.50887208777603,3.25664663612955,3.10161985685177,3.1722611253059,3.63005838706476,3.20547155421121,3.47513366153335,3.13013725876909,3.05391815791318,2.54300442463731,2.78520366798433,2.83030132932875,2.50511209014579,2.89654580264384,2.54572176572151,2.71231531374401,2.82181521799801,2.90016642629586,3.25793810759023,3.10452220977333,3.58664678645418,3.46404394867409,3.43229409117327,NA,3.43272952686283,3.69135155015237,4.00333794470637,4.04516959485094,3.59332646336988,3.3384006189965
NA,NA,3.81555957204701,NA,3.9493234195765,3.86595332925299,3.90897750404594,4.23759909319387,4.51283116440813,3.71817203231678,3.99693702731256,4.28082633783566,3.64461721920538,4.23530964942817,NA,3.98354051167696,4.44683870099733,4.21852302031773,4.29822331100752,4.26517955494399,3.95578570973447,4.34018168909678,4.47283224743546,4.05900715139464,4.36244269373623,3.93539899429972,NA,3.83390980638707,3.9657395194966,3.96533072414332,3.60153049740199,4.18432224588113,4.10340655677747,4.00315604978076,3.68528267734685,NA,NA,3.63271479422649,3.87343270565642,4.01826832089674,3.31042749304392,3.30316176595339,3.1514346077318,3.31046576482263,2.77632479834336,2.81890370454299,3.82531621165681,3.03205440194778,NA,3.33646850533605,3.77756876154648,3.33712895248618,3.35030542185801,4.85674045743706,6.49310631749529,6.87714127122204,4.25967489984113,5.27718815034052,4.09336866434466,4.20416222066328,4.61241836494511,4.64064694395604,3.87258946881026,3.51748133371913,3.99708586914173,3.68831192553775,4.86715906103233,3.69295046263493,3.78010263742433,3.19078358555774,3.68339694151511,4.08818609097929,3.32043881148559,3.62404211352342,3.41525624882226,3.31093984050942,3.21351016823331,3.73841055801028,3.63412066815967,3.5504380258666,NA,3.40297717877261,3.21688795508835,NA,3.7854325312,3.97888143130724,3.87357368047872,3.34664306894446,3.5350247903751,3.39997705177593,3.91573197295865,3.75185019761321,NA,4.03419158778983,3.88867913526922,3.41238857724318,4.58503534094633,4.37561252014601,4.40544617243853,4.51786630456444,4.5818053640669,4.10988907039887,3.72101573813363,4.28694962823842,NA,NA,5.00949957840106,4.91612520007973,4.91021096828282,4.77574083088041,3.60661379275799,4.93899227587203,4.9138513343488,4.88933699483326,4.07710028985634,4.46345073189729,4.38202982234698,4.15987592728352,4.40818170604274,4.62348506940205,NA,4.25248972946437,3.93872063765752,4.19035604060987,4.65670827123424,3.87311375441206,4.1827234699151,3.89077362042622,3.99275321746488,NA,3.74066799307615,3.92852105415095,4.58706393668683,3.57371347580233,2.97963527213209,4.3325049245797,3.66962231997072,3.28463883829014,NA,NA,3.79891467333773,3.03619549319194,3.79015242620656,NA,2.95793367291721,3.40304663674809,3.76606797424184,3.50311042959278,3.53982289469665,3.46018670454544,3.47425610890015,3.2022463987335,4.1113391707598,3.1420197143778,5.16373623877121,4.18979670810824,3.48042043808936,3.86636820557075,3.48396238119475,3.49200378678956,4.30736081750966,3.74801404159837,3.76668087124219,3.79783061490447,3.65455391014523,4.00236659782587,4.23689345448216,NA,3.61855724744102,3.73349781648606,3.59124039222769,NA,4.01698912430862,4.60470083641402,3.95217109515267,4.76661544480041,NA,4.17522354630618,3.95533811927473,4.63926655335204,4.54130916867361,5.01387146535471,4.46677617169065,NA,5.17320591426552,4.51086461821172,4.38751209887613,4.23335404931797,4.07165144631077,4.3584864323736,4.4478381108072,4.17989359035699,4.24696820328102,4.75216277207812,4.40186518036924,4.31846717443634,4.73048302841605,4.84349850133101,4.80200235932215,4.43092951557393,4.58918296449878,4.47567531298556,4.38902773101639,4.42748544933174,3.94653659017967,4.53167439895304,4.1067493497538,4.55216702348929,NA,4.60816584432051,4.02230838505367,4.32624086415225,4.5964450200391,4.61006352979123,4.28668676306618,3.73249886160543,3.54919943629518,4.04679333739724,4.44344793582384,4.9369766581617,NA,4.44501598845861,3.8471588710568,4.84267013671058,3.87759742496478,3.99946329231803,3.4046110044887,3.38830888285443,3.34406755709048,3.68535077349786,3.79034963350001,3.83705412951302,3.73467164682678,3.60505037049931,4.01337400136786,4.717462614766,4.22657064816786,5.1464361372453,3.87407112256916,3.91442839387202,4.10166647038386,4.36060024271433,4.04635319449739,3.61707365868706,3.80597910087682,4.08797129599549,4.02046380829906,3.64901855420184,3.35743123920246,3.24744814203014,3.37580865619672,3.68700121330041,3.89038985608709,3.71319936571102,3.76708960017113,3.68008581318333,4.24628520923378,3.77137263564387,4.14673790614979,4.66583797108624,4.7321538185924,4.7250306364724,4.16376809420845,4.79301335272028,4.68064981304826,4.58767909414539,4.27176937797852,NA,4.03317455913732,4.42143206984543,4.53450175611425,4.56950039096829,4.61962700488709,4.59649231684799,NA,5.51664999882692,5.38156227140306,5.14277599086125,5.12279480922966,5.37046527962807,5.23825400002814,5.04769595867553,4.72875391884028,4.80579321453551,4.84054637670339,4.87869035043013,5.28625704823682,4.93616203125708,4.39054313992825,4.21034970126142,NA,4.20461797040935,NA,4.71281752216402,4.77597282112415,4.09455827354995,4.16911214789195,4.51590397481752,4.22500742926023,4.28001989924965,4.08991337741101,3.80314473194535,3.84208539419654,3.65343286340581,4.24249951038528,3.98049606222016,4.11416925719523,4.03615742099791,4.02892331190926,4.06908001630051,3.85654479137421,4.33683017551426,4.16066383166965,3.24415397518964,3.09124831158445,3.63494959589688,3.68341024601723,2.95606898344792,3.76161119761568,NA,2.9369363364741,NA,4.42502721092266,3.62536690397779,4.56911134099255,4.79041882130689,3.20077300464794,4.03591730948252,NA,3.32305601203124,4.34550309175966,2.87812023097248,3.07727513586437,NA,NA,NA,2.98560078237058,3.61963611854447,3.22104847227083,3.44807836885663,NA,3.23359881478906,3.64126382393984,3.27263036474249,3.48123199567258,3.48218961079923,3.20967929706613,3.250725832979,2.74229572704848,3.43023988296332,4.75694733275684,3.58000404645473,3.71606598082759,4.0763625127935,NA,3.73069203974583,4.10161186641432,3.86564129956335,NA,3.63244418698025,4.29255749306889,4.20721376131918,4.39653321129555,4.74318177361759,NA,NA,4.52698820624785,4.70682480751406,4.84468333578642,4.85496705097976,4.70749825685881,4.73586593646837,4.66853441689578,4.38321871230932,4.58724257624918,4.34135549683634,4.31842049841592,4.3456428283624,4.24597468956322,4.2880810301355,4.9932564265244,4.19831644097063,4.28331357093321,4.2498205491799,4.26632181486855,4.52442751828033,4.15502650743912,4.0147965763284,4.42904567822101,4.03134897021425,4.15123585779979,4.20810613171463,4.04991234121564,4.05471141051893,4.15466966237296,4.38166463103073,4.57139257271228,4.16504061728529,4.5478511141469,4.13464827862385,3.25667101643742,3.57387862781493,3.13344739482558,NA,4.62579014824783,3.48710465299565,3.9835203784131,2.97742272403685,2.89499686503844,NA,2.80336155786537,2.87730033029913,2.6859316885782,3.21435148049484,3.04539667409847,3.27310826867838,3.05314786261442,NA,2.82376911078227,2.8940859278109,2.70314580144934,4.16830119915137,3.17019693350179,2.38598058498884,3.41104341877134,2.48746688805265,3.81200346963489,2.95696576893159,2.57643723325019,2.69625208782273,2.78475350550928,2.61049905354385,2.46446098606327,2.97160142412073,3.31836353277648,2.83320291314776,2.98149017857638,3.08847483390065,3.42676166216193,3.81931747516681,3.4049103027433,3.03422397348019,3.04488495025317,2.98670057871258,3.35067231563838,3.53759774182314,3.18091184219071,3.624918551804,3.84382230748827,NA,4.05677841462138,4.05406062002714,4.11429425623364,4.29737972943258,4.0270770481382,4.1884988660965,4.2004609855345,4.29585137541106,NA,4.32530614010031,4.84138538964969,NA,4.55316581168179,4.86538961378066,4.75782848455646,4.39565451395712,4.63952154528304,4.84310574976036,4.8160413921658,4.49347760697613,4.31519301289384,4.80847287127815,4.67513290661535,4.30906459015679,4.35310563138417,4.74694907571238,4.3001160111746,4.36309147496898,4.41651865588647,4.6012897414241,4.70385460257436,4.43557556827589,NA,4.73668825059167,4.69180307372081,4.28445375915632,4.7176674202574,5.52508362578068,3.91993044891539,4.51099593141846,4.3342374087365,NA,3.69546688150016,4.23087912364477,4.05399293258664,3.80681869369394,3.36182726115734,NA,4.62018412268385,4.07949499789227,NA,4.31279917112766,3.74607911450746,3.42340557760197,3.88231323728312,3.70081431899481,3.91442722187602,3.25419981983056,2.32754793075503,3.06237707301374,2.80780032986712,1.73376498304929,1.56415569347032,0,1.35267252516148,2.11980490640325,3.40094095978121,3.43800846791679,3.03589165919027,2.90350267085793,3.27686169084093,3.84603855921693,2.93201274060352,3.26278795205252,2.97689180731394,3.1206678459807,2.40243142399836,2.42852749757646,2.47227969622869,2.47575591216801,2.74360415112694,2.43201777494778,2.58097307835952,2.36400663036288,2.62633672725428,3.16664243111871,3.10514170010754,3.4788801933347,3.37663909072108,3.42741807004503,NA,3.39609319189923,3.63017868822752,4.00282804666977,4.02873502037183,3.51473904826686,3.32980796412985
NA,NA,3.73546463514086,NA,3.86016962730195,3.75831596868931,3.77120440742185,4.15597564542358,4.34124571300369,3.70251106065043,4.15245839480374,4.43088701671363,3.54481658189625,4.22995297102679,NA,3.85198037448565,4.36448737556113,4.00310647350989,4.16281173224834,4.02726925782791,3.78588393261629,4.017219916064,4.20599440896011,3.76054190494959,4.05618305361913,3.67350985331245,NA,3.55198775770026,3.72377044226363,3.80835654742075,3.42820761323046,3.97286293119554,3.90877361706562,3.88982488766535,3.51083106952843,NA,NA,3.41170816532013,3.63682273722718,3.77624435859421,3.15210916109015,3.14627556962419,2.95359288886563,3.11571187318959,2.53539307237577,2.6931785648063,3.6262734647051,2.96115888279268,NA,3.3141685508209,3.58906323540435,3.10805120806189,3.06998360127763,4.653643491515,6.31606975981609,6.57165962293965,4.20599476728767,5.06412544168332,3.88101303122905,4.00766100318086,4.5426490843129,4.45656596028222,3.68275654431655,3.62410928664596,3.84837239697375,3.55295765435258,4.70581462105413,3.47721020967458,3.69407271314188,2.9776996337438,3.4703152343244,3.94608448796652,3.17861541339587,3.48559917727281,3.26849634281212,3.26425367943737,3.21638177082511,3.60459378723265,3.46710162588438,3.34836242257476,NA,3.23146508629548,3.14061567241877,NA,3.67520646393187,3.87320712689821,3.72089971225955,3.14955925599162,3.46186818102495,3.27813807359292,3.81011154611269,3.61137108208349,NA,3.79236085323325,3.73446814614777,3.22490758079697,4.46993588322126,4.27247130742201,4.24097043696672,4.32017287151738,4.48076891009326,3.91832070043359,3.53663915555757,4.04542076909589,NA,NA,4.72265965312773,4.7631413429899,4.68372937362901,4.48410506067925,3.36585924940219,4.62234072179054,4.71312981396947,4.82499130503426,3.93698891873088,4.28260782987542,4.15557199625461,3.99797148518601,4.23139755366442,4.44834368238519,NA,4.041673800496,3.7313114977547,3.98350563462855,4.45582190308826,3.71251303039994,4.06608805838475,3.706160285031,3.7770908356689,NA,3.48797348047188,3.72411731887672,4.3174896190679,3.47888708773443,2.86932993946121,4.17142194461225,3.57562171852825,3.034088476023,NA,NA,3.54138314244617,2.83284555701059,3.63232557150915,NA,2.81023139736573,3.33292849316026,3.64789591580243,3.3465737358319,3.03620928996018,3.32641771977707,3.32749856454836,2.94448719836715,3.97322574867017,3.23879235633061,5.11266438270473,4.3221208436481,3.40132192984623,3.67801549488251,3.23224952593197,3.35864693722286,4.18764008051177,3.65021739601967,3.64015605697472,3.62188109621199,3.45839383067011,3.77106338964628,4.01272804458998,NA,3.5604473934544,3.60896918761193,3.51734028004351,NA,3.84759491218721,4.32897054021935,3.69616189876221,4.53109947174416,NA,3.98795101015026,3.81840430025618,4.41704665872026,4.32848000716852,4.79453946805793,4.27504579095373,NA,4.93109204675622,4.31848228879699,4.27570607574899,4.11896513211462,3.93262232520844,4.17334499519695,4.24489242286584,3.99905606393668,4.0800166604024,4.56744725190811,4.2494849699917,4.1336565503587,4.61612007869321,4.59408237502053,4.61317454889427,4.19094546707114,4.50056674081444,4.32896399079545,4.3154959378972,4.34172326045305,3.78021129449259,4.33436382842929,3.88205430002811,4.36514412802318,NA,4.52319253809979,3.96191117837324,4.22281859394969,4.47715902325373,4.63310477683565,4.26665741010138,3.8328044165756,3.62024362612814,4.02927984962155,4.44506060613732,5.15821988001518,NA,4.44218390155763,3.779366369828,4.6831566283884,3.6332738872275,3.76360014881094,3.30227975500359,3.1885573689834,3.14113446053577,3.49539354960971,3.65506549265001,3.63934507862256,3.72106310758403,3.55089691953664,3.81277099889739,4.48420419651371,4.1601934441879,4.98563884734004,3.67905813554742,3.89145557942264,3.94235746225249,4.28410172606075,4.02744949018653,3.54243395664017,3.54123884885951,3.88307104760531,3.82734475284688,3.66243586725292,3.24833527456557,3.19992209402575,3.31969751356549,3.50826415220008,3.80058359275106,3.48842472739042,3.54917068193287,3.49283081499701,4.08623365912612,3.64282971626213,4.08157406853205,4.56342722240824,4.51178380046755,4.56412830519684,4.05963474514189,4.63164137121857,4.60123464965102,4.44470759650921,4.1119762842619,NA,3.8908844050442,4.26096981237059,4.33440618794427,4.41604770072126,4.48386830652295,4.45083695581474,NA,5.29509021262459,5.29517600982483,5.02128643495458,4.94922751692369,5.15712137109938,5.00766499624201,4.80868895194938,4.4984413929847,4.58219929988901,4.54795465656378,4.57543501477267,4.97601478643865,4.70704262866003,4.17202513837627,3.94729911365539,NA,3.9823015326031,NA,4.5421925345714,4.6324454939889,3.93543423525594,4.01437349314919,4.42517476177417,4.07213874659053,4.13902093251796,4.02256986284382,3.61929064992125,3.62547389032446,3.41793358586626,4.02706981569442,3.77074208963069,3.97326578970318,3.91647606038074,3.8166757442979,3.87832789121679,3.65092683369945,4.11130970867015,4.08586716152452,3.14465654515732,2.98693278082229,3.39514696041096,3.47125203686856,2.75543830472398,3.63900340141221,NA,2.71218572395291,NA,4.2290081921698,3.37846734030712,4.35667125962281,4.65663927121587,2.99144516050955,3.81010034713212,NA,3.28471539983828,4.31891944259859,2.78213554765645,2.83882088325758,NA,NA,NA,2.6750433713172,3.39523582914907,3.00866546449575,3.17067733672918,NA,2.92949085708805,3.48344180867292,3.03992186320985,3.1846255285615,3.2666576181759,3.04740105388781,3.05076511848908,2.55330691531493,3.21006755748003,4.74474288549759,3.54586350376127,3.6608060112717,3.94896351908681,NA,3.44556159660309,4.08150823488152,3.63410600578867,NA,3.39795777142389,4.06314496072423,3.97670886506187,4.16282443320851,4.47843957512551,NA,NA,4.27222699647361,4.43735612524014,4.56711210911332,4.57213790978894,4.46432620482671,4.58002675299289,4.45971065624216,4.15659623805896,4.36981074626464,4.15362020183708,4.08903391228788,4.10761848294958,4.09414547925016,4.10211235668019,4.73947369340898,4.02505168713349,4.05492630916312,4.01037778259369,4.1342526621126,4.37599179827973,3.97408156201865,3.82565028949164,4.36231046786606,3.98564200059058,4.11466733489813,4.1737001094469,4.00609740306696,4.01928971276259,4.08467864239931,4.34986370531396,4.52254941463968,4.13663375209251,4.62510684055863,4.1315789217537,2.97255268920362,3.28896486768946,2.91990062050418,NA,4.55930582606396,3.2587715747496,3.92029178302643,2.89103525780518,2.61239957391818,NA,2.43562849216757,2.53867814004939,2.44913906970307,3.09634926632229,2.88560879825249,2.98939071931485,2.8051836602607,NA,2.75004265831857,2.74799006474196,2.74486371547689,4.0754929569335,2.89483530479263,2.52308861492613,3.4687623262687,2.65882476705593,3.76806904851966,3.10936365201712,2.43264216217573,2.96062115830082,2.8910766313066,2.48555211635379,2.36320298349997,2.82261784625497,3.23251720849287,2.86963913060312,2.92070095510308,3.07162170253426,3.25476192203607,3.56108750848712,3.1497240286129,2.93289559864875,2.79466041383972,2.77439041869373,3.18317092546626,3.36409710250671,3.01974397244785,3.43091907072269,3.68763578073054,NA,3.85589843100332,3.85402952553828,3.90162777039737,4.06909768783855,3.87371370258148,4.00361797993376,4.03044020349321,4.05489863884404,NA,4.09767395803464,4.60972312936857,NA,4.31483648480442,4.58450644089648,4.47746860524623,4.20813097962186,4.38424457155338,4.61060370446387,4.57246301406231,4.24218936501781,4.00759031042794,4.60993423129403,4.49646745214748,4.14426867491985,4.30598461219731,4.59914120221388,4.23438809869839,4.30436347314067,4.37139025719149,4.61844571426629,4.62432578077342,4.28805188046683,NA,4.47686045890408,4.63791606437821,4.31254756596408,4.81348249156394,5.62996183859595,3.96727469285513,4.646485587567,4.49826526864718,NA,3.61128253315073,4.08187029008611,4.11223586934953,3.90976148723737,3.30394418307118,NA,4.44332740269986,4.00862298898877,NA,4.3313628178744,3.78150199573635,3.57383613450924,4.1384053963514,3.71463033640665,4.07682082523294,3.40119759542214,2.49806647691467,3.283300309911,3.18680546591002,2.0885943733053,2.1107764848147,1.35267252516148,0,1.32153388206954,3.09274167346174,3.27523863320806,2.64911710724516,2.82182732684533,3.27413684313946,3.85943655693919,2.91291800369208,3.09905871221952,2.78159297295794,2.91755799274231,2.18445983361795,2.30215467837544,2.300800931092,2.20623240371119,2.61800400908281,2.30608066871924,2.49005785125483,2.32971756020977,2.43435630892485,3.02702449403567,2.91999775544331,3.2510440294371,3.23817044854231,3.19572209841844,NA,3.16458099369127,3.38066370460569,3.74842137537174,3.77461443579839,3.2494392523774,3.14145944024879
NA,NA,3.84373242763381,NA,3.94836705648707,3.8288843149629,3.87282765371257,4.08084669105867,4.27898302122739,3.7115841209543,4.12004221104804,4.52544989031014,3.73480668596514,4.33662524633259,NA,3.94127363436353,4.3216862253104,3.97234555877316,4.1535675087899,3.99514180167141,3.84219859960156,3.97578490589245,3.93607167010322,3.67716776658399,3.93683028405895,3.76425581927464,NA,3.54057855095741,3.71932315204669,3.72967848313897,3.45321690273697,4.00059916730819,3.98118711985408,3.92552493509567,3.5654444855038,NA,NA,3.44747597566116,3.68638145150608,3.80400328535019,3.18021726977667,3.24492959043232,3.04222040021251,3.33330523982534,2.67638300094339,2.97456124371729,3.76837925396219,3.33636602280035,NA,3.80684251340982,3.97411678061038,3.3482491529078,3.50617431888511,4.92098409770529,6.53471318205663,6.71962156809447,4.6590663269988,5.26783747461883,4.1471715125675,4.24635873199703,4.89429987911966,4.81343135260701,4.12350845532975,4.20442496112787,4.17807960098038,4.06190412046303,5.13338770110758,3.83179289790383,4.06918220403967,3.34341638768036,3.77223465069813,4.29000355256712,3.44345122870775,3.73780369373039,3.47285747621405,3.57510900030225,3.57423734221027,3.87592519082984,3.72443982642317,3.56700933627715,NA,3.41779993390131,3.3782123672774,NA,3.91040253281298,4.09345108656151,3.87867328386654,3.24328710492384,3.68998716546741,3.4820365052896,4.03945223619652,3.81467183434486,NA,3.80654051370371,3.91397264425391,3.2785521275784,4.69226459741398,4.49856748055895,4.36800407172141,4.46377600261102,4.53420317292441,4.06560889279125,3.53986626482747,4.07045400210144,NA,NA,4.67399874446667,4.68098168985388,4.58765972790948,4.42196354457467,3.24680260973607,4.38694536209762,4.67754656009128,4.69298513886792,3.93021795487966,4.2788592465875,4.18640559399541,4.06959709060544,4.20453713885702,4.50533749896346,NA,4.13467572739424,3.8244370991505,4.10636204852638,4.66142284773342,3.83457732573131,4.17075843782742,3.73495226855896,3.70532621494832,NA,3.16409618724414,3.43204132320427,4.14518213936492,3.42235894399445,2.7659101468427,3.93274236546395,3.51842899161264,3.24810342756344,NA,NA,3.68244125119489,3.05315402134953,4.00958024096775,NA,3.19925975839714,3.7448985267002,4.08097600732307,3.70997237858748,3.07513583742515,3.66886324404349,3.72791537676242,3.20058745653462,4.03385928823206,3.810550543163,5.43338016987754,4.78478305820085,3.87525547492714,4.12520812828494,3.61332031162327,3.69809845880404,4.48758960631491,4.03469204981424,3.9672343556722,3.92084467984519,3.75209869921508,4.06140617537155,4.22197883592537,NA,3.92035800540977,3.86596532265699,3.7322460806209,NA,4.04958826923787,4.50396624429603,3.79377321197475,4.66502553818559,NA,4.16352313120988,3.96124905935611,4.54396170472351,4.46408904661135,4.89969980087066,4.38157291080431,NA,5.00497873216201,4.45672814356918,4.4543226632753,4.24859160854752,4.05677757201567,4.33720639101447,4.43562402075724,4.17510176349698,4.26395019622254,4.69172044477624,4.42986769988413,4.27980327501649,4.82037425410802,4.75583556997034,4.78828656029631,4.36617661522429,4.71099793866761,4.43468645160102,4.48379700507736,4.48175615409116,3.90653127744698,4.51447148162075,3.98802500634453,4.43106640485698,NA,4.52423069567167,3.95356201211932,4.0622366575936,4.30160520244114,4.55585358356222,4.10553783286427,3.80570409845686,3.68808239570393,3.98142909124529,4.41913979724538,5.19631555469404,NA,4.54632243616344,3.90389234596846,4.84352824025967,3.80388522911556,3.99857391187373,3.66369322562314,3.39253228309599,3.36830436842324,3.77025669470058,3.95907622999031,3.93931051430995,4.11044131399737,3.9901414989458,4.05432408961307,4.60483371827267,4.37708355352942,5.1618401346174,3.84647364641624,4.23799512655462,4.16071946665279,4.7282228131166,4.56665815516432,4.18315052742769,3.81035229009555,4.13018875953235,4.13208040323541,4.09965600174083,3.61145606976801,3.67033592478884,3.75089267651439,3.83393733282051,4.10334095573813,3.73871978653458,3.8364958814435,3.88870804203165,4.47917262413011,4.01289394904262,4.47460409297281,4.83821268449776,4.74837228415187,4.86871097191849,4.31515901872381,4.84041405534443,4.78878438109741,4.62697884617001,4.25125663268714,NA,4.07693272647935,4.49169066568592,4.55734398718473,4.61709556516783,4.604282796802,4.56681742727548,NA,5.37855731656782,5.35274068899494,5.07568103683396,5.01027585162577,5.17895631963417,5.05820915129011,4.88734496080511,4.53098252787548,4.57623974888605,4.52063898231976,4.61241147185039,5.0566655383749,4.76031735587384,4.18421148285063,3.98239447121577,NA,4.00292986615719,NA,4.53637774228603,4.68741210463421,3.95556806896084,3.96812489844271,4.4290894693098,4.10053884957626,4.20095200185546,4.07236166317403,3.71086626402386,3.72935703085901,3.46708092205513,4.17156081293805,3.84752987484154,4.12413263302609,4.05573137727307,3.98444180318027,4.05795955034247,3.75688795184178,4.20579753687788,4.31417347602283,3.2802889134882,3.07329097266555,3.49607346692843,3.61643822475546,2.97190363929027,3.90473336112831,NA,2.89867868501346,NA,4.2687474819153,3.49886043702944,4.68222244443539,4.93398727994006,3.33467406816746,4.16066249338757,NA,3.35964319143647,4.39269467514718,3.04099733128242,3.03320315802074,NA,NA,NA,2.99723580761899,3.51106860640232,3.33615126113876,3.43043870255202,NA,3.15686552162171,3.74202543089639,3.2513933402939,3.40047170188082,3.50641930215968,3.25582434594088,3.21854517559398,2.75011231723658,3.38145324784798,4.88908752635478,3.63965840552657,3.75842881075268,4.0529826215027,NA,3.48855420660092,4.04400227288539,3.75296885245519,NA,3.55109048030948,4.1305180541906,4.05376731933704,4.24575858145586,4.55879139415117,NA,NA,4.36369829850277,4.5713715189765,4.67211893832725,4.68146844744995,4.57001582817431,4.77327773562086,4.56295811385096,4.20877527151656,4.54250301445338,4.28439687197702,4.19780412969653,4.28175773971164,4.17858955992947,4.12713182960698,4.85353734552357,3.98501781334061,4.01860143596456,4.00252913712753,4.06314306849875,4.27583305997832,3.86719861242745,3.79007018173799,4.29125201501923,3.96334960185058,4.10487779178519,4.15643447104656,3.94841568543904,3.99273899678973,4.07223382553227,4.29669600349324,4.50955194822865,4.13939623509994,4.68316525567852,4.27130519111322,3.1022025474646,3.21612975267759,2.90987042395899,NA,4.62588615797184,3.20477565959207,4.00837374982041,3.03317366734308,2.80681612044123,NA,2.52685721681939,2.63257758960115,2.5433378210239,3.41527774006549,3.02794072391897,3.20559714761829,2.96675000714187,NA,3.14069246659301,3.02434803045742,3.36223017458133,4.30449612637113,2.99901009832503,3.05785740577574,3.84648303000274,3.21590990520595,4.18036484637718,3.61490435479977,2.6770146644642,3.40454338924761,3.33709866229373,2.81334819779277,2.68149666446994,3.0988875819927,3.43776878509831,3.14381251292223,2.99707631274415,3.0849696112941,3.33818596322736,3.64624549886359,3.22925588985563,3.2552386618241,2.99931353346257,2.92530049539551,3.34138312113958,3.56439199199575,3.05661130864903,3.54504715374102,3.82964759210645,NA,3.94089672595254,3.8934499274239,3.82915131680326,4.11398419851494,3.91193033180331,4.03684445620799,4.04766578294528,4.09242995867281,NA,4.10356151386261,4.5790190150141,NA,4.31325082262806,4.58141304185451,4.45582116604445,4.18427952366909,4.37039296999204,4.59098368077453,4.52638759780899,4.18449531073647,3.87867381276533,4.46928513837542,4.39434187131107,4.06518400661194,4.22783316924494,4.50788487876733,4.16126368398846,4.2414995078634,4.31616306002507,4.56689255883858,4.51236974204112,4.19304458358158,NA,4.42586519345394,4.53627254381202,4.24233473469433,4.77419773393471,5.58510800736379,3.93191395164053,4.60524877335634,4.51708177292202,NA,3.55844556689633,3.84997340102933,4.09345530372845,3.88829622049974,3.29486996319869,NA,4.05223477399887,3.68572460622853,NA,4.29800353488033,3.81993163374124,3.62655824221309,4.12573291241817,3.77409845294236,4.22218487329208,3.67086947208377,2.62086344930684,3.48946401387532,3.43241513390721,2.59924125473385,2.48830299928155,2.11980490640325,1.32153388206954,0,3.27065019591123,2.901185607572,2.74092807674113,3.16123400199176,3.34012881480318,3.9319062232883,3.1767186715956,3.30459544527291,3.0212395907832,2.87165971537197,2.19727022096527,2.70625711292031,2.80937552893322,2.41977705043728,2.74837092584474,2.48202446995394,2.76842172704867,2.65297979185167,2.63704478473992,3.25074101778312,2.95047704523637,3.34112763504283,3.52830732848662,3.34555952674675,NA,3.23979752638394,3.43959439209687,3.81519320471933,3.86869436915176,3.29654859471386,3.21333935976085
NA,NA,3.40863811495901,NA,2.91091347589927,3.38643894353323,3.09577358260289,4.20475933048137,4.41652893563444,3.47020073795231,4.4770370493724,4.60950373399292,2.26711040656621,3.71060834479845,NA,3.14562036457295,4.27973337976615,3.80950441315763,3.88004982659311,3.88329842041688,3.29961893158027,3.59253057158764,4.07055119079007,3.05816030330048,3.52922956687442,3.37355053591397,NA,3.09752082379643,3.14983702365273,3.55735782513164,2.97394584721768,3.25029037772002,3.13114668032092,3.34395488809465,2.85026810437766,NA,NA,2.94170586022316,3.1716558621734,3.40373439480588,3.05492487286442,2.8086980292139,2.97414553763657,3.1368980780349,3.5786866039545,3.04740348712598,4.69376004175866,3.43854754138849,NA,3.38791401492668,4.77753409772226,4.16826442297158,3.92570637730016,5.89609708787252,7.67950327587599,8.1208418393404,5.3260899922192,6.62470931037227,5.35448373817896,5.42371338054212,6.07542109686273,6.10057317047477,5.23673468010633,4.56900591499751,5.12036497955794,4.42888850942804,5.37924612286531,3.63484795166823,4.20844122864416,2.90458346724841,3.15976961540133,2.83955501689927,2.3561831040632,2.57105412026816,2.22992813143175,2.26210055783317,2.31529454395563,2.88280857430667,2.59500167188422,2.1106989096178,NA,2.12126583737355,2.03453217619347,NA,2.47039334033567,2.48557094003935,2.55829259093122,2.31453392689004,2.49880284295297,2.42128943164441,2.90549307536925,2.33952154253407,NA,3.08475079036245,2.46291917348771,2.47206037684262,2.96233852477146,2.88886668211717,3.32751311297206,3.31322897960593,3.95232686117745,2.92034205946519,2.94541081009662,3.39363639661092,NA,NA,3.68456722663673,4.50732955562991,4.54543037648355,4.20816939349732,3.0339066140646,4.04228749897374,3.9965082060845,4.7268704959591,3.45114799689583,3.9846507006291,3.71779718931216,3.34924006595933,3.86299244828872,4.11523248369293,NA,3.21494358411946,3.16326426102669,3.27717337750418,3.41521526683103,2.80057858949824,3.44009187216722,3.27111361467805,3.27036529585115,NA,3.75753436919129,4.05413392760016,4.11747710301706,3.63502505562937,3.20546839857308,5.77791670538332,4.77419416327252,2.83926245600269,NA,NA,2.80395285735318,2.93707883540131,2.42341778753278,NA,3.25703859353917,3.63413606353677,3.67449339910338,2.99711028330665,3.42306575645483,3.6454342180213,4.00178971877685,3.00417519996375,4.97648968490815,3.74519809132347,6.41595310296429,5.37567298383555,4.01108093076604,4.34868771523199,3.49332231291332,3.09443204064149,2.97777811158937,2.80573772546585,3.09675059091409,2.48274250636891,2.55039811354375,2.81955180351873,3.04333800247935,NA,2.69731964342079,2.76935336446689,2.91395778168387,NA,2.59843122607995,3.21048837061001,2.80313577717961,3.41330955831387,NA,2.82979359738784,2.63564864127353,3.11629431978332,3.34180922824777,3.46209990861038,2.90439251031209,NA,3.89859187578576,3.09018000517332,2.56361773987389,2.48679664807125,2.49622775341493,2.98970232127287,3.20494953412573,2.55004564747557,2.48165249119753,3.21788860144191,2.9473691415439,2.85927409614737,3.30122885039683,3.07738605244919,3.1926181761282,2.79497510360702,3.26884478537631,3.37678330055437,3.38115821012334,3.63498383784132,2.97592412739699,3.14606643627255,2.97748407184739,3.38760733678466,NA,4.07292111384135,3.556614954265,3.90035441631771,4.26055834055391,5.07715861722974,4.91695470330016,3.86510513068411,3.68286270212034,5.02709839493872,5.45688116483998,5.60877868067207,NA,4.55892781683727,3.65720481085971,4.73970369409646,3.56743721770067,3.41442554840101,3.10519244610435,3.5834266241646,3.3198294985207,3.1768972395393,3.18545302077697,3.38880500035203,3.56097936322217,3.94295641952261,3.32151246081642,3.71912711097127,3.70414190431065,4.35672890357993,2.77384627353992,3.26449904935812,3.30973443659342,3.18022932412666,3.94882412828839,4.00730692881451,2.77658625755931,2.64312693758492,2.89411416889204,2.97077863057446,3.36245095220014,3.08071728306117,2.90073025216312,2.6976975494884,3.50700636952001,3.39304965559803,2.89831266684546,2.845282918235,3.0324345090082,2.99170283923658,3.40877336232663,4.00399128112204,3.48575482602025,3.61960753207476,3.23504569362482,3.7430754418424,3.95471977865222,3.63832435473433,3.32464213771204,NA,2.98204949391611,2.91734702253415,2.90088704864819,3.23263766375918,3.47297742940209,3.59918655665091,NA,4.05082115449074,4.42877346599439,4.20678029268666,4.03996880812918,4.20963460764022,3.93009448503148,3.43223420429265,3.15628262211344,3.2042174218086,3.48601594764785,3.56703309087188,3.84771958117493,3.58273661086137,3.22595094102977,2.69145870245974,NA,3.07702541134032,NA,3.845786850652,3.88454478809928,3.26002101227134,3.45563563409471,3.99873846025261,3.81926979080271,3.5656859198603,3.46087552877912,2.94070174360674,2.90335664246165,2.69410102130801,2.91725594905073,2.8967224329035,3.19653315904884,3.39447840542163,3.05144202111722,3.52215612019581,2.99070768335756,3.26825807530191,3.36228245911659,2.94804377066129,3.35346280373678,3.71025476228692,3.2796840576785,2.61363474655792,3.20705226828572,NA,3.22137077951213,NA,5.7907400211317,4.44846179549375,5.8225895873157,6.0460093707179,2.96570868039442,4.71972765761951,NA,3.50189837000734,4.62778123271859,3.36992568568069,3.26148668592226,NA,NA,NA,3.42667940769397,2.88140954477027,2.51437751047671,2.83321918283523,NA,2.71196838521144,3.52534657135845,2.77369305906519,3.0339015644258,2.41681355515225,3.12106375736321,3.68026571772324,3.2832035164317,4.37073221591958,4.83134349396191,3.7516282277326,3.39225692558549,3.58109777428909,NA,2.69319249933185,3.71154526170849,2.81643799666422,NA,2.45960844579081,3.00767163604631,2.795149921565,2.78390530866764,3.13486823692388,NA,NA,3.100144480138,3.47384872564097,3.48202889852316,3.34973364253271,3.30526666265873,3.2265841568288,3.26418488951623,2.93787822369716,2.41933948622763,2.89557844153066,2.87054596852385,2.78587354568056,3.30263983595927,3.45059956154865,3.63063649331029,3.10820031046192,3.30827140690067,3.40750872230389,3.81660835131202,3.87376145604654,3.65989690378154,3.76577862483955,4.29711703425156,3.68592122787597,3.86340707623666,4.00028986397973,3.83158022077655,4.05073930475072,3.90897222281049,4.28120373773183,3.9724857531248,3.93989330056933,4.58423980132004,3.95430929498006,3.31390480635986,3.42122150969461,3.70696671427468,NA,4.62757879230611,4.46306422265655,4.84614075248648,3.65595066614866,3.12597815049449,NA,3.75307591487475,3.19266067831924,3.08175992217868,4.04546665915191,4.35134866868209,3.90058166228053,2.71782411767717,NA,3.87417425089175,4.25079431158957,3.75000273278184,5.87124339286216,3.7266331110681,3.58010637595213,4.9050377513761,3.6658196402602,5.29621160881742,4.69490918779058,2.80722981846747,3.88412806782239,3.33570100796011,3.30976741459253,3.21659076813632,3.57396772444087,4.74586030197759,4.17227634971513,4.20721738671017,4.64791328857593,4.36980966471828,4.31981975447859,3.88064940533668,2.516999956791,2.85003683350885,2.93923734243021,2.80269225495228,2.27921370164294,2.70862937173973,2.65875469483847,2.56625868826502,NA,2.77752433313913,3.07825025210641,5.37046911310339,3.03949128862546,2.93623736982111,2.90906240180237,3.17697784055295,2.95630010303413,NA,3.0404903442473,3.5114843970312,NA,3.3287560016095,3.33276679869162,3.38691849678178,3.42320855507633,3.45647761640086,3.50091387186281,3.64876285403434,3.43353017824847,3.18579808587501,4.08099147039699,3.74345607245242,3.54437695567286,3.89590640437334,4.00750571153264,3.8569027659798,4.09914504098297,4.15735934160502,4.45913858209166,4.35000190628927,3.74873052181614,NA,3.38356229957526,4.35587603969605,4.13134696776413,5.03521079114344,5.82177586442794,4.04313418745516,4.88908725304957,4.84422910168517,NA,3.64825055551387,4.11892695172629,4.20356463294662,3.95210217869968,3.21935161594905,NA,4.65596041557353,4.23048193081753,NA,4.20273864838205,3.84414394859813,3.75172501272977,4.59523037803289,3.83260595806172,4.44013596360196,3.53956868831819,3.15240864447366,3.72790268999599,4.00672800445219,3.41656112730726,3.52475019911241,3.40094095978121,3.09274167346174,3.27065019591123,0,3.76271440100413,2.67920499637545,2.46523854842672,4.39008729522855,4.65925185833989,4.4348486628042,4.43031099723484,3.67235994627416,4.17564620118684,2.99442224316576,3.69319491220661,3.14912122802621,2.46998814787049,3.42355840890719,2.67546656888533,2.26156288456101,2.38619022091805,2.06279320960478,2.27318388754649,2.55892283228184,2.58642369516966,1.63982081905557,2.04483357703087,NA,2.13166049861361,2.39405961016768,2.55835466251154,2.49145164632411,2.23366694961067,2.09599218193153
NA,NA,3.76424252612187,NA,4.02203335566949,3.87139059322948,3.96980609428284,3.98281807921741,4.07349738928671,3.52578271238363,3.54751675091062,4.12677936936471,3.90674245650146,4.25336141068532,NA,3.84401382821223,3.9358071937476,3.78478273458521,3.85748875312881,3.76738423346106,3.7484914539813,3.90813380087207,3.75613901595038,3.42405692803454,3.42892910262139,3.35070101886428,NA,3.50221798785055,3.57607756292909,3.42751466869489,3.21057116011422,3.72474967951649,3.77391605266373,3.61373817473218,3.3807325483989,NA,NA,3.32073718510167,3.85686176109218,3.92133529373317,3.44551418884594,3.39766203023465,3.43518768130887,4.1146895101686,3.75727614055822,3.96910845865731,5.1499785706071,4.23849877722416,NA,4.70992559439696,5.41477298719189,4.60263470962175,4.75571494914497,6.18332600133138,7.7315627702625,8.21913299781217,5.68656634065397,6.7093588599787,5.54717222291802,5.68337928974442,6.24425416221155,6.32653229901897,5.5991391954857,5.14362782805758,5.57237716126563,5.35371019809749,6.3506484967109,4.9960832455987,5.2187732302092,4.36161670029156,4.78025704689159,4.91165044373662,3.90784769619815,4.23098206230133,3.91388164208766,4.02766095826192,4.00240171587391,4.41152869261701,4.21154793469553,4.03335074520349,NA,3.78619172156167,3.86625821676473,NA,4.30839285285465,4.33386892158944,4.23302408282775,3.535699917055,3.93161921318595,3.71929820304226,4.24560198340918,4.08825366319774,NA,4.0134554848643,4.11369845407425,3.56182470166325,4.922532174385,4.6963804340731,4.5439429364131,4.68933987811169,4.45399239247491,4.37910059403308,3.77700008710334,4.04379260659938,NA,NA,4.8908275808913,4.51285969520741,4.47158699197079,4.52534219823281,3.45649582751035,4.56282913680957,4.70418794182826,4.18322774155623,3.88050892603707,3.98085379916538,4.14144647861764,3.94509526816043,3.82478287341805,4.28080525228589,NA,4.42885693603022,4.01712741969569,4.25466570989064,4.93868337711458,4.12034321103584,4.38109362942909,3.94247241166369,4.07981609922665,NA,3.4035866880144,3.69196041920975,4.57450749360256,3.94293099489093,3.52994628349267,5.04725562180937,4.41433533443495,3.9988314142486,NA,NA,4.18824399372354,3.89984574602,4.70658642956816,NA,4.49247711995745,4.87977155986726,4.92044695423524,4.61610466846476,4.61452048798627,4.70677671619338,4.98779241227611,3.89959325962429,4.31228408680611,4.89269757698069,6.73512045982836,5.82621053663035,4.81220147771992,5.31768053267404,4.6798763185838,4.47982138229096,5.03966338357774,4.6486991199307,4.74089292326007,4.51640953252245,4.45963783609806,4.63362723331212,4.70351906378149,NA,4.52141398712085,4.25367578895439,4.27684179271641,NA,4.47803921747242,4.77993860125016,4.27359520285081,4.92283481631047,NA,4.39003521564,4.31945067328382,4.85180222907424,4.61794731830702,5.1021636442861,4.56695953924807,NA,5.12712194222916,4.63874692510419,4.61757441843141,4.48248360736614,4.16144955415199,4.4561376722299,4.58976060355033,4.37552323449313,4.45939617545902,4.84883199823635,4.50833602553295,4.40349840588715,4.9375907347879,5.02879815375787,5.00488840981452,4.57089694692475,4.88551125441855,4.40646091043714,4.68448119873098,4.69891322812228,4.06849715739873,4.73313643985236,4.21556621689106,4.38120487297728,NA,4.33514814266541,3.91564411700463,3.32672649004899,3.51442567706237,4.10972266983594,3.84333879263861,3.60504608005674,3.72949163555628,4.75567904516079,5.072133998058,5.22922744777143,NA,4.66042539854031,3.92347733986102,5.06388085275875,4.32797433185603,4.58743660972435,4.32527880149374,4.33500295712544,4.26765753591683,4.55216262347447,4.64959877109746,4.77135670661864,4.95687021872541,5.05961624255422,4.55879663681783,5.1477658859978,4.9496327598585,5.37417114020439,4.28059713888919,4.73103694917434,4.52467481511226,5.25180826311843,5.48975527458811,5.25730810664496,4.29432763608861,4.58163422524395,4.82216964549739,4.74698084513189,4.70788242065236,4.71249799725076,4.67208701427236,4.57155550898581,4.8858279913772,4.63700935970287,4.62947753060347,4.6210820071732,5.06457542602725,4.70939957619628,5.05857367157167,5.36068304179856,5.11326069165726,5.24129058354571,4.72708872791599,5.11858501668566,4.9532738601089,4.74999376936261,4.33067330221512,NA,4.21217332775964,4.67854891883487,4.81157235450789,4.786736968244,4.66815372193963,4.61827741706348,NA,5.41437206353889,5.33425783909276,5.03110494423802,4.99847914627932,5.22430594605833,5.1548332454665,5.09518047311097,4.68508792770362,4.6644026843112,4.56981729293217,4.5770722014349,5.12311436694122,4.69603066639809,3.95984403237021,3.96541070447633,NA,3.75558475303764,NA,4.33090818038377,4.6221996342757,3.82986103190792,3.5131571427513,4.16753668189228,3.94093417283501,4.16815898528239,4.0515543451397,3.78074538974174,3.91135068345065,3.50572938004551,4.38596147944306,3.89612651453873,4.25621246139032,4.22140140801588,4.27419218872232,4.29748952911777,4.05901140978591,4.78131533625571,4.87341991186891,4.02978735589994,3.81555832460267,4.43557830726857,4.20608305124259,3.58843878408734,4.51199889657629,NA,3.43797997027456,NA,5.7500219819297,4.80972130519416,6.2100149477202,6.27143263553794,3.92134082246589,5.37801905740533,NA,2.73835867858237,3.60466539779044,3.59372340272169,3.61984787734753,NA,NA,NA,3.84712906592637,3.67507291577803,3.84536410454519,3.95668593934712,NA,3.71078955231303,4.23651984657521,3.75158752521877,4.1858469714316,4.08623877504476,3.87258611301576,4.1318510942676,3.58311810023312,4.52302019576455,5.42019351867447,3.94385458893282,3.83661283332856,4.23838070061243,NA,3.70546072194185,3.87681976181551,4.18001516459097,NA,3.76279778432375,4.21955323966472,3.98462083455535,4.24062649496864,4.5328994560887,NA,NA,4.3375896493954,4.53520272301575,4.67422541723269,4.72704614510031,4.56028897011495,4.92495509019823,4.68919661080756,4.22915823478366,4.79358845866766,4.35711162959521,4.18606161488966,4.42807100672196,3.98100145947884,3.7648302860642,4.90594945687993,3.63733882253788,3.64065200948954,3.57961315479342,3.44361421974035,3.8016359399818,3.44038420476442,3.39327628933367,3.46032281272396,3.54901218269212,3.4958773247096,3.64645466906152,3.35669301642414,3.30681989626109,3.47333429663459,3.68106767037736,4.07966894479183,3.58200171134975,4.11359420848852,4.06796230014206,3.50517820460199,3.52149975817953,3.44145174434938,NA,4.64667300155203,4.10525945963912,4.80288703732111,3.74393411957537,3.91378939809395,NA,3.92276186345374,3.51098160151365,3.31493159021168,4.51739484060798,4.32560592515353,4.4110987884578,3.47674316260758,NA,4.47263988430812,4.3713820828045,4.51985578692408,5.69766289226803,3.93786648794136,4.17351118910292,5.21603868104331,4.31059596198195,5.64404049949058,4.90600946704511,3.12088840778585,4.46124762333746,4.24398005566315,3.97464582271471,3.92932645623568,4.41718484074425,4.65627002089873,4.39315728955087,4.05743273866845,3.89254326539458,4.27358381531044,4.47976344988768,4.05875553279819,3.8907096878403,3.77904833695108,3.78841974102985,3.86170323873214,4.00259034658663,3.58929163582724,3.85232961585555,4.13546718179656,NA,4.09459475095711,3.93596082972218,4.71713768942698,4.22852265020882,3.9072141236949,4.13004038140244,4.12690700981721,4.13992779714371,NA,4.09831125989249,4.63686279281783,NA,4.27746117836406,4.64286433784612,4.4582521803628,3.70265848366892,4.099987589833,4.52050243230153,4.28330170281533,3.87942993102053,3.54193087558271,4.06458859492909,4.03556908335885,3.69675155200578,3.56088508338196,4.02638645619138,3.3262331719415,3.35495399169628,3.66924039329957,3.84177380765873,3.85388985762937,3.52053412976425,NA,4.38522260420904,3.56217186178326,3.45378129854069,3.66409226348477,4.4043307171801,2.76749944044131,3.04658326774502,3.28697063388646,NA,2.45105915848508,3.13282109395026,3.30298387919281,3.24230726600151,2.87967959388924,NA,3.59034106703623,3.3069097201492,NA,3.78920398352981,3.54293836587078,3.35114739171147,3.48026631435368,3.24711848701847,4.07613932469566,4.09131144110806,3.07249611477751,3.84708890058482,3.9293152614312,3.32892806599497,3.50887208777603,3.43800846791679,3.27523863320806,2.901185607572,3.76271440100413,0,2.64701526483938,3.55371789871548,3.63026667809204,3.57809948639193,4.30645579622543,4.40326770873593,3.90405332034082,3.79436875609198,2.79388740342835,3.93859574859155,3.87536917289859,3.30929190036964,3.21049711254188,3.13520881272802,3.45893595366227,3.30378345352887,3.13406598565453,3.46914546749992,2.91185934758555,3.28905847294293,3.86848313533816,3.46867400946844,NA,3.22202749214862,3.47226757310452,3.93760350723086,4.05677386068006,3.52689542911458,3.37187401890479
NA,NA,3.42047718175909,NA,3.63240942410572,3.40705192723024,3.48466502749429,3.85604605790211,3.86238661031504,3.14391631781646,3.72882978022687,3.90794640613953,3.2376968970379,3.5310139576477,NA,3.00290716096991,3.6329366891597,3.22932660335999,3.55650491344425,3.51991245242617,3.26374340771521,3.12775056771332,3.43586004551045,3.16629418437808,3.27099808075664,2.80406651207435,NA,3.00022485261794,3.21532032627707,3.25227026538979,2.74953881537055,3.39706210395263,3.42713771838476,3.47306357371634,3.07051196181428,NA,NA,2.93340442263698,3.03083460428166,3.18914967735177,2.84584225217882,2.79405833996331,2.90883086701,3.03938062802628,3.35631187191057,3.2544482900521,4.61590904912284,3.41639476367013,NA,3.70620851963473,4.59801799085772,4.03886706796461,4.0027161366533,5.76381468400068,7.36542107045979,7.8462467659404,5.10260553513316,6.41224631054719,5.22097789453775,5.40361257651558,5.96686068244288,6.012190339099,5.20604468158369,4.59385656959947,5.12593067432581,4.708633396082,5.57916250558732,4.03682188847647,4.40286421606299,3.50082191630577,3.66143513112539,3.82393847807878,2.93824360609372,3.26172273914368,3.04618057246182,3.15530504862974,3.21455097768076,3.52976656642958,3.29549390392997,3.09279183630739,NA,2.99859629476774,3.12697562964734,NA,3.442188751459,3.72123901077474,3.47599154913388,2.86418579485506,3.38757976694793,3.0531611519436,3.62287847388913,3.40577809367576,NA,3.54848230688645,3.48294379232196,2.91213420821586,4.29219138331625,4.0935463351487,3.9683744112461,4.08552782333483,4.14218524619468,3.81100524864025,3.1850877327491,3.49603670781399,NA,NA,4.2624899099561,4.18641626877598,4.11227110075876,4.07455842793476,3.0126147209564,4.10346116750025,4.12058313279659,4.35012087289321,3.46075132836888,3.6567961323201,3.61078789165165,3.39613211896618,3.57565345245413,3.77041575361095,NA,3.56037358201528,3.07994754658673,3.42483061587998,3.87250207254236,3.28593783239011,3.57259442151809,3.18785925227359,3.47360514287777,NA,3.3782126826874,3.70908105787972,4.12028731059543,3.37078489723174,3.2433476991624,5.38610242011287,4.42318240735501,3.08671283825433,NA,NA,3.4973442644082,3.27570372390565,3.88593899074727,NA,3.83527837579952,4.16484803790154,4.19436916288826,3.78958965456394,4.01262038855985,4.04084375316773,4.21288666681222,3.32337809104584,4.33278258093891,4.20227196915646,6.29136178195112,5.15831532388386,4.14562616985896,4.66013093727527,3.97192321661786,3.80880520641746,4.35246733855111,3.87437692741185,3.96403411507814,3.7678802125353,3.69177382207404,3.9097988633883,4.04809049652743,NA,3.80782796280337,3.70887583212457,3.62171323847552,NA,3.73924370696425,4.13034864757784,3.67690351200257,4.26241702154689,NA,3.75530357909132,3.6269742285143,4.25044807739635,4.01897791733692,4.49412818444935,4.03292119495211,NA,4.62811849499037,3.89946029396612,4.08895667511613,3.85787060788302,3.59828190354038,3.92145024455023,3.9865987945354,3.66847490628408,3.78925401254974,4.18609745828975,3.95365559218018,3.74561260408677,4.20319627103869,4.15348426535744,4.04918883717946,3.70299890508506,4.0469214995905,3.73469387568753,3.80657936447856,3.95431763662104,3.44640981076984,3.94677154253836,3.47969006752106,3.93896679829798,NA,4.19050689082651,3.58828783292798,3.81142561716083,4.11313260381246,4.79291604176858,4.6503223620698,3.7888869341482,3.58040699126169,4.776197072658,5.07783577211666,5.29438244698809,NA,4.39137794209401,3.59337559444534,4.61513896054784,3.58864420148344,3.6538861037753,3.54650167336172,3.66632981498122,3.50925562493686,3.7456974423602,3.80423274569949,3.89671873871228,4.06265929457937,4.22180648727861,3.80609740442141,4.19437370671301,4.03001359688225,4.73000774999452,3.32619602448865,3.93358907127955,3.52751766729868,4.49206139578746,4.45038381296782,4.47339584360679,3.6002350563173,3.77752305512145,3.98363694185932,4.07832926953188,4.11172511926404,3.90474648187228,3.9212895464968,3.69920149676876,4.30481625849397,3.96842302826946,3.85143261884566,3.66271434629883,4.01243185457581,3.73296413919244,4.2042110719456,4.66827450886348,4.34067994859358,4.50486208811317,4.10514514967512,4.53251505404833,4.56651606539379,4.25072034546275,3.93398515278761,NA,3.59403131575217,4.10195601574949,4.18674307439734,4.16908562654881,4.18658587915414,4.25257916242594,NA,4.78873214351731,4.8822001025358,4.63402907056654,4.5049114314702,4.60089536459256,4.53418943144248,4.38975361626408,4.00848346703892,4.06471921561766,4.0692502928791,4.09751271939962,4.40222548257265,4.15669957491902,3.5225371459326,3.35464313740482,NA,3.32411525114218,NA,3.90792892789424,4.06904357139858,3.51515759461569,3.47096416198089,3.88843664808022,3.46506558707589,3.60150067680648,3.37095507286713,3.12134105326362,3.23923841964134,2.94117451963045,3.60057350385615,3.24096316908378,3.52502819971256,3.57417455760021,3.35055981828883,3.58592980328676,3.43365329778622,3.90656777196536,4.03754135883471,3.36708610266462,3.34731464416331,3.9077401225756,3.34798604392215,2.76255761404505,3.54018672865523,NA,2.86092025068959,NA,5.40523821167085,4.00236676524152,5.65961812946885,5.74102660079921,2.95991054774637,4.71771482663919,NA,2.67930518974735,3.82822367666365,2.88169836378133,2.96147717631499,NA,NA,NA,3.36808743529872,2.80120136918082,2.65393028390638,2.9669830802972,NA,2.63439274253703,3.35268940249203,2.89299953182034,3.3018527426953,3.19989679730317,3.31788852643753,3.59834851377377,3.21787903064973,4.11009975058752,4.78548637055285,3.4895184383223,3.44634898026696,3.89414552622714,NA,3.10833558429265,3.80079483473829,3.21133558078403,NA,3.16606902042775,3.66424548727493,3.51329046856787,3.6143645611267,3.96575713449841,NA,NA,3.67906331393818,4.06904316176517,4.1108118992903,4.14614749432648,4.02588806741208,4.29316595178697,3.99797677665814,3.54144552251733,4.01544801775617,3.78406228744361,3.62607769179738,3.7820972684748,3.66862130739033,3.42339611576012,3.94258513177432,3.05392943999394,3.2236797743218,3.33508116989702,3.49716427726773,3.69990544122308,3.3945549428178,3.37758147175792,3.74718867619338,3.40842740584392,3.50670075544045,3.47687598648075,3.32192432290438,3.53407175746674,3.51106783945506,3.77505517577105,3.89241144740175,3.64104990474073,4.05037368248349,3.58321685813488,3.10421894104762,3.20789671503327,3.45035658336227,NA,4.41267468184544,3.91083668667694,4.5496328563857,3.39105151512911,3.05257201491966,NA,3.32678347908395,2.87430943827087,2.74056252129863,3.67347718539404,4.02940995526051,3.64611221962211,2.70004817003598,NA,3.82452072990848,3.93823732467005,3.80218702159776,5.47043403932971,3.19765520042191,3.55307975896668,4.65159079718974,3.68274634182966,5.12371902180171,4.64532150645564,2.63352696192446,4.0740510424821,3.8743634108455,3.41124714267406,3.37464841564769,3.55360808601653,4.49831654788577,4.09145718596803,4.01029065274372,4.07971248404072,4.15357636320355,4.21953057292443,3.75758148886583,3.28053053032866,3.09300356558934,3.19388233033039,3.19349355913739,3.3569674958795,3.13737095954424,3.37470630793918,3.5426727776663,NA,3.42908812617677,3.42978839819841,4.90926293670947,3.68278133471262,3.48846268056916,3.51864104446462,3.49266437896254,3.65585302295139,NA,3.56659941338723,4.07985479132062,NA,3.82410386665365,4.08056682612021,3.96031440886359,3.61654383875004,3.79492987108689,3.77034859101477,3.79493198537982,3.56981610372214,3.37233425904299,3.94545471289408,3.78122027758151,3.50959308276874,3.64454487741172,3.76869367665503,3.52815709005402,3.71932036768746,3.81038355695092,4.01915373212287,3.75869280793596,3.55319080256775,NA,3.928206857592,4.02084666649948,3.76208939642973,4.24651523281532,5.12238018691004,3.36467254020596,4.06629358707639,3.98531081524565,NA,3.0168535872837,3.58489869077211,3.6935651579592,3.57747695385652,2.94693861122447,NA,3.9408225840542,3.64510844049164,NA,3.72992999171926,3.33655687694682,3.22573613437444,3.88089390078533,3.06815027981497,3.81548592882828,3.36187891984153,2.70056438314808,3.36584720107195,3.52472985655159,2.79328547487362,3.25664663612955,3.03589165919027,2.64911710724516,2.74092807674113,2.67920499637545,2.64701526483938,0,2.36388702809808,3.73439749047385,3.92585197817439,3.86756092559368,4.01963421356845,3.40975914208397,3.7116137476751,2.43180484279199,3.37583607499497,2.99010361896428,2.5781419651274,2.98241557180531,2.56440810464423,2.60168973782286,2.50170188173466,2.23586882800145,2.77687188934138,2.53855323395233,2.62429512620915,3.02728823661698,2.68261801780162,NA,2.50682038181086,2.77286076848466,3.31051198227218,3.34844311754896,2.64918199495068,2.80883449012684
NA,NA,3.6468680867612,NA,3.4802714076199,3.80392523149557,3.57673683142931,4.52609727731439,4.76861804202114,3.80325231723684,4.51173387727678,4.53863019209369,3.09403098180798,3.90987766335817,NA,3.4095742305469,4.45845653793828,3.98343465848828,4.21898034478089,4.09212561346628,3.52380258101553,3.80554639968153,4.22574232204356,3.4634713366016,3.84489961798303,3.42430118067463,NA,3.30666437313618,3.47744985740161,3.78778475302237,3.21909219715391,3.61049180691979,3.49481339970799,3.58821651380865,3.11625097873505,NA,NA,3.05938992240494,3.24464340865089,3.44796189653678,3.03896590680919,2.76404685968897,2.78270392290617,3.14721170452087,3.25636207987655,2.77582748065445,4.57417073357673,3.1402494608625,NA,3.02802235728509,4.34462322245223,3.81249860369094,3.64026718345636,5.55755432054503,7.35184998505979,7.9914277991523,4.99974162828642,6.39878943986034,5.17705659850081,5.25159482195075,5.6718441632089,5.8034987509011,5.06364591795232,4.06492966723871,4.89117658365329,4.32767331460712,5.49044755582579,3.98070949999062,4.24340460250269,3.04560479014785,3.40830297700735,3.11788207330963,2.82008336582031,3.1390959354151,2.94491302466844,2.82368104797989,2.71024497372939,3.30901699461408,3.11793822371286,2.84937293073948,NA,2.87068801628826,2.82977476365368,NA,3.27406357487105,3.36157211855015,3.35457328399423,2.88267469457303,3.2745419591026,3.09532721770613,3.6716359124463,3.29921542894646,NA,3.73560435025786,3.28799078964399,2.9419558829898,3.82408045494446,3.71431860647928,4.02919210839047,4.10589828682578,4.34822050716457,3.60788795722206,3.27128644696704,3.78974687455384,NA,NA,4.2620055959058,4.78825651701958,4.56620491239307,4.39108776441437,3.25142974786171,4.51774887773771,4.39346633558605,4.82888029918613,3.68944391060797,4.11504761392925,3.94855102188936,3.61451983542227,4.03807450371051,4.20740010233621,NA,3.56394832897143,3.40460658921335,3.37255761230134,3.80422377812171,3.19421052201771,3.44132688072148,3.30660852778203,3.3639191434331,NA,3.65002334176817,3.9492238929141,4.1830745661056,3.52157985012449,3.16882088447255,5.60081772842363,4.61991801559106,3.08701716467606,NA,NA,3.26211094127175,2.99274484946263,3.12251701785254,NA,3.30424953393462,3.77642809031036,3.85876873354863,3.31419797918579,3.77638903701741,3.59485305427583,3.89300048655862,3.09479048282041,4.753771161676,3.58359485150686,6.01079954226361,4.90250475551008,3.65121630054213,4.30247021443311,3.57846231338151,3.21210299182019,3.74294271532,3.26882882439889,3.44504524882463,3.31683929095857,3.27985087904046,3.68914585518398,3.83838160064848,NA,3.07444070811313,3.28605910839101,3.33498340247918,NA,3.3190867722902,3.87204813673843,3.39784246334463,4.02311155022743,NA,3.57107935320506,3.31946472214788,4.05206538960993,4.09534460367184,4.40545668253557,3.77079666342976,NA,4.52220593221634,3.77614475735719,3.679180541587,3.58790872676868,3.39753004620184,3.6345568863917,3.73847854512135,3.41332995389589,3.56056694029091,4.10158582846098,3.67186706668706,3.4631400778652,3.90442078449071,3.72433259113936,3.72376999803162,3.25183143082227,3.53543494774892,3.42350083172607,3.43335056988394,3.64736818865008,3.0601469024099,3.5156104822382,3.39088017145272,3.78804291329216,NA,4.08147470039704,3.46666217166122,3.71152348146515,4.05692286908254,4.49087490198893,4.58342053769833,3.72757180426451,3.5485626157019,4.79340178450917,5.20818007551012,5.50248180991651,NA,4.39847664942968,3.59268615193559,4.60944868380579,3.50630083520737,3.41198163897088,3.09639030940416,3.4048402275644,3.3039817563764,3.32068191576388,3.35416566150488,3.58995993845615,3.6772787747404,3.92797473307361,3.6192222084024,4.22389931260281,3.80638695817214,4.60590071940074,3.10664475196156,3.39817521254917,3.63826176684047,3.62842999742427,4.02932941161941,3.94893904143706,3.34772741651003,3.46758824110929,3.54744215151911,3.3872049590933,3.52045967996592,3.3046862748933,3.26956457666404,3.3426696499982,3.8629228015889,3.74975475472753,3.40579043369173,3.17985351328522,3.46041817284756,3.17050071901718,3.67752805089075,4.29798317951657,4.15916175187336,4.18742558623046,3.69223540273867,4.37808161868754,4.42787862399192,4.07297147207694,3.8259606995841,NA,3.5335267719208,3.73576990381317,3.81806197899833,3.96583843965462,4.04890994678372,4.09077558199144,NA,4.33470397347023,4.76317855332606,4.59314694765713,4.39093773632413,4.57326823604716,4.46118166059555,4.05310952487406,3.92216953907042,4.06053429216068,4.16424188023917,4.17083181033895,4.42329488444754,4.0464642729453,3.49063776757169,3.38434692691373,NA,3.39351262142102,NA,4.00730046877946,4.08629265803037,3.3709055298229,3.56386462428283,4.0321061076282,3.9111080202495,3.62522615509723,3.57263076138698,3.071747409042,3.06322375309779,2.94859272669798,3.52634815792339,3.37700341822675,3.46787174106509,3.33412203939758,3.21614951848788,3.46426878568504,3.25860189170036,3.74901430411518,3.67480887577352,3.05175384687245,3.33281834216439,3.65971260977505,3.13533121844448,2.62330445387057,3.24721635926161,NA,2.90953313622568,NA,5.47396587439096,4.25298293575863,5.39177633132893,5.74444502984869,3.06278810014786,4.49023946091791,NA,3.53224557767505,4.60588783373935,3.06036811450482,3.08613201677852,NA,NA,NA,3.03057324730763,2.78640783827335,2.31170397030329,2.6590467767907,NA,2.8832114227721,3.41081473071216,2.97920522601774,3.29987678166014,3.16566796173992,3.37480319731719,3.61139218857508,3.11479918668269,4.1393355997859,4.96404425219628,3.84516140119437,3.6710207539928,3.76134780601761,NA,2.9692567616826,4.0453684340568,3.16252701339755,NA,2.81443782684033,3.37828587009418,3.30135874557831,3.38709878728891,3.76833548900708,NA,NA,3.62934536836851,3.96093191834,4.04854607978604,3.98569416603821,3.8941800307552,3.82918266107975,3.65706815915524,3.3866350531948,3.56972905014489,3.62277839641623,3.52160276540145,3.50269955226938,3.64839353471475,3.59945365617236,3.63688729050571,3.15984750743268,3.38975936032657,3.44719596143687,3.6298911946583,3.77220018588372,3.54374464477473,3.63074560205615,4.17398725575799,3.49086272723646,3.72482968980305,3.7361451819474,3.62336516834252,3.90394013229522,3.81010035705175,4.16281239513846,3.87997791352901,3.82733661317623,4.38398217111684,3.79980352567708,3.25687190244653,3.47583481733372,3.56556426660718,NA,4.51717649307546,4.14954630709858,4.64151681537409,3.43533354605634,3.1420148656265,NA,3.52941037031274,3.05116366466454,2.83907946912828,3.6153957313917,3.94845574260626,3.61079089334679,2.55909433807498,NA,3.43667889877048,3.84202153278023,3.2344222924989,5.63888973538859,3.62460004125899,2.92892790767519,4.26585095161937,3.10231560301298,4.93614453364936,4.34457517016756,2.68550981431354,3.70471917264048,3.39414825860578,3.04243369704713,3.12735802660401,3.54638623289107,4.32208480883631,3.77849395734897,3.94675077063941,4.20707882976874,4.10329443160498,4.07779942282349,3.60726863272148,2.78962841439822,2.82354252560991,2.96338534735827,3.19047782602009,3.03787434339167,3.11628360815242,3.15715075897333,3.1994976585903,NA,3.28466786801724,3.41506535214878,5.10143625052891,3.58063832128958,3.37630471181784,3.4305313933757,3.54728465075329,3.54526440466251,NA,3.49740063586499,4.0546835360714,NA,3.86325462599096,4.05013912227548,3.96617562600754,3.7452818750717,3.85364365416844,3.84880147777994,4.05788984740886,3.78157623088941,3.60876048294559,4.28141503681714,3.96620194746546,3.75177983527541,3.96207505594265,4.17408188000412,3.82713059265305,4.00161245360661,4.13505873992549,4.40074305583031,4.55418562269679,3.87149429297753,NA,3.96626119952445,4.44008362416465,4.07522854536614,4.98376481197497,5.81134890384869,4.08796011131886,4.87525718955546,4.69826746233176,NA,3.71294992909685,4.27090083332594,4.17106115360084,3.95155774254038,3.27414241007897,NA,4.79838074846987,4.33066193459061,NA,4.23834016517305,3.70620694262859,3.59535909117626,4.44330308420859,3.68261725103315,4.01924726519699,3.45920118364373,2.91361653773438,3.55449745170941,3.54832132769348,2.84038142272589,3.10161985685177,2.90350267085793,2.82182732684533,3.16123400199176,2.46523854842672,3.55371789871548,2.36388702809808,0,3.85688073274716,4.24094797991584,3.8353220035139,3.90786823887534,3.2056101493699,3.88006650676186,2.62426368419868,3.3670060816651,2.89643492407096,2.44723820848662,3.13264592228824,2.42422219040811,2.40834216078552,2.27854514736108,2.26320883969876,2.7508371612014,2.63988364264945,2.40860923112872,2.48251036529698,2.40592237662712,NA,2.37007348443342,2.75611450286141,3.06456213731079,3.11939876347268,2.8480950007688,2.63255648631397
NA,NA,4.52923990223178,NA,4.46068425346884,4.70999866453252,4.55676071642446,5.00954177080637,5.35704863828227,4.32130170751283,4.34772526953565,4.79952277821663,4.31210293683926,4.74439945208905,NA,4.75298979972688,4.89924445379181,4.84270615313121,4.56880355341937,4.3075703674492,4.22480857423671,4.83014116684354,4.97536646373833,4.30534718738821,4.52270267105473,4.34591838188076,NA,4.27639321796983,4.31007055422865,4.26421200272382,4.06536570793577,4.41702248069298,4.41140733527357,4.28912171021463,4.15756766068832,NA,NA,3.90289137431538,4.34094980984552,4.45385222362284,3.87543668703425,3.82033513945399,3.50794818850539,3.99828425190164,3.11881927775134,3.65556524917259,4.56627901153823,4.01498604949779,NA,4.33482520528756,4.6609678887308,3.74410929482885,3.95963926124975,5.17423119061438,6.4712588983316,7.22021958313147,4.51194641553678,5.42840723499016,4.54756816364444,4.812960405909,5.12617678712279,5.14404088324373,4.64599278193002,4.02631148086503,4.3757729629153,4.28087075480812,5.56891957990753,4.5084071371165,4.66534015865689,4.14389437104103,4.49727366675359,4.9625738892638,4.04283566933383,4.40236257084429,4.1698575493335,4.15805152415506,4.09795469947477,4.59158638051023,4.40771678818166,4.33274750283725,NA,4.11222715292796,4.24625984270321,NA,4.60674300336413,4.75664426624319,4.67948106522558,3.89580886105259,4.49023471713264,4.23657208199664,4.82411299325544,4.59989917945502,NA,4.62067812717202,4.51626733975064,3.8779338882959,5.21506779083104,5.0359787547659,5.11648585342898,5.16665990894268,5.17464353443961,4.76407907354169,4.0358992382729,4.66494611517602,NA,NA,5.38787376134909,5.38040591511402,5.05357832173493,4.81203880417167,3.85888850192332,5.01572407322982,5.0557556358863,4.91121365875482,4.19249297797147,4.58632029604429,4.69624940044861,4.31811290534666,4.56996970459206,4.76766711364503,NA,4.75986621773683,4.66275746711683,4.75139664235398,5.30580027754825,4.31127313906212,4.68520557013767,4.36228484756357,4.43923969916911,NA,3.9390018892504,4.10150191717667,4.75093410506485,3.76827934267348,3.30758172764128,4.0854720685216,3.3551901801686,3.80774406266907,NA,NA,4.1167452863596,3.47198056109498,4.60024277204333,NA,3.67932669625082,4.19661079625052,4.50201802253439,4.26975972423804,4.25346085459751,4.28219952046316,4.08475118824426,3.75642661404182,3.89046086735669,3.74656422594947,5.37877399473723,4.59442445141699,4.04088732211879,4.65077058861392,4.28260382535927,4.20043463843384,5.00618978889729,4.48991756157274,4.54933661270577,4.43122577600666,4.34964833893524,4.62649693773033,4.6693700182274,NA,4.45495139104738,4.27294005677723,4.14382022101828,NA,4.73030398120306,5.04188628564479,4.42750275715433,5.28246748292936,NA,4.70998077326408,4.70087691813544,5.2796689832368,5.11675728396947,5.51045332240494,4.96739649326546,NA,5.51758141514921,5.06525104885006,5.03510033842474,4.94224360878882,4.63884764690204,4.82014853475874,4.98545179551036,4.7513742494611,4.90806905437115,5.32188515756986,4.78853582678833,4.79194367940235,5.28711544166495,5.43636302078931,5.36932222414947,5.00051899723438,5.12664494863194,4.70213463994545,4.98772734175118,4.90927772757193,4.22234782425425,4.83565777599699,4.54245743456429,4.70224869097385,NA,4.51415302191076,4.01508431030593,4.21797375647616,4.39977503886517,4.53125714657777,4.14878844894256,3.95278480308764,3.58051070634276,3.7643641434351,4.06525250054885,4.99459959230101,NA,4.29643859318659,3.99507407034826,5.01142656215801,4.28432062532148,4.56642282505345,4.14765364245005,3.79368333357242,3.88288695767658,4.32314040971935,4.45339177517143,4.45891854354782,4.41509737081296,4.04223848880066,4.32471060988187,5.06555779603915,4.62682355688725,5.429314213901,4.34914654772101,4.55096214877626,4.42955225673657,5.1691019624221,5.1256821530687,4.57024165531444,4.28665351608718,4.69189178319712,4.70116610298999,4.51708159561761,4.19948204143533,4.28186925299694,4.34593690984812,4.42544311809071,4.58920804487788,4.25352106754888,4.43867436007609,4.4953931190406,5.11009086098284,4.51149354565058,4.88129507937154,5.24630034011823,5.24267049663134,5.29664214034863,4.78977964103668,5.16569281676301,5.01821539995716,4.96174290167645,4.61846988712345,NA,4.49810981905894,4.98215635662088,5.21316997656005,5.08627490950818,4.9529038515139,4.86867665113459,NA,5.68993387118269,5.79194928498818,5.60686161744843,5.43886580995351,5.53626611267182,5.37245884414695,5.37591481522301,5.03534110966275,5.03801934343405,5.09950210944247,5.01596493190669,5.40757861690033,4.92140424833326,4.37921592790053,4.48163409856275,NA,4.19678750236911,NA,4.55080523632994,4.74285938951657,4.04591212806649,4.09002356858836,4.37737951704036,4.08657935214266,4.2351996454846,4.22341823885782,3.9992959124213,4.09438492971682,3.89113621566636,4.64185649016229,4.2522299973237,4.48730300213987,4.42525211241947,4.46896168597731,4.33778337453457,4.03639330105602,4.92991608578046,4.65089200099411,3.68759529059747,3.47285145422274,3.80886860327203,3.96521914225966,3.54365182799042,4.32269125613694,NA,3.26964937622712,NA,4.85430707837727,4.44637416305571,5.32783790542867,5.05776807572184,3.83679975757162,4.78671125310117,NA,4.01364885416516,4.53582940713998,3.31274788697441,3.45187914804245,NA,NA,NA,3.20731617186838,4.2280907426315,3.82719094150448,3.82772717430358,NA,3.60174432471189,4.1731920208444,3.72434824429895,3.99904599780878,4.26958042721067,3.64237277423865,3.48734929195337,2.8000006833514,3.37478539414632,4.99063392870262,4.06379484210352,4.17196377797662,4.47734643288262,NA,4.09996483465733,4.62725388184793,4.29064658424776,NA,4.09124208290357,4.56326939581305,4.40262807619642,4.7141233482248,5.02759438655635,NA,NA,4.85798468653908,5.13837676852607,5.15546013372253,5.16984446425383,5.02474322013688,5.15722752255404,4.94468221660264,4.65780280150321,5.1974986837984,4.74645728391373,4.69163597152015,4.87513027662462,4.51105050103836,4.62926276064245,5.44036462284753,4.52405834230327,4.32216802836175,4.20072374928493,3.93605817973718,4.08652269151791,3.75944776189296,3.58642202889684,3.91707279194758,3.79794235706885,3.72146195126109,3.80938098087169,3.73124807713193,3.64983979993787,3.70184740580426,3.9369207943033,4.17428585238621,3.62531505188481,3.72958281627196,3.69165096612723,3.20258311388839,3.55378956619585,2.86003913604081,NA,4.43622482093029,3.00581054446324,3.08102549660336,2.64734273063472,3.29308518943626,NA,3.31774169726701,3.35703692657022,3.10106112929146,3.73257924777558,3.18497202808051,3.63628284531096,3.22978629592214,NA,3.13294862105349,3.01089855856877,3.75774612787627,4.6060036818999,3.41488621014289,3.38480447040755,4.00167956814002,3.16998018462381,4.20184267301228,3.49039741313227,2.80731852436606,3.38609801827816,3.43822537897478,3.30082071465755,2.89539859826541,3.58438399310642,3.30352843660148,3.0504241157364,2.9470781387919,2.76910871483991,3.35026941326621,3.36784811163606,3.1499071319454,3.60883644652567,3.31799542061433,3.39152180805483,3.92010386626723,4.11958564629602,3.47094931219775,3.92759338235223,4.274405626051,NA,4.36477621537675,4.20094047695985,3.7556553720477,4.57088116130375,4.26832003673002,4.4647395776059,4.47853029920809,4.54165159468779,NA,4.54201112085097,5.05613105245201,NA,4.77825480290358,5.17540386416797,4.99415256146437,4.54838057571595,4.69760046141961,4.93678906475817,4.89374982314537,4.55391344331275,4.33935345709002,4.67390346390373,4.60112019547898,4.23467354079682,4.35187442270977,4.71399784863415,4.11729878229753,4.16373351593804,4.36224099566883,4.62314874414685,4.87459927447258,4.28472073447681,NA,4.92635709960761,4.48759686238211,4.04829064600328,4.53679019059849,5.14400517703404,3.75636284879118,4.33795871248921,4.48232912519564,NA,3.57470696598481,4.20354143542459,4.15808797600428,3.89119939657811,3.70173117162061,NA,4.9291158651696,4.41848957054594,NA,4.26267991858222,3.52397738642034,3.13942870520417,3.43975803223984,3.42281139024579,4.08763842362009,3.86046839547112,2.83865491422995,3.49389012314805,3.59223577220302,3.27563013540219,3.1722611253059,3.27686169084093,3.27413684313946,3.34012881480318,4.39008729522855,3.63026667809204,3.73439749047385,3.85688073274716,0,2.22953523127363,2.27326943275378,2.8130913958361,2.62144689619339,2.95913963545557,2.68660419509799,3.38712852002643,3.64519131325088,3.27912740071105,2.85531450263469,3.07006742880591,3.48501970055409,3.60687464156572,3.70638952439692,4.01009205768089,3.51354230577948,4.15536667905417,4.29440622970905,4.05290601708625,NA,3.93560133100102,4.17557947241621,4.40583124202794,4.50458417169462,4.32597447229983,4.05115018321162
NA,NA,4.50487392071018,NA,4.46309999548567,4.83630109309795,4.68285441681372,5.06771980697404,5.43460027005779,4.64795767533183,4.41645894567833,5.14319495179704,4.54886134246129,4.93215496413355,NA,4.97668039584739,5.08284381360817,5.02063806232213,4.65958292115637,4.52784544461121,4.42284317565514,5.13098482614601,5.07111014655058,4.42427647104707,4.6047851948436,4.42817238510699,NA,4.47785494100908,4.4968961800432,4.40539513731185,4.25999515911769,4.55672644556619,4.54326039549596,4.43301781221298,4.33422309750006,NA,NA,4.08603299043427,4.61115890442149,4.70800455801241,4.18666363403969,4.18372293869588,3.9428429116147,4.36731259697313,3.90692783098765,4.30762793413577,5.20348163610542,4.5435376513863,NA,4.89203238289863,5.51124250463632,4.49584772630582,4.67678607922866,6.08404592841952,7.5803402292882,8.09980282338489,5.39458259760506,6.36460331881528,5.31277983706176,5.61072150279374,6.12396029326969,6.13809632491581,5.52633746746478,4.889815057867,5.3483182080581,5.15222984426257,6.33303332304677,5.08128941275157,5.43531103464706,4.76223295851076,5.12316499676312,5.37942390149604,4.3475496890459,4.72354142561873,4.46666112769033,4.50379467221722,4.48568376199752,4.94203908377036,4.720262909775,4.56493812819168,NA,4.35368745880173,4.4733475993529,NA,4.82941986180534,4.92904774979355,4.90967962500391,4.15784849191657,4.67645796536194,4.48113684495018,5.03380741502488,4.8283467339078,NA,4.82619559864527,4.75433419456056,4.18177201803123,5.4658585905668,5.256320592652,5.32207402266354,5.42215366299141,5.42138084736653,5.01282353792145,4.36336232732752,4.91159828499758,NA,NA,5.68115713001012,5.62286755992079,5.33365490277747,5.202676968627,4.21340524108518,5.3393523441989,5.33546959372407,5.09673590650493,4.43982986052283,4.7886205368998,4.89721852812712,4.52499147383612,4.67756134866112,4.86798659248493,NA,4.99406233104999,4.87507587451698,4.9020373239469,5.55925722148803,4.55274812444901,4.94958898018604,4.65681756468982,4.77040275805868,NA,4.37242029418032,4.48904676963989,5.34045529507784,4.30862560789611,4.00773771538382,5.06660113294569,3.99992342587505,4.22189729320901,NA,NA,4.44659372954556,3.8975674552989,4.94508670821192,NA,4.54084789571083,4.8003448542632,4.9365576534461,4.78302299560575,4.98508058592683,4.87131308180393,4.9536270179873,4.28469698473858,4.67737925574488,4.71743498012522,6.313141451167,5.34184488854626,4.57504785821061,5.24800971290334,4.76626700142214,4.66025139130961,5.33525426104505,4.83836833637789,5.01719336020175,4.78283239959686,4.76679767338016,4.96227335440855,5.03709032011897,NA,4.93478214447057,4.67168771176423,4.57836695271791,NA,5.03444489386457,5.29509331749518,4.77874122360028,5.56305288330089,NA,4.89842292918534,4.97179596175443,5.52164630210222,5.34596767473528,5.7168636127566,5.22358496505534,NA,5.78909233490993,5.32669272352763,5.31586562806699,5.14403112948978,4.86823113641866,5.08507773007373,5.20394277855755,5.00729167949025,5.13970460203512,5.52235860767425,5.13382193370912,5.01727715983834,5.49487975813348,5.6838263910439,5.6633571609108,5.29743545927209,5.49478858192077,5.00513794989402,5.29778711338812,5.2534486877641,4.7161911391373,5.31309799306116,4.93268215662741,5.03905080069409,NA,4.75472404336439,4.25398920937857,4.52305900334599,4.6816591059371,4.88547559870529,4.44366810150769,3.95621108946514,3.61431566462039,4.4055583840505,4.64758989315343,5.06453524269594,NA,4.6347651853116,4.17672183510085,5.23007972626236,4.67697954939779,4.98071548574509,4.60565194637061,4.29557743998005,4.37954562757421,4.78312194399862,4.90399952789067,4.95383793691211,4.86712353689174,4.67890173455147,4.70827507638056,5.40738098181409,5.04829875992029,5.79771491688059,4.71113911765719,4.96731854110328,4.7592831954871,5.58580379067669,5.57470363370408,5.07195432724375,4.64631811766449,5.05634017327254,5.07046313989998,4.93279032024812,4.75580381846457,4.82956893221507,4.85295642298439,4.8159855852803,5.04599012344338,4.80710571255279,4.90797812848579,4.89825844066709,5.46155608728667,4.9481411841587,5.31343390656272,5.61876113760185,5.52964249711133,5.62668415021897,5.15208130161246,5.43062433725258,5.28627453119496,5.23564297421087,4.9119653870476,NA,4.77763837995539,5.27606954969426,5.44666060314617,5.31194291688985,5.14305801212456,5.11996641083863,NA,5.98043025840735,6.07627383867181,5.91434465566987,5.75522874197581,5.86934870200049,5.64392026882368,5.70880046049919,5.3433539213276,5.32620094264943,5.41394491283143,5.26645564757216,5.6275910510339,5.10756698925338,4.60035387160723,4.73140664895165,NA,4.42599499466068,NA,4.78651208206183,5.03681594683315,4.34740868184391,4.32756465084273,4.47805001390817,4.33268949531265,4.54790002770882,4.49723074515017,4.24014614935072,4.35590328310549,4.11141143184581,4.89716801689481,4.49279029541729,4.73725620624233,4.74372438034325,4.76059492246857,4.61522570402221,4.31753948762609,5.31697535176403,5.22473635055149,4.29898090930677,4.03034934275142,4.39192646779818,4.42836083942515,3.99916678873699,4.79837936487539,NA,3.81673213207188,NA,5.81185703376108,5.1727215908258,6.27504940016485,6.09339896914591,4.27246079049406,5.5844576018784,NA,4.270921612152,4.6918107240101,3.85339927501261,3.89847443101054,NA,NA,NA,3.92488595412066,4.3617072617348,4.24854828221818,4.22674954410982,NA,3.97704536741769,4.61928671230463,4.14759325665127,4.49619141834029,4.73115854331892,4.23237014343304,4.12493431150765,3.48271240859583,4.32822900223016,5.59057178717248,4.51153089341129,4.3450439623645,4.82608440967182,NA,4.49506501438511,4.81547928191467,4.70654437362419,NA,4.38591719358531,4.84064608768152,4.64874334036503,4.97802931399822,5.31176676184893,NA,NA,5.13092886131593,5.4233842040874,5.46857873934268,5.46284490522876,5.28107820562545,5.47760652661003,5.27370021145251,4.93814273388236,5.49778084794142,4.92309491762028,4.81983211732632,5.0633968670153,4.53511248607569,4.65123123004952,5.72032445524264,4.77901651040865,4.4677805831409,4.23160271711248,3.89081036530051,4.32124923430483,3.93003782444641,3.85912872928816,4.07631399493187,3.91988374730701,3.8291755762729,3.95192206536291,3.84126141564884,3.65595881238815,3.70624008958646,3.92897551273162,4.3421838985825,3.59764897163924,3.91135057897584,4.09828365542451,3.77540908946098,3.98283117080704,3.46880846125628,NA,4.54117015202604,3.87472422821927,3.9344675412745,3.4045923250023,4.01994729388219,NA,4.16628443636313,3.97553874514836,3.73570030767168,4.52572061070135,4.11998077091155,4.52373806411129,3.73955914175828,NA,4.19550232426133,3.98638380098179,4.48324978778943,5.74721301948425,4.10353008889499,4.12372626424083,4.93144865134229,4.09372140502303,5.36711778225683,4.66903808029646,3.07869355833183,4.07399586634806,4.20191757444792,4.06538085687568,3.5914863700779,4.3428098766168,4.41089435684268,4.20688464954658,4.02318615609522,3.69117177306011,4.12577079593779,4.15422222382015,3.91428911243696,4.06713285649535,3.8432891144699,3.95178624483105,4.29583104904018,4.43002785773463,3.89404656318161,4.25053088925277,4.53433482900733,NA,4.68813051451268,4.50377936674149,4.64825312542848,4.84011582495452,4.50070545991722,4.74068911489617,4.76539844286347,4.81724947413819,NA,4.77015022331294,5.34651048025916,NA,5.00918236983935,5.44303488388906,5.2755011045216,4.73971622469334,4.95171615302705,5.22585041479018,5.10396757243298,4.77952668336724,4.57448038239461,5.05015573079205,4.88258904097917,4.51713064361519,4.57313353891151,4.94472112946396,4.24733926461956,4.31337498026769,4.54325417807319,4.81936975300855,5.08472359796955,4.43948736969063,NA,5.1489130863931,4.57010863288077,4.06460163225332,4.55317856511108,4.98915042818317,3.68936129490131,4.1204696622637,3.68599604456211,NA,3.42400675215005,4.17388747583672,3.69587337190821,3.70324654027705,3.69283742383464,NA,5.02295824514997,4.57025843880828,NA,4.42872552073829,3.7552721677332,3.53362310765295,3.65112529205128,3.51931821437485,4.4003267690819,4.19427764145076,3.33468956343208,4.04387544828125,4.08240194434584,3.78333469575484,3.63005838706476,3.84603855921693,3.85943655693919,3.9319062232883,4.65925185833989,3.57809948639193,3.92585197817439,4.24094797991584,2.22953523127363,0,3.86774898828568,3.98630677333167,3.56104013927761,3.9522787518268,3.35290421589621,4.11633479140729,4.18856351197,3.79961008503578,3.46152423773231,3.60816618732489,3.88695707183533,4.06039506998273,4.04312913243274,4.306300427101,3.82204041869784,4.47521451829153,4.62166501119315,4.32812690883982,NA,4.19612630464059,4.45843802226744,4.70754519577234,4.81666161951155,4.60147315511947,4.30038409200112
NA,NA,4.90935498888388,NA,4.89635253142024,5.02351592338592,4.87753076967297,5.31713546002649,5.59425031045806,4.63008332152725,4.86808686128605,5.09616449401399,4.52677726557729,5.11440933777362,NA,4.87570198476312,5.25790287579554,5.00486106757197,5.04470000852561,4.70954729211207,4.55735137899233,4.96172395905909,5.09336859620386,4.63209340482911,4.91322834169731,4.64376136487781,NA,4.57200587875816,4.66543931223538,4.67765666263528,4.42310243336071,4.82052604121725,4.7786589157339,4.73752458326437,4.48382280323459,NA,NA,4.33602893876369,4.580834604025,4.71696194612652,4.12347298379843,4.05977833667643,3.76120316169532,4.10435452832573,3.06131851093368,3.50058780284464,4.3768290264679,3.7922110573488,NA,4.04257411177549,3.965205002936,3.66440337074599,3.6782330467592,4.78579085017642,5.97330585995086,6.84639703060713,4.21274430855538,5.16819384159585,4.21950849697171,4.51593916226308,4.6627646531596,4.68915878398839,4.24377124013767,3.19771803181913,3.77351964498296,3.8417281989522,5.15337034896566,4.30009215368696,4.10909889002916,3.80084661981697,4.27669666756847,4.82678568581803,4.2085737173797,4.48316215287547,4.30904601063485,4.19790424642021,4.10974480186319,4.61098273693819,4.48121071228283,4.44638630565097,NA,4.32039520229304,4.34453262842282,NA,4.7797510382418,4.93117510159523,4.86342713460523,4.21325948162108,4.68922153613599,4.45509686036906,5.06181817291573,4.79956026144854,NA,4.91815321872551,4.77601246437892,4.19723930596126,5.47171630113989,5.28309111052634,5.41852641362822,5.42575196977691,5.49457176927198,5.05491499635033,4.41337640600298,5.03161748732434,NA,NA,5.69189162560282,5.72855529883066,5.44129435845652,5.18054471773771,4.22792442424467,5.37429856693263,5.41988137082065,5.35394434418216,4.65051587336615,5.01128251630975,4.94730677781778,4.74563914676193,5.0000600785642,5.2152396898585,NA,4.99203225317835,4.86691995144346,5.01464577009368,5.48088760286691,4.63729782047768,4.98585417039079,4.65158137012645,4.74656043328975,NA,4.25872714458033,4.56254823511758,4.95848374138149,4.06189415731621,3.44675992820996,4.33152895497757,3.7724641309559,4.02271653144797,NA,NA,4.47702037684882,3.69931649356812,4.68331451639126,NA,3.36578574733936,4.03866509307861,4.47790140431599,4.23716463494683,4.03179703384453,4.13323408558969,3.6717293973148,3.81725909124706,3.88929442972715,3.37234423168978,5.19049535677714,4.47071720139728,4.03979084580577,4.52204008351367,4.23844818530059,4.17553203430889,5.10714122462552,4.56716902051467,4.55146307367173,4.54627327960147,4.39774809381653,4.74731177169286,4.85246156992908,NA,4.39144291408271,4.43989843416123,4.31997482238965,NA,4.8827070356447,5.26433372869874,4.6015749197358,5.50761051661385,NA,4.99008242535417,4.86275732147532,5.47045159564177,5.35043374672449,5.757282396817,5.18607494335274,NA,5.83322405539791,5.28808275972366,5.17283413112764,5.15034454707005,4.94277252435037,5.11623796405444,5.29852037613277,5.04148403486791,5.16242136159531,5.60379839288877,5.11165919294636,5.10850023318226,5.49461674444052,5.64558606818191,5.57559808174204,5.18966066313892,5.26652450546836,5.03253494537675,5.11458144257282,5.09880492033297,4.4714763262694,5.06949908509142,4.79116153652654,5.08048578024686,NA,5.1067752394019,4.58161379466518,4.8262317123556,5.05993122998322,5.04714128319015,4.70048338916881,4.4888461150795,4.22347500363797,4.34412978699481,4.58898326255026,5.69467006684437,NA,4.78356870698573,4.50108039642007,5.29792034458043,4.40532511624383,4.59480332659411,4.03750655260567,3.99949398229825,3.97496290309565,4.29345924480592,4.37345523051886,4.38353007890625,4.51792059176529,4.15853745522508,4.54385975249596,5.23976732157305,4.81933389228243,5.64395902997213,4.54414871281132,4.75995410182278,4.77963259957319,5.27222563289499,4.94138120806282,4.4682315716521,4.52560438019529,4.88883088898197,4.84915785248148,4.5993945025551,4.1655893777661,4.18130544225292,4.26465966206057,4.55374403733201,4.70945107588939,4.35107142165859,4.52733898933331,4.52059103660019,5.11983618668858,4.53522194702721,4.89515318371979,5.4038510740806,5.43056561028185,5.46696859047664,5.00277296189483,5.48619534346765,5.33756189919343,5.24633274694144,4.9537036129485,NA,4.84533880033759,5.23205739318132,5.46462855314516,5.44550994132268,5.35815499911277,5.25641255358241,NA,5.99444384793959,5.9666005072096,5.76641437389068,5.68023806108668,5.80987202518321,5.66477652820017,5.61017110148956,5.32965352963788,5.34563267965177,5.37812483281703,5.40857870641694,5.78089729989123,5.42815727375562,4.89031050558705,4.86326347703564,NA,4.72375664871693,NA,5.14783159816898,5.27255350939966,4.59390602881494,4.70500107290258,5.03720332063789,4.70923742957838,4.7908286819674,4.74871454290155,4.43789543777975,4.4726871276357,4.31678963647864,4.93824744994874,4.6331530990995,4.79461524372604,4.73355823346748,4.7592615124584,4.64535733399986,4.50884341629818,5.13444423463827,4.8384909249498,3.83784139711863,3.73202203214384,4.04316632513477,4.23062487580734,3.66186034384466,4.38440167457707,NA,3.3947418060308,NA,4.16665744111516,3.94612014665269,4.43289055260513,4.36517932929677,3.82121149913415,4.12481848814155,NA,4.05734544094798,4.98430650973887,3.03341362815093,3.56603618220886,NA,NA,NA,3.20857307705101,4.31165208098486,3.77776000040032,3.9756666849676,NA,3.76847949244205,4.16334691440786,3.83590759115455,4.08582108744024,4.3744222409778,3.79498932174819,3.40518689880426,2.97264882068129,3.35841698503658,5.07330766541888,4.15582670328418,4.49969655682581,4.78237411595476,NA,4.29929640495018,4.98673509564837,4.44302460394561,NA,4.39446891680954,4.89640444849814,4.81256580148461,5.07788584280609,5.37160450387163,NA,NA,5.19487411612326,5.42311664787988,5.50964582851272,5.48690226451167,5.35782981199164,5.41388189863723,5.25643770903619,4.9835053408432,5.41226514208639,5.08715635594704,5.05156050084659,5.15970047272552,4.97035167398564,5.00035807828476,5.60375533699475,4.77354039159669,4.79936687194021,4.70106827909805,4.63364694395287,4.68373644026378,4.42680402986815,4.24172019412255,4.61816322094241,4.46294482699033,4.46712281573322,4.51116939970271,4.4660106461755,4.54558559111322,4.55620545737408,4.84205543065271,4.87620280775024,4.55827672899524,4.64380956016139,4.28897517381552,3.57732688210795,4.02076758790624,3.3005655223429,NA,5.06246574296748,3.30572335231863,3.88330045690699,3.28483198674515,3.30691338974351,NA,3.00109703793286,3.2221891762936,3.05851898584964,3.09730526580973,3.0447535219454,3.19397318963931,3.43503402845855,NA,2.86452565806149,2.75573323448307,3.02088622067289,3.99297410672377,3.37771395174526,2.75438337340446,3.15972489765762,2.47755975278563,3.61141262393923,3.05903494406201,3.15112096464532,3.43602701858981,3.60721616860107,3.14065862393816,2.87733779552111,3.50017865473845,3.22823112293735,2.77624597430588,2.8603441304438,3.06363080678762,3.60931696707225,3.7726185213462,3.37995897380283,3.76321766913684,3.48469361927439,3.5307550180742,4.15223798014994,4.34942636667639,3.76188720081779,4.24970460405665,4.55692432131906,NA,4.70452823283323,4.64479469146154,3.9816866823108,4.93178450532151,4.6789899735559,4.8428727511478,4.82510223364025,4.91131072043916,NA,4.96474251195257,5.43166251129281,NA,5.16935223798839,5.50106006829153,5.34141286157844,5.01618629047959,5.14787779152025,5.32535364558157,5.33291409639372,5.02457477556843,4.79196448683082,5.19627236345558,5.10044417470933,4.75803269018346,4.9345501838372,5.20696984698356,4.77173107609551,4.83399944985269,4.93626092000668,5.19563447408902,5.32881738855855,4.87798696255679,NA,5.32723658485709,5.16954741163469,4.7638656776964,5.24076691029707,6.02625595365925,4.56507536871258,5.29136028891748,5.39337254350871,NA,4.34592419444861,4.86778532818177,4.90794106091523,4.61072215571665,4.13271726112009,NA,5.33945553774764,4.78451482297983,NA,4.88108643010362,4.24947324013543,3.92064344254998,4.48128305893963,4.14631246828165,4.50796793775794,4.12481965042807,3.11696014345542,3.69283380660111,3.65776394710858,3.30479387332384,3.20547155421121,2.93201274060352,2.91291800369208,3.1767186715956,4.4348486628042,4.30645579622543,3.86756092559368,3.8353220035139,2.27326943275378,3.86774898828568,0,2.59468672808619,2.6610574570591,2.8508113313649,2.74080040950234,2.96864895962329,3.36132582954552,3.21841640574354,3.12873891392508,3.13320195285125,3.55361332695848,3.51100827923805,3.70469457727537,4.15387064432086,3.802944673538,4.26113653461005,4.38877989364689,4.27217643719196,NA,4.17832450891168,4.4375491262438,4.68765121556585,4.73721245627132,4.4282769833096,4.24272463244157
NA,NA,5.04256226526249,NA,4.87968584224446,5.10893527603555,4.8598687598049,5.47569438673694,5.78925704618077,4.87965456779397,5.26358301455159,5.54236968490303,4.56901264457748,5.22300058142368,NA,4.98740933559754,5.18878852458716,5.00614440524195,5.14175964706008,4.83418303018814,4.55097088019998,5.01075878056734,5.06388381337431,4.4534201172199,4.65805190087736,4.47150978127775,NA,4.21043805428754,4.35254728634297,4.31149469944095,4.29669394688856,4.56718927255494,4.5200794536951,4.47039656448492,4.26973529269339,NA,NA,4.07258700665168,4.44928675951531,4.56801180107474,3.97313017161327,3.96244305504382,3.54946291076643,3.93937079708345,3.0678297547102,3.57223652071839,4.37929888579181,3.77117809100421,NA,4.0364722663925,4.18762185007978,3.49644899986247,3.35642380148855,4.53935049099661,6.03434877955551,6.64415976048566,4.15527243479385,5.15331118700138,4.16038651989216,4.50024480320952,4.71634258207169,4.71165136971881,4.23389030838505,3.74230502126314,3.95879737044457,3.94051097788583,5.2196337851842,4.26275640788382,4.3628796481802,3.82636766782483,4.28303702882942,4.84292866201229,4.17129602036937,4.50351613182542,4.28037002889045,4.25053607767995,4.17729127567442,4.57681867497811,4.42641432387982,4.3637516878329,NA,4.24118865098012,4.36326108009824,NA,4.74192152399772,4.83670599067393,4.80811282264274,4.04410723981774,4.67294585488962,4.41839526882311,4.99491977673163,4.73222801474294,NA,4.84916731917168,4.70266636305286,4.01218940423089,5.43283982833437,5.3221119073752,5.28011316450162,5.25081013788584,5.36062756470486,4.87656901181472,4.18251378248751,4.86970726583533,NA,NA,5.48939334717107,5.64843897003381,5.46663070458568,5.19017591728389,3.97828183279389,5.16034798304812,5.22364279701122,5.2428718708063,4.50535018054272,4.75818089223004,4.75275509056278,4.46931537646667,4.77184847507064,4.92834502111308,NA,4.82910434679198,4.79665899096656,4.84752343476877,5.4131890728825,4.37573005661268,4.67226935495421,4.39074357754374,4.44268091796035,NA,4.04464707287286,4.34792169642512,4.88836040202782,3.86200759504889,3.37197791310146,4.27406912972648,3.57099779581044,3.75819103615345,NA,NA,4.13653220926635,3.36605577358568,4.44368241759092,NA,3.24462055380261,3.70024113962546,4.16591926231153,3.99173787565389,3.8518203274705,3.80319192693764,3.60776254300004,3.49747987549917,3.58378468666204,3.60699547132036,4.84556175688924,4.19996833905955,3.69935903202728,4.27906451697713,3.98506574968807,3.93154139284783,4.96211227682133,4.4369323892802,4.39042658155345,4.45196741771382,4.2620618616463,4.67280909296747,4.84998714401016,NA,4.4772855575151,4.50425140871279,4.32695916918733,NA,4.76103867073214,5.0678396525698,4.46673797469215,5.38095067348284,NA,4.91579964334231,4.80145377351047,5.35020473244176,5.22894418283902,5.6593786115506,5.08189337158946,NA,5.69547452899798,5.22710137730897,5.18779339156176,5.05506852000372,4.83410896355422,5.01939810254599,5.14898804242562,4.99028076615068,5.08549178605527,5.50240218556504,5.05144453415204,5.0028212610476,5.37675414206541,5.49417483649179,5.48002513851809,5.06832276849585,5.28769467124941,4.90919640751786,5.10313311612682,5.10241969961828,4.46542165513408,5.13215581572541,4.76216882299196,4.941556753522,NA,5.06915662081913,4.53634611467113,4.83299885372491,4.97133340337118,5.18930955335108,4.57134864807117,4.1555273213117,3.86716430517213,3.72272738064718,4.28188546859291,5.41413134481031,NA,4.46515400525862,4.18693663160753,4.97455960149771,4.19860307902416,4.4517516586428,4.00498306962518,3.77690998119387,3.80583988625819,4.10622891741164,4.20926030111978,4.19006033664448,4.17325803706236,3.76713497740464,4.32551993324323,5.04422545350872,4.56166801842235,5.43210498228582,4.41278075779298,4.57515827794232,4.48119258994854,5.21114874681208,4.87383649789094,4.18622006657132,4.18122766592116,4.69719203346359,4.66738321216071,4.50833026916407,4.08153473714645,4.13610581611609,4.03073790682261,4.36654519351817,4.55331747430648,4.15873148074856,4.32816030685991,4.3724844618991,5.05800325731866,4.47319478742602,4.87266051287891,5.33209153275636,5.25007564331086,5.33297524364734,4.83044231167836,5.35228013214066,5.25755281080791,5.07847323671801,4.79604965937842,NA,4.70118637368031,5.0829118858386,5.32729231688022,5.26608383931552,5.18401784005116,5.12188365087412,NA,5.85105581171801,5.90894263559667,5.71578840166742,5.52774624697299,5.63096634519153,5.50785289108255,5.52857830047201,5.18402702568303,5.24221199416548,5.26179844841909,5.21819332217619,5.60853113335394,5.2790808226879,4.73498331392457,4.67762513377971,NA,4.42002170483885,NA,4.81359985014176,5.00466521973006,4.2021512222361,4.34257346664479,4.84567276635268,4.69045121314218,4.51369764883257,4.52476696774787,4.05395665260521,4.0944765649245,4.07682528018838,4.68368059242506,4.40664984634707,4.59118758254952,4.47366588299245,4.55760678969122,4.37318702746854,4.05161548963371,4.8856781410049,4.84031005933318,3.61228658734868,3.47408638943412,3.55475792899301,3.9127713179752,3.45393254394689,4.2174601373506,NA,3.31878668831935,NA,4.42470129329173,3.99591529374836,4.6074155820109,4.46816510110065,3.67007689958734,4.0690846344097,NA,4.32826380169161,5.24442501914609,3.4484195957263,3.45459475065517,NA,NA,NA,2.76505429025832,4.34581351274053,3.82882168080473,3.81727571976523,NA,3.52803672493494,4.04486435382175,3.56366178894648,3.82774659644316,4.28856460789527,3.79543669519993,3.35126205170182,3.03719352965122,3.5266122379816,5.2562417382856,4.11097469239302,4.35593917342683,4.60689526351851,NA,4.16066502538911,5.00008831830862,4.34818865971727,NA,4.25938968004175,4.67778683472242,4.65282589358217,4.8868774507967,5.17746567875056,NA,NA,5.03561853008385,5.20253365878956,5.29396750714558,5.22996439251779,5.17935243423107,5.39134234889223,5.10077710785137,4.8229829068925,5.28514193115633,4.97424377128511,4.91865530171516,4.99423773815017,4.9128390039601,4.92082532972998,5.51710938938428,4.83903543025228,4.70554735156588,4.55197152751663,4.56736378011232,4.57071815747049,4.31609414735136,4.28965664117131,4.59897357107079,4.46084485145967,4.52195695913754,4.44191120909658,4.35910939061363,4.45393833322087,4.38782292785305,4.5936116394933,4.61139938604562,4.33609302180561,4.64802020550666,4.14889356771106,3.33924140295731,3.74088188263311,3.04217494133638,NA,4.87318250872965,3.09408962202922,3.80101432968953,3.28389871545165,3.29104949765052,NA,2.95417505198273,3.15021617041584,2.9390086390242,3.10384386122222,2.78249228298868,2.99805672800799,3.1668017100281,NA,3.20371445314773,2.94245003615065,3.14650789141074,4.15286355111335,3.20102267934623,2.97864189335066,3.33239222117067,2.80044527581834,3.84542603887535,3.39500168385597,3.10217026981952,3.63107465850114,3.75498285106037,3.24870727387763,3.13856239901113,3.62811320562976,3.19792334250553,2.77759875391182,2.99684944619009,3.12792128436022,3.4413790380513,2.89017356065965,2.7000752809457,3.61880766552611,3.28801357326868,3.23091683174527,4.01895140256174,4.22777166598998,3.61828083697346,4.02509530847128,4.39810215642428,NA,4.52604577583642,4.42007480306047,4.03190641916025,4.73884646613855,4.45997889069334,4.64786861867017,4.64239011828022,4.6708900838165,NA,4.73129143578651,5.19023859264782,NA,4.94814585090754,5.29830188094601,5.11571660124351,4.79596764196466,4.86443787563075,5.12793932227976,5.10499512783335,4.80607348884911,4.51555348151225,4.80919775447,4.80432637395246,4.53689519678343,4.71727987923434,5.04233658942635,4.63929568617395,4.7915163494431,4.99579839966516,5.30223338986541,5.40720935324394,4.71669376261417,NA,5.07954835054029,5.01338601800274,4.71817279553264,5.23832712161245,5.99087202468976,4.76782898335434,5.38824539749218,5.47770178611142,NA,4.2352331278589,4.70020204310319,4.86909895426106,4.5092321787909,4.03095433289344,NA,5.32336718789933,4.80727469023611,NA,4.6867362010365,3.85005072427693,3.78554084581448,4.49462199708092,4.12810057449833,4.71055906120456,4.08365163277163,3.31612119449571,3.9696446563918,3.84357836302366,3.58320229160245,3.47513366153335,3.26278795205252,3.09905871221952,3.30459544527291,4.43031099723484,4.40326770873593,4.01963421356845,3.90786823887534,2.8130913958361,3.98630677333167,2.59468672808619,0,1.17083847259991,2.41625136464893,2.6122830849945,2.83541335538812,3.02680630629866,2.95094044558557,2.71274702035987,2.90353841640026,3.37448596731174,3.48135323283945,3.7312883292191,4.17825593043258,3.67047541974335,4.14668668631566,4.36800609528319,4.14557032904446,NA,4.09319378534582,4.3065631934682,4.49335056234448,4.56374553287596,4.35798030107346,4.1849975374004
NA,NA,4.41880181877239,NA,4.19404340127069,4.50103215449937,4.19517591609607,4.93525124496386,5.2685105098937,4.31847171694248,4.79038012849977,5.04827449182337,3.84776895218915,4.58536554708969,NA,4.33677461172035,4.68709680453095,4.48450632530757,4.51355935251363,4.24263571730673,3.83912105165432,4.43415473697934,4.5641794877167,3.74987887869649,4.05691819295802,3.89933547330889,NA,3.52223861789614,3.69203436953823,3.71744734897327,3.63018278028809,3.86574956909341,3.78079725246677,3.77935568737971,3.52330051784213,NA,NA,3.37878895620577,3.77021696425389,3.89494091251219,3.28724771783848,3.20729451242155,2.80974379196517,3.31499032071633,2.63624999933042,2.98501278804386,4.08966958546853,3.2623207347882,NA,3.53154532849282,4.09109831702916,3.1596055188244,2.98590993152161,4.50275688770901,6.17723744747641,6.77479798250304,3.96018224668221,5.26411898766514,4.17030797148547,4.41704058545122,4.73271803969149,4.81924856574342,4.20564900389372,3.51537486123204,3.98390702993537,3.73883527672034,5.04443184995747,3.82147311369865,4.08305358538494,3.302658008039,3.71579201495331,4.18483857179149,3.49890088545645,3.86475202045815,3.60234829632512,3.58796231055709,3.5388721783276,3.99127459384833,3.77623352900208,3.6557373333851,NA,3.52763150967722,3.66843636576913,NA,4.07117476801147,4.14885708316503,4.15588536015306,3.33533128629314,4.0052054383113,3.73833829152331,4.35578049703727,4.0467242801599,NA,4.19652667813258,4.00929951538597,3.29590395909931,4.77472578551769,4.6545741616092,4.6436305546234,4.58570634607789,4.80964650475419,4.1907368428383,3.47130664901253,4.22164012244716,NA,NA,4.81968587487488,5.10645723944003,4.9161414959724,4.64790313519209,3.33256495720266,4.55955411804853,4.56266426476903,4.77607693165469,3.80838669234933,4.13973057216419,4.08183200896733,3.73975482399413,4.14860988347175,4.34853946349156,NA,4.12846741493868,4.13976811576114,4.15062361691608,4.71266669631692,3.66135354886438,4.06517963008338,3.77205564366086,3.81603614716726,NA,3.57345300293806,3.80508162963563,4.31262011825772,3.30183729597511,2.84318735664971,4.37960571507087,3.48608597119319,3.09363318201051,NA,NA,3.36227982206215,2.74972399662433,3.68572216504089,NA,2.85820459989245,3.2762610511412,3.54640174325843,3.39428495776678,3.3998402873585,3.35029915589121,3.33124868443221,2.92149950821878,3.62148431229577,3.31183506010446,4.87711889857541,4.01234007054648,3.16696140308728,3.86487502134345,3.41364330764857,3.28293852849387,4.30244363729529,3.79307828939984,3.77139084856247,3.75496687767488,3.58651037911042,4.02678936074515,4.18348331977907,NA,3.84793219765167,3.84279960598175,3.7166915197479,NA,4.09255424753823,4.39330790763625,3.81707158766603,4.77570476250032,NA,4.22527802048414,4.08448534438904,4.66596881787803,4.54210787160025,5.01482991237609,4.38850343266152,NA,5.01318990109325,4.57186473369431,4.48078457517767,4.36609583260456,4.13846513282222,4.32681275356167,4.46969039987725,4.28154672918897,4.37742944079498,4.82858375963993,4.36550765006157,4.31701814375546,4.72399532667963,4.79554656708076,4.81023088931564,4.37061317241725,4.62396480408803,4.19198147190714,4.41110317275174,4.45473412281486,3.72873699580755,4.37418194129496,4.03542378509843,4.2142349966472,NA,4.37602669554765,3.81859906478875,4.12958833851118,4.3228689531903,4.67648594925797,4.09355121784937,3.56547944881649,3.22475911779784,3.50860803798911,4.01335993675518,4.91091231457862,NA,3.85302398439299,3.45961985098442,4.32904049315284,3.50419384017652,3.75547361840923,3.36184102763118,3.14661186513598,3.17555910862365,3.43858591117871,3.50831332811043,3.50837135671232,3.53644855457435,3.28740938323927,3.67731882658731,4.37365015715034,3.87989931323354,4.76876585633827,3.68748744998368,3.88157373989714,3.75084379230067,4.49072203357584,4.27242979839984,3.69487876214792,3.48699682335466,4.01817490381298,3.99996831389186,3.87644892057242,3.56237149320385,3.580348130459,3.43469965938325,3.70940928668135,3.974206997852,3.61864163818937,3.70965122770278,3.75424721018413,4.42357071559697,3.8274475454666,4.24483504633823,4.76517411925542,4.62441865647338,4.67955915023793,4.22372874419234,4.73002264648221,4.65941400318811,4.43189043110041,4.15180575224566,NA,4.02575921343864,4.39774508781526,4.64970946040062,4.61726683133721,4.5211825702722,4.48515511159495,NA,5.20079556885296,5.29372832071241,5.09611417692948,4.88153746608464,5.00162933136524,4.82196415874458,4.83983386853807,4.48218829438253,4.55530947372089,4.62680791918975,4.5316633889332,4.90539170040811,4.56948435036924,3.98272785395761,3.93262709344306,NA,3.67802516845677,NA,4.08072786899732,4.27350372111621,3.45747733396107,3.62686500066727,4.17968493142317,4.02278202721005,3.76246989081946,3.78302080525343,3.25463816901569,3.2938874534826,3.28873079670036,3.90957590747477,3.65939198420296,3.84689754314919,3.70911514723252,3.79473127113131,3.73479112799459,3.32978939671364,4.20668211526051,4.20729905274072,2.9710908555736,2.96541272571287,3.08620644061264,3.24108129194833,2.74197340623818,3.565770005054,NA,2.76420534183273,NA,4.57413791684002,3.85513441953432,4.7396743763393,4.67212352965172,3.01846437059811,3.86526857199223,NA,3.85359709549516,4.7606555679836,3.04337111501842,2.89231473735477,NA,NA,NA,2.23978929423435,3.67969573809391,3.14878302399411,3.15780527363248,NA,2.88144124196086,3.43123309952582,2.96154919413784,3.27476100335377,3.64276286321211,3.28540391887414,3.02021302899572,2.60589063811149,3.38346680326411,4.80973484607527,3.72964006217888,3.73625698375286,3.91839128813719,NA,3.4813575474819,4.36942758401542,3.63423572770875,NA,3.52448471681454,3.94985863103587,3.91356600924758,4.17421107965244,4.47702826001439,NA,NA,4.35205155841091,4.57038129018611,4.62553620361191,4.53575667536979,4.46908070473026,4.66145829085232,4.37515311651809,4.08653721100543,4.55432842679739,4.23968784273839,4.20363346493789,4.26490076820067,4.22658562123913,4.27518979209407,4.84790057872978,4.13837065016939,3.98964979918251,3.84835175027686,3.8695777425099,3.87376047725913,3.61608833474214,3.67495257156554,4.0965542935431,3.80249631090843,3.90044701141675,3.80087303868962,3.71537132388967,3.80821084035739,3.69898135711534,3.94506906517079,3.91361380579525,3.59844115126341,4.10878184771804,3.5631328751517,2.73291528826595,3.04426615569619,2.61059467627354,NA,4.14150100123519,2.96105845595749,3.53076034064241,2.84152070262415,2.82195261303202,NA,2.8144378936313,2.72559713535422,2.48854698748896,2.89740840241409,2.77901136193889,2.77195449717609,2.41783936653042,NA,2.92393676911663,2.88534044234482,2.83272261448621,4.38163185707074,2.81945460478831,2.65037633715247,3.45983255544141,2.57939144125776,4.0149603361986,3.5031171760723,2.4787812904774,3.329119477126,3.32634277171587,2.95540461527523,2.80380025574189,3.24619521568825,3.30406728640213,2.80623081085244,3.01388930650446,3.12331016314783,3.16389527379576,2.54601851549939,2.32819113796038,2.94053922406616,2.65945860515093,2.65598902880734,3.35462499470219,3.51582801156305,2.98067103939168,3.31265446510365,3.67834547165779,NA,3.80931241685821,3.71088734802541,4.02317210420607,4.02146064750904,3.73883339359464,3.90995756040092,3.92742809013351,3.94503233427252,NA,4.01825777152492,4.48835274647778,NA,4.24766924684564,4.61010367799094,4.42302425148652,4.15416969466409,4.18360179120003,4.42160481469716,4.41629460411525,4.13015582463499,3.81411445826356,4.20354839676517,4.12845117608744,3.88026938819852,4.0908399065398,4.36459738264438,3.974937103422,4.18756349509113,4.37554637394441,4.68188810485825,4.80485071063529,4.03085426268001,NA,4.38421312329437,4.41074782223962,4.10177686631927,4.78461001362134,5.58792144232947,4.24116208668168,4.92851112457297,4.99955008574899,NA,3.68193408913084,4.19899438330159,4.38777574607114,3.99802405328983,3.43396136660906,NA,4.8792012242338,4.34617020377291,NA,4.14256599899972,3.32196073541118,3.27467924153898,4.12415924965715,3.59477022014853,4.21020278660759,3.47838194309237,2.81366925536525,3.47355126212978,3.44394390783533,3.13981479074039,3.13013725876909,2.97689180731394,2.78159297295794,3.0212395907832,3.67235994627416,3.90405332034082,3.40975914208397,3.2056101493699,2.62144689619339,3.56104013927761,2.6610574570591,1.17083847259991,0,2.50014315263444,2.21369081905825,2.65718134922943,2.58789205522092,2.40188605705027,2.37317752113344,2.36005423020222,2.71913338996887,2.87661682440614,3.07943795078313,3.50594883285672,3.03827021866445,3.51633458510848,3.62668103653847,3.41708502701511,NA,3.37622967432813,3.59149996884697,3.75914675859154,3.82762704309361,3.6567285779829,3.46107401863709
NA,NA,4.43600279627576,NA,4.42662198248592,4.55582228170492,4.39358147969279,4.89432180616845,5.17240682872197,4.38090174844703,4.71904261557653,5.03321198430488,4.27948658019859,4.75169147639364,NA,4.60749405914676,4.69935491329382,4.54347275753409,4.8245622915488,4.70302792092955,4.38781308489,4.69907133354439,4.88922229623452,4.14669792812339,4.34632609878003,4.21556126196594,NA,4.15633165611522,4.12737392615636,4.09833508146313,3.91257306829423,4.26596473026286,4.31372913229098,4.18810645678938,4.08008798144208,NA,NA,3.80844564629144,4.13282673100731,4.25013768470832,3.78410843850396,3.79116743346464,3.44615364478751,3.74232293352188,2.81244410352519,3.26111901433739,3.65039975196259,3.53489786801324,NA,3.96711116760747,3.5217688016898,2.89830504792667,3.03998465875876,4.23234059674564,5.67327296451752,5.91902447258777,4.38656899867322,4.5477373984724,3.49735138617612,3.67404448111554,4.20754622696121,3.95084492360186,3.62890277582178,3.89108060761966,3.41183133429453,3.70058634629262,4.77257242029953,3.8610182117593,4.10078713162878,3.63412355672238,4.09523890031696,4.64538345656036,3.81708398632374,4.20540455001052,3.99020893850582,4.04163334940851,3.98932474189189,4.33375374376062,4.17689024532348,4.13971846913434,NA,3.92766464629414,4.03691314313219,NA,4.38979336984472,4.52375950583907,4.38716134865954,3.72072865254925,4.22081901701031,4.02367901846401,4.51439828877294,4.31929345068803,NA,4.36120359630456,4.25885417547684,3.66023701618733,5.03693243209381,4.88623895494874,4.83954421770158,4.89525693346297,4.80547382994399,4.48013169747645,3.86080857310326,4.43725873877178,NA,NA,5.13274419875599,5.12937745477838,5.07507635430287,4.96356739934278,3.66872558849479,4.90717224891005,4.90987888041937,4.86880101368077,4.20172327154436,4.42961964812205,4.53866654630214,4.20082887421714,4.45285573264041,4.61945257105001,NA,4.59642755376147,4.52069489845706,4.58720451928996,5.11546595229573,4.13852216767327,4.49343994166452,4.17792913385791,4.24143958973495,NA,3.81437039952593,4.21312969881299,4.90264882818735,3.65748881692675,3.08901646568584,3.04154668626774,2.65801254343534,3.4561264033649,NA,NA,3.9916146473943,3.10212853306376,4.48890291329657,NA,3.13373155393254,3.62581495728902,4.23886690060097,4.10755128379278,3.4317142001462,3.77046865466141,3.50033821969508,3.20296046672698,3.70218177474171,3.70459960622064,4.59538927713106,4.42094167017519,3.90900114194092,4.23003217155062,3.87280388169537,3.94196962149386,4.85939612739192,4.38824565052706,4.31080587117152,4.30750282891273,4.16308828803373,4.35484195878362,4.54506235820956,NA,4.43587275181109,4.25686202540154,4.06365376817909,NA,4.44052441994827,4.72399038634647,4.10884694940297,4.93161570292886,NA,4.54097959169133,4.51397616559157,5.01683205632387,4.89841587990308,5.28254361483905,4.72593297228746,NA,5.35257504570276,4.7386803171704,4.86857380067777,4.64733472790972,4.42107582144005,4.67841215374082,4.7719865851952,4.59437521666506,4.71317197845115,5.0533596410545,4.69668648508565,4.62343888969987,5.05919355269342,5.15463041150968,5.13854288423077,4.84476486307969,5.05844012473527,4.64860753815077,4.91752483884893,4.93786860572855,4.371026368323,4.96503919358076,4.51558786732664,4.64633703896452,NA,4.81831078657883,4.28233328403739,4.64088717004584,4.80012550908893,5.07604486349617,4.21545002593905,4.07285613001438,3.7829514496495,3.46337074225098,3.90656073967204,5.35538553769489,NA,4.51863647003403,4.09936916807818,4.92241596326945,4.15940293540296,4.45309675321809,4.09380543024669,3.71673466098242,3.80018547723277,4.13506129322413,4.2782542141301,4.22412473871249,4.36036862771691,4.00365159626423,3.99181007963057,4.79330457897945,4.47404851029477,5.10863028536559,4.1552454054268,4.47750980974058,4.24521189537596,5.14250458186737,4.87244761892404,4.29351763392641,3.90399727245887,4.30958744078483,4.37188183805949,4.45572229700617,3.89607704540664,3.93542086569669,3.92986076011896,4.12501336058316,4.36338029741228,3.92026037694674,4.21736118781577,4.19714058349016,4.88542946131817,4.34716983502049,4.80813404111901,5.13143128856237,4.96229118311719,5.06109587243262,4.59664261939421,5.03216273269529,4.87336720548695,4.67021962294005,4.43780353451746,NA,4.32845279192187,4.79478250426391,4.97648935842936,4.8452574717838,4.79297137205337,4.79752304476238,NA,5.51801315111736,5.60315048921323,5.37684355476408,5.1997157580476,5.2967678161692,5.2167165206116,5.20075315874009,4.84679110606616,4.86509361104869,4.84947586395859,4.78708981706592,5.25584811201483,4.91556771981904,4.38853868402075,4.33212564896982,NA,4.07785969814708,NA,4.55276041696951,4.80500445855119,4.05334918527874,3.98910262821499,4.53123441748851,4.46985360099306,4.41874564213007,4.37557578912449,4.05609891173397,4.14048409936524,3.88180736977322,4.49384535669101,4.12622630198195,4.42772960840575,4.46481988122589,4.42050143459763,4.18864640328229,4.01317913920732,4.75135306207359,4.63632523105185,3.70735028612819,3.48481351223354,3.45251187545482,3.74159960445753,3.29759198768913,4.13471621837876,NA,3.03224509488392,NA,3.71824661855301,3.65493350095679,3.87257495261677,4.41454067871597,3.61634693461895,4.1501255859903,NA,3.80037431151784,4.64843255091132,3.35464303548038,3.40527899686929,NA,NA,NA,3.20839641501945,4.1889702552878,3.74590452194516,3.73439313586989,NA,3.31344636506367,3.90916131755418,3.31563520002306,3.54319777026958,4.01804225328011,3.4366526877926,3.03088597405117,2.53021838245678,2.92134109632487,4.95200077157333,3.63661679388135,4.13823712347758,4.53656399373984,NA,3.74253388838398,4.7182286976011,3.93139146268768,NA,3.76388509829707,4.3303991711206,4.19501043707188,4.40866555982037,4.71793519827012,NA,NA,4.54496234499442,4.75309502653135,4.81424936376706,4.86240090147666,4.74249026151698,5.04402359881306,4.79660691202745,4.51475391294119,4.96520806036562,4.61329818690197,4.48623266424152,4.66119236145742,4.40345796863794,4.38416867341196,5.16509019861719,4.39900112806552,4.28901617350066,4.21908609747093,4.21101151478826,4.37885560628102,4.11863894228315,4.10539767264486,4.34412868842154,4.1429522107247,4.17765239162854,4.17961356539021,4.03161813094511,4.06740416541582,4.11344537304503,4.3667857921586,4.49547317407193,4.14558833374811,4.74396192109815,4.4311487705954,3.35914464091518,3.82035937861277,2.48110958077748,NA,4.6624075708242,2.11376854280728,3.32178150807672,2.71095849877578,2.85874826963566,NA,2.16921677966321,2.43356677097634,2.37647334464536,3.2335579301666,2.41092886689442,2.83024127523737,3.12396649438362,NA,2.87631762514879,2.19410012212925,3.36025545613469,3.71324167929666,3.01558813013605,3.04727608177757,2.99768828129963,2.97772527706892,3.31737524443642,2.98659939992573,2.90134289026335,3.30749710438309,3.50400478853085,2.72616900182323,2.68591713718468,3.20362001360583,2.37400860171117,2.25127392125056,1.86756574556763,2.20109750039293,2.92909346391816,2.76276891553424,2.51247229179291,3.42712334219737,3.04570182994508,2.87132150306823,3.64748537776755,3.92435019374097,3.1541168674685,3.71968241309693,4.14214004854409,NA,4.21232509514128,4.07060032271864,2.70674299866302,4.3601827153633,4.08749669612903,4.27787190087717,4.30329172613875,4.32172847522406,NA,4.34914946831393,4.83984244145418,NA,4.52350145790057,4.88394333474517,4.6769944034212,4.18612932166033,4.39243767159094,4.73608622665238,4.72262134937584,4.4246288269531,4.18961439466024,4.61829782992279,4.49782830425699,4.18225821952171,4.22983967884383,4.57872145794256,4.14609936404344,4.32206038504402,4.52476559238574,4.84153498934589,4.93040975773295,4.26512333518158,NA,4.64374640020578,4.44155206835684,4.27833566376443,4.99483648422613,5.72589721236569,4.27272922188826,4.77021753343418,4.95880394629171,NA,3.95080894582867,4.53303159263182,4.462967800015,4.1913157317607,3.78431209061422,NA,4.98619622176905,4.5455244094943,NA,4.39112400210834,3.79901699393774,3.69000155096135,4.20528620034561,3.86374536373889,4.49777104281099,4.03730983885544,3.0207754700935,3.75354758139454,3.64457803700702,3.49030499835277,3.05391815791318,3.1206678459807,2.91755799274231,2.87165971537197,4.17564620118684,3.79436875609198,3.7116137476751,3.88006650676186,2.95913963545557,3.9522787518268,2.8508113313649,2.41625136464893,2.50014315263444,0,2.00633758716426,2.48163518776332,2.9813863367624,2.55427319665021,2.3583412974268,2.52432844682282,3.13846840553735,3.26196268887729,3.29772728983261,3.69953894687309,3.14965512393355,3.74837335378083,4.11827359866895,3.76213036713358,NA,3.70270411302238,3.94715831324817,4.21136534623621,4.271324113425,3.98198723134421,3.81444665976098
NA,NA,3.62845336642753,NA,3.72649670324318,3.71547119376314,3.60852353004546,4.12637871842067,4.33908915791451,3.3678312152385,3.87357151635748,4.06427342873898,3.30573091443578,3.89462566123939,NA,3.55929499298971,3.79381610049407,3.56742061456957,3.82173195503228,3.64674041494228,3.39452930918072,3.76438597401895,3.91106497735896,3.23743810347175,3.42117541383887,3.19360190083491,NA,3.09865187934838,3.14956647594542,3.17039269240222,2.88951942213901,3.36611366662962,3.37143885071362,3.29317048329163,3.00777692712152,NA,NA,2.86846856755491,3.2376089389448,3.34761834009838,2.7238922571046,2.62904064778659,2.41792958522126,2.93667381164371,2.31905334014982,2.606388541851,3.77733118026524,2.84031901329202,NA,3.3522798769605,3.79045957570847,3.03067415216017,3.08183490657824,4.66869568114531,6.35189637047529,6.82968902353504,4.35405580185561,5.33008510597736,4.15011738906104,4.26998451633045,4.78251875463413,4.7883199435944,4.06942906219106,3.73878580380892,4.01306131841195,3.82204712436787,4.94721276629356,3.61633984380191,3.80523525230171,3.01578288470297,3.45021386611738,3.88581842723052,2.93359804458522,3.26675309709072,3.06235035258925,3.10895128139082,3.07219644115154,3.50105590390472,3.36863160489191,3.21027180433717,NA,3.05006036133315,3.1288202894353,NA,3.63691548676097,3.77346791129367,3.64209999231182,2.81980146701542,3.45362968055607,3.1176304013238,3.75306227669964,3.48981397599764,NA,3.54024154874267,3.53320353204268,2.81681890392058,4.36070615950025,4.19122977336927,4.13229281040734,4.19345680846416,4.09924586467644,3.81123461650609,3.05237921860025,3.60772173674253,NA,NA,4.42983981657344,4.47401346061513,4.40923455278837,4.29771144893966,2.84372839278282,4.23872535778795,4.2212165085918,4.23426061617667,3.46165164608862,3.71576212285922,3.72733785203475,3.42584781129724,3.63247602671467,3.89706398113486,NA,3.67834682492535,3.46074736235137,3.68122221716569,4.29168296469625,3.354945995227,3.6356296016716,3.17584942007517,3.39080003320945,NA,2.92471677325564,3.3197888772042,3.93034627520915,2.90190387502224,2.4284085807951,3.98119999452603,3.22131159281526,2.66878253013024,NA,NA,3.25785452890428,2.58907540810892,3.61232299632389,NA,2.80288261324124,3.38784125163993,3.76537114163026,3.51634394354796,3.27025137876146,3.32480685191365,3.44758386836112,2.51149731566498,3.47064355335784,3.37889276086611,5.19115353325116,4.43491309111222,3.55014120542332,3.96224467651651,3.30218716221215,3.22773621140687,4.08477381629226,3.61787427486606,3.54525797593826,3.45294897501825,3.30401852565962,3.66877701559094,3.81901336600191,NA,3.51622756326116,3.37407579246503,3.2176032848845,NA,3.58238999975699,4.01493162623855,3.33855034254012,4.16083127386475,NA,3.64676128433681,3.47236981386034,4.15185988104402,3.9852144834588,4.47285000247635,3.83039189899682,NA,4.44855838770629,3.92185214431741,3.98338138666901,3.87832336036411,3.53876275480249,3.791573881443,3.93912249610616,3.7105461329553,3.90727574563616,4.34889815206866,3.81956013879179,3.71561651004541,4.24141319133249,4.24792020122418,4.21214376647276,3.79875579664331,4.05253079505789,3.69182307022593,3.86632411260716,3.97266023606393,3.33411378204417,3.95825232409993,3.50785536644769,3.77704520549581,NA,3.93222111309779,3.37453998228056,3.60004992946506,3.82542720079093,4.44091515085297,3.89697192458558,3.47253390153426,3.23345663621199,3.68293279407343,4.08557250020419,4.86351865187825,NA,4.01119773469234,3.33825894542732,4.28390826032297,3.37608992883428,3.62274747888177,3.25193272599524,3.12381587263288,3.01370962136671,3.37395791557982,3.47552038027704,3.53435123525395,3.78571998691053,3.64649113709969,3.3286950693054,4.0421788267308,3.66568996801115,4.37921876145053,3.2437873416874,3.57178708364831,3.50871049983612,4.26701518029437,4.25381866933391,3.89500070238518,3.18536803494197,3.57893766455325,3.62005883566589,3.61885894949185,3.28702501297149,3.28183420427065,3.27275693942572,3.31698023749966,3.63391719792808,3.28878213759886,3.44002450658425,3.42427893131989,4.10586125864511,3.59505435571862,4.05314288473487,4.41316366963382,4.24168080008479,4.36030164521476,3.87237766287404,4.31577186855678,4.24664522560998,3.96632944506891,3.71363416507005,NA,3.54124370043232,3.94897417652466,4.17230009305197,4.10718047417003,4.04452195531375,4.0576580764272,NA,4.69084808428198,4.78306770092798,4.58533480895684,4.42171822063322,4.5609520484271,4.40623437317297,4.29292174411986,3.96917877051302,4.03672434619099,4.03865095407832,4.04656032028713,4.45007846438869,4.03914804848258,3.40758898434358,3.3821653706957,NA,3.24912131001438,NA,3.76013586049408,3.92074365433659,3.20629469979793,3.23945642514375,3.79244876951589,3.64040538547053,3.61905074044871,3.54676992298216,3.09438832970071,3.18748640054378,2.96253028850857,3.68376219866801,3.31686261543243,3.53882616160158,3.49683057194234,3.44647399782459,3.4047387565663,3.15506310107796,3.85291246573565,3.79392590225502,2.83655379213388,2.64188852501049,2.969944150641,2.86159336017871,2.35724192464324,3.33541019027808,NA,2.16298961858014,NA,4.30339515581749,3.45298097721011,4.51043587613321,4.80282949981439,2.68326122995692,3.87971666326538,NA,2.94307680160801,3.95376338588989,2.5799019123911,2.50547506784989,NA,NA,NA,2.47078420109735,3.33239757020732,2.79045780392268,2.80587727778922,NA,2.51258739726408,3.10391901940145,2.58987243431255,2.87195062729357,3.11133457439687,2.65904448800283,2.82142078545621,2.12610003809492,3.00090697892151,4.49165318446766,3.12484081626125,3.23063670740684,3.38971003382971,NA,2.84482680125642,3.70765191865191,3.17518332257273,NA,3.00502602869776,3.4961414434285,3.48293565278935,3.6504362965929,3.99544465239554,NA,NA,3.74386010275227,4.02305076308147,4.06656566331798,4.06721080352099,3.98976081603649,4.26932767289363,4.01029863567578,3.59852470194578,4.08322742579458,3.81961384977659,3.69609044495495,3.82730242620175,3.68124646464813,3.63005360477829,4.25902868310457,3.27505873392932,3.25403400107148,3.31113859895093,3.4075514771283,3.47422122588812,3.26871751651528,3.28692365839395,3.76233508421004,3.39046634539895,3.4328345945918,3.48356444234495,3.27220012659727,3.3819287646071,3.47374452725994,3.70014076855601,3.77118882063649,3.5131844360864,3.94671793039465,3.52407021389483,2.7192441904596,3.08739186780846,2.45611344834998,NA,4.11180346978083,2.78922647993464,3.50685834089338,2.43304435202964,2.35601061893726,NA,2.23746905891805,1.99491787252446,1.71000729268143,2.89941696667455,2.77172536509683,2.72091816449511,2.22044190078883,NA,2.86829492820894,2.76619330174021,3.03875424955012,4.30808379373974,2.64762413889661,2.68660233384991,3.47768060227611,2.64535871199647,3.95282406802068,3.2918523500287,2.02544618088189,3.17618598824221,2.95151653865482,2.45909849267868,2.44166611366564,2.83364270216119,2.98570829447507,2.58707550337385,2.47464627455508,2.68803241198894,2.87385691532375,2.87803573201466,2.42163193368012,2.68090051572272,2.45701663138736,2.43617545126416,2.93854431590882,3.18980630570452,2.6385068167566,3.0496215276578,3.42799900931159,NA,3.42894699733669,3.32638996277743,3.61587737974033,3.66017412097606,3.36343760553614,3.54650661723174,3.55881444658132,3.5248612684984,NA,3.56363262450911,4.07613264851499,NA,3.75999662469867,4.12422253484901,3.95281380192952,3.5185574780287,3.66483237030006,3.95651023564022,3.94510357794394,3.66639777027819,3.3932078729695,4.01388295382453,3.82332116992248,3.53395655200423,3.62827098991933,3.9625889389217,3.52374323928539,3.71498986363646,3.85782941468722,4.09594790759219,4.16857785619462,3.59328744780883,NA,3.90050222807842,3.90070813099179,3.63903779093894,4.30786050477754,5.14154553513174,3.48993012813238,4.15234515441064,4.1115821769553,NA,3.10743854843515,3.71715351299181,3.66211955087611,3.43455824956445,2.85472696896728,NA,4.12890493440132,3.65784333166468,NA,3.56378789240621,3.05020995988222,2.89635042630579,3.62661554303318,3.08777714848682,3.59009015643832,3.24207898260843,2.24738377688111,3.06820601571082,3.03297449468818,2.50432422390759,2.54300442463731,2.40243142399836,2.18445983361795,2.19727022096527,2.99442224316576,2.79388740342835,2.43180484279199,2.62426368419868,2.68660419509799,3.35290421589621,2.74080040950234,2.6122830849945,2.21369081905825,2.00633758716426,0,1.97242551281093,2.12194397309716,1.60345200651035,1.49684989109311,1.52632167990876,2.11492808500072,1.97190497783334,2.06993240055963,2.65427462543285,2.14589299759209,2.52910668741915,2.98294367750593,2.70672378726767,NA,2.52186386055954,2.80310120194038,3.21727511942282,3.30670017717532,2.83852792383652,2.68455281752223
NA,NA,4.27460610851884,NA,4.32739908847924,4.26837908416601,4.21126741927278,4.71902796948521,4.99222206625744,4.0778661868021,4.62249658299794,4.80512592702045,3.91243950313,4.54499163112434,NA,4.23519196922274,4.69004653236195,4.36654213446952,4.54606723174174,4.42298903792769,4.12976839617262,4.4807025318622,4.76530340660091,4.12660609280258,4.43543027381162,4.14594509147991,NA,4.03862710920558,4.13301506623593,4.19914236916118,3.80349442819734,4.30609158469237,4.28866860463588,4.2696366527961,3.96365659793877,NA,NA,3.79167010960186,3.94007533956844,3.98519665247281,3.49960883096388,3.40638014607623,3.22260473660682,3.35112813691632,2.68707893230772,2.80252517686792,3.58960720669324,2.85482875174548,NA,3.38143625400897,3.37782584643545,2.99400725719162,2.87718032514709,3.97346872992469,5.50763664792007,6.12942756381744,3.86185498664046,4.76082821140771,3.72837356508618,3.79749070762068,4.19569107361201,4.10328061869957,3.40541626530442,3.55669311893765,3.55521966618991,3.29974429019345,4.34817211405465,3.40216978973433,3.55163136064654,3.08261594466888,3.38989378973337,4.17235899593916,3.48135331502418,3.71133908608624,3.58067159377497,3.58377947754731,3.56324880928266,3.85498954064757,3.8562696510124,3.8034129282188,NA,3.67671015729778,3.65415368266935,NA,4.12967339534338,4.38143043848235,4.1334561808769,3.52206230496857,4.03302444723735,3.70065905231557,4.2564897823113,4.06763328409065,NA,4.22336146822875,4.15743420332337,3.49326979155334,4.85845323707951,4.69117557007112,4.65707142161841,4.74119220225088,4.79497009837791,4.32733238015589,3.69907185244415,4.41084751353494,NA,NA,5.05178313799913,5.24251579302053,5.18390532210237,5.04762958840463,3.60773119230907,5.06243010062181,4.98737638295176,5.17609707781924,4.29285619700595,4.72470982410173,4.56322773328993,4.27932125386544,4.6055883681615,4.74198224463646,NA,4.31182258187031,4.13965506514085,4.32568725121274,4.79448864273748,3.9701220553827,4.22223265224479,3.90513324146833,4.03396371270511,NA,3.64340804044836,4.00937303137558,4.37706501486436,3.30165321200145,2.82677704279765,3.95788383058912,3.34630683678525,3.12676651791769,NA,NA,3.81631747980835,3.03058901884705,3.98941774572988,NA,2.81869147654286,3.10393238758738,3.48861518719608,3.4541005023585,3.2471700230077,2.96727431661046,2.96889127377515,2.86270918269721,4.05152366360153,2.98274896167462,4.29863691698563,3.73617004818457,3.2958196748386,3.5460122276027,3.30842758616669,3.41884768105752,4.349571634911,3.84523094741467,3.70512855982303,3.79334070560093,3.55018725001293,3.99703087646366,4.30536209406005,NA,3.78376550072056,3.90070381651227,3.55141528718915,NA,3.99323165799691,4.58641671668083,3.94982047069335,4.72071966987361,NA,4.26298790128566,4.08256381909015,4.70783374526731,4.54587081485141,5.02069186605685,4.44441119079449,NA,5.04401048363568,4.55787777793569,4.48870101335416,4.46847282617482,4.20614044013581,4.45413357432951,4.52523557887444,4.34428389029813,4.49625215588503,4.93684577520878,4.47469736632182,4.38503677665359,4.75643348428999,4.8232503069113,4.79209001492061,4.41003517493428,4.58885757927099,4.46128065717317,4.42590309944451,4.52633776472999,4.062794460288,4.54237023007265,4.16305294850099,4.59563068091351,NA,4.7579309225976,4.19721158378203,4.51556071264601,4.77797580914261,5.16162096107603,4.63331866376535,4.25252435658762,3.99259998106878,3.70377653167009,4.3529935105748,5.27770702253518,NA,4.41558112075053,4.01416180105379,4.60879535657757,3.68269484141888,3.77554072653598,3.34617760777168,3.2305425490382,3.21517560583312,3.51531500530497,3.58836113156616,3.54351216750269,3.67210031564151,3.26334478677923,3.79322634874195,4.27512827532494,3.80638136770103,4.8273358274844,3.80397216282013,3.83307115258001,3.92130036299446,4.46665148614725,4.16316530501376,3.5185919603293,3.57883280771926,3.92026606742795,3.89832820558183,3.67997261375234,3.14256295636306,3.13171399306062,3.19336512061311,3.55783686623052,3.66698572348546,3.29618699178662,3.5110064612399,3.53200631491253,4.2868907330927,3.7654193931787,4.12798243249663,4.50835863655709,4.516914516517,4.57326205748662,4.16378337524468,4.66847001934139,4.62843173547729,4.46520081339621,4.26619901290237,NA,4.06858298861148,4.34586451284658,4.594488541209,4.5704233041894,4.59464897536981,4.63661346929859,NA,5.29748351982659,5.27674622334347,5.09543451239636,5.02841184981165,5.16246678471306,4.94903511192205,4.83940370234522,4.61043443718994,4.718551579738,4.79326019156965,4.82670678163351,5.14129806687384,4.78307774964053,4.24340365284703,4.18112564278094,NA,4.18243648556683,NA,4.59125910811488,4.56009017140468,3.94232719118326,4.16873391956289,4.54042085713661,4.50695614804013,4.26808324196673,4.11931495177587,3.73108699823994,3.70613050043047,3.68494651237574,4.21090990517946,4.0149684347799,4.11174117735449,3.9840311416149,3.9260969853401,4.03084937822392,3.7529363663491,4.30094118958993,4.18981762967074,3.16970153707294,3.05658340910624,3.09339035318102,3.3534343359222,2.98617395849562,3.59194083571281,NA,2.83142305156478,NA,3.92915318086159,3.30774625302923,3.86529656931276,4.22695442675932,3.223346972681,3.51624873138042,NA,3.7947594338281,4.81726399559673,3.04391668213583,3.14271714422968,NA,NA,NA,2.87072617302455,3.9869419756155,3.37235757494174,3.33656109476641,NA,3.0077145062701,3.55195513868891,3.09493654479948,3.32653030556602,3.56710156927884,3.15620727312417,3.1899853727852,2.65818156292992,3.07916637485907,4.69099677076877,3.52662128523014,3.87337426015016,4.15702533430605,NA,3.67112733518214,4.35299390046165,3.7026818172336,NA,3.72654994623732,4.339894942246,4.33781643912247,4.50114835904819,4.81164797515893,NA,NA,4.5618920646737,4.75200725557798,4.82008374521919,4.81688468178248,4.78446019960237,4.92171018700642,4.70733132302203,4.42970464815648,4.69518118670173,4.47789027262485,4.45909582990404,4.51162319362193,4.48766082641558,4.46331923637489,4.9802017262465,4.20163122373491,4.23669757627905,4.2805243547627,4.42516568056832,4.55229921042028,4.28759758996469,4.25529296415186,4.74882726939631,4.25720435614829,4.38083890553186,4.43711318388498,4.2353626508167,4.33563300653796,4.33717002143205,4.57151280319219,4.63442992732126,4.3014246697245,4.78131736172854,4.21164582775671,3.19679418741677,3.62095483038171,2.97964727304779,NA,4.81096245563402,2.87728278262375,3.74407504679904,3.05110984339576,2.70355726256675,NA,2.39489668626187,2.57601905608014,2.44090852718151,2.85411887266041,2.63251163146288,2.68927881252336,2.8384634975756,NA,2.71407899115116,2.5944928610349,2.70392773167726,3.56638463588732,2.70380575310439,2.54128061036784,2.97900695102197,2.55605192337806,3.4488788388036,2.78307794478666,2.7775210308708,3.13871459336368,3.17411998577271,2.78262245102442,2.65519027681259,2.96195991576026,2.87630676898993,2.50961110324754,2.61854212528433,2.94836794115972,3.05571709612184,3.26489923971882,2.77132719651801,3.08957499002174,2.99647852178696,2.85011423006162,3.45190539736465,3.75617740435388,3.25216478687723,3.73661186546385,4.00183265148394,NA,4.105228478355,4.07459494604312,3.68998398100684,4.42101927123947,4.19939530844684,4.29012230705526,4.32025575242259,4.36447443845859,NA,4.40460567809728,4.85649958680115,NA,4.59267516871331,4.89848919345496,4.80594749035788,4.51431811551008,4.62829389855607,4.78190751872969,4.85378519842274,4.57937161281606,4.40786892341128,5.01055636283157,4.80506004708664,4.51294759901586,4.63805859496367,4.92044601259543,4.54430095269054,4.71096031845174,4.80230814893475,5.05614867963413,4.98797606180871,4.59786248438208,NA,4.69574117206537,4.9615484914953,4.62624729689411,5.24876835023912,6.02040300936467,4.43796725930169,5.03913564528652,4.9632243364554,NA,4.13283006393597,4.71578389871569,4.60937147769779,4.38599189644603,3.89588076636077,NA,5.103051239122,4.67533177793397,NA,4.67373142210631,4.06326431655275,3.87766062646958,4.56163767130751,4.05863448389039,4.36386359692239,3.59794204086936,2.96903728867051,3.54633921601249,3.48119729518162,2.90583438297339,2.78520366798433,2.42852749757646,2.30215467837544,2.70625711292031,3.69319491220661,3.93859574859155,3.37583607499497,3.3670060816651,3.38712852002643,4.11633479140729,2.96864895962329,2.83541335538812,2.65718134922943,2.48163518776332,1.97242551281093,0,1.78410852207413,2.00149119766294,2.21392888670286,2.10108153565442,2.58305871430196,2.38841979956802,2.79684634167346,3.39864969227893,3.16315541696158,3.55173520048952,3.56082465470125,3.6319804570859,NA,3.56049377450181,3.74479732036664,4.05596932313863,4.09109417210184,3.70079144899756,3.54070875430127
NA,NA,3.83873054871314,NA,3.91613807377421,3.91060378652171,3.71607153334758,4.45175915558003,4.73145143803598,3.98080276888253,4.62249293655653,4.72430105629902,3.49563081147928,4.30146713794825,NA,3.9519576234688,4.45029322001073,4.05892982758746,4.48181894760076,4.41083954437408,3.90736831604739,4.31402842904002,4.37741474128425,3.61254062950876,3.98774962343146,3.61500649331749,NA,3.37271834687088,3.53517579612042,3.77829052865101,3.41475042993638,3.70618774537297,3.62397971935055,3.73840364455958,3.43691185071433,NA,NA,3.23125148281475,3.45322292526707,3.57435816840363,3.11241827232611,3.00940305604526,2.83808697526615,3.04742456823088,2.87983986446537,2.94102022850575,4.0231740001747,2.88502149342655,NA,3.24110108712255,3.90758997302747,3.38440353389936,3.10103431818357,4.71573867876034,6.36534579928654,6.86500780675375,4.23072941344829,5.37243816272102,4.19147110061703,4.35309425322824,4.74510230812559,4.71382697613952,3.85974779725551,3.62176136845753,3.98687456528972,3.57491838272818,4.55152853102396,3.34024127601863,3.61037303803637,2.77259517750823,3.23922279863735,3.78738566944734,3.03700816349775,3.4670357091355,3.18797962844921,3.17451522676406,3.1692229435183,3.4877740651932,3.3476949186438,3.28585777433676,NA,3.1881855927813,3.14615480704191,NA,3.62822057911773,3.83849171448548,3.72916179847932,3.0870412394929,3.54420114406872,3.29236570428009,3.83212716613745,3.55330674893915,NA,3.87796246689119,3.65275160689363,3.082245940238,4.41397036057661,4.3039112482113,4.17515500137635,4.16838152549578,4.42212356717534,3.84014039742697,3.31270139866141,3.97424999687635,NA,NA,4.55715944828064,4.98420664648656,5.00272834817039,4.78276713700996,3.30479739685141,4.6549804442171,4.50068069920513,4.87811941737161,3.89903707748816,4.2922526408686,4.06081540559716,3.75527479924938,4.19620359723586,4.37029971548669,NA,3.95358312429522,3.78617432463574,3.91422513156474,4.39571798941251,3.48334474408135,3.87303349593723,3.57949257329376,3.68622250074887,NA,3.67625444045796,4.0033040849028,4.39275449735086,3.40058473717723,2.93429196419369,4.66819463679499,3.73649163591149,2.81608130928176,NA,NA,3.31905230463393,2.70924749568018,3.38710262982537,NA,2.77894731439298,3.1138206528576,3.31537912644536,3.15270941123291,3.25577111885568,3.1826178237813,3.34304588997996,2.7420077683638,4.18669092676286,3.19950518754766,4.98750984796567,4.09536417928138,3.29715331187601,3.6214548947471,3.11852319902733,3.1178438063541,3.96503655404518,3.42706001916367,3.47688277702032,3.39361092344699,3.26513373378605,3.52158470961103,3.98393591837315,NA,3.51513355874432,3.63534107132063,3.43813905739594,NA,3.560674356294,4.09564265120509,3.55501851357856,4.34923743952289,NA,3.86877687366883,3.63071349421336,4.17318571563845,4.11550528980686,4.61951732780369,4.05313503754347,NA,4.69730697141319,4.16908715498083,4.08362909971227,3.89965458299937,3.72114619104641,3.95633571994299,4.04643981367583,3.87385975962804,3.95078453457704,4.49611926776041,4.03777661941217,3.95855866378943,4.28188954712803,4.33231059924615,4.35722858584114,3.99695210321036,4.2831398497612,4.17937645243841,4.18110803670535,4.31217215885086,3.76137092338365,4.29899047347525,3.77575889464259,4.16993812944832,NA,4.58850916693983,3.94197652227291,4.34972420227342,4.54038697522445,5.10527764429547,4.69551604561634,3.90427487661715,3.64404944326627,4.01239098209147,4.58746558377908,5.23582869456438,NA,4.04419202874962,3.52287883926711,4.53990622325863,3.53115542219458,3.56362761887827,3.15565465116443,3.1703583468551,3.06584814136207,3.3271423723325,3.41376353439197,3.50315110065011,3.53388816330712,3.41409603969206,3.48300777775275,4.13601302533189,3.75195007313486,4.54782860161024,3.48546424951441,3.55320941937385,3.55793610177067,4.13189831643887,4.0120300490592,3.43874460679273,3.13676879958258,3.56418615739908,3.61069359007752,3.393915045713,3.06186357560544,2.82892072591953,2.84490879974667,3.16887883944758,3.56425496201726,3.24059671806237,3.2918983882019,3.25191827471193,3.90917020462788,3.5540609424317,3.90196647067252,4.38851406804177,4.1521426183838,4.21694877767227,3.87436813022116,4.36861892780382,4.44530166627857,4.17424662105934,3.90719813015055,NA,3.62909151980712,3.89357302968967,4.17249536707562,4.13921392863044,4.21823450433558,4.23912819933606,NA,4.99417629172535,5.08847127018085,4.84425973537025,4.64072980861036,4.85916675470497,4.62125839415766,4.57280195176368,4.19557065016304,4.36218697130205,4.36049850017845,4.31883656907039,4.70780523022624,4.46895070697004,3.93710052747331,3.73674953598053,NA,3.75718558275586,NA,4.39246440870849,4.3810096151967,3.64942743381856,3.85541406639213,4.37197016290074,4.33598731905548,4.00319423605463,3.84754953634952,3.32056160263395,3.37550864068752,3.29330037740413,3.7128966557569,3.56793541082775,3.7444192845177,3.72415645845848,3.62011377567562,3.68703305683081,3.31259271304408,3.95713827378891,3.98603241600303,2.99893025142608,3.04107438664995,3.20030057829429,3.18761524813192,2.49917758101735,3.3471045852647,NA,2.87124426070463,NA,4.54652209003007,3.58335108558618,4.60618587116343,4.82774127357473,2.89715273322863,3.79532740381952,NA,3.65869113990709,4.78284491475345,2.96119481894843,2.9823770591988,NA,NA,NA,2.82629471495414,3.51876756175868,2.88014050044285,3.07619926495219,NA,2.74694685299619,3.23392050223573,2.63293749378004,3.06621130016309,3.02854077926498,2.91390277624721,3.21139470164647,2.77314398460301,3.58431114778311,4.76012387360467,3.29599022425046,3.78421850491675,3.88935474928226,NA,3.23250666012996,4.30961828884282,3.24660891253517,NA,3.21670989120205,3.73829686624849,3.81236460237128,3.95250904859952,4.2668104604445,NA,NA,4.07987980525108,4.21978679317729,4.2975723414575,4.21586649402381,4.16091649087997,4.46939523070566,4.25420781508213,3.89846434859003,4.11320923153766,3.86638469964133,3.8621829625806,3.86757374758296,3.98934747881629,3.88562053658565,4.45264762309601,3.98135862548817,3.8665982698552,3.83579983163175,4.06464574095013,4.17544915176904,3.93899635325771,4.02301642245172,4.42635264732627,3.98878892801007,4.14326032619609,4.16533023732341,3.97249921075448,4.14132211814788,4.04707191786433,4.35469862605741,4.36378837790237,4.04878299139304,4.5945080683336,4.01057064433785,3.09368041011279,3.52996706775273,3.02573915256864,NA,4.52707776774858,3.37917911534559,3.99280879720643,3.12497284131835,2.76022647985856,NA,2.77576075723138,2.6825670154206,2.48914611697381,3.11773240591107,3.09668824456415,3.08594585181822,2.65490949429509,NA,3.12912859400065,3.16335712130264,2.87235575730286,4.59177067440928,3.02447153913019,2.6120902158554,3.54863663676724,2.5563727011217,3.90907012169043,3.17454847685925,2.46771922863991,3.11159967484909,2.86286526165924,2.79674130892548,2.5962447896656,2.92448741441882,3.44084777520156,2.83582608706861,3.00781967931096,3.6083668159986,3.58238902767453,3.1944944496902,2.74860550338602,2.68062503309046,2.62197243949904,2.54006965130951,3.08552420403808,3.25472988251553,2.87526292473949,3.22038780736036,3.46459051113322,NA,3.56596054451561,3.52895540615996,4.4184454004869,3.83035928876312,3.61346676911588,3.73518054882391,3.82560953658881,3.73573391677164,NA,3.83217970800665,4.26413793845714,NA,3.97664742769179,4.28359587678242,4.21456184448814,3.98699979834024,4.01779729901864,4.30456158032721,4.32364387830828,4.05344198977123,3.83140471347806,4.68014102257754,4.36567682778798,4.13052609126016,4.33958308913039,4.57372176277086,4.25426676553301,4.45634631136654,4.58199358358846,4.89366977393286,4.90253075234281,4.21109241268463,NA,4.17194240205515,4.64588728265935,4.38293516735371,5.16693605512619,5.91662256292309,4.24946004358208,4.95095714977014,4.87024674363527,NA,3.786732714981,4.27517596791453,4.31319842519441,4.0534927624281,3.44053317219131,NA,4.79343017024741,4.41701293161603,NA,4.34926523241272,3.6853970629589,3.59831434730634,4.4028040598682,3.8202299794431,4.1894010804011,3.33429442553318,2.88728782672157,3.55361351907773,3.52264069939948,2.85741951007816,2.83030132932875,2.47227969622869,2.300800931092,2.80937552893322,3.14912122802621,3.87536917289859,2.99010361896428,2.89643492407096,3.64519131325088,4.18856351197,3.36132582954552,3.02680630629866,2.58789205522092,2.9813863367624,2.12194397309716,1.78410852207413,0,1.43773421296907,2.01470236679421,1.78790943763673,1.98795083238806,2.01896690772517,2.2247644069476,2.82547291094432,2.67539154185066,2.93972638435117,2.99211166371363,3.00463407701558,NA,2.97023297675226,3.14802174552119,3.42177245281997,3.39871198189438,2.91773730048145,2.85789291630517
NA,NA,3.23473107694674,NA,3.16539169024525,3.26223683776551,2.98674764956448,3.86539236258635,4.22469707198102,3.43691845609617,4.12585167702347,4.26516785185677,2.7682013479644,3.63974480938682,NA,3.39043348181575,3.94233579352845,3.53651544157705,3.88732581270697,3.85190773268949,3.29368595283103,3.76986940196338,4.06750374509416,2.99395553545966,3.40858736040468,3.18199547156865,NA,2.88228428206391,2.91904056836758,3.17212797450014,2.72563529073519,3.01215568904203,2.95674671016038,2.98429557734593,2.71130277992813,NA,NA,2.48872182153895,2.82157865894366,3.01539288653343,2.55550868553576,2.35651077671824,2.1594137850667,2.59881694478855,2.48580148163921,2.4624068900795,3.68627185755795,2.71075228562044,NA,3.08274770120419,3.86550107250039,3.05943413691506,2.91324387604749,4.75468733199536,6.43789120484385,6.88052655021748,4.27862826306065,5.35103894246351,4.13881906657106,4.17177672632131,4.7669161129137,4.81630209572541,4.00514028484993,3.67493938767067,3.96567677154437,3.4653916570571,4.56870328009638,3.05985508333413,3.56591741033217,2.52693832489945,2.90712671528276,3.27003771135765,2.33801909949943,2.84895617551302,2.50369424813467,2.54501959844016,2.53941966140085,2.97945595022221,2.77288244017185,2.56273220284669,NA,2.40940286641935,2.4557494643383,NA,2.90193069207075,3.1017335725685,3.03029511479245,2.26250453834615,2.87599370890171,2.60978179042891,3.22213177284364,2.86247465352071,NA,3.20862466292277,2.86824847029144,2.24372962749683,3.70731214087866,3.58365694356904,3.59528996057895,3.58030756871471,3.82809952472399,3.20564622647047,2.56517977453574,3.29631218788144,NA,NA,3.9083098257791,4.35072413105097,4.33425685745819,4.08802153695498,2.52545246030528,3.99367164707548,3.83891130167737,4.2405006685827,3.15601251463445,3.61728559745699,3.50959354902222,3.08001730144742,3.54112180075727,3.82515014685509,NA,3.28449103348576,3.28589305842278,3.39108453707541,3.83808717378999,2.77831805062841,3.31813146329813,2.99280308820589,3.02940038536292,NA,3.1313571148729,3.4016470297671,3.8750566709962,2.80646250712492,2.2440520837986,4.3238623730235,3.3444176676329,2.32287657676213,NA,NA,2.71302048870349,2.17137913970478,2.97592100322684,NA,2.5614222637674,2.92349560366568,3.14619257884783,2.84109478182115,2.87264110886121,2.98815015048168,3.14714358858726,2.14921546613456,4.07162406816146,3.13512460245313,5.07819012706632,4.24033541755782,3.23494154952242,3.60673545716197,2.84267718770866,2.74422435052196,3.53235719209533,3.07554351666657,3.10386643066491,2.93371865622513,2.78759410271508,3.11430750944528,3.44473196331128,NA,3.02598470811681,2.9432366104382,2.8253896963177,NA,2.94848894278969,3.44085963365649,2.84802819059569,3.73981757044802,NA,3.19310810108549,2.95493645007736,3.5893756654573,3.5871249103333,4.01215866409927,3.412022177449,NA,4.08453540803211,3.47256272566041,3.4928206796213,3.22364413829109,3.02935156961321,3.3345909972332,3.45068917770757,3.17095784851933,3.27283874896443,3.82457598863848,3.32056248336158,3.20980058855885,3.72712708186198,3.64544746768054,3.71629914577095,3.34451724204006,3.6721146001593,3.4253616986999,3.59211998207542,3.74908326936976,3.03146784906852,3.60551468744378,3.09568082525746,3.45137685164458,NA,3.88042451165424,3.17425642953715,3.62426222895297,3.83785999911343,4.56173514017829,4.14228064838114,3.37816708365429,3.0897025601066,3.6414831920983,4.22636551488101,4.82946610570297,NA,3.8357188955947,3.07900541441224,4.2165213647517,3.12501525324744,3.23546293167105,2.88732230961384,2.85135255026217,2.74918480159978,2.94306352445566,3.11296895920456,3.15995446160882,3.27425284217513,3.27983286629436,2.98799395965369,3.65778191937169,3.31805338755548,4.03323672892585,2.74884728238442,3.0519868243772,3.03111622141835,3.70387613713437,3.80392359754264,3.34834106336046,2.59740564614276,2.96395992664336,3.05292957119856,3.10756313946858,2.80378587066319,2.67711269244154,2.61531748796641,2.69344249879952,3.13976001690379,2.85052141162083,2.88803223274715,2.97651899936147,3.58067897841316,3.17589335409637,3.61403841382374,4.10534997956039,3.73411328183081,3.79792643052687,3.31324899200723,3.9135534606283,3.90870864056143,3.58838392120826,3.23933568749669,NA,2.93061065678613,3.32785693815105,3.55635440629427,3.48271485899568,3.53486230330787,3.60709366128734,NA,4.39600809573337,4.56817797043359,4.31826120920271,4.06042903266024,4.22709207591913,4.06422198367355,3.92881707182555,3.48360670622911,3.59376433720255,3.64149475043011,3.60043099403441,4.02465728083196,3.74465990944083,3.20254424589516,2.96187313268618,NA,2.92291151040375,NA,3.6691558750648,3.74181142416074,2.87475807209472,3.02818291242691,3.6337361450549,3.62605588790357,3.32327413256918,3.25695274594975,2.62816621220285,2.73566603747319,2.62165111064834,3.09344812358177,2.87019482204537,3.14431884785057,3.17068676841037,3.12688621974104,3.12997159118247,2.75326121982064,3.45003320744633,3.51455375218026,2.6154834400256,2.74184828496447,2.77511325483986,2.6289824231211,1.99401836265178,3.00094334924143,NA,2.40659747035486,NA,4.61309838260729,3.56859383514232,4.61363169047964,4.95022091508863,2.55121556928154,3.80797110234861,NA,3.14050247698915,4.25942465236174,2.6029107873848,2.45514064529613,NA,NA,NA,2.54916942760682,3.08882458144295,2.40696946133454,2.49220119693075,NA,2.12117164299603,2.86477033414356,2.14001443397309,2.48237176644727,2.54060784235379,2.42673842259111,2.63959805919622,2.0892706062131,3.06697221276083,4.29688953235048,2.80087836541984,3.1559563078059,3.16742709908843,NA,2.47855007942013,3.78081026261266,2.55603451183849,NA,2.47822424447793,2.98170124448205,3.01141648669705,3.13936855786227,3.48613749549051,NA,NA,3.29361891746379,3.57451432004258,3.58109392379566,3.50463090402454,3.40384002964119,3.69251513694938,3.45826709633314,3.07760533761799,3.3859561980674,3.15050260829313,3.04933824427706,3.16822970731746,3.18922244825534,3.24191833080605,3.81564884723192,3.24576259936173,3.09405085161313,3.1369360467219,3.29330404405246,3.39498090230175,3.15615546787097,3.2901603158308,3.84085890372795,3.25363805426716,3.40068868834102,3.45285372349816,3.23631710128304,3.41844509613854,3.33611699402826,3.68000760009074,3.72830267371819,3.37027233245983,4.19626839460184,3.70202901109729,2.50761712901938,2.98110100086294,2.37522170453601,NA,3.92968381689247,2.86721886935906,3.63112777049474,2.60186192298787,2.15406811602931,NA,2.44574977175412,2.08081282915933,1.90950699470477,2.96420745271075,2.9346767196055,2.76875820216593,1.96389546194569,NA,2.83360397121418,2.87046479632739,2.71561892894718,4.56823994893094,2.61564163576304,2.46702509864003,3.53810427061253,2.49899401791022,3.98400914188968,3.28515243939673,1.71951819573927,2.79207792300389,2.548122577476,2.30983289476213,2.21446008642612,2.62141236031183,3.28513374712346,2.69825545700575,2.65118063931372,3.22776790514453,3.13984344335605,2.79506030679989,2.30417721226572,1.95442516048099,1.82789456953427,1.85721741995026,2.36451743085774,2.41709417896381,2.00658737741398,2.33700066821813,2.60926344390603,NA,2.70776920526842,2.68911062567791,4.00604883538397,3.0036035560503,2.72061765138898,2.86632915491529,3.0065293538803,2.90495845503062,NA,2.95992300271528,3.49912283757384,NA,3.22843936495507,3.53581484607606,3.42942313798472,3.15017940962632,3.21272925496769,3.53096216622684,3.53927869549274,3.24798759520725,2.98783135084215,3.90988990475765,3.52114581994537,3.30714439092545,3.53000714284539,3.74971755656215,3.4611710825813,3.7246204655901,3.86680298383271,4.17321861756404,4.14200874185586,3.34440861028523,NA,3.3624670976166,3.85062185061778,3.66421301647575,4.58212744851797,5.34642531789744,3.67630151496674,4.47539515232715,4.44145084312966,NA,3.25013950197576,3.80149825554363,3.82732256266904,3.50009017247118,2.86739637529444,NA,4.34795622041215,3.95774893988165,NA,3.68029439774649,3.15318642413654,3.0417218041182,3.95539698311152,3.23456841817848,3.76085077703909,2.9274004984452,2.25341471403739,2.96089332472919,3.08557450198813,2.66437328729767,2.50511209014579,2.47575591216801,2.20623240371119,2.41977705043728,2.46998814787049,3.30929190036964,2.5781419651274,2.44723820848662,3.27912740071105,3.79961008503578,3.21841640574354,2.95094044558557,2.40188605705027,2.55427319665021,1.60345200651035,2.00149119766294,1.43773421296907,0,1.57866942305905,1.00801217003163,1.2765507980943,1.52116708181331,1.47121167367302,2.04207817660048,1.79203733509486,2.28494226058059,2.28712563476095,2.15883634944291,NA,2.11088914752388,2.33978493849913,2.59251408577807,2.60507909483576,2.30600264724929,2.07834420859943
NA,NA,3.71555690542248,NA,3.78709299781753,3.74247662115991,3.60916485107246,4.06255116305361,4.40895868604049,3.55157889776472,3.95098318135929,4.13292838679535,3.42985502181303,3.99715973360402,NA,3.86060653825565,3.81221978549992,3.76864422512764,3.99641563496074,3.87029305757671,3.5546042498962,4.14240873957934,4.17277217891536,3.35275722852597,3.59374456533724,3.45656257114643,NA,3.30878290659644,3.27619673161959,3.2351661014994,2.97829109391245,3.39652687806254,3.4624386765692,3.37396386647427,3.21344939523218,NA,NA,2.93952321858272,3.40672774451137,3.46784311251461,2.89475412820676,2.81899580849341,2.59458608981916,3.18437243892332,2.65590416251339,3.05982415126496,4.10758162423236,3.20395875123116,NA,3.68813284527143,4.21334558137852,3.34776004522883,3.38195701818211,4.8295996682715,6.51882649943711,7.05072295806377,4.59831900172068,5.56729424490898,4.44765707339476,4.56715975083162,5.03801227978348,5.01077849177542,4.27610850555581,4.01609279971865,4.297150066981,4.04521078927148,5.13303278020156,3.82641922129929,4.05079433543386,3.26464547464724,3.73628736925927,4.17465648308785,3.10492769816568,3.50420617055324,3.22377599305187,3.24612982979201,3.23592910820012,3.61901270829015,3.51642436089934,3.43218615866842,NA,3.21582941678726,3.35691975725483,NA,3.80260859509324,3.94452368068612,3.829709164597,2.91602560850668,3.59119149857611,3.27850791397767,3.8815457470891,3.67099823894153,NA,3.7134541167149,3.68832119655077,2.92473801040416,4.52156468331454,4.39382919008118,4.21507508270019,4.3077992483945,4.28452399771923,3.91420978321311,3.09263869234416,3.72540822195185,NA,NA,4.5353515351476,4.60157908416879,4.50811523363305,4.39854878177093,2.89836589501871,4.29659920071273,4.19080742617151,4.01984418817808,3.5141433552388,3.74747035249879,3.76610914930994,3.51065596423237,3.71094566882017,3.94772784626254,NA,3.93154079071446,3.72417358922973,3.90297221101588,4.51667240319715,3.48042135410982,3.72585665007368,3.28456794030333,3.52516362221953,NA,3.09484067955236,3.44746272008923,4.18355345685561,3.11189810399592,2.70360129066327,4.07591345551885,3.21551959023645,2.91634484848113,NA,NA,3.32530830857562,2.66790763455319,3.78022944753106,NA,3.02561910901234,3.49461887157858,3.81157093303155,3.5740260286086,3.55843215543633,3.39153954308116,3.6360304025468,2.63830401343652,3.57909411746597,3.59443232910622,5.24312863057229,4.44655545086738,3.78856135970392,4.19791963938471,3.56238121269175,3.42520472859225,4.27327748399536,3.7738485331532,3.83465436672684,3.64715305367536,3.56792687982147,3.80542222042816,3.96847712395211,NA,3.77726577467529,3.58180968261237,3.42697265510424,NA,3.74741055900242,4.15997593488002,3.56831481884514,4.3756973601254,NA,3.82411612104584,3.71756834944415,4.28366448059667,4.15604534336833,4.65339030028308,4.01829585830858,NA,4.62467412623671,4.14513624357751,4.2479513163784,4.0373910390476,3.68845030383323,3.91043151955906,4.1235424349087,3.92448582352862,4.04439637701464,4.53057310904272,3.97404107056216,3.90153803648728,4.35906298515156,4.48068888133062,4.4112130935273,4.04422849302425,4.29128078964779,3.89715081411767,4.1588389296838,4.16298015915251,3.46892658935594,4.27835479957787,3.69945503237533,3.93632842880993,NA,4.03683471255719,3.49180454324857,3.86551844502446,4.00789927192576,4.75641355570788,4.29543980480592,3.76434240842161,3.50750738493896,3.68357775247319,4.28783210690252,4.94588502612927,NA,4.01748722889707,3.40216800388008,4.52916669639705,3.6027474350305,3.84403289228547,3.37204284571418,3.26491130805069,3.16458393647112,3.5672467098042,3.6750911977367,3.80451242448965,3.91053410835628,3.75622424519851,3.55214873584793,4.23721294960536,3.83519106507938,4.48090469650528,3.45890813855718,3.69644886949074,3.60699805063528,4.48641559845977,4.5202499068083,4.01037381567401,3.33190924732642,3.71349447541386,3.8229079421243,3.7793203885195,3.42925216017089,3.45402022300077,3.43942391066191,3.54209585451329,3.81610770040005,3.42071451051024,3.63328371003856,3.72510873241696,4.41823744177197,3.9278661778361,4.25233804206122,4.62489185448313,4.37504242258143,4.48768242619926,4.01140475063412,4.43375541155214,4.27473575134194,4.07678772445594,3.78800955956231,NA,3.58467007909225,4.0219661214709,4.36672126613106,4.15255553064465,4.07924838451097,3.97254210914911,NA,4.81353877588162,4.87174750982393,4.64290281587197,4.46429271317075,4.59325070310363,4.46449260922777,4.50559457455623,4.06120125531563,4.06356656756054,4.06968776818292,4.02422382015082,4.53408831797095,4.05506351099331,3.46149543884253,3.48580783217351,NA,3.29168376929704,NA,3.82587451812326,3.99819256367517,3.22794347547918,3.26380396753424,3.89689332446422,3.80832552966777,3.65300279844329,3.55602944478795,3.06720378738191,3.21467004553717,3.08091897826701,3.75986134218608,3.37048809631686,3.63700254659514,3.57898657581964,3.57120031632998,3.50542408647555,3.21893506296188,3.99581302316476,3.98873297364808,2.9416895086087,2.78317683093621,3.00510120036566,3.04461626305601,2.48417775145307,3.4949760750001,NA,2.54749306457328,NA,4.51625317644096,3.7601739052081,4.74903518933792,4.95884938902247,2.96004526835281,4.13060051687159,NA,3.20840087186029,4.11098179750726,2.84516451118058,2.77491708346093,NA,NA,NA,2.83098225476061,3.76851781612579,3.21403482820006,3.13018153255178,NA,2.71706065334032,3.2775213072478,2.68722010123973,3.01077319936184,3.29503953451483,2.83585313869709,2.96350218717485,2.24002748342526,3.04972447343719,4.63760816292346,3.00827539823364,3.39000945487416,3.46659163625061,NA,3.03991320771634,4.01059786246129,3.27734942850056,NA,3.18087172406818,3.53991322116025,3.59209831088737,3.81964919051874,4.14969660306993,NA,NA,3.87635383657524,4.13575784718192,4.1642520938477,4.13659590905683,4.01497690900945,4.51014112291057,4.14553459725516,3.6757212037611,4.23012444732425,3.81940331658832,3.66774918187214,3.91673231602686,3.61846252554133,3.64633668981172,4.4966951263467,3.63079044177261,3.26177932622965,3.28442565421749,3.314951567138,3.47921450855378,3.25598658704432,3.2964034207052,3.7049877668479,3.48449585201511,3.46333345165994,3.49647669512916,3.34663520611895,3.35777841685411,3.39763251800769,3.68567575280495,3.9423162638947,3.49736207094243,4.1170213419611,3.70179390288658,2.7879143142918,3.23756718140525,2.47955479438885,NA,4.34419338714846,2.8225500891466,3.56054749493858,2.57183221963041,2.61736630972912,NA,2.66778524899151,2.51516724769135,2.23613346897926,3.17041074110709,2.99319817910164,3.04120930322714,2.48462919957962,NA,3.19329954946564,3.06568716419306,3.23523099202392,4.5069021454462,2.85979093390791,2.8773621877562,3.61529121684329,2.79343880122367,4.15811296357948,3.39937304112051,2.08065927793728,3.3341337493449,3.04407690222649,2.79652362509692,2.70744690356301,3.19464104851976,3.21431939362013,2.79816541230938,2.67612297115772,2.90858253727379,3.05544829641983,2.73141858742089,2.39461587301451,2.76506157546,2.51991300721572,2.5179069209514,3.00778195405755,3.29380167164331,2.66322574462963,3.07183849721924,3.502321982362,NA,3.44485543566716,3.2930050144666,3.75560576555717,3.72553325793597,3.39675393981745,3.61631850814037,3.64986086402756,3.55373642646658,NA,3.57051192127563,4.13152342560492,NA,3.78977981340587,4.20243967131182,4.03609114232714,3.49916624347364,3.61331196579713,3.97524749207326,3.88479188978827,3.52122455355729,3.29231571224876,3.98717455143618,3.8315156693709,3.58834763850374,3.68277566858261,4.03663980601913,3.59806863908136,3.84476389573636,3.99021102633916,4.22541858439875,4.2465257912669,3.54969445752965,NA,3.93363479990777,3.84618051597568,3.56281545940838,4.18825281551328,5.03348645124487,3.61233709726965,4.22085995915214,4.3666362368277,NA,3.19758921559336,3.7431259583454,3.87506861576539,3.56877836639624,3.04669134110241,NA,4.15854349232874,3.80650290500257,NA,3.52127270044137,2.86555777124055,2.77663932843241,3.52480014305753,3.11326145371308,3.71907804968066,3.41122466674141,2.5040561198559,3.2618637153658,3.29429703584309,2.95358620685762,2.89654580264384,2.74360415112694,2.61800400908281,2.74837092584474,3.42355840890719,3.21049711254188,2.98241557180531,3.13264592228824,2.85531450263469,3.46152423773231,3.12873891392508,2.71274702035987,2.37317752113344,2.3583412974268,1.49684989109311,2.21392888670286,2.01470236679421,1.57866942305905,0,1.21250237809498,2.1022904173008,2.17783051079177,2.20899268651734,2.68464286633998,2.12987263234592,2.80017423735278,3.22727897402142,2.99443863840585,NA,2.85786893846109,3.02218238468189,3.32684523008371,3.36083588188939,3.00612737592301,2.84255908435298
NA,NA,3.30030712625871,NA,3.25151523351788,3.29180517588084,3.09158439772597,3.79301784499925,4.16253777345463,3.2437203716924,3.90960949563671,4.07981688811865,2.82397668992963,3.57052409730879,NA,3.31137332599928,3.75336967303576,3.4911566800068,3.72663514696919,3.68623492654205,3.15633900799433,3.80217344809801,4.08379155158841,3.02056305458743,3.42880886009978,3.25851782472757,NA,3.05904424722619,3.02734163632007,3.15969481460186,2.60718511051524,3.12330486840166,3.12623596968601,3.05387957391185,2.79086948396408,NA,NA,2.53245992492781,2.92246101968245,3.04809733354428,2.49320441860599,2.28733080424068,2.14999056200565,2.69883075501258,2.44122348690035,2.47031171503664,3.78145140758692,2.7164502126892,NA,3.06774730572872,3.91997315349314,3.0952105330231,2.99903920264609,4.73569724731361,6.47217548954123,7.01371677148286,4.35032374338929,5.51444998593547,4.35959946795374,4.32894398626246,4.90926200847727,4.9120987822433,4.10368865638871,3.64293288715043,4.04415441229988,3.61327131345351,4.71668068496359,3.19790699016751,3.548029748644,2.5337183158117,2.9843843199086,3.33476857965172,2.38574482332451,2.82129476684964,2.50913952858585,2.51381755923685,2.47864178981504,2.98021409878139,2.83359444231852,2.68792869280402,NA,2.50751717011979,2.63171951260464,NA,3.08051187865114,3.24158227782878,3.12606661277855,2.3265846817069,2.94896388898697,2.6474661629524,3.27614885191138,2.97746545333126,NA,3.21774515145328,3.02478319281079,2.34101847380654,3.90298997932081,3.74370783330029,3.66044868214762,3.71078286756722,3.87390960995789,3.31506667016305,2.66893553363168,3.32762180853739,NA,NA,4.00716287696419,4.2648555505499,4.21039494200386,4.0564247231449,2.53181743014543,3.97794158409007,3.85400462917779,4.06979949708634,3.13045950762514,3.59618191989451,3.56746179717942,3.14002476680449,3.4974467489493,3.81114159569948,NA,3.39374662748563,3.26725642487719,3.37198094821866,3.90398391155436,2.88049305620215,3.2463692289625,2.90189939781595,3.01665076881833,NA,2.96989978836353,3.2080160011395,3.83218849296979,2.82116593611494,2.31404200349854,4.2914702761463,3.3498353620215,2.44159642019256,NA,NA,2.82866492657229,2.24575122341839,3.09859737911477,NA,2.62487201205931,3.05724405227005,3.26851590251863,2.89422234967985,3.02497285930889,2.88376504264397,3.13746087496532,2.14949818329655,3.84643971299766,3.13055191348766,5.09796011674536,4.2063252333118,3.29947519956318,3.69043505727304,2.98760676496271,2.76453462519833,3.55921916265357,3.09955284998122,3.12861700936576,2.96073301076179,2.84572034743384,3.13315348530749,3.39489506507119,NA,2.98836451589207,2.89809937830978,2.7735830223469,NA,3.00417635349774,3.54048102146546,2.93943140741905,3.74429329704413,NA,3.21650105768766,3.00911703801479,3.63042680490589,3.56259434795951,4.04551451478879,3.38680647326291,NA,4.08895321484864,3.52894050058805,3.54241247341113,3.35576718565497,3.05393173728804,3.35830032227735,3.54451948702622,3.26087829812739,3.37427805820523,3.901180090801,3.37754869304777,3.30135359983526,3.79077980739766,3.84108338332253,3.80620602206996,3.42397132467248,3.67254096331899,3.34370278475695,3.55523748028764,3.66721229105519,2.8991601788792,3.67916547170815,3.13202033142046,3.44894829985677,NA,3.73798532300513,3.11695037648184,3.49842207589535,3.6906477385632,4.41667143971628,4.11992638264084,3.47900366046638,3.24027267405471,3.74104402891656,4.29640433042592,4.87095603003854,NA,3.87616732092659,3.12205051047754,4.21099129771453,3.13389815981723,3.28285629112315,2.82647685443029,2.84432530390754,2.73851515804542,2.95546271447397,3.0552983376453,3.21277668754508,3.33116829415514,3.36229794753414,3.06299080140624,3.73770453640024,3.28470705937018,4.01940813120829,2.81308744267483,3.00713519584914,3.03975017575964,3.67831424914539,3.84326042459101,3.47494358921488,2.74173911197676,3.04068996091082,3.14659678482989,3.13280527373236,2.87703269055096,2.80211213055553,2.72450639352262,2.87924491676839,3.25000954209274,2.94014173101455,2.94486972379947,3.00748265582646,3.6492814518252,3.20579020738936,3.52038045693458,4.03169368500038,3.80765356925153,3.86968264781613,3.3339994615414,3.92613935088225,3.8718265574466,3.58744934181156,3.25576319808767,NA,3.01174931778252,3.40829105574858,3.69884392297512,3.57603413526448,3.5634988114535,3.5320810903509,NA,4.31274486608692,4.33815943233829,4.09672588109272,3.92698365782701,4.08907141998794,4.03133430329711,3.92347874384113,3.47797026594895,3.55731634937146,3.59440260291865,3.60660833694666,4.08507114249269,3.65283193542186,3.07011387632317,2.93160445809135,NA,2.85204691294111,NA,3.51186461151196,3.62127091773632,2.82187066023327,2.9116980516778,3.57499661946765,3.4765949967007,3.25802311168333,3.11099157659526,2.6156516765486,2.74147465926414,2.60266800294642,3.2112216617995,2.90571414451633,3.16384601400322,3.08087829974815,3.05150416211745,3.13574424180549,2.88283328555625,3.53894098333639,3.55391621473233,2.54783839382621,2.58228090403395,2.83396532721207,2.64654287326888,2.02980531057665,2.96573891493163,NA,2.2869181952888,NA,4.58132908767822,3.58221435825933,4.66437476761639,5.00596347457817,2.55174107993299,3.88064720203265,NA,2.97684314709342,4.0241240878717,2.53887236704343,2.51367627101161,NA,NA,NA,2.60736092527237,3.25056308493774,2.57881272903475,2.59697556984637,NA,2.24484479780713,2.81203352871864,2.25716687235363,2.56254423771181,2.65219896613417,2.45895217785526,2.62813179385409,2.00981795440998,3.00840590157044,4.20124586493718,2.65257400963507,2.98705285475559,3.03475295244814,NA,2.49707427803485,3.62817853893374,2.63680008494754,NA,2.52786340361225,3.0174409116968,3.05133375606635,3.20113275014331,3.55169482407354,NA,NA,3.32778762040689,3.62330307074575,3.65122220202516,3.62464300195743,3.50493257706638,3.85840074285174,3.5298604882238,3.14630185485438,3.55160042656246,3.26882584566628,3.12326354931047,3.33247552000158,3.2048470646838,3.27381327341041,3.94220203565578,3.14154490468183,2.94640129813064,3.04104514120553,3.15450879486713,3.30899479705617,3.06122169693804,3.0778302861032,3.64128184203687,3.13880860835766,3.25163574924059,3.29858214884015,3.10431410179403,3.19708294939238,3.21990910191424,3.52787121481555,3.72885000564756,3.28551733143405,4.13062099904235,3.5679225586558,2.47328115912074,2.91896299444016,2.38284851945328,NA,4.06568336622185,2.90644943845167,3.69019378375972,2.53125923215151,2.28570100812002,NA,2.54666890787167,2.22762187234204,1.97708979763596,2.97341946864665,2.96250085469913,2.8393145056124,1.98387578368021,NA,2.84625879055949,2.91852992311351,2.8050117103468,4.54461251356257,2.62074814709798,2.47512251806402,3.53026520199284,2.53744883825651,4.07667319056862,3.32862566204207,1.71812798606961,2.92028117828206,2.61533444882435,2.39851156706962,2.27380533509291,2.70837517991731,3.21399415274007,2.66181811325968,2.68124170904709,3.01148646647875,2.95662809749556,2.84659598715059,2.36419405209285,2.05847984986336,1.99246844610094,1.97786487496454,2.3645361220693,2.55004388976283,2.05069051042279,2.44788441406384,2.81296001632558,NA,2.79976589150497,2.74756829582291,3.8684388267397,3.12033964499397,2.82075122510781,2.97526354347829,3.10792687216089,3.00343032008361,NA,3.04909339219197,3.61265253384,NA,3.28768906956151,3.64536708813536,3.50510996756329,3.11661066231163,3.22157037911474,3.49034343087143,3.48371135634914,3.18940317931415,2.95640822487818,3.78493361719724,3.47975900689532,3.23619857370086,3.40182841755598,3.69405989731537,3.35972759391356,3.60401516161176,3.74788886610185,3.9894251952049,3.97507565725234,3.28020056034822,NA,3.45977692746295,3.70333964354872,3.43697568796611,4.27988592101007,5.11421430416603,3.5562066794695,4.2745843728187,4.29166544647358,NA,3.17558925560433,3.74333117541917,3.77222849566102,3.45450576656451,2.87967631494613,NA,4.16217648582231,3.75991638352121,NA,3.49036807165571,2.95694640446439,2.85307301368086,3.74446083622184,3.08526558581153,3.66844890614869,3.01530933001199,2.25192723736649,2.98084718503788,3.07790932769694,2.64074479546964,2.54572176572151,2.43201777494778,2.30608066871924,2.48202446995394,2.67546656888533,3.13520881272802,2.56440810464423,2.42422219040811,3.07006742880591,3.60816618732489,3.13320195285125,2.90353841640026,2.36005423020222,2.52432844682282,1.52632167990876,2.10108153565442,1.78790943763673,1.00801217003163,1.21250237809498,0,1.21023862563764,1.38977170126206,1.43037508965828,2.00875495010454,1.67107621593598,2.28862047269113,2.38896237131735,2.26281541224362,NA,2.20269327826751,2.38774089269597,2.66038783877647,2.7007401762588,2.41615802795771,2.22446031516864
NA,NA,3.29636868541131,NA,3.03277623505825,3.1616034889102,2.90460203017231,3.86080954006908,4.2411177238643,3.36553607610623,4.26893765973421,4.45029154677705,2.6519527787222,3.56810046781505,NA,3.21460115886347,4.00574874041167,3.68463448321777,3.7909976615436,3.84338627088833,3.22017621995033,3.87308268923218,4.23751295339626,3.09682544516095,3.53395043755403,3.3861204245178,NA,3.05688668287999,3.05468691703674,3.30949818668731,2.71382440873486,3.10324335380434,3.02246096663606,3.02368706867873,2.74550739955215,NA,NA,2.57009977244735,2.85436003654512,3.07696606798101,2.51196227207138,2.34389973089654,2.30578059411652,2.73292161270526,2.85545016730171,2.62882207827738,4.00146029319442,2.90716445038368,NA,2.94621005220528,4.14905241391401,3.40482764475973,3.18557508624276,5.12452634877555,6.81392159619375,7.2673812668843,4.51625417891462,5.73914826453614,4.52624440788756,4.51287718781722,5.15120180081992,5.15713135815584,4.27791974734231,3.77332615251436,4.23473363942147,3.6085890614836,4.64278812062696,2.94325588013427,3.54608342538773,2.32262622407276,2.74102692078332,2.89663816609466,2.19102033716006,2.60237624449627,2.25688248277911,2.24814382564215,2.21587166129586,2.80229713184921,2.51636884614232,2.29387037247631,NA,2.20760039869913,2.27299285751965,NA,2.65821658816517,2.83780799071565,2.72780173140916,2.16383651811039,2.63063360520232,2.37371316198177,2.93409468596884,2.51238873550589,NA,3.10321642153641,2.69750487757824,2.25603749195028,3.46954181456841,3.36607396587654,3.39252960781159,3.35069998381112,3.89351546261015,3.00855046942818,2.61273494412331,3.30950918283518,NA,NA,3.75526369874474,4.29514182225155,4.33979705884609,4.07292225354492,2.68535198543919,3.9510168231891,3.78577748284971,4.36057396737759,3.1648662822026,3.68508198813491,3.63856114777442,3.10596999544892,3.65314318209429,3.93187758892007,NA,3.29696973066008,3.30040708893786,3.34958745527235,3.73804220959445,2.67783155209786,3.31154867889448,3.08833795939453,3.03750578208429,NA,3.34791465460464,3.52685269808507,4.04715910324442,3.11825266390223,2.6113017163988,4.77315857539709,3.74860620259582,2.36908837517057,NA,NA,2.59853773337714,2.22136958812453,2.64842552321273,NA,2.63625833610206,2.99277800592451,3.11275080620648,2.63050799241155,3.05607764085773,2.95114377146472,3.25802973601944,2.36623128257321,4.35083612224665,3.21795761813214,5.40583689923379,4.40969602783461,3.30302992910034,3.57570446516129,2.82042919731222,2.67661466157781,3.20359201468883,2.76985162086696,2.84193305042444,2.62559645461138,2.5702627162986,2.93398677940648,3.30491632771884,NA,2.73158839997312,2.79139513976577,2.70167226651015,NA,2.70675666730523,3.3232066446364,2.75910239906868,3.57711243830678,NA,2.98823440590855,2.65286400496598,3.26685117116938,3.25692490568472,3.71882991661372,3.21727978149123,NA,3.93022487875789,3.37227887049093,3.21016757428632,2.99856532301475,2.79354123838928,3.19144815044287,3.34608727001813,2.99575604654016,3.00334377798101,3.62153393037929,3.19248628957043,3.10128687529784,3.57323140378525,3.5353248075023,3.58945744742902,3.22781390460604,3.49739207328194,3.33563430033755,3.48866736392439,3.63637904725781,2.8835660812119,3.53942746949649,2.99642576573619,3.41809862721684,NA,3.91402737762179,3.19257677475702,3.57233587027386,3.76116172968306,4.56640610913397,4.37003079467783,3.45314560624646,3.21075864305258,4.08216912705272,4.54443886746249,4.88128956183015,NA,4.0026793275187,3.18921743113537,4.37823518880526,3.19060776679105,3.24832588812152,2.82134793958267,2.93278854774316,2.76201408781303,2.88818297520052,2.97223282066897,3.08389685415848,3.12871623561173,3.29844868212092,3.04189722526994,3.63825120471685,3.23525750898811,4.05837179987058,2.70474057232505,2.81353292078976,2.92589094077185,3.24600624823622,3.59828903078167,3.28713922185893,2.59055224428235,2.84935176821134,2.91759803882308,2.89292665042743,2.80200766064132,2.61220237355532,2.48570330153546,2.60006955453067,3.1061345435431,2.88386050522629,2.69334047496263,2.71495082326943,3.24435995141401,2.95086824431404,3.24313651524572,3.90749495557651,3.62459062575449,3.67965138119995,3.16958202124785,3.81444052037168,3.90523673286271,3.5564703431625,3.22163642667618,NA,2.84121044008998,3.17305062768853,3.37418426961188,3.35230920284051,3.42651349938229,3.51481709282934,NA,4.22436435502249,4.31082751796651,4.05613076206496,3.84004861573683,4.07101148257495,3.99139018754635,3.83709238850525,3.28543313811451,3.4115766912757,3.50139232014942,3.562941336862,3.99768586394226,3.72590455694499,3.17241803299329,2.82450896909315,NA,2.89201155789192,NA,3.67677709396624,3.7044603222649,2.91061780888,3.06858459490524,3.7061410970499,3.53150310988662,3.2605322620046,3.11027089536076,2.62964559261429,2.72805373266771,2.61404862249254,3.04031929011629,2.86935597361577,3.08255709667021,3.13794621112379,3.00789827899154,3.28398392982736,2.86112276214413,3.4476028520258,3.51366298129629,2.61933020239356,2.77494618932408,3.07810990830042,2.76649847805845,2.03026259655177,2.94133207424948,NA,2.61949565752623,NA,5.00350782161113,3.87095525456587,5.02638903212283,5.30606151449658,2.64633592373752,4.13897721607089,NA,3.27560358754912,4.29363250132189,2.77660583842614,2.74586156968372,NA,NA,NA,2.81607108008455,3.10887441197048,2.47269412793842,2.57529767101239,NA,2.23995087490497,3.00820825769401,2.35931327099421,2.66986397221929,2.36898617627955,2.55063303873293,2.80480100967143,2.39576276737709,3.52558182882324,4.30326405538915,2.79844826177926,3.02941309034084,2.92593097857882,NA,2.44905918015393,3.66464776334043,2.46282179479883,NA,2.3489194969504,2.81059474606581,2.94816646108533,2.99427142281561,3.32667913888004,NA,NA,3.11763899718983,3.49541007955266,3.47588733220705,3.36964206564444,3.29602094123202,3.48377850545976,3.27068839567411,2.91892185294782,3.07045011906659,2.99376870172723,2.93014926505684,2.99418687588794,3.16093939364593,3.37166965808504,3.85248539060179,3.21690461286293,3.0303151208263,3.1456904504425,3.35760548170484,3.43228767419322,3.22631633745455,3.28934154981489,3.95842095269953,3.26156186593629,3.50295142897003,3.4545073131254,3.23807790659583,3.43652414137235,3.41682957758946,3.70140820603371,3.75944014252388,3.4388140965237,4.25468497487258,3.62327559387818,2.67509833444401,3.00560003815298,2.76574007786013,NA,4.1097430280046,3.39029223620574,3.97856162609975,2.85110894250334,2.49691745012397,NA,2.91805252393972,2.56688013916975,2.35465978845262,3.27410257876167,3.30795677059183,3.18093196816438,2.10235083327574,NA,3.05526245452945,3.22444007431275,2.94208757978102,4.90884563122535,2.87840233493855,2.67997976648708,3.90062663343518,2.69487557921193,4.33733601322559,3.54084985319276,1.88925158103681,2.86119620354162,2.52667534482294,2.60246849396135,2.31245374704994,2.62480981576912,3.52050882409089,2.95090940016951,3.06263079130629,3.47588505911519,3.27331416246298,3.14781691546655,2.68783456967105,1.70463543298603,1.80565290450481,1.8241236293641,2.03848070709939,2.0352637794738,1.9437730113295,2.18006735250785,2.36358339746322,NA,2.50759324755858,2.63833756080123,4.3493649392838,2.88129706596399,2.6999971622974,2.72589776154163,2.96979404689981,2.82668365604759,NA,2.90931474403232,3.38873682874405,NA,3.12354948252203,3.38544976709591,3.33236096768188,3.18807328087682,3.2184176930972,3.42330839920157,3.44387773469147,3.19823911116224,2.98165531254405,3.91939761367379,3.49957724553977,3.30563858152419,3.53585372071613,3.75894576677738,3.54169291830929,3.78797308579409,3.88725459415803,4.15120955531138,4.0621533411758,3.42821396142561,NA,3.33092413071397,3.9388500658701,3.69724050954161,4.59469309515602,5.37017733948986,3.77036974311667,4.45783236151211,4.46159356277095,NA,3.35078314640479,3.97321815697333,3.97902362491976,3.61374870623704,3.02555196059189,NA,4.43211642794022,3.99033854961177,NA,3.76782488669236,3.26768345861113,3.14345650389049,4.04612978748951,3.38398669369616,3.95970262117979,3.01610656876803,2.47726361456715,3.23413365282861,3.37241121592637,2.86193618637635,2.71231531374401,2.58097307835952,2.49005785125483,2.76842172704867,2.26156288456101,3.45893595366227,2.60168973782286,2.40834216078552,3.48501970055409,3.88695707183533,3.55361332695848,3.37448596731174,2.71913338996887,3.13846840553735,2.11492808500072,2.58305871430196,1.98795083238806,1.2765507980943,2.1022904173008,1.21023862563764,0,1.20262275631312,1.2015677379589,1.86850222609857,1.94387825323645,2.4926089307272,1.9338213111597,2.07319532804728,NA,2.04268871833042,2.14512946155793,2.34625584842473,2.28783299434273,2.24469426659826,2.05933854981586
NA,NA,3.51307125309142,NA,3.4498569966209,3.36991784935731,3.26213530181992,3.95528202293603,4.23832633751199,3.33856927497465,4.18376321502308,4.31331669518839,2.94947919996683,3.77470698970425,NA,3.12539636119168,3.97007901748524,3.59540069210431,3.71078206906321,3.7666743439479,3.27274830573743,3.82302645434938,4.21625461547558,3.31638009456838,3.68611958757434,3.4100155983394,NA,3.25309309381171,3.30081086897972,3.53151037663322,2.83636348621621,3.42547996675307,3.3833666330793,3.36401258290174,2.96560980638758,NA,NA,2.84561736386683,3.08063713440659,3.2407524421058,2.69821597017987,2.4782865674111,2.48961403782762,2.93441867650856,2.80308310745193,2.52948460321439,4.14262259538529,2.80780534406144,NA,3.00761104862394,4.0557587000053,3.48723183130993,3.29691445083488,5.14033254908049,6.84102487386049,7.39607510070118,4.67047619821454,5.95986799122502,4.70330890930868,4.74076449045307,5.31168739333202,5.24472495231748,4.31986649197762,3.9003808361798,4.37603547032721,3.85408988349567,4.90111395647505,3.34934822119296,3.55083838013186,2.43864728813016,2.84956051409538,3.11365147026938,2.4661653823365,2.79120118668956,2.5678418242779,2.51259731426242,2.45855340459569,2.94930747850501,2.84358651460423,2.70185292192029,NA,2.59807823701783,2.5814120410595,NA,3.07815847416776,3.24284844531706,3.06257453071995,2.53615837987009,2.90576722208156,2.5808328726602,3.18046844953774,2.85894133548641,NA,3.24276797168162,3.07816637567305,2.58491231337354,3.85600387872067,3.70145032896312,3.65364805427554,3.68223746779151,4.01729369739371,3.38502400529685,2.9928946426462,3.50811292922451,NA,NA,4.0854016586614,4.35274385174178,4.41466848790202,4.23300134942216,2.88675729273993,4.23640229773947,4.13414139780468,4.55316147009389,3.48480693996861,3.96619008731617,3.85903505480499,3.42503196470187,3.82704220294566,4.09414667343314,NA,3.51427821885283,3.24280836894818,3.39918919220391,3.86951933148518,3.07288582464068,3.42474805695507,3.0764626857962,3.23011156575471,NA,3.24011771052467,3.53840562945155,3.90691452352018,3.1276118154064,2.73226139875068,4.91327049085267,4.06658666195626,2.70068750653106,NA,NA,3.07329451697094,2.61854014367853,2.98591143957314,NA,2.84503452698196,3.35475072461296,3.5046172206499,3.03144600035182,3.19870623529164,3.12411964318081,3.40392631146558,2.54297672510204,4.34290439252703,3.34691336678787,5.58404221017009,4.61427764365518,3.58738260065982,3.85189680029065,3.13086976375707,2.88007720533766,3.53464481231685,3.00884252640333,2.99144659615331,2.90337183490044,2.82358671446337,3.22908651381494,3.49002557027107,NA,2.7924354413174,2.91980516614004,2.86074357719456,NA,2.94847743820465,3.64632035935872,2.98006170985762,3.69966229439801,NA,3.19511207819544,2.81302046335842,3.50452839111902,3.37965734939961,3.91901189583332,3.29260074703216,NA,4.0255834757506,3.51132155723091,3.35709372694959,3.28533252565683,3.02094273678513,3.35583091677523,3.55037512420129,3.21860619548461,3.32743140774176,3.89587947403425,3.39102149418309,3.33314779139893,3.82491736969842,3.77447677738725,3.72893553042552,3.28367037945864,3.51059038080901,3.41344644006251,3.45562510183315,3.65290708066151,2.93548067715243,3.58853692406683,3.15332206085416,3.6514201187131,NA,4.04654857746329,3.4771332178852,3.67063897918593,3.91859163196179,4.75894602458697,4.55913286314623,3.84864044266354,3.61237787078353,4.40313400588047,4.79453308373855,5.08141627665583,NA,4.2184131216902,3.45234208880443,4.48764097766008,3.32507766952226,3.3159786464109,2.85576330648203,3.05244405958928,2.82654612540845,3.02451358145042,3.09269034805192,3.30127338992742,3.47717260696068,3.59886431047981,3.27947243435236,3.83200953490516,3.44014657135721,4.18705971807377,2.94090134021503,3.05017712440101,3.2356490188324,3.47085026199472,3.85098232314135,3.65352518716729,2.87679951108632,3.09658170751299,3.18796640498222,3.06367356500282,2.92876467401313,2.71798807238065,2.70381542705083,2.86319092895594,3.35762114513945,3.08650760539836,2.86110029136058,2.88106942910236,3.40326295338333,3.09901708369276,3.3623811607013,3.91813227712636,3.89395357155159,3.94457546151701,3.37377330354111,3.96954158830396,4.03532727710394,3.74813035665564,3.47764403894636,NA,3.1887348645216,3.40861474098817,3.66372303085624,3.66411269625445,3.73412972900441,3.74307960253317,NA,4.30634295843228,4.24912841548787,3.994420647724,3.93483238674817,4.17107175112967,4.11922972530064,3.82640565715242,3.50537782981845,3.6228453011411,3.69569241108229,3.85641698452307,4.20654651714918,3.8137523534975,3.23757622867169,2.99931929735315,NA,3.16232836921916,NA,3.79016230749481,3.7325548126187,3.0749261988397,3.28121634310813,3.91317593097028,3.68991522480598,3.42825199190841,3.29047855646303,2.84800749419526,2.91841943652852,2.81608463282846,3.31738074931389,3.1360157224017,3.30736148005295,3.2630383806725,3.05549872687577,3.43713226218593,3.11605774387493,3.5535615947314,3.50521815577155,2.61621045057026,2.72774902631659,3.18798942116401,2.80043287357936,2.29390624310093,3.10076049347786,NA,2.57654232110229,NA,4.94253915895627,3.80468317602318,4.93035337822608,5.34195005963403,2.76545340916255,4.12870296847568,NA,3.0251652751934,4.29169297278449,2.81498867159538,2.8643519013245,NA,NA,NA,2.80988895101868,3.29709078831417,2.47964618718754,2.61486675482163,NA,2.43496054044123,3.04794933218415,2.55602538501162,2.80586928749146,2.49091422066867,2.54673580048447,2.99770822063548,2.44216788542065,3.43748071822543,4.50079938304055,3.07156187993863,3.13905336207604,3.04949008307657,NA,2.72173708585387,3.56822854773011,2.70890873900672,NA,2.63679545764428,3.20707282595692,3.28772358229672,3.3428662328909,3.67086509453318,NA,NA,3.40818372771607,3.70670631471335,3.74252597833818,3.67576553857142,3.63643132952498,3.8446774552315,3.65284232444914,3.24970763295798,3.4451331429666,3.37102618409411,3.32303226676636,3.3849706073374,3.53879939238093,3.60284241315626,3.98720622040826,3.12005201999516,3.1820176872301,3.38967555805464,3.57824384327142,3.68195857375322,3.49763837144101,3.49318262308411,4.169401464893,3.45191554235987,3.70466016218131,3.7307806923936,3.52015398579971,3.70131071602021,3.73434984996707,4.01049244806878,3.99145321541443,3.79729452269182,4.3686339175753,3.65328487336693,2.89411922624253,3.17303483997679,3.12028760625933,NA,4.45767866193124,3.64521731929844,4.25422209525817,3.07948592452498,2.69899584753055,NA,2.94186510716344,2.62100052603497,2.42933103276048,3.2779826483339,3.47411411933472,3.22391984450656,2.3315744778521,NA,3.2207186502058,3.44439853514859,3.05901538696018,4.75953476249372,3.01398398004943,2.79064059719156,3.93155356615726,2.77612557189711,4.3591858259338,3.58645387613834,2.25219030848036,3.28872303379527,2.78185462237091,2.52167677130792,2.43250037590359,2.7212840120391,3.64654465380023,3.12581941926549,3.18401474614845,3.44350797595587,3.21956670879979,3.5419893355872,3.0027439216684,2.24072816300537,2.32224077210041,2.36794137626843,2.47656463977751,2.59611545603826,2.48996408364912,2.73888952192543,2.9536573189042,NA,2.94117063542408,3.04267968489035,4.34482107043182,3.29155310110972,3.13766160866271,3.14453172056544,3.3176180915545,3.20768727680222,NA,3.23767438345953,3.73249722744586,NA,3.44563174893634,3.69740924986344,3.64519068441861,3.42156529809922,3.52002338394431,3.68495719370409,3.70827727617534,3.46263818878931,3.27958188553603,4.12279580292463,3.7894122103672,3.57167193826651,3.75616035059016,3.99895955619378,3.78656391945214,4.00662658807253,4.06994817918008,4.24036785365574,4.08468596061567,3.74772521965284,NA,3.6720534875948,4.25753905165763,3.92632592750861,4.63540237364867,5.55317396653071,3.9214912215574,4.54443470424614,4.40599091245388,NA,3.57301810226846,4.1582465861357,4.07716147226353,3.84902742232896,3.23353459088645,NA,4.50516270968876,4.04040734379384,NA,4.01092915741236,3.53250276616373,3.41939683069668,4.23743959163586,3.59046622543052,4.0440173030887,3.32517082179947,2.71281739061608,3.39511277099179,3.50322136694923,2.7899810465754,2.82181521799801,2.36400663036288,2.32971756020977,2.65297979185167,2.38619022091805,3.30378345352887,2.50170188173466,2.27854514736108,3.60687464156572,4.06039506998273,3.51100827923805,3.48135323283945,2.87661682440614,3.26196268887729,1.97190497783334,2.38841979956802,2.01896690772517,1.52116708181331,2.17783051079177,1.38977170126206,1.20262275631312,0,1.18771124626068,2.05936815245411,2.09111457821995,2.28075700522068,2.10861471919833,2.33857428118977,NA,2.21478447695806,2.37394196364713,2.71859021725823,2.75140793057933,2.42265439155336,2.27856724483112
NA,NA,2.92790637432713,NA,2.92911569468443,2.81150360509852,2.6631111684406,3.43430585506196,3.72533863894528,2.94072610218358,3.88719714838337,3.98840989340621,2.49401656189939,3.31044399357054,NA,2.78986293644525,3.62059307504241,3.1721018142143,3.47178405880076,3.64858682737369,3.06335696726337,3.59342842237036,3.92174013856201,2.83059029583179,3.27031516756551,3.04158678195513,NA,2.84850091123329,2.84297129481568,3.16845196995923,2.38379246628427,2.87356784523317,2.85788425628947,2.8754400053475,2.56106030844894,NA,NA,2.47138700692945,2.76439316296969,2.9607011526784,2.45257984614535,2.27183952605792,2.40094804173163,2.82568071067232,2.95573129255584,2.69761083273559,4.19887878662177,2.95392161546709,NA,3.17857955853072,4.28454225593038,3.62184166756423,3.46032758138141,5.39327644429784,7.13905914394659,7.57484449938662,4.92059860397165,6.10058093579902,4.81637774716133,4.86594299046711,5.51471204482404,5.46687584488069,4.57866385775146,4.11446429243869,4.53856604074641,4.04769890084663,5.02916466626349,3.31394984277627,3.72256325642291,2.51215894484535,2.94958422738503,2.99586593452297,2.13407001005899,2.55694227097776,2.20912171357488,2.22622905762563,2.27433584411086,2.70950382303154,2.51581186515135,2.32474786445967,NA,2.1455805783126,2.18149274716309,NA,2.62171941553853,2.79600019327413,2.62043445153841,2.07676091121507,2.40973327337045,2.14416682245511,2.70982942850927,2.34632760735659,NA,2.77027196465335,2.5441238363535,2.17637673098534,3.44473921406856,3.27734459927491,3.15878098160647,3.15957637552385,3.5336663351609,2.91831269403606,2.57722530245461,2.99523683350052,NA,NA,3.57991292831554,3.93263721791643,4.01215132607923,3.87176205857938,2.57807289321051,3.78038991400292,3.64641216755906,4.16756205806342,3.04444814277902,3.51511917914895,3.39823239128694,2.97652242377551,3.4424881645134,3.77777725599464,NA,3.12696638661915,2.98135882639365,3.11883907228803,3.49078895407626,2.63211649933297,3.24136226733579,2.91106868851213,3.01210538240137,NA,3.28358474061833,3.56989769083225,3.99729357461288,3.20902418066814,2.77844382856688,4.95971712044427,4.00061319157337,2.4954983446147,NA,NA,2.75918671089161,2.48242246535921,2.90567445447444,NA,3.06329610546953,3.48589211345488,3.54252059639957,3.09951315535476,3.27637715216666,3.35584897333583,3.61623554285364,2.57518779221605,4.4148273133912,3.63253486521302,5.87557782732732,4.85645434522874,3.7172711263826,3.99526884106999,3.1338082641133,2.88947728522102,3.40904225409094,2.95225658438904,3.10313396177722,2.74777086017492,2.82842253657638,2.98876605631814,3.23290780449544,NA,2.80544503919007,2.74262649210496,2.71278790048564,NA,2.617907955157,3.1614468593914,2.61272991500814,3.29102237943494,NA,2.78114929706337,2.5181043041488,3.15085303296736,3.01969028879077,3.50301252485939,2.92304244443747,NA,3.65163336283111,3.0635768696052,3.07210053452769,2.84160973068353,2.54954289756174,2.89481026620009,3.13727041068334,2.77688876984314,2.86346193710846,3.39938463285322,2.94606348324479,2.85069704310564,3.36328175349358,3.32721642123133,3.30059415538022,2.91918593901379,3.28941162167678,3.12459623107108,3.29859251973474,3.43814050248374,2.64523121240091,3.40279599266004,2.78059662576681,3.18635145213906,NA,3.70530005143967,3.11755708007756,3.42920991326655,3.6527938815414,4.7071002909296,4.48908231020192,3.64680618774971,3.38346675612494,4.43957071313524,4.82528928647806,5.07352061748377,NA,4.08017205239591,3.16819412421858,4.47145187785388,3.298465145944,3.36824718979765,2.92510759387341,3.19951737758716,2.94216630321717,3.06246353007103,3.16381966323531,3.42979412188119,3.59042724530799,3.79672013446421,3.11402332866706,3.69880859309975,3.48558246203677,3.99990888586137,2.71618438936719,3.03423699077237,2.98959937009396,3.52599858122073,3.93797911246619,3.79070080518491,2.67953173931587,2.81074108567626,3.05250030998269,3.14762602641314,3.13421424303482,2.93626339357848,2.90815763587351,2.76299828553581,3.34997830023743,3.12600650661341,2.88807012604514,2.79703341117837,3.28965636648247,3.05331298812929,3.36762942609203,3.85986860464355,3.61437476534742,3.71732370835505,3.12977940702936,3.73402674136168,3.72562628965776,3.35708705049717,3.02961937064648,NA,2.67748250447196,3.02801628846398,3.24332820837537,3.18568378948856,3.2366740235274,3.23116870141609,NA,3.90145113079184,3.97112955877994,3.68784780851588,3.49558208668941,3.74400778010892,3.71770590551285,3.5212798755416,3.03806573102058,3.12154131083637,3.14737316251792,3.2096898649225,3.69132374676898,3.41878439453451,2.92393037440769,2.53227311011871,NA,2.7000825463781,NA,3.55172679952553,3.60421185473776,2.86389866295479,2.91660872119674,3.64158251514578,3.47145497214034,3.30309514536116,3.07489129823097,2.67560489683588,2.79609360963962,2.49215595526836,2.97957715329631,2.71652622290281,3.09319313138678,3.2487565866642,2.98965418965311,3.2147657309826,2.91178894573008,3.43050611743886,3.53700553607388,2.81233750649261,2.91318358418144,3.32284935428181,2.87272108209813,2.16748303243691,3.10348124301527,NA,2.61628798038684,NA,5.12391605067788,3.90115228609647,5.22268727311619,5.5898953110456,2.68875434089852,4.32885899538113,NA,2.87386112616088,4.10513709387193,2.80340337231645,2.71709278789474,NA,NA,NA,3.01227738139987,2.98728767861199,2.34949339667962,2.59430376633872,NA,2.315728606867,3.05276983580921,2.39189213641415,2.70307388893255,2.37625289166892,2.60480096307784,2.93136705966985,2.56879761566951,3.59168975484455,4.47897565309655,2.81923291751509,2.95647203036599,2.89391575314262,NA,2.2630498818973,3.47042302408436,2.41342522811857,NA,2.20250271886033,2.66587729373098,2.71758160062341,2.70706352597295,3.10245843396048,NA,NA,2.79928687479714,3.17058991672995,3.15752085453627,3.07457243561039,2.99266040932791,3.39503972860729,3.0851675490609,2.64403690536686,2.9435743438388,2.78303410845771,2.62124162045857,2.78569826464,2.87660161382571,3.01611579682005,3.45844307386304,2.78347732056192,2.66724973200391,2.96119800692972,3.1503408291233,3.29733987568405,3.12432349246509,3.19140153560857,3.92082693589776,3.25320307176486,3.44162564549945,3.45320146314206,3.23551790716668,3.40560457085811,3.41244048612221,3.78246714123732,3.79500052117768,3.51247493296955,4.34892832246285,3.69951776533194,2.92704247930927,3.15693121667998,3.06145313709173,NA,4.29094454038904,3.65592128735428,4.27468487940955,3.10223526007693,2.75902069920239,NA,3.0826067803656,2.61185384930308,2.50215132102875,3.54814015382827,3.65139220921976,3.44990491548353,2.37712401874618,NA,3.44267006992324,3.61656465056009,3.32485076961516,5.15295702546976,3.12254638058593,3.03612558603157,4.24863293462047,3.10201165292023,4.62934119726414,3.87835328593708,2.12088310802199,3.36030901914858,2.85917818822516,2.64471881572517,2.58272123779502,2.87147116844028,3.8640937893981,3.33341512822896,3.2796703145383,3.65264099304001,3.43438470566441,3.5266427958914,3.05718850938723,2.10089831359915,2.07274136684353,2.14140819820143,2.1196117231034,2.2069338616044,2.06627630886579,2.25181799155476,2.51567377835281,NA,2.44480054580166,2.54743479373161,4.44081872981973,2.7254198184772,2.54146513994799,2.58046148691627,2.82398704176799,2.60741193080383,NA,2.67032926730805,3.22592588842638,NA,2.91711608050932,3.16802840537403,3.04977928596542,2.8236466102793,2.86789163939347,3.09343017669108,3.15054344616475,2.89022943290005,2.72713512787639,3.78453975057731,3.36370509757654,3.15324020604248,3.41812016187505,3.59585227713291,3.43731767824921,3.69455377837941,3.79448707152208,4.00757425687177,3.82124231299705,3.29750491397435,NA,3.06279869975254,3.77083514626029,3.57979273990942,4.44170874840557,5.31120009913179,3.61771479680866,4.36332384895998,4.25846000930576,NA,3.29276316944726,3.82157341714484,3.80596237148225,3.5843149523939,2.92093686940971,NA,4.19453725251064,3.83763395730865,NA,3.6978076302214,3.37740195077606,3.28541968575488,4.10883287732918,3.44693893665203,4.06244581911798,3.28757630455563,2.64079880151902,3.38054248669341,3.55937516285711,2.86272693728798,2.90016642629586,2.62633672725428,2.43435630892485,2.63704478473992,2.06279320960478,3.13406598565453,2.23586882800145,2.26320883969876,3.70638952439692,4.04312913243274,3.70469457727537,3.7312883292191,3.07943795078313,3.29772728983261,2.06993240055963,2.79684634167346,2.2247644069476,1.47121167367302,2.20899268651734,1.43037508965828,1.2015677379589,1.18771124626068,0,1.46912290242547,1.5408238722746,1.80995899005922,1.80262687837099,1.71192888958852,NA,1.62019722141516,1.79404349627994,2.18359323983004,2.16240034070492,1.77664028060826,1.72346779393848
NA,NA,2.45321968919662,NA,2.68645486374482,2.46804526804965,2.19648256237609,3.27123628571939,3.56710191596225,3.02766147234416,3.90697505592683,4.04437652991558,2.36954831517537,3.25512131862822,NA,2.92263288958384,3.65231687033192,3.06480306663034,3.63545993154184,3.86685086934246,3.16999247184437,3.63593991584552,4.1813630068311,2.77297172510721,3.31614462636743,3.23325864323439,NA,3.13864868400038,2.90857958100572,3.34146805217507,2.36820341753944,2.82340003190976,2.88558738292478,2.91873654539919,2.74969877173846,NA,NA,2.62074421092523,2.96427616782931,3.13878418185607,2.83535796877922,2.56121309986471,2.76355939501963,3.19128503230281,3.42023521117665,3.05333670591996,4.59024529960658,3.35630743032361,NA,3.56072480005022,4.78493052526831,4.03406024454374,3.87745503197031,5.77102174509239,7.4531525793861,7.97152381342947,5.22416422789253,6.48040110838804,5.18363073004741,5.24379755008603,5.86671886924205,5.86181040912894,5.00932092502408,4.40496794355066,4.92009904265424,4.3443474050224,5.33399467546455,3.61494165328363,4.17595896760712,2.83617156432394,3.23999660185776,3.08578949347434,2.09026599942655,2.65968750943777,2.27947278366944,2.22669680612642,2.21915469079908,2.78184087676266,2.59088264027552,2.43826525463556,NA,2.00437280658681,2.16706761844913,NA,2.48914554312828,2.65098800305058,2.42372174703192,2.04062323741788,2.10035918005016,1.89602077042769,2.32951167545492,2.03213040933681,NA,2.49618428015021,2.14755248040132,2.18109078114265,3.12426328434619,2.92286526585556,2.71706984248704,2.65520160697154,3.11197837583091,2.68240307568888,2.76654619785565,2.72364405246581,NA,NA,3.16944585865304,3.78464917073306,3.99077082078606,3.84989589315775,2.78576713929831,3.76749669986844,3.55994187414789,4.14150707106612,3.063804921858,3.52266106383602,3.46216484777685,2.93264775393912,3.48354984863706,3.84104268217968,NA,3.26265942108359,3.12531349612652,3.04978282544593,3.36501524339613,2.59220181042321,3.386974958741,3.09237146448772,3.24260363357268,NA,3.67512211005946,3.94142763223355,4.27892306863879,3.57239347278505,3.15031821617002,5.3726588799649,4.37716446097039,2.96528498810046,NA,NA,3.03582701432767,2.94380356800665,3.24117264668324,NA,3.57874771561715,3.93441592414596,3.9273191809232,3.42625253171607,3.75552172312095,3.86573196675866,4.035244278941,2.87060220663108,4.7812240664109,4.00551527049099,6.28633809939588,5.26296728848829,4.07261733426848,4.33094621228339,3.41461318970251,3.1083200837606,3.52661861265256,3.15494173484643,3.36956091244372,2.89882451007063,3.05055938915923,2.93306324482041,3.14721062852565,NA,2.88143466908052,2.62072487241159,2.87739516780598,NA,2.55495725767138,2.81322887873023,2.53727329482622,2.97331592587341,NA,2.63872663163362,2.51280963078226,2.93206192763423,2.95724370165057,3.34020661776385,2.66721831626364,NA,3.38982308949596,2.74532692108862,2.85531291421584,2.53845169011502,2.19547329097085,2.60704290988539,2.82669083796497,2.5465315474224,2.57599136613087,2.96464438189912,2.58537140503592,2.62790687718373,3.09535940872269,3.24871882174848,3.15359627698506,2.95893217751574,3.3502145496798,3.15728863354674,3.39595875009379,3.56273892803304,2.73008181725335,3.53266959256815,2.80478264259396,2.93079361534901,NA,3.8301894379084,3.23129775414851,3.62046243614387,3.84793551851035,4.920845466598,4.76304616921982,3.79743564955531,3.58550030227032,4.77666610727453,5.20223732678844,5.35582699747617,NA,4.32223645365234,3.34118326758645,4.68943468729848,3.58405166004181,3.65133991841616,3.22681967129407,3.59057380988059,3.42204352394743,3.36369629796149,3.45814125026704,3.72006915510439,3.82828781166672,4.14670214892532,2.97753563713268,3.87579208063829,3.77728132029316,3.98708734207595,2.668610627119,3.24604618428493,3.24167583876912,3.56407288698437,4.35575685945939,4.12640341087774,2.80818343329676,2.60055501336603,3.15175417609459,3.34175482614187,3.44976323474503,3.17801894874952,3.14832881704815,2.73838118771478,3.577117739226,3.33465722126303,3.07941698124585,3.09605248519308,3.51069675666909,3.22160819629793,3.45314476238222,3.95816968381023,3.39563132659353,3.40432599486748,2.93313840026298,3.51947635399776,3.5322704037547,2.91325097312578,2.79039831510139,NA,2.39078372567603,2.68957555748672,2.8561843630373,2.70766526055031,2.76964743642461,2.91283799227781,NA,3.79946510791342,3.91039125127389,3.57068479870204,3.28072659589553,3.47616349537571,3.57827644842113,3.39688849539541,2.76898870296579,2.83427612932536,2.73230691487477,2.76366173938256,3.525517947648,3.39723907102145,2.94422626680513,2.39834289121146,NA,2.66387117780946,NA,3.59185787173298,3.67259020544753,2.80344521153278,2.84672509593775,3.72618617407664,3.5667988961829,3.26628671552568,3.20226557954415,2.85561632179175,3.04937723681052,2.69660119427761,2.9999326827722,2.77907973042249,3.2960933256258,3.52405200666997,3.16937948776583,3.41976511605154,3.14420608675807,3.71345669494812,3.73568184275261,3.20408963603041,3.36519570544534,3.74701451154187,3.19597840007948,2.49258937843545,3.37528530625406,NA,3.01556837980916,NA,5.70114441093181,4.47267608628542,5.70736583561709,6.12001279300838,2.99939449518828,4.7712785975369,NA,2.92145728658967,4.2435746394563,3.19784923760275,3.12855449789224,NA,NA,NA,3.51807887632993,3.29167170478227,2.73063476008808,2.90117399435281,NA,2.60284757315093,3.54689770011845,2.73131633281765,3.01712078696077,2.73904308384831,2.995615926216,3.27506022150423,2.92880722551158,4.02685010898982,4.65205214298568,3.07626255566717,3.25465242854734,3.237026625835,NA,2.58632395965174,3.70950063713778,2.61837166917109,NA,2.10672857687606,2.65646734743774,2.56419715569197,2.43064207991622,2.69816096298848,NA,NA,2.33314668057632,2.62109373910829,2.57035484177396,2.55062131349154,2.40007334865712,3.11839079346101,2.6796926946897,2.35868489426344,2.52208529811775,2.31491361304224,2.03732350274657,2.38022520348586,2.54667763173286,2.91021029241161,3.37800292701202,2.88835398604777,2.68949478219748,3.06591393508991,3.19957352163445,3.34110437441244,3.15929379509144,3.24982651217726,3.85439906384772,3.15451679175855,3.36840022419685,3.52433574298041,3.29711686773602,3.53713744059262,3.49060431310878,3.8684938776113,3.97944745911564,3.55556795461538,4.52472416447161,3.98788968135203,3.15120910920022,3.38366885900927,3.31050372824492,NA,4.45180887727477,3.99735405558911,4.56997461343821,3.26812084974518,3.0170790602498,NA,3.56765214961312,3.05586203904752,2.96769999619475,4.04061887554147,4.15889814362712,3.92488235527606,2.63801014625397,NA,3.85732334806964,4.03355117374346,3.70572216134403,5.68212481908841,3.61541687184412,3.44211533845118,4.72514946906263,3.55464644575809,5.14812049487921,4.33767189383619,2.28505093051668,3.67572493154617,3.1344138999337,3.04021374058758,3.01298649491398,3.46470875092012,4.40717909061363,3.81652470883623,3.72802291688066,4.1176641689042,3.95468530068109,3.84375614273379,3.37266420597037,2.25431199787271,2.29254008021263,2.51016071636549,2.16840763607739,1.98165036985392,2.12155586491456,1.95988265076883,2.30386091414154,NA,2.0787062920358,2.1751053287517,4.85662423289638,2.21076567930826,2.10459438947196,2.15981463135156,2.5267549818349,2.00068272805136,NA,2.32735487981139,2.90883945888855,NA,2.46898330215976,2.71242188468838,2.6078356663362,2.49559640546284,2.50642075040837,2.96570418458597,3.00785247181631,2.66260236591745,2.52025643305789,3.66147342737196,3.20996538165285,3.0144537984101,3.3267402769724,3.51172020711043,3.42672947040896,3.685114641932,3.77346182046819,4.01984480807562,3.76333600591169,3.18769566969344,NA,2.68596041821311,3.69362988084147,3.60441150809744,4.55018453072227,5.39163987510918,3.69674329780002,4.50026791880869,4.49034369115716,NA,3.39596856612888,3.94023928187279,3.85070216769425,3.69440657016295,3.0382509888225,NA,4.42581031770357,4.00990344704643,NA,3.82261935097326,3.58892884254063,3.41136836575436,4.23169557473969,3.59492716155453,4.26050172951614,3.5066320850834,2.76410180659105,3.48686038122614,3.7769326871662,3.20343581713146,3.25793810759023,3.16664243111871,3.02702449403567,3.25074101778312,2.27318388754649,3.46914546749992,2.77687188934138,2.7508371612014,4.01009205768089,4.306300427101,4.15387064432086,4.17825593043258,3.50594883285672,3.69953894687309,2.65427462543285,3.39864969227893,2.82547291094432,2.04207817660048,2.68464286633998,2.00875495010454,1.86850222609857,2.05936815245411,1.46912290242547,0,1.42116781103755,1.90383616359166,1.66471702749813,1.61273138541335,NA,1.68381418762586,1.82180869688604,2.1094794262775,2.08011620434992,1.87235010647468,1.6611075137854
NA,NA,2.71498176538427,NA,2.82299278432791,2.73445069879091,2.42181049667682,3.27895859075977,3.72396608156587,2.98568559761209,3.63305369103586,3.82770047800769,2.60518949415703,3.24005149563886,NA,3.01307304250792,3.29147695199141,2.90131838882331,3.52236570267435,3.61846663929123,2.93455342007616,3.59644691502717,3.85642384541264,2.46182465623276,2.90552546450747,2.9238111663198,NA,2.94492901785394,2.62537264378365,3.00343555441843,2.10333194842925,2.55290892082366,2.65453052185912,2.53685656290063,2.473450721733,NA,NA,2.15366633546349,2.72523992697144,2.88357047074389,2.54495813139128,2.29276919659851,2.36467677102153,3.01671946530004,2.9729883051352,2.88016207774681,4.36767854601932,3.29566426649734,NA,3.62559869042558,4.68683608887108,3.72697273730336,3.7346475179747,5.60441903792848,7.29199824607913,7.8063051464336,5.09716843428887,6.27423592744168,4.96190713793745,5.0878592316286,5.69866237246772,5.69731564880167,4.88998224691548,4.27892099084117,4.74566052015469,4.3322620282698,5.42380686431683,3.78186797923705,4.21829883089194,3.00956590015998,3.52778436225933,3.45952120624348,2.20526231654052,2.87251385641631,2.41048987080011,2.44090663528927,2.42220692035031,2.91256762675855,2.68822679238659,2.58814953303217,NA,2.17163820410709,2.4448582240171,NA,2.80295419676188,2.89011189550113,2.79197753688823,1.99620808138933,2.41835007946785,2.13339018296489,2.70633834948305,2.47733886655683,NA,2.64970240194354,2.42264825068978,2.03468822485095,3.47270588000392,3.33614935053503,3.02704635763213,3.04431707291767,3.0325000654312,2.89512383490636,2.53305811449493,2.54758223574664,NA,NA,3.25750707956931,3.48148819886798,3.56002474969425,3.55635644479854,2.3496041518166,3.47151814642959,3.37227140320801,3.66652721432927,2.72525477411313,3.02593739677457,3.21783997365422,2.55837447986233,3.02314025019649,3.47499675761255,NA,3.21642801251673,3.12644430024091,3.14845146046074,3.65359774570959,2.5361456249877,3.22896039942501,2.85352479957444,2.97970074700911,NA,3.19305911072418,3.47815339519295,4.07938590491581,3.16776990449348,2.84516291607208,4.94816493081638,3.91636198095301,2.78673788852577,NA,NA,2.82056433855265,2.61326130225047,3.30909127126219,NA,3.46525229583463,3.83641760749125,3.9276584379145,3.47969462085022,3.67142457372335,3.80984661390867,3.98432618989329,2.61436410157082,4.33141677638875,3.97914943698082,6.09172384958718,5.08203072328206,3.96119203504514,4.38751163050043,3.42991867802157,3.14415868045079,3.74156237290993,3.31634379792532,3.50597245739541,3.11659245495351,3.18841341294885,3.15435822582276,3.27716806210774,NA,3.14657151613089,2.73413852237001,2.8448091095227,NA,2.73580711026229,2.97641531425417,2.53507085341616,3.14825257947777,NA,2.75950833627128,2.68677695438247,3.24665143571421,3.09387356374905,3.63889888084583,2.88890735724587,NA,3.37491126166607,2.87675170438038,3.18828343357301,2.86263149655079,2.37556169273195,2.70395089438581,2.91826152192952,2.78440517833611,2.90066138879469,3.32593078431062,2.74843755013935,2.66864136610287,3.29075942732591,3.41719366648597,3.312638903764,3.04604969538011,3.41084686574501,2.9560027109989,3.39672191557397,3.51671000929715,2.5853810525343,3.60708287341584,2.82220197392274,2.90749105212092,NA,3.45064701801494,2.79569794394539,3.12012377367572,3.31590525610345,4.4903987568491,4.26663262004178,3.40732079150267,3.14750713678709,4.28616995564452,4.70436882650466,4.98879640400324,NA,3.96372592862937,2.95078828230535,4.43333345021794,3.36559244570487,3.56462976104186,3.1730542094307,3.38387837808458,3.25061565272735,3.33294531587306,3.45471441935795,3.7441742377883,3.85710440113585,4.1038714720879,3.000378791526,3.87654483260439,3.76790201105662,3.82890391234342,2.71155697573356,3.27265588155219,3.08942228908231,3.89759671212228,4.45324103546351,4.16551098850173,2.71901844340798,2.81541196059342,3.26441871417827,3.4865141095175,3.4981390353537,3.29697143287504,3.32095750050368,2.98740805378448,3.61002502644163,3.28412141626836,3.2339045879694,3.1947188149655,3.75592893413574,3.38224691205908,3.72305625856899,4.17529255522594,3.64682917099678,3.79414308372025,3.2655070934573,3.84251761150179,3.66209387795021,3.12018320656358,2.72464679456531,NA,2.47847119259098,3.0069354415552,3.29425640637122,3.04499451818748,2.99075846012917,2.91845343182728,NA,3.831282902067,3.92140792052446,3.58652361545264,3.2947113720601,3.47282526583132,3.53678352864027,3.53156343899534,2.87079964623186,2.95757336033243,2.74781406016079,2.72046281625259,3.51041797974991,3.24243425055256,2.60771283040321,2.32610998979377,NA,2.16979611532573,NA,3.20895962309766,3.45488733376345,2.36928047692474,2.19412700871197,3.21987588314962,3.16980527411329,3.035554381111,2.95226786119426,2.51392950113516,2.77520929672165,2.36563136338191,2.94045044908258,2.51796980004412,3.08053943179865,3.23858356662208,3.03616109332491,3.02467241438243,2.79890535213245,3.63299050848236,3.71359226786952,2.98715177768611,3.081496941717,3.38658583752754,2.8777893450354,2.21085435343184,3.27917475772648,NA,2.73425040593824,NA,5.35907624715088,4.28497964600424,5.53507396986124,5.87942061079585,2.84647658833986,4.66948483851691,NA,2.59704945767851,3.79627478767883,2.8476382989336,2.85641537137944,NA,NA,NA,3.22606413212899,3.25739314638066,2.72961244387405,2.80059932129745,NA,2.42709865850077,3.25833251421249,2.51778726367342,2.98643022562567,2.9247684269614,2.80635100629189,3.00902489387903,2.6625147824612,3.69222527906829,4.59589328345105,2.84847431191386,3.249984545648,3.12985567583066,NA,2.42424710567152,3.72153225073559,2.74109537507825,NA,2.08964796772067,2.46033020016057,2.30768693756608,2.36040944844267,2.70323926759649,NA,NA,2.32934374025838,2.64777501222499,2.62782298919785,2.7129475119049,2.583711034075,3.45678191807581,2.91412892805898,2.49367348216711,3.05650220630472,2.67973658270627,2.33953205595894,2.63312644706647,2.52894818973702,2.56743596770338,3.35320015424354,2.63285673285568,2.23402828746664,2.49439473077734,2.55662368526127,2.70112242273407,2.49914567444364,2.63393086881794,3.26360783484355,2.68024851554646,2.77220617385182,2.90815462187412,2.60133980635003,2.84849338430871,2.86931626814861,3.23323051994852,3.41084373923922,2.99596925939771,4.11045213187243,3.69397376632861,2.82321555141121,3.08072144321013,2.81702677848195,NA,4.03572697702018,3.49903981428975,4.15672083043425,2.96715247914564,2.91802467997528,NA,3.30104665576182,2.7260371002328,2.558118901085,3.77495739883627,3.82438554935956,3.63829304366427,2.27312830192561,NA,3.64975817848295,3.73281752870816,3.58696155404504,5.45793914559748,3.30720040006686,3.2571702717505,4.46389635191933,3.34728878291296,4.96742584563399,4.1733740489069,1.96284298694444,3.59219673643258,3.05593065113389,2.79535897973013,2.85751906117789,3.33556449118733,4.07402468309641,3.49703462606817,3.26423851867122,3.60414070694178,3.57561830823657,3.35840326217148,2.90416097649393,2.30577727782534,2.10454208266963,2.25556261009247,2.32550542874801,2.31233387219504,1.92305634614266,1.96992713625077,2.47181507812056,NA,2.23141284306435,2.00680203000799,4.4047316545641,2.39793647270465,2.0198855812026,2.28269754575898,2.48278363730789,2.10374648758453,NA,2.21647346042278,2.87846484798519,NA,2.44698824268556,2.84075591110762,2.6353906244631,1.92642818719519,2.09130712856327,2.78589862339972,2.72496414181373,2.33643509534713,2.13293561143257,3.23463592082858,2.75972124519107,2.4876547199635,2.67016489779308,2.94938420729488,2.73413427158187,3.00782919219675,3.27525610419052,3.53171331613213,3.40435746523998,2.52743925455741,NA,2.65080357682816,2.92684525455005,3.07606080102476,4.1543176724414,4.94085508118689,3.31684456783732,3.99185462394442,4.09065398790329,NA,2.89526140687201,3.54932885241681,3.5252389332457,3.2361324004372,2.66702295295047,NA,4.01590582494848,3.62079907950046,NA,3.20809867755659,2.96160452503272,2.92062684903918,3.70613922022479,2.98728729316192,3.93017337174622,3.37144524039939,2.46310035674448,3.28951265919963,3.54448807471705,3.13617275063014,3.10452220977333,3.10514170010754,2.91999775544331,2.95047704523637,2.55892283228184,2.91185934758555,2.53855323395233,2.63988364264945,3.51354230577948,3.82204041869784,3.802944673538,3.67047541974335,3.03827021866445,3.14965512393355,2.14589299759209,3.16315541696158,2.67539154185066,1.79203733509486,2.12987263234592,1.67107621593598,1.94387825323645,2.09111457821995,1.5408238722746,1.42116781103755,0,1.37131830004194,2.11959961236337,1.49355622219734,NA,1.41283202329842,1.67688987561516,2.0143496162729,2.10197336972985,1.89407395665736,1.69047057224796
NA,NA,3.10619480828104,NA,3.35694404103563,3.30622843698602,2.95916201563555,3.89010666656071,4.15205602091311,3.33612110518815,4.1327799086286,4.15356937497058,2.90415705179355,3.62204989859374,NA,3.1097861375888,3.7596241970755,3.16833036560484,3.91463504578714,3.98923539854384,3.30359957514067,3.76630586732395,3.90464611010469,2.84851305892428,3.20727190326771,2.9016205639983,NA,3.06244996914237,2.98544263177187,3.42425282732033,2.58589279813694,2.97400647063823,3.02920976994946,3.07319259945466,2.83490811162231,NA,NA,2.61238612900556,3.06323917343971,3.21032426244883,2.96316642724997,2.63503156939237,2.79776875994716,3.37658864492038,3.4434469320659,3.12448990972427,4.83920925166926,3.40636910282209,NA,3.71673344043678,4.91710455757918,4.18796990666901,4.0918289976016,5.95424551178004,7.71441104719286,8.28851093296369,5.52930761145296,6.80082087590856,5.50787250881319,5.58621265684284,6.14655170391587,6.17166364138347,5.38204439721794,4.63855055789833,5.18767028106125,4.7429952595681,5.76115636895381,4.20300288456949,4.45319554573204,3.24340232008662,3.65506438040386,3.51477509797447,2.59767625102455,3.17056421645451,2.76321303643106,2.71150175603926,2.66986949039909,3.10620234556344,2.98813975518442,2.90380471972881,NA,2.60588140632038,2.70501780386277,NA,3.15077957182513,3.19211911713013,3.12576271064338,2.50928483389364,2.74723388451877,2.54511882250007,3.03952215327738,2.78879643091696,NA,2.98973241733571,2.79095131508504,2.52756030295569,3.770142367878,3.61309179730971,3.38644692441498,3.37966600644048,3.2272657607048,3.22224125073319,3.00445007219548,2.97300584389381,NA,NA,3.66146526978598,4.01710421195665,4.05989631084231,3.98978856661939,2.8248648722896,3.88292644914309,3.77639690014827,4.14718211821033,3.22929404352817,3.51885167014046,3.55757985389855,2.96994163707916,3.43527285140318,3.73776349236224,NA,3.42343440365637,3.12603773941495,3.12134881705047,3.62529486129986,2.86450160976064,3.34675375578713,2.97412446213852,3.21818668959701,NA,3.54176747391233,3.97553480389101,4.15123519238582,3.51741761923614,3.27727501814975,5.63446830386617,4.64693154916112,3.16899545646722,NA,NA,3.24252740294432,3.13938366728035,3.549977524786,NA,3.85176073553049,4.29084090015782,4.31271834978689,3.82547476567968,4.02934141237393,4.14220397912949,4.32996551437902,3.09531320699747,4.76668559671762,4.36512520183308,6.53617283971255,5.49656932760297,4.33011698376636,4.72266438713238,3.73883806382843,3.33942658460144,3.8843891391798,3.47055986238221,3.69665412130897,3.34090796304025,3.44004426897293,3.41531876380769,3.57897875546854,NA,3.15434997256859,2.99273390483366,3.11108109426812,NA,2.89729046736826,3.19200500206484,2.778165240092,3.23401499668218,NA,3.02005168884953,2.8025753892777,3.42172895846854,3.32783229123746,3.83934656516454,2.97423548414035,NA,3.56165988533748,3.05939719355768,3.33044457847525,3.14339665334192,2.66155565828215,2.80399855805372,3.08484252483767,2.96102269751722,3.1168305712102,3.59310847052003,2.85719405866137,2.78151545502167,3.34880801616107,3.26213812181695,3.24050473286234,2.83795440306306,3.290161605181,3.04793555118345,3.33172672680859,3.61512255318417,2.57484758359303,3.6767659282473,2.97240908141365,3.20384711843227,NA,3.78999799865214,3.28047549734023,3.49924502687692,3.7050241756774,4.96703166902504,4.80075826302715,3.89511918359259,3.67176942328597,4.90788671248543,5.37293576158911,5.53023281514943,NA,4.33780972237908,3.34726416119045,4.72471441573734,3.65315283418326,3.72195073891434,3.36533970828814,3.7565747043283,3.55067092980071,3.49586785373128,3.56514803687671,3.93690613340695,4.17110582012597,4.48487510900351,3.4127365458192,4.1092917161086,4.01684220229337,4.16297140619503,2.97575787996992,3.46208399543944,3.40835832098905,4.01137924470681,4.59739541761844,4.50232955914599,3.01505210039003,2.99682400471079,3.48947162552074,3.66653837855875,3.72887371711047,3.50679847133645,3.55617629580893,3.25788874918865,3.857159566709,3.63490669259607,3.41673917489382,3.25493135215154,3.75283603074489,3.5073372741778,3.86452885513035,4.24546985913258,3.9008162088586,4.01302628457896,3.42396183060167,4.08083200240164,3.95797098666017,3.3515414547452,3.02771797388503,NA,2.84139987533995,3.1017324377331,3.39142162949499,3.30679764471639,3.30376647481166,3.08801237354692,NA,3.70827989299324,3.87620358658825,3.62877143982365,3.33459573222446,3.52856894611208,3.60740634822352,3.39585614488443,3.04581117397771,3.24149176610979,3.06800957915082,3.10530200799457,3.71561185019944,3.46584274784823,2.93401432653843,2.63564405658197,NA,2.59964255801693,NA,3.53502461048541,3.70726227808399,2.76282651976487,2.69178635576645,3.73915996546222,3.70690540577264,3.42347135858159,3.32013606561425,2.89788479366139,3.09140958240579,2.75812817309469,3.28517382747892,2.96444959927873,3.45339700757393,3.60620113051307,3.26490583900453,3.38064148678485,3.13612183364256,3.75736192720532,3.92413725174635,3.28689964110177,3.53011785658285,3.8298620872583,3.22350954395447,2.64679887022086,3.49033965404803,NA,3.12970665285984,NA,5.74648992360297,4.50315562544512,5.83300976862187,6.24176408859222,3.13321481326689,4.87302157368508,NA,3.05435801936712,4.39037716437791,3.25145063766207,3.19256211653934,NA,NA,NA,3.55266690664579,3.38549692478335,2.756427455905,3.00325011974265,NA,2.86980961953945,3.55720865214557,2.87510820486061,3.30794649554463,3.10878144648367,3.2591701775206,3.53937189343473,3.22276162052429,4.20368853169061,5.04155232163256,3.41450441277819,3.65449388243092,3.58504096062117,NA,2.68094375670319,4.03571868743643,2.96522248239091,NA,2.32069506035474,2.76352839785737,2.56506796328289,2.38747111870738,2.74216645775677,NA,NA,2.55816285369429,2.66101182444009,2.71112547823913,2.79897451767975,2.87333678322551,3.59272211854078,3.08299247626764,2.83248428166679,3.24036537538689,3.04171266784831,2.71990987825142,2.90112058267867,3.00135936182919,2.80134427662119,3.13331050613106,2.72363800861187,2.54354134941536,2.95146357138395,3.09159958322288,3.26509514345086,3.1121402526304,3.30190556481859,3.87739860534004,3.28612585670312,3.40794184214595,3.47136629233112,3.23722513696128,3.51748084313776,3.50119130902692,3.88281174707083,3.78559184316274,3.58217077240827,4.50126910622847,4.03555803080888,3.40506548977986,3.62969055481783,3.60475156339109,NA,4.60710235788432,4.19599275127816,4.77593584964319,3.63884900940006,3.44157356304367,NA,3.73388034017569,3.11813621604235,2.98826962924927,4.09815891820807,4.38574862802968,4.0181591698901,2.75784504145308,NA,4.13457501173168,4.32833780404237,3.9289835512941,5.96574650550603,3.84535231873126,3.62122082608109,4.87231070362406,3.76433803991864,5.39705562339793,4.72950466936214,2.68500514492959,4.19036886194297,3.60373063224063,3.13058738054485,3.43738850539666,3.79885935802802,4.68093774161683,4.05471514180979,3.92212068127071,4.27973708604145,4.11804539019745,3.98121219385464,3.47685052958183,2.80678937867257,2.72749258303634,2.85625102079536,2.94740407737107,2.85562021802321,2.70097365856619,2.60011753082764,2.97361564130971,NA,2.64429445526326,2.56090288473055,5.06321308134795,2.83489054152078,2.57954377444824,2.70301350182479,2.94496784061558,2.51677983656367,NA,2.66064076628693,3.24574129542359,NA,2.84083128757964,3.1704182442291,2.95989219503489,2.36649026785109,2.4436458650311,3.00753418794551,3.11821821139226,2.85295047492685,2.67616355189889,3.74035627762933,3.29065025190832,3.07682586808003,3.38209501749014,3.55972539395826,3.35897132488347,3.61106133041247,3.87704156692516,4.113453376146,4.05884610477985,3.19480714147006,NA,3.06680911580846,3.724555959454,3.76462792474796,4.76584827174921,5.5691646342528,3.80973029281958,4.56640562702241,4.47074155705156,NA,3.42469722757913,3.92856129811933,3.85504896924009,3.73349438438617,3.05976242495989,NA,4.43124584129574,4.07329428485332,NA,3.8902446363188,3.57999020273956,3.58057521689883,4.37398685134197,3.64234566885997,4.35575100432953,3.79310446913748,3.10173955229633,3.82118547345317,4.02197173773343,3.40004705542024,3.58664678645418,3.4788801933347,3.2510440294371,3.34112763504283,2.58642369516966,3.28905847294293,2.62429512620915,2.40860923112872,4.15536667905417,4.47521451829153,4.26113653461005,4.14668668631566,3.51633458510848,3.74837335378083,2.52910668741915,3.55173520048952,2.93972638435117,2.28494226058059,2.80017423735278,2.28862047269113,2.4926089307272,2.28075700522068,1.80995899005922,1.90383616359166,1.37131830004194,0,2.15398999375602,1.4537781819934,NA,1.3587115321564,1.69949419062446,2.16112262182917,2.31715470973032,1.96051242205679,1.88421292525873
NA,NA,3.02473362004748,NA,2.66463280625219,2.98950175262088,2.62371554896278,4.00420258673424,4.32468848127292,3.25303865737114,4.37763978737372,4.45592049306951,2.04708977094988,3.56476557579997,NA,3.06037338300261,4.11123275085121,3.54107804607349,3.78301274310136,3.88643665079246,3.1942228777693,3.66336260990396,4.29788460521964,3.03893611670548,3.58221666163468,3.38371112018784,NA,3.27253109718484,3.22712291938849,3.6641959346865,2.79117284569249,3.20780835112481,3.13690304533772,3.26073854196273,2.8452133725464,NA,NA,2.80488091164644,3.14048235016912,3.32315244304193,3.05343258722245,2.6084217010581,2.92360216254745,3.23944645416296,3.55490699774226,2.88650846288165,4.68604227051199,3.32197794151831,NA,3.35139241922552,4.85378780757024,4.13945320429268,3.89965428620985,5.8242160215206,7.57745246117132,8.18429942106349,5.24352052936197,6.64017272443551,5.37497158539903,5.3597617569825,5.95899184107456,5.99963926958095,5.08390035360023,4.32517484941823,4.9737886103456,4.22354435278839,5.2607976862159,3.53897884341554,4.11007243894642,2.69040788671405,2.94557310760908,2.53780182773307,2.05109046685062,2.43853818744617,2.06929429408052,1.94647212908631,1.89583001671098,2.58739537580959,2.42267798207294,2.05150612368237,NA,1.89998222837035,1.82869382223738,NA,2.31001753866404,2.34176828288106,2.32811797527734,2.07513924799858,2.15440311279213,1.99977158626282,2.47557751777914,1.9893116162889,NA,2.79348113731368,1.9994271562284,2.21604975103382,2.52417984936476,2.37360117138535,2.8977874311125,2.84868779512421,3.48066177102516,2.55906484480913,2.80773747291682,3.04626243021427,NA,NA,3.34229494103893,4.29264430583776,4.34475491698022,4.03408443885718,2.89901900373791,3.95603384857879,3.76728888806047,4.53418102509977,3.21749608628801,3.86405936799279,3.63831919537331,3.09615912623305,3.77610244147982,4.01146898148466,NA,3.11774123690782,3.12260040599018,3.05973880939698,3.33576688712657,2.61201826323773,3.31805637890579,3.13949296971055,3.27885669583221,NA,3.76409719570243,4.05620495764216,4.1485687741049,3.6457943277712,3.1883110001168,5.75524424725697,4.71067417545013,2.87106697318195,NA,NA,2.93203323088472,2.98540417444868,2.69292964484732,NA,3.35533249595849,3.64556858786239,3.59550340052837,3.05960898246151,3.64110482379511,3.68646604190792,3.88888961421576,2.88670213691296,5.01479933124757,3.74851725230335,6.32780544795844,5.24370338740666,3.91613358676066,4.21180027310896,3.34481080432306,2.96703551387101,2.9864119472418,2.78568755578643,2.98674727567714,2.49927733980583,2.44373784679862,2.64981067734287,3.04485883324333,NA,2.22291394038706,2.32652351325202,2.47384062792891,NA,2.0960843759843,2.82612733096666,2.40079070551012,2.91963361561842,NA,2.39316548577077,2.14809841442434,2.78892584647683,2.98323109851547,3.18401750393034,2.53728685870544,NA,3.42628263284932,2.61963472018947,2.29837749667286,2.29068798958235,2.03904999159979,2.45159789694864,2.66179864214614,2.15584936451392,2.2296278874295,2.93382299449358,2.32243816986575,2.25027475867411,2.86115913132525,2.70549579994675,2.82148026416036,2.42252477954832,2.81397083041919,2.9291511515131,3.03732239418501,3.36840056808221,2.53035316464431,2.95066711036901,2.66479280704151,3.07138098418929,NA,3.76654786239214,3.25391362620058,3.66656654242758,4.02857918825401,5.03569870654076,4.92777428793733,3.82262551218049,3.59681296137086,4.95275488976473,5.39814219092409,5.4618408992834,NA,4.40114402229082,3.507371639656,4.60543234805819,3.44229140307918,3.32245409874095,2.90757883211,3.5176347947248,3.33750541676103,3.06103282540164,3.15361965882572,3.45119097950897,3.56453928371529,3.99120737916207,3.19099746151657,3.67254962360232,3.57314028161115,4.1648713933276,2.55199834372124,2.82247160499025,3.21016075579761,2.75851345270462,4.00675059552726,3.86458630262034,2.7147841772554,2.44344560124261,2.80538682142995,2.81762824382095,3.21440846096634,2.91218791520292,2.81224191314488,2.50602852691897,3.26209439811905,3.22976661871843,2.65948776736734,2.74379038894762,3.03096258525724,2.86861519800527,3.09765670444467,3.65654223446227,3.2845691051806,3.26866582718869,2.74082259881021,3.49898609800142,3.72623417617189,3.17180414242798,3.00937214803021,NA,2.48761978692353,2.33290955686621,2.45460123043493,2.75682286166674,3.03777755385683,3.18038650978957,NA,3.63844193953011,4.06034169300874,3.79051765842399,3.56751116019401,3.72961729962921,3.62768921843608,3.03205226622439,2.81716664347517,3.02093895852127,3.06992298696002,3.15826858128263,3.54833459045205,3.29728886802104,2.95635752140984,2.41424625095261,NA,2.73013193651219,NA,3.61335542891349,3.66424659032331,2.90132964347453,3.10472857498245,3.74579494244746,3.70957754107079,3.2683261529877,3.21002699031897,2.73571812488609,2.77895118880921,2.63903019440592,2.91097567169333,2.90871647488341,3.20722238961272,3.35889271568047,3.01439113317765,3.37194527106028,3.01939107046769,3.47469984984201,3.46936345328294,2.98245592716558,3.35702358501761,3.71777702063212,3.17423845216603,2.51380199386777,3.12370228850961,NA,3.22081928077877,NA,5.92348331871412,4.6713229586672,5.85700546144287,6.22664176303673,3.10249992471175,4.80254808084545,NA,3.44622103118595,4.67560758961847,3.32273467176381,3.2792135335576,NA,NA,NA,3.46282290980073,3.13604878134566,2.62726799958844,2.85390213116459,NA,2.76797033300604,3.63147869564541,2.79652612756281,3.05870469107607,2.47061031821631,3.01910434033453,3.54798176949781,3.08673950901415,4.25723378870008,4.61195634647167,3.54147464316903,3.20296632534468,3.29209273022575,NA,2.62234605527571,3.59656969912579,2.67141285577521,NA,2.1046365741024,2.80031401286887,2.54299723658841,2.43630856525303,2.69087167299236,NA,NA,2.58585750218686,2.87150061221999,2.84262643492129,2.78892543010616,2.74721781383495,2.70022246457587,2.60057706642427,2.45846018155908,2.08238485353868,2.41322632944911,2.42613764507607,2.28407475200696,2.8843627010552,3.18741981726092,3.31558930625949,2.93635417346644,3.01253362012954,3.28188949903109,3.56255912463388,3.64455434698037,3.46174356610678,3.59031344728608,4.20327296506325,3.43150405707574,3.66884224729242,3.77861788739709,3.57147905834714,3.83312220632173,3.72487272036205,4.08755339284448,3.86480055226343,3.74300392790567,4.57798801925074,3.94155509450296,3.28311401930292,3.46412208448442,3.62638231603974,NA,4.56954073509847,4.38670774260365,4.80388960345297,3.543657840229,3.20282940879775,NA,3.88348203214849,3.32710950714892,3.19272800954969,4.12119725349491,4.34947405713942,4.02123171402746,2.67616267977248,NA,3.84975441747938,4.2420452359797,3.6688385292244,5.9047967409038,3.8278487900783,3.47340685631322,4.8875982429265,3.56237114729269,5.28566462078709,4.46458172503362,2.62125413954271,3.58114979574934,2.95757744393381,3.19767660538315,3.08148383618815,3.58219378611429,4.65122295013889,3.96718998467414,4.0146356051529,4.51168080016823,4.16924255262369,4.10084504882559,3.61001755472134,1.96843770192131,2.46446883183315,2.65875028607021,2.434732173554,1.74422758127047,2.39957853938455,2.12992680538048,2.03540328894294,NA,2.16646929754605,2.49482601924035,5.27286575424914,2.492671648029,2.42569980054149,2.32014554914442,2.71702512719514,2.40845754771827,NA,2.63667404753482,3.17774398614991,NA,2.93018663280925,3.0031476392228,3.06004992448205,2.94806802024055,3.04097222406055,3.1876201310726,3.40167673275684,3.10089708932979,2.95179262855421,3.95069526363292,3.47805955539198,3.29179686757927,3.66497007151414,3.83975742545208,3.67689505285186,3.92669703568,4.00786531795998,4.2804686783229,4.2232960457327,3.47964171471018,NA,3.07336243370969,4.14325962330648,3.95722806647178,4.98267787651621,5.76611538127682,3.99823230923383,4.84624176092384,4.80161657725859,NA,3.66540291640931,4.2365142081339,4.12748175729279,3.88952069522054,3.22299985085686,NA,4.75788151959762,4.2999209016784,NA,4.2100976747396,3.81764498212471,3.66813050319453,4.53819389427814,3.86991201472903,4.50028444254852,3.56066773873482,3.0450825089296,3.71815230462441,4.04171212115368,3.37501559784089,3.46404394867409,3.37663909072108,3.23817044854231,3.52830732848662,1.63982081905557,3.86848313533816,3.02728823661698,2.48251036529698,4.29440622970905,4.62166501119315,4.38877989364689,4.36800609528319,3.62668103653847,4.11827359866895,2.98294367750593,3.56082465470125,2.99211166371363,2.28712563476095,3.22727897402142,2.38896237131735,1.9338213111597,2.10861471919833,1.80262687837099,1.66471702749813,2.11959961236337,2.15398999375602,0,1.52478133442288,NA,1.71982289963531,1.98001834167525,2.10404866439011,2.04246477555256,2.14247433506558,1.76871813232804
NA,NA,2.78016129825054,NA,2.71669443136529,2.87941132717469,2.51736773867582,3.7497081439887,4.09538399801708,3.27054103508974,4.17907705977571,4.32900836699307,2.42715089108886,3.40132804281366,NA,3.02679412578927,3.87380778304446,3.27974658333538,3.75671304711353,3.94900029060438,3.1953250615103,3.72293093198319,4.10726741265112,2.6674486022081,3.23572134820696,3.13091024516573,NA,2.98506315644491,2.83759851889061,3.34203473472751,2.49916573886854,2.83073620195747,2.75175695624552,2.81362711203105,2.62104355392533,NA,NA,2.43212928416521,2.91048092907413,3.17721882694701,2.80459466825962,2.53207498950108,2.64741899595923,3.13044661416771,3.39962410313271,3.01694899958485,4.66138402404646,3.40484782515725,NA,3.49055053660625,4.89743537020535,3.99929740613176,3.84122908505459,5.9459202995122,7.69575304246122,8.17265446126287,5.31728543742263,6.61238871461718,5.34095163218673,5.34349896871842,6.02753329711965,6.0552736658074,5.20755458044133,4.41816765375926,4.9938601793071,4.38711840944577,5.42233496998373,3.66440395910683,4.30516589651508,2.93850082851696,3.37703080824232,3.02612769496911,2.15205873034557,2.75231869012947,2.27804247944083,2.24203556051099,2.20253205405457,2.78084822133495,2.46425403136516,2.22384041770833,NA,1.97174657670388,2.11821905384322,NA,2.42249210255419,2.44668636412257,2.47110022663636,2.0290460683731,2.16049711492882,2.05785260088506,2.47786649303834,2.11776022705029,NA,2.57281203905259,2.07124008988979,2.13513987484649,2.97648371007104,2.86200304880038,2.93910413023955,2.79821442846417,3.13576066647271,2.63981499781969,2.65835550027333,2.74833620301883,NA,NA,3.20408905420374,3.86757924249226,3.97491211295595,3.77025697927497,2.74467096300098,3.5714861038939,3.41864490851056,4.266720323002,2.91379474832616,3.3073488117685,3.37699823779762,2.63990211369778,3.38820327452436,3.66174979812626,NA,3.12201228220111,3.11243074650121,2.99511806381482,3.352233656949,2.45557701775148,3.28935385436379,3.06852541032511,3.1048464463887,NA,3.68974925692686,3.9861929070794,4.29637045881593,3.54747657293517,3.15921825149806,5.59942701085803,4.46929363608018,2.82308713032229,NA,NA,2.73855192400657,2.76800651161678,2.94349255126634,NA,3.55898142942141,3.85964095594271,3.77729222670531,3.31640921652451,3.77429650371713,3.91252548594423,4.10096152666405,2.88188168841374,4.85466685385519,4.06473158811399,6.41767475549642,5.34184611211173,3.99609747563781,4.34497935381296,3.33066748285734,3.02149086283619,3.38179827934155,3.06255117515837,3.33876962787198,2.87448575130358,2.93941879152457,2.89447144972268,3.19340920108899,NA,2.83579025646029,2.59340407844924,2.70017078750156,NA,2.33010108206271,2.56832607094254,2.20502079477369,2.72880862226401,NA,2.46258809839099,2.36804071416202,2.98694441547272,2.94108237510168,3.35183403196819,2.63114077465267,NA,3.24708015864944,2.59545711354244,2.78861637870762,2.5958148423096,2.23903664392413,2.46283915690745,2.63285473636558,2.41685052231209,2.56156055974898,3.04231171189713,2.48549500309933,2.40418737962536,2.99331287410135,2.80172471967412,2.98023353696418,2.64761580222043,3.14089216036279,2.87480581081744,3.29372598606527,3.49317265568048,2.47829915969175,3.34480498837068,2.65351378039256,2.87242584267399,NA,3.63876285339948,3.00531867344307,3.36560245178378,3.55843332590375,4.79360181553919,4.62977348592846,3.5373781451943,3.2821641864598,4.68988754083505,5.15697651526737,5.30461822121346,NA,4.23363468204719,3.19225222819128,4.65477171793278,3.5500394121173,3.55317176841823,3.25765690047686,3.55431432732609,3.36135473882415,3.26082449951246,3.38904380975405,3.65677673100868,3.73197951225062,4.11043771366986,3.0056212175553,3.82609113990716,3.74153982392278,4.02932467962901,2.58067552917603,3.08764625382655,2.98986729584328,3.47310046572718,4.15106249657588,4.00979438684752,2.60659662806629,2.57908336384244,3.04162226531005,3.2678400412213,3.42665504104152,3.15548623095417,3.07031145761423,2.75655648049451,3.47357668661601,3.32777337536359,3.01534142187766,2.86068227546835,3.28049919727765,3.08844138715228,3.49367740378885,3.91240988299681,3.35569549634919,3.47964083172322,3.01133134405641,3.61556785276587,3.63153742318955,2.99381931009202,2.6832731857564,NA,2.20861452039229,2.68361394806209,2.85182730047286,2.75873628471963,2.87761764930062,2.88513871897441,NA,3.51931113322096,3.915113190481,3.67316252008598,3.28774174925709,3.47239537587561,3.45895650848314,3.24027432763879,2.81675791989684,2.9581305348209,2.85457330598243,2.72374479065391,3.33099996496255,3.17946235421039,2.7693618398719,2.28986115885538,NA,2.30357941162827,NA,3.36414411115585,3.57194230897062,2.59942386349484,2.57662674178437,3.49007321472401,3.43196132956532,3.12430072083119,3.10127666863684,2.63100656831012,2.80411363493329,2.44670544438674,2.81054308223695,2.61290793414185,3.17135355311629,3.43563369889609,3.09858613676833,3.09908102423727,2.76921680086124,3.5094650647363,3.63565337639125,3.15882365986288,3.44374390325326,3.67265232033263,3.05204354332427,2.40790979799934,3.27859056775745,NA,3.05101745964769,NA,5.82824669570541,4.55088404536011,5.88271498791188,6.18563608193101,2.90625969458172,4.82750236232482,NA,3.20118949401703,4.33147634029946,3.19778539301142,3.07065288153654,NA,NA,NA,3.41667228089677,3.02802712415274,2.49196004432323,2.82487948808822,NA,2.59692228612509,3.50466887858756,2.67333975824215,3.0143499166992,2.72889821005055,3.1264330149012,3.29637791152935,3.03304584612423,4.18833654825017,4.68738086460239,3.2394558140928,3.29240484156634,3.22020808991725,NA,2.31038703771525,3.8078513215252,2.52426052085217,NA,1.73808576998426,2.22836264422682,1.91080492569475,1.74580920538456,2.14335899295153,NA,NA,1.97281146257335,2.27389780307449,2.29502116120592,2.38738885275164,2.32413576724287,2.88013628264525,2.44495912750237,2.32907997632538,2.59122907672526,2.46470744120356,2.21256721711371,2.21407080491453,2.51494012336565,2.64628059233008,3.03250234034054,2.71777700955391,2.55040641009445,2.77714987738192,2.98075257904587,3.12186990063721,2.90008971096461,3.12554940255422,3.80143468423725,3.11281893964279,3.22158054863041,3.26760241907031,2.96940175749415,3.27349267684096,3.24691593323052,3.68832718070408,3.53957631505168,3.27956561542188,4.39635931404287,3.95321980190746,3.16447278312429,3.32840442171174,3.3868311999744,NA,4.28697365744975,4.04893457827231,4.57675509003441,3.42682205849639,3.20251943946752,NA,3.71052164183918,3.08744887143933,2.92782854745623,4.09183837865855,4.25302739487865,3.97454775957333,2.51212152841467,NA,3.92870073490233,4.12707717832758,3.73644984288614,5.95433627698245,3.70289607003068,3.47523141495306,4.83890212768311,3.64082115064224,5.32677725372886,4.61724726601867,2.40178675526338,3.72261553911489,3.22064234439363,3.03626053046278,3.12426132675864,3.50417593154084,4.51849706015157,3.88167284078487,3.85880008871873,4.2390293456309,3.97503631427622,3.72646824624889,3.3207721673589,2.15266267334715,2.15049021956197,2.33002615290604,2.25224725810825,1.99012355046594,2.04666998272258,1.80761917025343,2.05538789607841,NA,2.04182481636804,2.05578491367041,5.04840393596524,2.19013352021677,1.99801100335948,2.08790115152996,2.44016985392918,1.99858086053331,NA,2.16726945531046,2.72097696727002,NA,2.43298379577406,2.64710331641614,2.47818789636482,2.23173294642036,2.26836738793999,2.70418155103443,2.8750491424699,2.66636599103246,2.53673149090338,3.61671324318235,3.07202155328536,2.83251725193022,3.19551265471758,3.31571201238551,3.22221191416765,3.51486208673547,3.71632950065938,4.00060989179991,3.91814724582342,2.96222268350812,NA,2.61244738937468,3.56845356877604,3.6681261337134,4.72351081212436,5.46696788956086,3.70968130108605,4.50225801986118,4.47189772361888,NA,3.30266285458277,3.92015860696782,3.83716794707067,3.58327259232321,2.92913429246254,NA,4.499687749112,4.0756286890934,NA,3.79716311067201,3.48967439792236,3.42802536423866,4.306105023215,3.55514115803581,4.32812053247674,3.4525912159292,2.87064335104016,3.62611291364158,3.90172734668313,3.4119122704687,3.43229409117327,3.42741807004503,3.19572209841844,3.34555952674675,2.04483357703087,3.46867400946844,2.68261801780162,2.40592237662712,4.05290601708625,4.32812690883982,4.27217643719196,4.14557032904446,3.41708502701511,3.76213036713358,2.70672378726767,3.6319804570859,3.00463407701558,2.15883634944291,2.99443863840585,2.26281541224362,2.07319532804728,2.33857428118977,1.71192888958852,1.61273138541335,1.49355622219734,1.4537781819934,1.52478133442288,0,NA,0.841169695235166,1.30778350008362,1.5320706703592,1.5862723287239,1.84104167917135,1.5640991314204
NA,NA,NA,NA,NA,NA,NA,NA,NA,NA,NA,NA,NA,NA,NA,NA,NA,NA,NA,NA,NA,NA,NA,NA,NA,NA,NA,NA,NA,NA,NA,NA,NA,NA,NA,NA,NA,NA,NA,NA,NA,NA,NA,NA,NA,NA,NA,NA,NA,NA,NA,NA,NA,NA,NA,NA,NA,NA,NA,NA,NA,NA,NA,NA,NA,NA,NA,NA,NA,NA,NA,NA,NA,NA,NA,NA,NA,NA,NA,NA,NA,NA,NA,NA,NA,NA,NA,NA,NA,NA,NA,NA,NA,NA,NA,NA,NA,NA,NA,NA,NA,NA,NA,NA,NA,NA,NA,NA,NA,NA,NA,NA,NA,NA,NA,NA,NA,NA,NA,NA,NA,NA,NA,NA,NA,NA,NA,NA,NA,NA,NA,NA,NA,NA,NA,NA,NA,NA,NA,NA,NA,NA,NA,NA,NA,NA,NA,NA,NA,NA,NA,NA,NA,NA,NA,NA,NA,NA,NA,NA,NA,NA,NA,NA,NA,NA,NA,NA,NA,NA,NA,NA,NA,NA,NA,NA,NA,NA,NA,NA,NA,NA,NA,NA,NA,NA,NA,NA,NA,NA,NA,NA,NA,NA,NA,NA,NA,NA,NA,NA,NA,NA,NA,NA,NA,NA,NA,NA,NA,NA,NA,NA,NA,NA,NA,NA,NA,NA,NA,NA,NA,NA,NA,NA,NA,NA,NA,NA,NA,NA,NA,NA,NA,NA,NA,NA,NA,NA,NA,NA,NA,NA,NA,NA,NA,NA,NA,NA,NA,NA,NA,NA,NA,NA,NA,NA,NA,NA,NA,NA,NA,NA,NA,NA,NA,NA,NA,NA,NA,NA,NA,NA,NA,NA,NA,NA,NA,NA,NA,NA,NA,NA,NA,NA,NA,NA,NA,NA,NA,NA,NA,NA,NA,NA,NA,NA,NA,NA,NA,NA,NA,NA,NA,NA,NA,NA,NA,NA,NA,NA,NA,NA,NA,NA,NA,NA,NA,NA,NA,NA,NA,NA,NA,NA,NA,NA,NA,NA,NA,NA,NA,NA,NA,NA,NA,NA,NA,NA,NA,NA,NA,NA,NA,NA,NA,NA,NA,NA,NA,NA,NA,NA,NA,NA,NA,NA,NA,NA,NA,NA,NA,NA,NA,NA,NA,NA,NA,NA,NA,NA,NA,NA,NA,NA,NA,NA,NA,NA,NA,NA,NA,NA,NA,NA,NA,NA,NA,NA,NA,NA,NA,NA,NA,NA,NA,NA,NA,NA,NA,NA,NA,NA,NA,NA,NA,NA,NA,NA,NA,NA,NA,NA,NA,NA,NA,NA,NA,NA,NA,NA,NA,NA,NA,NA,NA,NA,NA,NA,NA,NA,NA,NA,NA,NA,NA,NA,NA,NA,NA,NA,NA,NA,NA,NA,NA,NA,NA,NA,NA,NA,NA,NA,NA,NA,NA,NA,NA,NA,NA,NA,NA,NA,NA,NA,NA,NA,NA,NA,NA,NA,NA,NA,NA,NA,NA,NA,NA,NA,NA,NA,NA,NA,NA,NA,NA,NA,NA,NA,NA,NA,NA,NA,NA,NA,NA,NA,NA,NA,NA,NA,NA,NA,NA,NA,NA,NA,NA,NA,NA,NA,NA,NA,NA,NA,NA,NA,NA,NA,NA,NA,NA,NA,NA,NA,NA,NA,NA,NA,NA,NA,NA,NA,NA,NA,NA,NA,NA,NA,NA,NA,0,NA,NA,NA,NA,NA,NA
NA,NA,2.85586299264126,NA,2.79319100959716,2.91484803227214,2.55922562574303,3.68332829504763,4.00665979717796,3.19827374718029,4.07419504291366,4.2263940112447,2.49945754062235,3.35001823345806,NA,2.89009160226662,3.72715553284437,3.22442661728852,3.58897686906306,3.73117469616329,3.04252233136035,3.58521999974878,3.92286684508844,2.55932364979694,3.04802016187684,2.90799762134105,NA,2.87257038379343,2.71627543540642,3.21273428496936,2.3959024345373,2.74218516893039,2.69001287209858,2.74970449864186,2.55117275607436,NA,NA,2.37280933391016,2.88159710368044,3.1166019204002,2.72848484056756,2.44885376282557,2.64236279519888,3.15474225571455,3.36087223761356,3.04195192709662,4.71493395099176,3.39990334444652,NA,3.56122792753599,4.91982911732184,4.05024928732084,3.90757580885262,5.99830972132818,7.74111867626976,8.21181884809098,5.36612091016458,6.6539861942868,5.36915037303762,5.42816048945989,6.09871473081957,6.1100022883169,5.25513024428545,4.49274949503468,5.01977352800697,4.50419166261784,5.53023634329282,3.81536279087232,4.35686821008753,3.03988021923593,3.47945077835894,3.22514891305555,2.2869485578571,2.78474021305747,2.33213089627516,2.37024576869486,2.36637837389803,2.91049535552094,2.60149411672786,2.34761406178832,NA,2.09144102795015,2.23663952120699,NA,2.61378797501126,2.66058921010616,2.55268663952048,2.03526304576552,2.40825266723856,2.10532003707055,2.63607631539219,2.23738803286285,NA,2.60570919451956,2.25295188317083,2.11624954385787,3.21176298385383,3.08386329395077,3.01365542611072,2.86840931410593,3.24822791506384,2.75288727572051,2.59150765659514,2.68589784312825,NA,NA,3.15759097145294,3.78419351505951,3.84900509736986,3.63392907231789,2.60912048089643,3.433164075682,3.31123910166491,4.15388996141114,2.81988142389114,3.20555140793117,3.25872306657266,2.5107381366437,3.22847664266048,3.52717579987768,NA,3.11188354502589,3.04949111982295,2.99814994004722,3.47166449641196,2.5481058905323,3.29727392926161,3.00484068659849,3.0632097229064,NA,3.53208709344427,3.8132593969849,4.19391327288838,3.47997444544656,3.11660012057368,5.54094170453079,4.45822588780288,2.87204699472155,NA,NA,2.79845869858375,2.83932749130283,3.10213303207249,NA,3.63068379719104,3.99616381217773,3.92243220868012,3.4690449262887,3.84102706999891,3.99451059183322,4.22539849943198,2.92626737538225,4.79326889011234,4.14691153424951,6.47862186920339,5.42220390898561,4.08153715769929,4.45330580784303,3.41221530486131,3.10084434123813,3.52592156356459,3.2137753082241,3.4256491208636,2.95293722812126,3.00997109485875,3.04652623446791,3.26816499452518,NA,3.01614682716867,2.75594089489362,2.82119010793015,NA,2.48826147594638,2.71017402495636,2.24211572152229,2.84186101703052,NA,2.48029286157595,2.30347531507945,2.9332386046399,2.80319215467791,3.31613154089914,2.65415094509303,NA,3.15168344135884,2.74563500457161,2.90663571046835,2.70543570388341,2.33001327664845,2.55011932020519,2.75797458809427,2.5589805915918,2.71232170312118,3.15255783179115,2.58675401781977,2.50673286119683,3.10257607386458,2.87483148623516,3.03097904083252,2.6317158347321,3.14968999996628,2.82508068367541,3.21604209894876,3.40726311739339,2.35088748807163,3.35725977652348,2.5317297635421,2.75680646220253,NA,3.53087271941869,2.88437308910476,3.11898450526068,3.30436739880562,4.66389270054928,4.53734084260642,3.52213331133644,3.26466868679434,4.71147174615208,5.10886155946513,5.19700198563962,NA,4.22684683863612,3.1595142395224,4.68211715762498,3.58428152103373,3.62799626571633,3.33955401779379,3.64502485819376,3.42449640449987,3.36952064341479,3.4537678499148,3.74281669827655,3.89553927202607,4.21728322834218,3.10376319446126,3.88015324956832,3.77769107066524,4.0284583654136,2.68873046474577,3.24291296536775,3.07387755166733,3.66983409443992,4.34005967213723,4.21873810929938,2.68367069511235,2.77315971491472,3.20620242285704,3.43669405617649,3.54474521505498,3.31281282273733,3.21690922680959,2.8502675945038,3.5773110213598,3.34690814719318,3.0941982204024,2.99855222048289,3.4629171581368,3.20396432814463,3.59182949620124,3.9710162948745,3.45168225875845,3.5811851516608,3.13527357134945,3.69440946446156,3.68833054147298,3.03094395204628,2.69752614061319,NA,2.26235654283583,2.79117202252408,2.98309327013615,2.84894625214259,2.87059864109203,2.88649824837766,NA,3.46392819651593,3.72897922061602,3.47296461577073,3.09610532082528,3.30867955323405,3.30854490088153,3.21716718251534,2.66487661386657,2.84154124236247,2.73630820841797,2.66148370833596,3.23756394179478,3.11834213454511,2.61556033446078,2.15100386305549,NA,2.21310027347993,NA,3.2700507056966,3.47341365926693,2.47031548186206,2.50302187529571,3.38663091359228,3.3103084368623,3.07509196020124,3.07063880909608,2.59281878708522,2.78496777207627,2.38220948507536,2.87662626383154,2.60181735315484,3.1628164670944,3.39120383687306,3.09386400115127,3.16548411419801,2.7577067915327,3.52435351636211,3.70297366950769,3.14133609492554,3.37374676738496,3.63634190585986,3.02273520661316,2.42558161963278,3.33288881430443,NA,2.98718700703796,NA,5.81373588014309,4.54976957896939,5.91858552655981,6.2083466359287,2.9588005087129,4.85361606656096,NA,3.04203510177361,4.19728324967608,3.16688277246773,3.0713219869236,NA,NA,NA,3.40059204936655,3.05361168128958,2.57225955151457,2.79005107087378,NA,2.53851876244111,3.48287556039189,2.68874035780208,3.09215790853126,2.85918825283743,3.12066067407156,3.30935250784589,3.03622846711192,4.17253241199778,4.75120163461088,3.24718683459192,3.26681986555632,3.10671546549644,NA,2.28852156792142,3.69656217862941,2.60108551639937,NA,1.80369360174537,2.13875491041756,1.93856086225166,1.81413254105903,2.19486273597852,NA,NA,1.96040694048207,2.38131040995969,2.33321571746297,2.31405459423916,2.32787283857564,3.00569889862899,2.46476916025115,2.26139588452829,2.67182743506815,2.48003278158972,2.18052772257696,2.24674262539501,2.52817647726795,2.65973883745307,2.94914082924486,2.54592608356453,2.28127516814625,2.57853114903309,2.76612120423963,2.9047418768312,2.71042022798499,2.91616431792011,3.6604042970103,2.94906644450848,3.06994391761772,3.10473092030547,2.80758507833402,3.13024055926758,3.14035091644495,3.53662161049115,3.39413110654856,3.16198053714141,4.23693501087729,3.77538721867758,3.08534787028258,3.20964065129415,3.2888414452601,NA,4.22973422905934,4.014030914211,4.5541741898685,3.40281203769617,3.20769701567144,NA,3.67266453732029,3.05274719758381,2.89223917412109,4.07007299813173,4.19222239263261,3.96840756928292,2.5195867851994,NA,3.99354198485394,4.14730565594542,3.85045703821544,5.88704595594228,3.66410648843977,3.58760285396282,4.88060454681221,3.68038922063284,5.37080432695108,4.60752296012496,2.33304961171878,3.84781795784528,3.36362791753021,3.16097356749354,3.17881201213182,3.54256029686845,4.45982261111132,3.86502806209023,3.82528821127828,4.13372955171742,3.88112542561765,3.67839453744102,3.24925561845292,2.29576876101441,2.20099493005639,2.41476455043091,2.31545331490229,2.13246469994421,2.09231314046098,1.88408576035763,2.24257325807275,NA,2.09086398756485,2.01964986777655,4.94700897652931,2.17778388364379,2.01646045642755,2.14230278791046,2.41717435498822,1.9979294869645,NA,2.11701171012824,2.62511551340312,NA,2.27206938501129,2.53634824822783,2.33004927258134,2.19898104168863,2.107888855312,2.59863960263484,2.70459614826989,2.50895011123817,2.35451967866591,3.45507127074184,2.91868504483858,2.67946966167476,3.06625758431409,3.20352436911658,3.1030162587981,3.40763073778222,3.58376084438296,3.86876930833881,3.74723525052786,2.86096783557915,NA,2.45006961871593,3.43817074630951,3.52921020663249,4.51816289144985,5.29039271975441,3.53572523984737,4.31974115184422,4.2565071601414,NA,3.16486151709352,3.78062066383733,3.68700954278574,3.48309561516762,2.82155259064007,NA,4.33525896242706,3.9101803117595,NA,3.69265213006425,3.38503792143788,3.32992263465796,4.16926367774758,3.44601470698636,4.21499085919141,3.50203719923148,2.86600436566412,3.61646904512283,3.87892553950346,3.33469410714275,3.43272952686283,3.39609319189923,3.16458099369127,3.23979752638394,2.13166049861361,3.22202749214862,2.50682038181086,2.37007348443342,3.93560133100102,4.19612630464059,4.17832450891168,4.09319378534582,3.37622967432813,3.70270411302238,2.52186386055954,3.56049377450181,2.97023297675226,2.11088914752388,2.85786893846109,2.20269327826751,2.04268871833042,2.21478447695806,1.62019722141516,1.68381418762586,1.41283202329842,1.3587115321564,1.71982289963531,0.841169695235166,NA,0,0.823578147898231,1.28776950055599,1.44986214357117,1.69575101635025,1.40836015571544
NA,NA,3.02117532550928,NA,2.92516480718615,2.95015761564989,2.58138912475438,3.72500913445968,4.07734196602741,3.33585508000931,4.25735216112145,4.4329528452167,2.66195320327664,3.43419610169881,NA,2.98150051184026,3.897729530922,3.39113509419125,3.6981654478663,3.88523618682909,3.14990086892207,3.72463037569533,4.15674394613888,2.64779280954057,3.2058685600927,3.15837490760774,NA,3.00767054583675,2.80330299947017,3.34521327292769,2.46555096090902,2.80399125878021,2.72714130199118,2.83192659408721,2.66862705375659,NA,NA,2.46856646081486,2.97861949669567,3.20279495993514,2.80988880254026,2.50572219933712,2.76322143079602,3.28819637384374,3.54436551574743,3.24987963024237,4.86464203500664,3.56471015282272,NA,3.7410331301763,5.08165650323715,4.2156257451035,4.06246417509153,6.16025498527717,7.87331699400596,8.28794480866684,5.55498316337025,6.79658761092068,5.57318341185259,5.58088180780219,6.2645534818149,6.2608817425505,5.40599913587734,4.73477917272498,5.21235551285717,4.71029310537906,5.66293864239035,3.917089966827,4.53419026943829,3.21501788103708,3.58656192865458,3.4636613752216,2.50221525015954,2.94428557120009,2.52837654446033,2.62681169439027,2.66541656658305,3.11584322262506,2.77517054277341,2.58154790295452,NA,2.30292140117212,2.49337254432205,NA,2.84014613563555,2.95111811583873,2.7059516219021,2.2172540575346,2.62364306828998,2.25209690890513,2.72837983975539,2.34045049705595,NA,2.71258103835332,2.45812270377427,2.26917393161892,3.41374980362283,3.2958116582009,3.055883224862,2.82568112645608,3.46818322353677,2.91620309419184,2.69978044911956,2.80859595160279,NA,NA,3.05031355985429,3.86532748477832,3.9597966133868,3.70106083252487,2.74751540958485,3.4485344853311,3.27896416875855,4.2666654876126,2.95810952214748,3.32767894615081,3.37901427976896,2.59698098390026,3.37258270846119,3.66010005754658,NA,3.25594294084299,3.21448698954825,3.09794421429905,3.52544860468471,2.67547976167952,3.47794537336409,3.16352061599284,3.13227474981494,NA,3.71217737968628,3.96297176148648,4.31320502012483,3.63285047187787,3.31502994579105,5.66329103156027,4.63153716429553,3.01147213687256,NA,NA,2.90453643475974,3.02063915398788,3.2774681162527,NA,3.83233397180145,4.20835323698551,4.08055301753715,3.6152562421554,3.93842061617718,4.09503224951332,4.35198074720267,3.11057914898337,5.02138017912534,4.35961841760287,6.61252457988483,5.57518884206922,4.23242701561004,4.52502985204294,3.45322971645036,3.20970021285732,3.65183133510503,3.3246071896261,3.51137468926893,3.04451741897162,3.12363954338916,3.12598033698064,3.35470215006854,NA,3.24903275200073,3.00152212037623,3.02508675253704,NA,2.61278995840683,2.70761017337946,2.31535234393939,2.91834746055363,NA,2.48533123415522,2.27169513317776,2.82610160037598,2.6204728606115,3.23200805208307,2.6459426170553,NA,3.03913318232366,2.81306867028903,3.05208500008413,2.77611215367934,2.42646641346133,2.64009007146486,2.86283617863803,2.70651054573307,2.82258205218115,3.19648516752992,2.7203215122366,2.6686881689096,3.17451991036201,2.9982145738955,3.11148219468355,2.76142921733497,3.28808875983462,2.97774727234661,3.32933463629629,3.49431466305859,2.43760719193908,3.51347714964553,2.52194089642046,2.78494884319014,NA,3.69729956511421,3.06959534560988,3.24340719342049,3.36806328897863,4.88409691040202,4.79025488384615,3.76698046289868,3.52878380171244,4.89567260762132,5.31143064278229,5.34473850442469,NA,4.40258550132443,3.313008217173,4.9083962800533,3.74041830421943,3.7919651964541,3.49939129103232,3.7860269707685,3.53253501704236,3.45232372129388,3.53378441004285,3.82355388980871,3.9811343743887,4.29460415806654,3.16927376477225,3.88754637904049,3.82552770933098,4.01423118918143,2.79837807459047,3.37260275780723,3.1278840880984,3.82407708659543,4.53184643169407,4.4130104433888,2.65735356608169,2.80691609858128,3.27628592149522,3.59259791857658,3.65544636086695,3.41039116699848,3.31975127488703,2.87925841986021,3.64164043568581,3.35369374590619,3.14477117561931,3.08666858297882,3.59018241773961,3.31499211037099,3.63641332775168,4.07163559757205,3.4286368134267,3.578929065175,3.24733868604072,3.68406340509725,3.6914382276637,3.04524065878316,2.77430467128748,NA,2.30287072551985,2.79975986714312,3.09707646122058,2.78547703687272,2.80651114200688,2.89391326840241,NA,3.36008692619896,3.52230376216564,3.23451349770708,2.84666029961907,3.08039856765108,3.18608169011121,3.24277812194718,2.48815660031163,2.69569601388368,2.53672817940551,2.52237640935998,3.15222104990926,3.12926009198123,2.67027308685601,2.09362115580639,NA,2.31865205977309,NA,3.39686128809724,3.49325668010039,2.52604023323544,2.63963740597126,3.57276575009788,3.4929801099193,3.16745287707028,3.13265605957793,2.72353136935487,2.92992979819834,2.55111561956135,2.96768300680712,2.74651440969599,3.34032450168474,3.57286227181717,3.17834437368307,3.34242482919817,2.88037643569825,3.58969314708971,3.83486610673306,3.29046805561131,3.51946808272056,3.77869119423418,3.16717582550035,2.60895343196471,3.46150349784823,NA,3.18989752910779,NA,5.97093191195838,4.71371506829689,6.08679668414386,6.37916563555998,3.15552600698102,5.01330262113245,NA,3.29860307074749,4.41428387741544,3.44740352477831,3.27976875211823,NA,NA,NA,3.59789423517923,3.35721314889901,2.86760502895956,2.97873814243143,NA,2.61739211058019,3.65811640126428,2.88960849763753,3.26962296810047,3.01248766895204,3.30445645989807,3.47059646224478,3.28171689275891,4.35321161205296,4.98039953355737,3.37776924472772,3.43291108890129,3.20201650614632,NA,2.37554537736939,3.81886875478599,2.63057215982164,NA,1.91338354105896,2.11730191476792,2.1349712120208,1.91044116043995,2.20023707660871,NA,NA,1.91839365444851,2.29711194538693,2.15519699205373,2.11845248986036,2.25240116078722,3.09837788775361,2.42339836760517,2.24608729182239,2.66491985409756,2.44424210608546,2.17306658873174,2.22541129933278,2.71596553524926,2.89924995696895,3.04717382954629,2.72771292695171,2.34199666616983,2.71034390803213,2.900848187663,3.02182675528815,2.86163796591413,3.07985234246482,3.90313004679301,3.14273723972833,3.31537188020293,3.30995609242144,2.97394782346666,3.33995743868783,3.3969113102399,3.75619900556995,3.61081099196262,3.4082131084854,4.49013224197337,3.99112193471125,3.27425099150086,3.38162065090703,3.49821813533651,NA,4.48923347855079,4.25206702415409,4.77643606184776,3.65290541183551,3.42568099110019,NA,3.89633266559738,3.31095456476996,3.16299151809984,4.29612422495123,4.38186338257252,4.19034050532673,2.75222306444446,NA,4.22373204328204,4.37783415559786,4.14645067864906,6.02353905094446,3.81882034260536,3.88340139533662,5.11039801747933,3.97340820420509,5.56233431377044,4.8322396026744,2.57736704474376,4.14638460173392,3.6767994973885,3.52723791697784,3.48682906069438,3.7417004529669,4.63368152613695,4.08755200732911,4.08826399874819,4.33439651406639,4.00029527338225,3.79062960166346,3.38692457735915,2.54800738114531,2.41528140345013,2.60133227820477,2.29703032662143,2.26458023755024,2.19787625745512,1.9046482512253,2.38262029235142,NA,2.11871275514952,2.02572774344411,5.09002694350092,2.20337962779517,2.16401865625527,2.14314721611716,2.47154855065669,1.97210526472201,NA,2.11921581308957,2.54984127125584,NA,2.13733883455611,2.3289934075104,2.16354450394795,2.33637497420026,2.08357096282413,2.55924510128339,2.66207277103192,2.48403546337711,2.3530088280459,3.60566080385366,3.01543872763028,2.8680396174654,3.28262751696122,3.3621253799465,3.38857345105065,3.6796455432883,3.83953775083248,4.1038800209869,3.83404537235385,3.06664894216503,NA,2.38652341147803,3.64628292766916,3.73601269122066,4.66855939884279,5.43401224353224,3.7272118022118,4.50164571258075,4.49495629663597,NA,3.39768773895698,3.99518526215256,3.96171023540567,3.7469236379169,3.10750072251651,NA,4.53047054399993,4.14632110188431,NA,3.95608545671336,3.66122387167793,3.57974079912982,4.39162462719654,3.71323283077103,4.50417996336728,3.72775982679547,3.14759176882356,3.88483351321166,4.14305238037334,3.59605525487195,3.69135155015237,3.63017868822752,3.38066370460569,3.43959439209687,2.39405961016768,3.47226757310452,2.77286076848466,2.75611450286141,4.17557947241621,4.45843802226744,4.4375491262438,4.3065631934682,3.59149996884697,3.94715831324817,2.80310120194038,3.74479732036664,3.14802174552119,2.33978493849913,3.02218238468189,2.38774089269597,2.14512946155793,2.37394196364713,1.79404349627994,1.82180869688604,1.67688987561516,1.69949419062446,1.98001834167525,1.30778350008362,NA,0.823578147898231,0,0.897802757781094,1.09789292137928,1.76228770319924,1.54980071330294
NA,NA,3.34204523254344,NA,2.95972533023379,3.24672997230106,2.69960374045923,4.03832813849055,4.44703199254984,3.6222847351804,4.62518410102453,4.80534666077068,2.70804739687688,3.72492296966186,NA,3.32066110907929,4.28844560043362,3.80445688183344,3.92034503670151,4.10949943798217,3.34890150300546,4.09295102776506,4.502894363731,2.72295063571893,3.44314214561104,3.51912041104285,NA,3.28569017926884,3.00187722669668,3.58265914245379,2.73529646239469,2.95023188380903,2.82597458499461,2.99221430901967,2.85666902468332,NA,NA,2.62379047186939,3.13529921610534,3.34035894743767,3.02730759675241,2.70056955224386,2.91137941085861,3.49594373398224,3.76108527135602,3.45439947357503,5.04242756609144,3.76297961225726,NA,3.85811284189402,5.29711481748517,4.34905846726408,4.13708979544713,6.2463493382575,7.97261118279759,8.40036628238488,5.69223019320671,6.88707450456653,5.68217374938963,5.68275611659761,6.35997884922094,6.36058420393879,5.5175194988249,4.81035828246614,5.28527190055951,4.7257106002846,5.71379861613941,3.9575698578497,4.66291487372493,3.28202690105648,3.65680773520156,3.47520197736362,2.59427557578584,3.09946058839308,2.60693083056686,2.68400932627083,2.69492353190898,3.24965974875663,2.82728258851747,2.60245242184462,NA,2.33342800333183,2.65401562305788,NA,2.86025871528267,2.9067697655599,2.76635748753131,2.30818486350124,2.76153499377782,2.40631015065194,2.85995818206979,2.40131472781823,NA,2.82495340023204,2.46149878628508,2.35723314218577,3.4132501518822,3.27260344434761,3.10635529061329,2.74698115520484,3.69295357510761,2.96864664902869,2.79740901731404,2.97340519154601,NA,NA,2.90128857914594,4.08483675527048,4.12851007484684,3.76436415112386,2.89649042018856,3.42030876189388,3.23484794510212,4.4199607323206,3.00238080585257,3.48571122116047,3.46982249607219,2.61343684847186,3.56499818711184,3.89722183817531,NA,3.38857797271778,3.55747911242971,3.32442121261181,3.6331071994918,2.76689693465026,3.68933469283829,3.38617840293335,3.238972668466,NA,3.91186515727387,4.17292948699225,4.46440116898397,3.83864272885103,3.47143895406513,5.8248523993175,4.78600570200306,3.18082679384291,NA,NA,2.93578269438021,3.11464907011474,3.23697615688213,NA,3.901764790216,4.25360509985579,4.09041308682881,3.61209508556424,3.97042866644675,4.16730682109162,4.4279142185063,3.18452222458435,5.24579173591319,4.43053899369722,6.68282801853681,5.67770278744595,4.28694843542465,4.58641470602101,3.47043951451925,3.20946708575773,3.57381967069364,3.29169159403432,3.55713566593467,2.99652191432965,3.08302199367361,3.04777154194131,3.27871014383043,NA,3.24572950288972,2.97778055626868,3.09205490646171,NA,2.61188401593603,2.52179540318588,2.19235101507454,2.83162392650503,NA,2.44633734913945,2.24385170191157,2.67577489748984,2.52336028926201,3.08968436896638,2.48701885133325,NA,3.0054759685559,2.82118561573144,2.98848442846538,2.66634874971909,2.41864478275018,2.59615259640122,2.81768549571192,2.66325969618085,2.75284362878735,3.13012869507591,2.66527913933898,2.72277110797131,3.14214355582542,2.95054255999816,3.1540906312672,2.83395087171108,3.34546459029111,3.08166742513246,3.47119459912394,3.63527140271669,2.46291412629724,3.53908377077041,2.55015378427822,2.70133267706762,NA,3.77477472647495,3.17038859555654,3.41645454410289,3.49397387250634,5.03913070729494,4.95014887168499,3.85055511961757,3.61963722773965,5.02038443747901,5.48435056847653,5.5368118426419,NA,4.49554856021785,3.42368520431138,4.98182084100185,3.84258663967633,3.83820537093772,3.58264696850604,3.88598003985898,3.65731440932244,3.52677203442851,3.58930878700285,3.88984443330047,4.06918019624679,4.38541881208169,3.16230694962856,3.95733083967678,3.92386764883823,4.05493875751006,2.88132461059116,3.42306222057317,3.21764876344246,3.75773893452986,4.59756343282727,4.40390532470695,2.66050890736822,2.79355674883314,3.25857811824782,3.62884194570956,3.67410913021598,3.41030897580923,3.24184351929692,2.8266779540169,3.65859578174413,3.38322881597143,3.15570969333339,3.13420326258887,3.58464766460824,3.3846062854582,3.66767003344532,4.18107017469676,3.39701186831037,3.48201151480105,3.22479328685318,3.6228842575886,3.65347549908637,3.01708787318481,2.72413419750197,NA,2.27434154751522,2.71750901442265,3.10425606894456,2.73732206295681,2.74320298317621,2.85699604985046,NA,3.25575787067924,3.49754490730058,3.2294354371179,2.74976807407592,2.99936379703529,3.08341636870549,3.25594566280294,2.44621735647749,2.66916204975465,2.51916040926637,2.45073536766921,3.03405548132686,3.08507053553515,2.74213791813994,2.08882290699468,NA,2.38814028513785,NA,3.54444158093639,3.60605193671455,2.58617507553943,2.78032729059576,3.75733949767756,3.70265099763414,3.29729381257735,3.31498436098896,2.8073512163315,2.99136315161983,2.68600487068608,2.98054629081643,2.85087435154191,3.41862107250587,3.67321881347951,3.36270963145496,3.53231908248799,2.98645992047907,3.81031560868869,3.96164717447201,3.4146354794593,3.72263313492692,3.90248534308627,3.35217265315711,2.7699461855053,3.57073625957357,NA,3.47241945215311,NA,6.14710819536389,5.00200575354728,6.25546780968268,6.52261756947289,3.34125187597511,5.15088376325537,NA,3.72484879417171,4.73703404693541,3.69268910593688,3.51740212857616,NA,NA,NA,3.77356739701295,3.57011814472041,3.10085022916673,3.18853093242944,NA,2.85767369064365,3.92589799394097,3.08843430640557,3.46333500875857,3.12448996486585,3.45617590902477,3.58349135602711,3.45552041886378,4.55243252601079,5.06254970687065,3.62868345252457,3.59106358292399,3.33272233977129,NA,2.46430553213298,4.01550876955332,2.7351902594204,NA,2.002579178093,2.0001286686584,2.12354683504564,1.88075332496424,2.05427952348795,NA,NA,1.92758360353071,2.29057121155723,2.14758094258035,2.00708432953479,2.19050577020964,2.9856158064771,2.22922489475222,2.17076008039,2.57772680176528,2.40102572287584,2.18976968427144,2.20411600364912,2.78438234766153,3.09130515936359,3.11706172542254,3.05449667438977,2.57011948877211,2.87280049174483,3.06316919948037,3.18459743720739,3.02240064384628,3.25532573353387,4.09086675346501,3.33716236859184,3.4919560733649,3.52571470798647,3.16979533115253,3.57385414281613,3.55608238837439,3.99052388835824,3.73123667030077,3.53428928925383,4.75577564283064,4.25516743513071,3.42484733906639,3.54616894297742,3.65504437675971,NA,4.61308902327721,4.4454828862189,4.92632885546587,3.86477150339678,3.63851693456759,NA,4.14256637331788,3.59886988430126,3.4559881508007,4.53532655146774,4.57777765441425,4.38597251009221,2.93357431685072,NA,4.36473342156276,4.54046778622686,4.26971781934812,6.23441107778587,4.07323351679708,4.04290402018935,5.2601857545118,4.10702543712252,5.70958278832363,4.98160022297135,2.79010466085243,4.19760904502936,3.74608875481598,3.70609308321931,3.62231665401127,3.92357356650622,4.77883056548558,4.21168103318304,4.27778172012072,4.5984981725084,4.16267744175728,3.78508969458568,3.43495364005534,2.50217950062861,2.41748129609243,2.64918864882734,2.34492866538547,2.17699328377044,2.25976379713051,1.81909793394636,2.25707201136869,NA,2.03904883891189,2.0108384218296,5.32224383786026,2.07661597944084,2.11231270960358,2.08668522767431,2.53022835292266,1.84891686910563,NA,1.9986104708619,2.35649021336789,NA,2.01565486279865,2.08206531717821,1.9722762299212,2.45693728975779,2.03087131104496,2.46857584454248,2.67524515771831,2.48091350669518,2.3345115745828,3.70890220595941,3.04351167553745,2.92926064542966,3.44936026166963,3.49274664109214,3.55202913489199,3.84786098351607,4.03554879153547,4.34966545989124,4.12822585792089,3.18664095845992,NA,2.27761973632757,3.82827760558505,3.9350675224594,4.97946029277283,5.69595892174335,4.07926117816849,4.84859688526429,4.94099542750487,NA,3.66649737374579,4.25014449222607,4.31131638219754,3.99441127570742,3.33873736842264,NA,4.84123499199669,4.41819636840406,NA,4.20931015712922,3.88680172079043,3.79033579788211,4.63996490973592,3.94995944736826,4.81793569013563,3.92933037515273,3.40967548353154,4.11670247152097,4.44153643163129,3.99199481310642,4.00333794470637,4.00282804666977,3.74842137537174,3.81519320471933,2.55835466251154,3.93760350723086,3.31051198227218,3.06456213731079,4.40583124202794,4.70754519577234,4.68765121556585,4.49335056234448,3.75914675859154,4.21136534623621,3.21727511942282,4.05596932313863,3.42177245281997,2.59251408577807,3.32684523008371,2.66038783877647,2.34625584842473,2.71859021725823,2.18359323983004,2.1094794262775,2.0143496162729,2.16112262182917,2.10404866439011,1.5320706703592,NA,1.28776950055599,0.897802757781094,0,0.69110619469617,1.99952045840925,1.71043754201473
NA,NA,3.31184049961374,NA,2.88725444263,3.13833894012249,2.63684723842369,3.94302118316989,4.37347932594968,3.59449408161154,4.65404361798865,4.80251791523169,2.60248447064087,3.68865029514355,NA,3.33653716513793,4.30905349815592,3.80583493250431,3.9903242262774,4.18932955076806,3.4283118584739,4.12311484836782,4.50600997808797,2.81887760218727,3.52289463432134,3.64206660050584,NA,3.34164029565315,3.07070891824642,3.60267879496986,2.79844513261851,2.99842056985108,2.88603968406729,3.08094659059502,2.96181146669137,NA,NA,2.74709178051586,3.19583744733415,3.40042050210225,3.07725563087728,2.80736034082692,2.99876320833579,3.52255239583044,3.84551649413188,3.51403385675479,5.08388501073917,3.81916253017998,NA,3.82916044897106,5.27692101569323,4.41449296706208,4.20095165324377,6.29562799129842,8.0089712463845,8.41331104216558,5.74640857675206,6.92873593087069,5.70674366430753,5.67847921604931,6.36549275736651,6.37326362396343,5.51761449447402,4.84790596781517,5.2944080381618,4.67138608849723,5.60263657669439,3.87884932681849,4.65712043983536,3.26658354992035,3.60423512296906,3.38817102210823,2.60265611383039,3.08419741108739,2.58896834064181,2.6697337939304,2.67906365632277,3.22494827518227,2.77073202626263,2.5778716004874,NA,2.32304350960402,2.59220783035701,NA,2.81293792857283,2.88965091917686,2.76204898301652,2.33623715932109,2.71624356859634,2.41046778347224,2.85128542091476,2.32097685426066,NA,2.83433992629883,2.4132393779167,2.39002243430667,3.25774182002512,3.16464493659271,3.03815642201644,2.70785227672761,3.73778987048121,2.87897712444819,2.78737227181542,2.94654885868061,NA,NA,2.89852896302711,4.11441184024503,4.17667999499175,3.80492657504087,2.97005641008515,3.46773703964135,3.25866798094335,4.45909290106899,3.08049156752426,3.5243973572607,3.51195467973715,2.76814115532479,3.71485824871639,3.99543810903114,NA,3.4787817770515,3.64456066886923,3.43720965692107,3.66853330571177,2.81296883429144,3.76517187932439,3.46703924008905,3.30099223852303,NA,4.03280484190368,4.30965642700901,4.55468592826486,3.93398922535638,3.5580639300598,5.86873971487766,4.82488594266336,3.15545517202123,NA,NA,2.95361313051359,3.14067146776481,3.14512741442781,NA,3.81407483420499,4.17056070840077,4.01954850514803,3.52187776229148,3.93319964707434,4.12490731818336,4.37064528734031,3.1912544379176,5.33807905329869,4.44535025245737,6.72354071796695,5.70870272977885,4.35075464976221,4.58743788263685,3.49705122578599,3.26699060828124,3.58053630566397,3.2919766501704,3.55359665312593,2.9959670821004,3.03397814742403,3.01704929311109,3.3201919695459,NA,3.19004513064571,2.989899604857,3.0789117808327,NA,2.59921323318413,2.5594365937213,2.27652472518785,2.91899676147178,NA,2.4785357929039,2.22854607227723,2.68860207327797,2.57088486043466,3.06293996786607,2.54673941683567,NA,3.06333408208617,2.86160723443376,2.96732847739052,2.65511897334954,2.37160329449777,2.52406944455252,2.75525822163029,2.60388077798816,2.70362419408468,3.07576011362697,2.62959865232306,2.68774903978483,3.07654556354055,2.95208454396757,3.18772561570964,2.87674636509261,3.36242890471846,3.19857525156562,3.54165613448532,3.62346567638299,2.53986293833635,3.55837658737446,2.604165398679,2.8193360288162,NA,3.86905446665617,3.2134293664212,3.50525864634101,3.59842870509977,5.1451132194936,5.09505570871442,4.02810942827492,3.79564576872219,5.12571273641392,5.60335356294308,5.69561247819462,NA,4.60356985453812,3.57428759560736,5.08476601593819,3.92188389441495,3.90645896119689,3.61486541412863,3.93258588988844,3.66648413047583,3.55914866855954,3.62067868085638,3.91637578395982,4.03025663669368,4.36152938083229,3.21609670543395,3.92710361631359,3.91505774132273,4.0724068733684,2.93028295849187,3.3704044752495,3.2313121825901,3.72066124678331,4.55965146405909,4.37220875432784,2.6885415378509,2.82752619381623,3.27532980128875,3.57833240573806,3.67597178702006,3.3954660389986,3.21898848835522,2.86808729122649,3.66525425197237,3.42026301097678,3.169576628723,3.13212351619922,3.52123027006187,3.38513840126,3.66317688868988,4.18911011366119,3.41501964429882,3.47818618719514,3.22083115792133,3.62340257173176,3.65879395689196,3.07992056495552,2.83227837554747,NA,2.30423649207489,2.68545153238488,3.09710865840409,2.73280853484269,2.79287139305131,2.9261216548813,NA,3.34839265420963,3.68184146747894,3.43925856661957,2.96798071248571,3.14164471306076,3.15825915294319,3.32583858228161,2.48429325941392,2.67625625876,2.55507127445468,2.48135940234148,3.06404834775194,3.19092271423672,2.86073012743926,2.21190273160813,NA,2.53785751369175,NA,3.65698381767021,3.71285063805939,2.7534964057836,2.91374998544961,3.87386593965785,3.79147760773349,3.35024444549935,3.4125270725638,2.91668271338479,3.09951342878226,2.82982012492223,3.02944138176717,2.93969076264069,3.51324682916506,3.79877996834849,3.41289270761012,3.59079994326362,3.0526669981293,3.80624692041351,3.95991962159458,3.46828811731471,3.79111813662575,3.94787475961516,3.41773349464731,2.81379503367029,3.59689250907626,NA,3.57810795952371,NA,6.17173255779908,4.96436550968375,6.25462833820122,6.50794085277544,3.37238991641171,5.16242180115234,NA,3.80578047108793,4.82306767429971,3.74230121893538,3.56759654861317,NA,NA,NA,3.84033734230074,3.58520230577662,3.13821632173098,3.23450931077012,NA,2.88209246188713,3.93315602649951,3.09957330143957,3.48485469686491,3.03227588438061,3.45251036138295,3.59513069611228,3.49883739878884,4.56160691075262,5.07595780820415,3.5955979917275,3.64330544578022,3.36037627460125,NA,2.47893393743471,4.08667955359186,2.65559742837905,NA,2.03181422353369,2.00662969142681,2.17666905538578,1.95480289317697,2.19240446659184,NA,NA,1.98138228194268,2.38694044510295,2.23607018639409,2.04098804926297,2.21001289773904,2.92127268761234,2.24763940835206,2.10922219697592,2.44924354660579,2.33331264521995,2.15950804514842,2.05525548000139,2.78859740038188,3.14165691387749,3.20377338516791,3.16377906901935,2.65116409547853,2.89841297426856,3.16280046690719,3.24340282677301,3.09154814772105,3.36301245459834,4.20677487157472,3.47950583440106,3.61976625716721,3.61977214905193,3.29571520091944,3.6963243817496,3.61905224661474,4.06757545016508,3.84060676385329,3.63648237082677,4.83859324639191,4.36158465997086,3.55217721262508,3.67060430499826,3.77534851262136,NA,4.76867845384858,4.50001753121934,5.00479961648343,3.94991870715705,3.64363796475687,NA,4.17206203014232,3.64645874729973,3.51383240994794,4.51830288240529,4.66045134194614,4.38560892384118,2.99086356408442,NA,4.37284106898523,4.55982071681438,4.26572812215547,6.25674370342937,4.07271807249358,4.05128023383766,5.28399510485924,4.10432192812779,5.71388367852846,4.99398041686009,2.86395644032341,4.16678562557082,3.67378380917942,3.74960608593569,3.63593985133985,3.91417495819927,4.80955569727012,4.23380457572449,4.28483587377018,4.67281100874056,4.19552292563638,3.76776479831389,3.43636497355888,2.37364293399359,2.32947498210229,2.62391853197952,2.33839575737386,2.10978435142048,2.23563641970252,1.77755710292939,2.16264223070198,NA,2.05137143876023,2.09118865173105,5.37726006232168,2.14522309117332,2.17624076254929,2.10098485195589,2.57256458608999,1.93058425224759,NA,2.1316693502626,2.45207470399236,NA,2.17022672666592,2.19200340649722,2.11403806080206,2.57867222947106,2.17192242642578,2.59931367194199,2.77571674890019,2.57576579713885,2.45674755044321,3.83402735529331,3.18515743812874,3.06821487542834,3.57271833729752,3.62381338417565,3.65443311200397,3.94627832596536,4.10776249994167,4.43446954124368,4.17924833197251,3.26861900141157,NA,2.35669422227092,3.88688818587385,3.99714579583319,5.04464270013867,5.78652939134969,4.17472274257318,4.9474454209511,5.06293895048991,NA,3.79967720357137,4.3160268422778,4.43121294009681,4.08841782064211,3.43746604777497,NA,4.8512433793542,4.47534970087091,NA,4.26626879599003,3.94702949830594,3.86910984621938,4.74084151841421,4.04205768867907,4.86986645287475,3.95650940871611,3.46893494508899,4.15527459537234,4.45981298103876,4.05050009575196,4.04516959485094,4.02873502037183,3.77461443579839,3.86869436915176,2.49145164632411,4.05677386068006,3.34844311754896,3.11939876347268,4.50458417169462,4.81666161951155,4.73721245627132,4.56374553287596,3.82762704309361,4.271324113425,3.30670017717532,4.09109417210184,3.39871198189438,2.60507909483576,3.36083588188939,2.7007401762588,2.28783299434273,2.75140793057933,2.16240034070492,2.08011620434992,2.10197336972985,2.31715470973032,2.04246477555256,1.5862723287239,NA,1.44986214357117,1.09789292137928,0.69110619469617,0,1.85833381907722,1.61896927340715
NA,NA,2.827235765865,NA,2.9846982317214,2.81361270261633,2.67405694310247,3.30988332187329,3.59641515565627,3.17471015571111,4.08552817588432,4.231810209106,2.52124559197418,3.4280263281305,NA,3.19886160807047,3.80452588841672,3.19022698232508,3.82903502456758,3.95040264619851,3.34695353220268,3.60534205073668,3.85261791282436,2.69531000644431,3.22869834040399,3.12287893814609,NA,2.99979605400496,2.94309021346354,3.28591790162816,2.65848609608524,3.05423354306577,3.06963880422528,3.15739532890207,2.90572713787826,NA,NA,2.77346602071102,3.18438138682939,3.35442941158575,2.9578086950094,2.7285395992643,2.90381407452856,3.43237825199442,3.67482823063572,3.39151773741318,4.94913521980962,3.76720355070998,NA,3.93912614861952,5.12558441592002,4.41703125768494,4.25782889267708,6.11208655809774,7.85379077999972,8.23363449656214,5.58404611472865,6.83376625827944,5.53441602064399,5.62707641973538,6.19879783162663,6.21889384574665,5.37835540418548,4.74811261900736,5.25638255215653,4.73711879399887,5.61296043093195,3.96800738885489,4.54182031320453,3.33094949533963,3.55709293452393,3.6131600474461,2.66102560556836,3.18574649236978,2.67157285423396,2.76057276529211,2.78054276852047,3.24339814844264,2.97076650271669,2.75325026674759,NA,2.50814495142395,2.55649706169374,NA,3.03327813738568,3.07212785705913,3.01350283969491,2.43873681968819,2.80730095575,2.51085025088685,3.09479238652958,2.58048644286144,NA,2.80689718327411,2.71390180210652,2.47516805897715,3.62713448123506,3.44693437640727,3.20748724507943,3.07977998858139,3.45531696308221,3.173721219484,2.98937862115448,3.02240037690381,NA,NA,3.3201208289022,3.97592461227737,4.11856202327101,4.00006564830417,2.87116646729672,3.68399572467682,3.62863988846573,4.12075610947291,3.2057688091857,3.54323087892879,3.44025900247527,3.06904696786084,3.46030579227414,3.85833595889619,NA,3.45697100586922,3.26311946180739,3.43753945123069,3.70193129230039,2.98239442283287,3.59621248466739,3.16511322138876,3.24342883924712,NA,3.63151103443917,4.06547701347625,4.20709823534257,3.61963347624748,3.3605185161082,5.67629195229925,4.67798814398249,3.13793325901637,NA,NA,3.35448394645975,3.34696840937039,3.51006152895847,NA,3.81600077294727,4.26011113677116,4.13820199580405,3.71024515253944,3.89260292562013,4.07640592794084,4.31722228101015,3.16985993108142,4.99077610962827,4.37651861100461,6.6166847005683,5.5644808639126,4.35582982427944,4.66748929811241,3.72699569355512,3.48780057712628,3.9311540112047,3.5874208387175,3.68299685919316,3.23673887484386,3.25334077447261,3.19015808968765,3.42987835642018,NA,3.27086055135631,3.08433264102698,3.22761593660357,NA,2.95350284766762,3.14631999476824,2.76554679255048,3.36437045368914,NA,2.99262173778411,2.63970023660573,3.11471179104392,3.08652129717874,3.53623113867858,2.91647866455463,NA,3.63539523385736,3.09877685520856,3.12262374166785,2.80888610682947,2.5190382502339,2.83868515548114,3.05849407268328,2.76676538066127,2.86872178500269,3.25197114648618,2.86632153926361,2.96710496629631,3.42377376341732,3.43334846350625,3.51933392534985,3.18831945873285,3.60682961670948,3.47429107928136,3.61758904729964,3.80660781722672,2.91958006676096,3.68444683189564,2.8568550557345,3.15099534633288,NA,3.95176256494242,3.35114320951438,3.72282133605844,3.95064023417865,5.08424913744903,5.00335166260559,3.93662966895515,3.7079266760437,5.06220236595982,5.48360817879957,5.63559701760236,NA,4.56597631830504,3.63418170405853,4.94569533194483,3.89114601375492,3.90910141748943,3.61434625416462,3.85790307762034,3.62452167174421,3.63454481206941,3.66290908469579,3.91208587601544,4.0319160477629,4.29312672580958,3.37432363720595,4.01414333139422,3.94510811412241,4.21430459493433,3.11366802839324,3.54947743409627,3.30331755282155,3.9312686492294,4.39251379051046,4.37587730355896,2.99657503054597,3.07476141990461,3.53733637674721,3.66553104085189,3.75873953606887,3.45735150515367,3.42827643702034,3.10258784711176,3.87619857001854,3.66072407706105,3.37725487283773,3.2732780554577,3.63340355833345,3.49863235873255,3.83339322251472,4.23924061809765,3.61118962000049,3.766222221963,3.34514532019633,3.7743406520121,3.92559614276364,3.44666196850514,3.21290765990617,NA,2.82297764778942,3.1636315446087,3.3758673140308,3.18429073122726,3.24357023551268,3.41724711782175,NA,4.1138466637213,4.29741431836666,3.9569388999682,3.63262105277366,3.73456377911498,3.66758746020776,3.63147709416648,2.92927419242465,3.10050731309746,2.91089656156279,3.07690146057739,3.6920151695248,3.60892481367077,3.13994275195942,2.67459417297535,NA,2.85577542115531,NA,3.72998583187444,3.8805476112157,3.03651862890452,3.07871619890873,3.91270521230224,3.79264791857531,3.55395482600155,3.4732201924896,3.01844934618233,3.15423735667416,2.84556988612834,3.24660232548928,2.98891591888139,3.54303072057084,3.67571048864138,3.40882355896045,3.54415467383386,3.21734841411208,3.80156120670546,4.00749748216875,3.2702198006838,3.45450796850499,3.88909008433698,3.45521485194779,2.74310771585315,3.56488544724558,NA,3.27787284881964,NA,5.83868530883302,4.5012322201065,6.06376025194205,6.25060629968584,3.07958023504885,4.93018389632951,NA,3.22648048928317,4.49424397541903,3.47841953600998,3.37154275049376,NA,NA,NA,3.68140463152682,3.24892915243826,3.01455202497873,3.30049125411642,NA,2.82647979955143,3.65888320984122,2.96240861038521,3.33708686218,2.87339790900169,3.26730065880857,3.6761510629521,3.30702055324465,4.32216168615855,4.97326582736861,3.34926711507386,3.45300430270457,3.56485329345078,NA,2.71936463240285,3.73587141143243,2.66851370580331,NA,2.45009206400928,2.83589856436146,2.81462371889706,2.78006772002049,3.08075819961746,NA,NA,2.85257542248582,3.12481428199369,3.13539198679444,3.02487728570615,2.91537369619838,3.53099109913882,3.03233494617345,2.71166665310174,3.00814254310166,2.73760126588113,2.55208508837097,2.67042547367202,2.92945751038005,3.21886499628442,3.65744623841322,3.21830825978541,2.89138000675794,3.03080409197198,3.20810979892525,3.32272972864264,3.18487401805318,3.36451375497651,3.96138116259696,3.4562666391787,3.56936695992303,3.75026127166345,3.3986327591411,3.72550669398929,3.62058877984103,4.01300793085622,4.03125773779317,3.69844854510772,4.63413388391937,4.20175136468325,3.46524620765821,3.57230491745941,3.63899355194984,NA,4.57719882978753,4.38637456331307,4.8944524969747,3.80963479555651,3.44358432029569,NA,3.87464486182314,3.37920660308983,3.22779640130522,4.20090854371693,4.4856480748096,4.12092704009547,2.89145746487092,NA,4.11595823539242,4.36041656256631,4.07416578530807,6.04093566561606,3.70256440239342,3.75773601461628,5.09295182441521,3.89872464752008,5.42848210816416,4.80825784106838,2.69734299198127,4.06799740575148,3.5242272323051,3.50728507920385,3.45041033992265,3.63784607269525,4.75488777570719,4.18568503986355,4.07653512914825,4.53182138806747,4.33426162201691,4.05340646343899,3.65824889034645,2.69904807616511,2.77269064989864,2.86587182692559,2.69002779486066,2.599896854361,2.47161330331666,2.42385299422328,2.77285509176502,NA,2.66685850116957,2.64541246289099,5.26868012679066,2.63100542008681,2.43441697341646,2.535187012643,2.81895464545589,2.43986522963318,NA,2.66697342702246,3.19561139421123,NA,2.81682119145706,2.97605410277311,2.84951570502045,2.81757531275659,2.76095586897782,3.12991703654484,3.1729656676771,2.92779016830988,2.58084787956262,3.83329743958019,3.42546924092728,3.20385674470599,3.55935742262949,3.63389346910227,3.54116175972869,3.80700237020765,3.98658227925879,4.26671996179908,4.00639747457602,3.25923617408822,NA,2.97330048221737,3.68288366472185,3.67744631813474,4.68679579764001,5.50536991295264,3.68988636259338,4.59259309884843,4.60828306821527,NA,3.31073019171599,3.54014448183368,3.73592781333029,3.54441031289339,2.75464282731998,NA,3.96393479646446,3.69649266205467,NA,3.88728252495824,3.62048466945494,3.5382635594921,4.39157831754906,3.70739573054816,4.38528038277425,3.63687065233093,3.12047562863865,3.77374212155171,4.02495775575074,3.41934628681511,3.59332646336988,3.51473904826686,3.2494392523774,3.29654859471386,2.23366694961067,3.52689542911458,2.64918199495068,2.8480950007688,4.32597447229983,4.60147315511947,4.4282769833096,4.35798030107346,3.6567285779829,3.98198723134421,2.83852792383652,3.70079144899756,2.91773730048145,2.30600264724929,3.00612737592301,2.41615802795771,2.24469426659826,2.42265439155336,1.77664028060826,1.87235010647468,1.89407395665736,1.96051242205679,2.14247433506558,1.84104167917135,NA,1.69575101635025,1.76228770319924,1.99952045840925,1.85833381907722,0,1.07455615348765
NA,NA,2.6692966835734,NA,2.67588200830537,2.78058401397745,2.41928886139505,3.44468860914135,3.77001306710014,3.18346206769487,3.97270736307539,4.11664003406043,2.22433787475686,3.42082050337035,NA,3.19008789192638,3.76646552869596,3.24019570530276,3.72951688128216,3.83722824995687,3.22939974135156,3.68563492550436,3.94386284090971,2.64216732431875,3.17556623706146,3.03266382626322,NA,2.85276661317242,2.79706567496447,3.21844278748517,2.5672058125694,2.85023503692208,2.85423807254814,2.92251952032989,2.67630619529444,NA,NA,2.54383630712998,3.05798609601581,3.21837612170579,2.88762242729439,2.57450861575612,2.71574017271157,3.26791937827307,3.50211133204429,3.13785637564139,4.77644541933633,3.52316118337169,NA,3.69389241036079,4.95137333645199,4.18035124055192,3.985045389615,5.93244825907427,7.70678496198536,8.1767531686509,5.38531274134822,6.64430545816178,5.27852352436982,5.3978636236328,5.97787700573095,6.03774626118286,5.17771729236952,4.48257683119767,5.00348517422055,4.44353654271248,5.50857897481397,3.79986777084567,4.35516913541309,3.07226456485683,3.37807690741243,3.34552230607413,2.40951770615987,2.93516424638839,2.42007328500158,2.47431730071681,2.45649227107922,3.05555749122479,2.76498546384442,2.46731569837486,NA,2.20130372593577,2.21214340588673,NA,2.74948480849711,2.72954984353527,2.71743818764802,2.15058602586865,2.53387717785584,2.26584548510066,2.86181994202666,2.35462792277519,NA,2.68883556330007,2.34328058789663,2.20172469215906,3.2407099809003,3.01180959398234,3.05342726392348,2.93869907844082,3.29995364568467,2.87857113263465,2.74612970169699,2.87661974242974,NA,NA,3.27005165520278,3.99213836313804,4.02959659915571,3.86927066019576,2.68638995903469,3.68787255310835,3.52977686657029,4.0395520815164,2.97037444773617,3.49595167023619,3.35033257356908,2.90277599975187,3.40392506695314,3.78831142288495,NA,3.27515506470727,3.20744019928954,3.15198586700968,3.65027931291442,2.74511545847987,3.40775228270871,3.04907907764443,3.07423032842223,NA,3.54711259969885,3.9002552180086,4.1237986726322,3.49203805003572,3.05056144655441,5.48243621941801,4.41757377529018,2.94194204443079,NA,NA,3.05928741837279,3.07095920448092,3.19850200209152,NA,3.58187884087552,3.98126395373599,3.95410185251251,3.46168153977158,3.70021949458884,3.94901693358594,4.19009067598843,2.92673705289561,4.91583753571042,4.09928073751283,6.42682818216824,5.41019012627809,4.07695561083123,4.46695897112129,3.44482865932238,3.1354014077829,3.54097446210406,3.26069946087162,3.42253031405115,2.92748415351041,2.90824414602581,3.0372506673936,3.25814810057022,NA,2.89819892524491,2.70022975305457,2.89287748331519,NA,2.64394382192526,2.95395693197589,2.46950098960373,3.13248940155443,NA,2.70564686904989,2.37868523462435,2.95609714745059,3.04184649897088,3.3816596669457,2.63710280895207,NA,3.35818722674043,2.86486015150558,2.7389281882579,2.58846280960092,2.30655179032229,2.61834970505295,2.83020181008285,2.52014702065039,2.60883313665839,3.08542750864168,2.59150427970627,2.64907862232277,3.24855155720218,3.1972605412358,3.39643844117145,3.03753524444587,3.43744898258046,3.24326205435561,3.48383337595774,3.62016691711597,2.69896773380377,3.38881365149905,2.70857030920644,2.98984497980861,NA,3.60838944043538,3.01077021193441,3.41214298997174,3.70137905431993,4.77688100248845,4.67800428526378,3.5827158384374,3.35246644692735,4.8190845513321,5.26225243144441,5.38466793695184,NA,4.36987309184916,3.3752374306768,4.7023891617166,3.6483449895346,3.65735187293425,3.33551646232542,3.5730597086973,3.44060425904574,3.35691744739443,3.40187339711786,3.68431734503485,3.83514945677462,4.12080924011098,3.16269416723367,3.92414581903807,3.82106708149889,4.11262882752505,2.82079788439109,3.29448243243278,3.27525988533594,3.54157828991617,4.2585715836738,4.07606539036199,2.75783033712181,2.80634619630938,3.19841172709663,3.25109876739325,3.36936829534357,3.15040161866514,3.091823554498,2.80067239893882,3.56090172516637,3.39956715189894,3.04703089625752,3.09403321507964,3.53400932135708,3.3133073081542,3.66332752557156,4.05650621890413,3.48447324000568,3.55764725590377,3.14507586834851,3.65190577434967,3.72491048403435,3.1938741664694,2.90785578242348,NA,2.58820117558274,2.86768630285131,3.06168962392875,2.95094536259617,3.03034581157473,3.16330980515069,NA,3.93883091425031,4.20609663615892,3.89496511918757,3.54074230487952,3.71825403761382,3.54629809146688,3.42005056303698,2.83223966170188,2.99063102608225,2.88001964351901,2.96133231945811,3.55465334403064,3.39022024733352,2.9342652701493,2.52957982121903,NA,2.63203981440845,NA,3.5507018217472,3.73356289638657,2.78902531182105,2.80123467258753,3.60702281864222,3.57425305035759,3.32522183061841,3.34250366291328,2.80477554827053,2.92783885492806,2.57314133654323,3.06674220324748,2.83923518231734,3.31167216414315,3.44017171191493,3.27702002760528,3.29330536165299,2.91571205225602,3.65259103682606,3.79925064147706,3.07427282315569,3.34418875324489,3.61391877913022,3.21639193000235,2.56510760715602,3.36839020601161,NA,3.07051524834832,NA,5.78880646353875,4.54633402290038,5.93360937938737,6.17927836982125,2.98656589705913,4.75171921856799,NA,3.14975682244272,4.2965903645089,3.30811960010315,3.11804521290558,NA,NA,NA,3.41787601395838,3.13118552646604,2.78252838579508,2.98414343167651,NA,2.70779586717155,3.53878942475501,2.79358765127306,3.13867637619483,2.69180414400394,2.97367898720013,3.43935349684247,2.97225193267587,4.12200170407869,4.72061808829832,3.3237134811885,3.28254505527039,3.33498629584533,NA,2.58284897474232,3.56764170213681,2.65363788246466,NA,2.07664453872019,2.55933885564206,2.44350669664316,2.50799247818095,2.81323566370413,NA,NA,2.55843490789345,2.87937746356917,2.89917010017922,2.82383070654113,2.64089760815123,3.17391047228531,2.7660714184244,2.49797390386285,2.68274303217432,2.46587518148281,2.25289740326911,2.38272617701644,2.63725643192647,2.92462398329559,3.52442230702227,3.04130635326044,2.74032446670323,2.85341832650056,2.95162104578922,3.12341984009962,2.9402873209873,3.12630318692296,3.71086357140652,3.15194387674768,3.25512433088738,3.47524465568861,3.17226657582807,3.39067359482947,3.31279549364065,3.75006598927239,3.78501833167728,3.35111542058933,4.41115347370069,4.06327681979601,3.22879768104439,3.42575736646775,3.36085909859442,NA,4.31750522621678,4.1459553981245,4.63031087007015,3.49924072254307,3.25679021465043,NA,3.75307595007008,3.19461671501936,3.05316623292046,4.15160072886512,4.28862515297547,4.02277626336333,2.69091193283137,NA,3.92420502636037,4.14483446065616,3.83845645196175,5.94693548038759,3.72977295599885,3.53958158054934,4.92365186440659,3.67281983293919,5.32033847666496,4.54911165893295,2.40345740174836,3.72850659188881,3.15992828867464,3.22200574213307,3.14519356986041,3.60031924031373,4.5612169864367,3.93537683037101,3.80481480775348,4.3067309495635,4.1167746141484,3.84504836611943,3.43658276735407,2.27087725774383,2.39280098212433,2.60266664335167,2.52818846559076,2.19149217781012,2.17912794760227,1.93440206785141,2.25326194393987,NA,2.33932550723203,2.31297655058265,5.0729475888089,2.33204910758425,2.11777434999021,2.2835630267221,2.60210253906124,2.18456594257468,NA,2.39918885501019,2.97213630188684,NA,2.53817834444395,2.77221748407934,2.68757655545461,2.62526223947473,2.62417399604899,3.07535944079548,3.12999822709462,2.80559155889894,2.50340920981149,3.65143106685717,3.18697713647906,2.91534519135335,3.29471949374032,3.49585941358871,3.2601589183127,3.51512933218371,3.68221330997585,3.99055324345592,3.92233486695406,3.01341182439663,NA,2.70203211782746,3.45896445866148,3.44095983346322,4.4942870376811,5.29675655352312,3.48018712772459,4.40742308659541,4.39795257538869,NA,3.16338691549419,3.57771452942907,3.60507572260561,3.3758264820959,2.64768701969997,NA,4.14495019374752,3.81291005255919,NA,3.75088106175284,3.45062243987287,3.33092815144707,4.17797219893102,3.52565650440213,4.17489552078369,3.47659213909672,2.80150440164454,3.53511936489246,3.78965246530496,3.18610542491109,3.3384006189965,3.32980796412985,3.14145944024879,3.21333935976085,2.09599218193153,3.37187401890479,2.80883449012684,2.63255648631397,4.05115018321162,4.30038409200112,4.24272463244157,4.1849975374004,3.46107401863709,3.81444665976098,2.68455281752223,3.54070875430127,2.85789291630517,2.07834420859943,2.84255908435298,2.22446031516864,2.05933854981586,2.27856724483112,1.72346779393848,1.6611075137854,1.69047057224796,1.88421292525873,1.76871813232804,1.5640991314204,NA,1.40836015571544,1.54980071330294,1.71043754201473,1.61896927340715,1.07455615348765,0
